   262144.00000000000     
         256           1           3
   1.7567330116226543E-005   7.4134639136039997        32.166201293400000     
   6.0401400154609997        12.000000000000000        5733.8999999999996     
           0   0.0000000000000000        0.0000000000000000     
   0.0000000000000000        0.0000000000000000     
   0.0000000000000000        0.0000000000000000     
           1  -2.5721327117241920E-009   5.2956067289886746E-011
   9.0930117675044385E-010  -1.7569244724767465E-011
  -9.1645087934985800E-008   2.0968526143930790E-009
           2  -2.5558262231518803E-009   5.6708986908822732E-011
   8.8587290809693327E-010  -6.3538533242554348E-012
  -9.0919127930564007E-008   2.2003849351733841E-009
           3  -2.5545115360729095E-009   6.6519897718210726E-011
   8.5275563622800106E-010   2.0581107559547422E-011
  -9.0737615484294762E-008   2.5076043959063407E-009
           4  -2.5592667073492443E-009   1.0245869521850610E-010
   8.1680655600021579E-010   1.1927537124980213E-010
  -9.0764137970459344E-008   3.6864382653756351E-009
           5  -2.4771672387817120E-009   1.4000999599424876E-010
   1.0292978939526648E-009   2.2215200986126151E-010
  -8.7887992424864073E-008   4.9188649525066906E-009
           6  -2.4597050283458708E-009   7.9258520715599510E-011
   1.0690603103826717E-009   5.3105074407095709E-011
  -8.7156622143227696E-008   2.8719475958284734E-009
           7  -2.4733678310802054E-009   6.2807127672825418E-011
   1.0274089002265670E-009   6.3316663915134094E-012
  -8.7449606080521962E-008   2.3019060153402079E-009
           8  -2.4829738786646837E-009   5.8316965499302837E-011
   1.0008219395593020E-009  -7.5279514746307815E-012
  -8.7591719402715483E-008   2.1300690199089175E-009
           9  -2.4906535803919849E-009   5.6951973857500488E-011
   9.8292430648932691E-010  -1.2884123592876216E-011
  -8.7652810810184840E-008   2.0616450679249264E-009
          10  -2.4978722791849057E-009   5.6715009964095754E-011
   9.6934062230703750E-010  -1.5249509684700820E-011
  -8.7680856743739155E-008   2.0299566079686205E-009
          11  -2.5052965144578752E-009   5.6993043418896535E-011
   9.5800422719017709E-010  -1.6314283839721770E-011
  -8.7697365053610497E-008   2.0144976887348590E-009
          12  -2.5132478713825104E-009   5.7552225183701701E-011
   9.4786848250831934E-010  -1.6722754387985523E-011
  -8.7712438408220288E-008   2.0074123259636775E-009
          13  -2.5218954523722911E-009   5.8289118639524785E-011
   9.3835432637196477E-010  -1.6760359486013429E-011
  -8.7731149683097613E-008   2.0051950017751132E-009
          14  -2.5313362078449467E-009   5.9153072224767022E-011
   9.2911544855615168E-010  -1.6567858349681245E-011
  -8.7756193136511556E-008   2.0061000811078933E-009
          15  -2.5416309867187777E-009   6.0117566643165547E-011
   9.1993034325208458E-010  -1.6220295196119792E-011
  -8.7789067885389336E-008   2.0091850928422617E-009
          16  -2.5528219549196237E-009   6.1168226779380330E-011
   9.1064861219771732E-010  -1.5759988871144556E-011
  -8.7830645427264512E-008   2.0139100475082071E-009
          17  -2.5649415748623378E-009   6.2297298769222612E-011
   9.0116234957364221E-010  -1.5211710073686848E-011
  -8.7881459050061674E-008   2.0199524990699465E-009
          18  -2.5780175050758406E-009   6.3500906445429826E-011
   8.9138996570691962E-010  -1.4590216145444524E-011
  -8.7941859239960992E-008   2.0271153542981042E-009
          19  -2.5920754176400346E-009   6.4777605986168670E-011
   8.8126656099454270E-010  -1.3904226889251932E-011
  -8.8012100907067598E-008   2.0352779845083057E-009
          20  -2.6071407063131090E-009   6.6127590426954159E-011
   8.7073792810544384E-010  -1.3158627196779867E-011
  -8.8092394340127885E-008   2.0443689824620750E-009
          21  -2.6232395849456210E-009   6.7552239696235991E-011
   8.5975665045538950E-010  -1.2355734172513423E-011
  -8.8182936178912439E-008   2.0543503855168775E-009
          22  -2.6403998453324047E-009   6.9053864881562857E-011
   8.4827945393083808E-010  -1.1496045293217144E-011
  -8.8283929099423648E-008   2.0652082917836791E-009
          23  -2.6586514260722107E-009   7.0635567968077473E-011
   8.3626532749282045E-010  -1.0578685036202791E-011
  -8.8395595043225977E-008   2.0769472140189626E-009
          24  -2.6780268820132929E-009   7.2301174650123602E-011
   8.2367412292064390E-010  -9.6016680752740136E-012
  -8.8518184779236223E-008   2.0895867249317983E-009
          25  -2.6985618100918574E-009   7.4055217013634262E-011
   8.1046545345076073E-010  -8.5620451536150865E-012
  -8.8651985471656232E-008   2.1031595821091590E-009
          26  -2.7202952689660458E-009   7.5902953591543529E-011
   7.9659777435073429E-010  -7.4559692856291979E-012
  -8.8797327306137976E-008   2.1177108693523309E-009
          27  -2.7432702199134065E-009   7.7850420657625355E-011
   7.8202756575617237E-010  -6.2787036342930878E-012
  -8.8954589876546655E-008   2.1332978919951398E-009
          28  -2.7675340116534804E-009   7.9904512756383307E-011
   7.6670856013119015E-010  -5.0245825547879418E-012
  -8.9124208841216860E-008   2.1499906860637600E-009
          29  -2.7931389302226027E-009   8.2073093498530798E-011
   7.5059096936024514E-010  -3.6869309024767343E-012
  -8.9306683258510890E-008   2.1678730813619892E-009
          30  -2.8201428358849129E-009   8.4365140250616779E-011
   7.3362067302841677E-010  -2.2579421180888127E-012
  -8.9502583973790713E-008   2.1870443170313321E-009
          31  -2.8486099119639629E-009   8.6790928963420475E-011
   7.1573833167187301E-010  -7.2851184438554820E-013
  -8.9712563436183792E-008   2.2076212570081412E-009
          32  -2.8786115553743698E-009   8.9362268384383844E-011
   6.9687838757433601E-010   9.1197976253091505E-013
  -8.9937367366700906E-008   2.2297413003811605E-009
          33  -2.9102274459026868E-009   9.2092796669046880E-011
   6.7696791132558049E-010   2.6759478087707815E-012
  -9.0177848778021950E-008   2.2535661346918624E-009
          34  -2.9435468414280101E-009   9.4998358406838306E-011
   6.5592524470853303E-010   4.5779601186032432E-012
  -9.0434984965384213E-008   2.2792865455493163E-009
          35  -2.9786701603573246E-009   9.8097486952358435E-011
   6.3365837890491387E-010   6.6351942531925995E-012
  -9.0709898256841059E-008   2.3071285817787137E-009
          36  -3.0157109319291299E-009   1.0141202662794320E-010
   6.1006299044274309E-010   8.8680245585577418E-012
  -9.1003881546062796E-008   2.3373614929117069E-009
          37  -3.0547982220280824E-009   1.0496794324808025E-010
   5.8502003396091015E-010   1.1300781780428939E-011
  -9.1318429956580676E-008   2.3703080215305221E-009
          38  -3.0960796799174550E-009   1.0879639167438384E-010
   5.5839275809537886E-010   1.3962745137174575E-011
  -9.1655280440274828E-008   2.4063578715935475E-009
          39  -3.1397254048676230E-009   1.1293513917081831E-010
   5.3002296448986052E-010   1.6889452186332087E-011
  -9.2016461751806022E-008   2.4459855241907659E-009
          40  -3.1859329086795235E-009   1.1743048871542678E-010
   4.9972626385297253E-010   2.0124449829852900E-011
  -9.2404358150900362E-008   2.4897740961320673E-009
          41  -3.2349157530301517E-009   1.2233915836306165E-010
   4.6729291976241928E-010   2.3721369964450064E-011
  -9.2821793661734047E-008   2.5384478283716620E-009
          42  -3.2869832825896542E-009   1.2773498763146071E-010
   4.3245220056843642E-010   2.7748387471688109E-011
  -9.3272130512897784E-008   2.5929163838898381E-009
          43  -3.3424450642693075E-009   1.3370959926900764E-010
   3.9490355456361256E-010   3.2291007776650817E-011
  -9.3759423677771212E-008   2.6543380612239562E-009
          44  -3.4016975185731979E-009   1.4038296514607850E-010
   3.5427491018804298E-010   3.7459787114586492E-011
  -9.4288602125822685E-008   2.7242089977070799E-009
          45  -3.4652060815405637E-009   1.4791287872484116E-010
   3.1011306259696663E-010   4.3399448665698101E-011
  -9.4865732491469180E-008   2.8044941812786183E-009
          46  -3.5336197759356901E-009   1.5651536433251591E-010
   2.6184763946827094E-010   5.0303509707900276E-011
  -9.5498368160321656E-008   2.8978226348917465E-009
          47  -3.6076866300480460E-009   1.6648544702990341E-010
   2.0876855593687192E-010   5.8435452800043808E-011
  -9.6196073722117885E-008   3.0077885932507240E-009
          48  -3.6883788194732040E-009   1.7824165123331862E-010
   1.4995974036067804E-010   6.8163725018637037E-011
  -9.6971154053722011E-008   3.1394270612583914E-009
          49  -3.7770541937618923E-009   1.9239814821379490E-010
   8.4233549192705866E-011   8.0017562477070447E-011
  -9.7839738570235375E-008   3.2999936424064425E-009
          50  -3.8754471828339809E-009   2.0987772558661628E-010
   9.9845054664259091E-012   9.4784190790147798E-011
  -9.8823463724546381E-008   3.5002963937995043E-009
          51  -3.9860529498523239E-009   2.3213350798789510E-010
  -7.4968069038511465E-011   1.1367901308093773E-010
  -9.9952060025741371E-008   3.7570732830131988E-009
          52  -4.1124192359559864E-009   2.6155466708360064E-010
  -1.7368344579405004E-010   1.3866873133677818E-010
  -1.0126756246474177E-007   4.0974779035875282E-009
          53  -4.2597477763767702E-009   3.0229354220827983E-010
  -2.9066499514097575E-010   1.7312298091096833E-010
  -1.0283125296822191E-007   4.5680956762003551E-009
          54  -4.4360291217098947E-009   3.6207485909781707E-010
  -4.3261864812222663E-010   2.2321724139610036E-010
  -1.0473520794745760E-007   5.2544943082068243E-009
          55  -4.6536095548734532E-009   4.5649526013204414E-010
  -6.0974800765298825E-010   3.0126639215132289E-010
  -1.0712054045120794E-007   6.3276137083077775E-009
          56  -4.9310200574165992E-009   6.2039296777816636E-010
  -8.3725554652842408E-010   4.3450270860044817E-010
  -1.1019663858938083E-007   8.1658774193436376E-009
          57  -5.2874032716561790E-009   9.4103810621650601E-010
  -1.1310430323872082E-009   6.9062025665566004E-010
  -1.1418304283677881E-007   1.1710909222983968E-008
          58  -5.6667902697813300E-009   1.6531777715630310E-009
  -1.4497574171851088E-009   1.2507685816969444E-009
  -1.1850057877669955E-007   1.9483852659097668E-008
          59  -5.3947650603842567E-009   3.1324270409943412E-009
  -1.2777392314833545E-009   2.4038332069033968E-009
  -1.1596002390521943E-007   3.5505280544420358E-008
          60  -3.2044996546033554E-009   3.6353061949591592E-009
   3.5206063601511461E-010   2.8111806914857146E-009
  -9.3088734152025323E-008   4.1128262029231551E-008
          61  -2.3113125010741428E-009   2.0629008657708645E-009
   9.6302801020728418E-010   1.6374875798353990E-009
  -8.4365813947965101E-008   2.4712676658553016E-008
          62  -2.6418598528319953E-009   1.1330471052441283E-009
   6.0745741042553834E-010   9.7622327173235263E-010
  -8.9052199039513084E-008   1.5402921605630146E-008
          63  -3.0511477831315617E-009   7.3541115031691543E-010
   1.5251626229874143E-010   7.5248125078847430E-010
  -9.5047561873601500E-008   1.2135276876685549E-008
          64  -3.3850365906385653E-009   5.4741203054718082E-010
  -3.0334323415646297E-010   7.4106293328180697E-010
  -1.0094639598058754E-007   1.1733326570622379E-008
          65  -3.6548061118452889E-009   4.4325124397084846E-010
  -7.9886759884219810E-010   8.9441499896664923E-010
  -1.0723607543843566E-007   1.3448570144817285E-008
          66  -3.8793529865232248E-009   3.6784969059537394E-010
  -1.3876981598811006E-009   1.2881769762598321E-009
  -1.1459446722517560E-007   1.8127245628295592E-008
          67  -4.0750558931830736E-009   2.7857081687568013E-010
  -2.0676864412860679E-009   2.2033496454690894E-009
  -1.2301610645727006E-007   2.9132031957443724E-008
          68  -4.2973923162761621E-009   1.1189566523657569E-010
  -2.2633573709742996E-009   4.3211711664244480E-009
  -1.2556981856930300E-007   5.4670479699775703E-008
          69  -4.7618079898775484E-009  -6.6449302292192826E-011
   6.6385985684427155E-010   6.6772830669453185E-009
  -9.0431117110025608E-008   8.3099594029821389E-008
          70  -5.2595878841775691E-009   1.2156678232022347E-010
   3.8334817629204719E-009   4.4606680938945057E-009
  -5.2367650794023075E-008   5.6361638121039839E-008
          71  -5.5151989722607453E-009   3.2949367468134914E-010
   3.7160967541925168E-009   2.2121335576921533E-009
  -5.3972085163861395E-008   2.9250423308556030E-008
          72  -5.7443365623884803E-009   4.5297247447067544E-010
   3.0420331003777356E-009   1.2285806250282506E-009
  -6.2303723610517235E-008   1.7417121257445330E-008
          73  -6.0089671498038140E-009   5.5061167946167733E-010
   2.4806524656788554E-009   7.8661010333794298E-010
  -6.9297084494311370E-008   1.2135906720080844E-008
          74  -6.3209929576754918E-009   6.5352866801923970E-010
   2.0485331778912464E-009   5.6701736762646245E-010
  -7.4760161541274942E-008   9.5610703484555467E-009
          75  -6.6909206098177087E-009   7.8192808617972432E-010
   1.7032025858435746E-009   4.5259695827435072E-010
  -7.9219372543302578E-008   8.2893834037834021E-009
          76  -7.1353764754327498E-009   9.5921820127964258E-010
   1.4105404424571310E-009   3.9765850252137238E-010
  -8.3105376506798053E-008   7.7895718615693192E-009
          77  -7.6800267616478522E-009   1.2243982612587782E-009
   1.1461226997202057E-009   3.8577547047359530E-010
  -8.6740149998338925E-008   7.9017552969100833E-009
          78  -8.3609227301453283E-009   1.6547521520474827E-009
   8.9120789285267252E-010   4.1797305278618304E-010
  -9.0387181594237124E-008   8.7170566652672414E-009
          79  -9.2126739568105459E-009   2.4214285929752468E-009
   6.3176901888514557E-010   5.1567963193460415E-010
  -9.4248720450455790E-008   1.0669765051580824E-008
          80  -1.0164462155312975E-008   3.9284115023947302E-009
   3.7396582093805310E-010   7.4045747206140703E-010
  -9.8173009053504366E-008   1.4917454993705440E-008
          81  -1.0414676829275041E-008   6.9555994808093594E-009
   2.4442966479483378E-010   1.2150539967494185E-009
  -9.9797073892012068E-008   2.3736564889977573E-008
          82  -6.9685696439783654E-009   1.0542658953199785E-008
   7.2354387332116660E-010   1.7784982909786976E-009
  -9.0251425626150364E-008   3.4168748719360656E-008
          83  -1.7947841849047363E-009   8.6526702204930296E-009
   1.4822659031808730E-009   1.4562461093344092E-009
  -7.5586929591300076E-008   2.8255284260089283E-008
          84  -1.0845644104927807E-009   4.9857118361785522E-009
   1.5231261842128206E-009   8.5464538377279221E-010
  -7.4180492901824456E-008   1.7177099744691423E-008
          85  -2.0523275218124100E-009   3.0403771448937927E-009
   1.2997667665449456E-009   5.3510155501538902E-010
  -7.7649611061012725E-008   1.1284887999057445E-008
          86  -3.1036646450748821E-009   2.1297463574214600E-009
   1.0685132869164173E-009   3.8384691278471543E-010
  -8.1268266545521560E-008   8.4832703748077172E-009
          87  -4.0191217244135097E-009   1.6880326350419296E-009
   8.6355937652017182E-010   3.0866837874117829E-010
  -8.4399853619995054E-008   7.0732859030980884E-009
          88  -4.8243571036765254E-009   1.4758606740875138E-009
   6.7987910188952790E-010   2.7047236936840868E-010
  -8.7127338970402163E-008   6.3344660522536498E-009
          89  -5.5673241158819615E-009   1.3933266854613674E-009
   5.0942645121113932E-010   2.5265195875526642E-010
  -8.9593141345711451E-008   5.9605491422835975E-009
          90  -6.2892136761225130E-009   1.3983613021564323E-009
   3.4554942992358568E-010   2.4774669375518325E-010
  -9.1912856962049094E-008   5.8134229356910837E-009
          91  -7.0250681911598648E-009   1.4765957462749455E-009
   1.8295529016421871E-010   2.5239169925380437E-010
  -9.4176493406062920E-008   5.8300833632173991E-009
          92  -7.8083166580290472E-009   1.6311848603479439E-009
   1.7117963045933457E-011   2.6535171338493596E-010
  -9.6459421608170922E-008   5.9864628362469065E-009
          93  -8.6753747036693867E-009   1.8821270260779730E-009
  -1.5636298024548061E-010   2.8678361875336749E-010
  -9.8832237307491999E-008   6.2839393548479136E-009
          94  -9.6706031631931381E-009   2.2735489382829369E-009
  -3.4211856547650708E-010   3.1808429250601717E-010
  -1.0136920395192291E-007   6.7471363762414740E-009
          95  -1.0850222830624596E-008   2.8937205110058742E-009
  -5.4567966019061639E-010   3.6219274609297090E-010
  -1.0415621278687165E-007   7.4307933118998475E-009
          96  -1.2279224206906749E-008   3.9233556573438640E-009
  -7.7394437315309033E-010   4.2446120050696708E-010
  -1.0729729856912719E-007   8.4398217876807057E-009
          97  -1.3982396351434914E-008   5.7518085044651170E-009
  -1.0355143902457872E-009   5.1460977998275990E-010
  -1.1090995071679021E-007   9.9757656602652039E-009
          98  -1.5657261864746133E-008   9.2221496248196828E-009
  -1.3390331017531401E-009   6.5065387436836087E-010
  -1.1505436731416893E-007   1.2430295752515409E-008
          99  -1.5353925074981020E-008   1.5588084379085239E-008
  -1.6844696728693850E-009   8.6217660575447484E-010
  -1.1937948880527088E-007   1.6406798990965819E-008
         100  -7.8392644603253637E-009   2.2001473705259850E-008
  -2.0548534446904977E-009   1.1619114496779962E-009
  -1.2277374902385737E-007   2.1525849816374036E-008
         101   2.2484159547958434E-009   1.8295930782236731E-008
  -2.5257027360937093E-009   1.5508054018696134E-009
  -1.2720776670473351E-007   2.6104629615648536E-008
         102   4.3790733630455234E-009   1.0932296485118669E-008
  -3.1954047265028877E-009   2.2747252055895417E-009
  -1.3578508568078575E-007   3.4814859731628800E-008
         103   2.8864646878726862E-009   6.4152526553696969E-009
  -3.8669248270564053E-009   3.8129211329797643E-009
  -1.4493071814426760E-007   5.5408064617538809E-008
         104   7.9497253018747676E-010   3.8053599551605877E-009
  -3.3957825228095095E-009   6.7496283913758967E-009
  -1.3815342875055867E-007   9.5831917117040363E-008
         105  -1.6701824269775209E-009   2.3665090726296627E-009
   6.8618954123041390E-010   8.8423055624099323E-009
  -8.0974082912074517E-008   1.2465562423549153E-007
         106  -3.8508980760667365E-009   2.2218146495923940E-009
   4.1948311704828337E-009   6.1562309810212125E-009
  -3.1653123377203003E-008   8.6984224501685159E-008
         107  -5.3572263559723389E-009   2.4142016256866702E-009
   4.2820531050289366E-009   3.3981083596070599E-009
  -2.9865503219351161E-008   4.8318402442992579E-008
         108  -6.6701775434731072E-009   2.6086248818472923E-009
   3.5328709785432876E-009   2.0029517550639742E-009
  -3.9594981295363428E-008   2.8610379743611020E-008
         109  -8.0003504906458212E-009   2.8715232962784526E-009
   2.8217999361806263E-009   1.3151725736699446E-009
  -4.8650274097472882E-008   1.8699204403615782E-008
         110  -9.4338530793805891E-009   3.2736497420055360E-009
   2.2466504768958492E-009   9.4890798719111997E-010
  -5.5641773462082863E-008   1.3171633084516201E-008
         111  -1.1041049307706304E-008   3.8958425229273274E-009
   1.7812231070882256E-009   7.3985522948585981E-010
  -6.0894571176326752E-008   9.6785327653524665E-009
         112  -1.2901184149420872E-008   4.8712493855311928E-009
   1.3925934688020148E-009   6.1572713302418415E-010
  -6.4812644550864560E-008   7.1073480343581516E-009
         113  -1.5098565886142750E-008   6.4521756868749244E-009
   1.0559911549018830E-009   5.4276904128374537E-010
  -6.7677014758173396E-008   4.7882315101083222E-009
         114  -1.7660192664330166E-008   9.1479324022842793E-009
   7.5446521510750346E-010   5.0545546247658658E-010
  -6.9700424875253278E-008   2.1031466951780568E-009
         115  -2.0242066193590136E-008   1.3993458404481594E-008
   4.7788589152451557E-010   4.9920111243620001E-010
  -7.1279065734050581E-008  -1.8317524237105435E-009
         116  -2.0827819677135583E-008   2.2624783506417017E-008
   2.2742211609173643E-010   5.2701207954408078E-010
  -7.3942842665406463E-008  -8.2951864641194601E-009
         117  -1.3171387995079052E-008   3.3648686694661393E-008
   2.8863528311145996E-011   5.7907667812209004E-010
  -8.2251030427711791E-008  -1.6444228708962694E-008
         118   3.2672313125432743E-009   3.4082374590359479E-008
  -1.1798928996270058E-010   5.8630507884433378E-010
  -9.6868040497833811E-008  -1.7076157788120370E-008
         119   1.1428887954174520E-008   2.3211243430132191E-008
  -3.0586755067453735E-010   5.4208945264178044E-010
  -1.0572501617911693E-007  -9.4241577827155428E-009
         120   1.0853665974694208E-008   1.4449242594125415E-008
  -5.4358947302937415E-010   5.1569292833539810E-010
  -1.0833410942204933E-007  -3.0324962240375762E-009
         121   8.0472314439963506E-009   9.6163700803246410E-009
  -8.0126750119708875E-010   5.1774046511602513E-010
  -1.0934801570458316E-007   7.0286839517880373E-010
         122   5.1857316420218361E-009   7.0431845620184519E-009
  -1.0713044726239987E-009   5.4096025035910623E-010
  -1.1039726036849992E-007   2.9476130460416315E-009
         123   2.6342977223776695E-009   5.6514756411858404E-009
  -1.3566180801470658E-009   5.8179342783925027E-010
  -1.1182004756465178E-007   4.4864726527548445E-009
         124   3.5433820125616204E-010   4.9206319043647368E-009
  -1.6631900457219831E-009   6.4069301997139465E-010
  -1.1366947335323858E-007   5.7287912897327481E-009
         125  -1.7569962118417314E-009   4.6074421826882213E-009
  -1.9986916377695229E-009   7.2130794883340023E-010
  -1.1596607117954518E-007   6.9102214756062301E-009
         126  -3.8019730114131821E-009   4.6056621855198012E-009
  -2.3726606746435341E-009   8.3083830529319065E-010
  -1.1875586140612165E-007   8.2057740899103337E-009
         127  -5.8755760795303252E-009   4.8881239039716137E-009
  -2.7977508868925850E-009   9.8175318787326466E-010
  -1.2212825403843906E-007   9.7974432234602093E-009
         128  -8.0717460664581070E-009   5.4901175257074484E-009
  -3.2906456146810627E-009   1.1955627685800244E-009
  -1.2622848312569759E-007   1.1938165493202943E-008
         129  -1.0489182576802298E-008   6.5206446692736219E-009
  -3.8732288921657752E-009   1.5107546083595481E-009
  -1.3126831692906472E-007   1.5051475821695852E-008
         130  -1.3228282366663217E-008   8.2071700269664270E-009
  -4.5711163209775260E-009   1.9999013662222444E-009
  -1.3751024680526574E-007   1.9934452386320269E-008
         131  -1.6349212056556126E-008   1.0999925385069657E-008
  -5.3994313842364210E-009   2.8076206642734358E-009
  -1.4509497750599283E-007   2.8213621670422738E-008
         132  -1.9677577321378865E-008   1.5782101737096512E-008
  -6.2873678806595587E-009   4.2292673068891888E-009
  -1.5309286996123838E-007   4.3310008434353484E-008
         133  -2.2035037752118164E-008   2.4111551780594707E-008
  -6.7506117428586800E-009   6.7808254512389505E-009
  -1.5519098519063263E-007   7.1151381535476023E-008
         134  -1.9006026924121313E-008   3.7068717862463113E-008
  -5.0438815483655670E-009   1.0438278288293450E-008
  -1.2918924069067617E-007   1.0866856905792855E-007
         135  -3.4854463942651319E-009   4.7525354709019269E-008
  -7.6423941482500086E-012   1.1697319935313748E-008
  -7.0153908957426438E-008   1.0714852578767366E-007
         136   1.5293584046593593E-008   4.1332766348603062E-008
   3.5075524640358971E-009   8.6802960640893722E-009
  -4.7047599429434733E-008   6.4559868680156698E-008
         137   2.1510633802402234E-008   2.7621400814521925E-008
   3.8239708010744834E-009   5.5277631507951155E-009
  -5.4369595536747828E-008   3.7012148703411174E-008
         138   1.9890579046071099E-008   1.7891896366229414E-008
   2.9871254435500240E-009   3.6542558342197002E-009
  -6.4753339451212237E-008   2.4165480899086466E-008
