   262144.00000000000     
         256           1           3
   1.7567330116226543E-005  -3.8553127350719998        56.028443713300000     
   6.0401400154609997        12.000000000000000        5733.8999999999996     
           0   0.0000000000000000        0.0000000000000000     
   0.0000000000000000        0.0000000000000000     
   0.0000000000000000        0.0000000000000000     
           1   0.0000000000000000        0.0000000000000000     
   5.3943446182394285E-009  -2.0233312945162676E-010
   2.6866617841847764E-008  -2.9440754079909113E-010
           2   0.0000000000000000        0.0000000000000000     
   5.3432651967890962E-009  -1.3687990409125880E-010
   2.6620941057943391E-008  -5.1286780932365275E-010
           3   0.0000000000000000        0.0000000000000000     
   5.3258930420661094E-009  -1.2398638940977654E-010
   2.6448343326358853E-008  -5.5546559264006402E-010
           4   0.0000000000000000        0.0000000000000000     
   5.3133381075363569E-009  -1.2062594054272675E-010
   2.6340215212160851E-008  -5.6774545579300694E-010
           5   0.0000000000000000        0.0000000000000000     
   5.3043000277725316E-009  -1.1972184077766460E-010
   2.6267319684163419E-008  -5.7314949189135791E-010
           6   0.0000000000000000        0.0000000000000000     
   5.2982553912021567E-009  -1.1971111267125152E-010
   2.6216563924288700E-008  -5.7662963502505843E-010
           7   0.0000000000000000        0.0000000000000000     
   5.2947994190314615E-009  -1.2012498999589961E-010
   2.6181479131591143E-008  -5.7957546259589699E-010
           8   0.0000000000000000        0.0000000000000000     
   5.2936326667465971E-009  -1.2079033098160626E-010
   2.6158472853485700E-008  -5.8245816407333176E-010
           9   0.0000000000000000        0.0000000000000000     
   5.2945415850777468E-009  -1.2163387871203811E-010
   2.6145364604490480E-008  -5.8545944029452970E-010
          10   0.0000000000000000        0.0000000000000000     
   5.2973774887286903E-009  -1.2262234024734504E-010
   2.6140742595647395E-008  -5.8865631223053059E-010
          11   0.0000000000000000        0.0000000000000000     
   5.3020401727215468E-009  -1.2374079441785218E-010
   2.6143649354566122E-008  -5.9208433319293158E-010
          12   0.0000000000000000        0.0000000000000000     
   5.3084663885698571E-009  -1.2498390343193777E-010
   2.6153414157812362E-008  -5.9576177537983417E-010
          13   0.0000000000000000        0.0000000000000000     
   5.3166220324362888E-009  -1.2635200776972055E-010
   2.6169557339423483E-008  -5.9969969554011802E-010
          14   0.0000000000000000        0.0000000000000000     
   5.3264969822886259E-009  -1.2784929737510320E-010
   2.6191732486425820E-008  -6.0390640678242807E-010
          15   0.0000000000000000        0.0000000000000000     
   5.3381017950398691E-009  -1.2948295882083602E-010
   2.6219689936256257E-008  -6.0838956833139798E-010
          16   0.0000000000000000        0.0000000000000000     
   5.3514657513184860E-009  -1.3126282941438028E-010
   2.6253252862564810E-008  -6.1315720867295028E-010
          17   0.0000000000000000        0.0000000000000000     
   5.3666360637664989E-009  -1.3320135199489681E-010
   2.6292178961342477E-008  -6.1821564404252831E-010
          18   0.0000000000000000        0.0000000000000000     
   5.3836771568296640E-009  -1.3531371655581313E-010
   2.6336638209272896E-008  -6.2358020752094181E-010
          19   0.0000000000000000        0.0000000000000000     
   5.4026721469272260E-009  -1.3761819892985112E-010
   2.6386471635282023E-008  -6.2925977579736063E-010
          20   0.0000000000000000        0.0000000000000000     
   5.4237234977646005E-009  -1.4013662651090720E-010
   2.6441674899515927E-008  -6.3526734997424635E-010
          21   0.0000000000000000        0.0000000000000000     
   5.4469551069551989E-009  -1.4289503435464359E-010
   2.6502272137529129E-008  -6.4161757100104347E-010
          22   0.0000000000000000        0.0000000000000000     
   5.4725149942353664E-009  -1.4592452643775731E-010
   2.6568313283863489E-008  -6.4832685183700116E-010
          23   0.0000000000000000        0.0000000000000000     
   5.5005788612815810E-009  -1.4926239915624845E-010
   2.6639872288626187E-008  -6.5541352604521322E-010
          24   0.0000000000000000        0.0000000000000000     
   5.5313547056792217E-009  -1.5295360567646984E-010
   2.6717046037497674E-008  -6.6289802099477477E-010
          25   0.0000000000000000        0.0000000000000000     
   5.5650887500450763E-009  -1.5705267327522509E-010
   2.6799953837688476E-008  -6.7080306203276594E-010
          26   0.0000000000000000        0.0000000000000000     
   5.6020730503901046E-009  -1.6162623328961631E-010
   2.6888737390599350E-008  -6.7915391469227955E-010
          27   0.0000000000000000        0.0000000000000000     
   5.6426552907804482E-009  -1.6675639250749605E-010
   2.6983561192584754E-008  -6.8797867262589623E-010
          28   0.0000000000000000        0.0000000000000000     
   5.6872514708855451E-009  -1.7254527802838790E-010
   2.7084613344654808E-008  -6.9730860114881295E-010
          29   0.0000000000000000        0.0000000000000000     
   5.7363624824393822E-009  -1.7912124424992021E-010
   2.7192106758319862E-008  -7.0717854899164914E-010
          30   0.0000000000000000        0.0000000000000000     
   5.7905959920315787E-009  -1.8664747363403319E-010
   2.7306280779275106E-008  -7.1762744530822748E-010
          31   0.0000000000000000        0.0000000000000000     
   5.8506956802306302E-009  -1.9533408713624148E-010
   2.7427403261730846E-008  -7.2869890548556832E-010
          32   0.0000000000000000        0.0000000000000000     
   5.9175807558609651E-009  -2.0545550027386365E-010
   2.7555623326458814E-008  -7.4043878819544838E-010
          33   0.0000000000000000        0.0000000000000000     
   5.9924007929095521E-009  -2.1737580599299742E-010
   2.7691573908100764E-008  -7.5290889795515969E-010
          34   0.0000000000000000        0.0000000000000000     
   6.0766113971087455E-009  -2.3158668325717754E-010
   2.7835476559609330E-008  -7.6616903983645886E-010
          35   0.0000000000000000        0.0000000000000000     
   6.1720832344504767E-009  -2.4876548700745744E-010
   2.7987745772653850E-008  -7.8029136956107284E-010
          36   0.0000000000000000        0.0000000000000000     
   6.2812601795079912E-009  -2.6986672084327019E-010
   2.8148845170979976E-008  -7.9535935571871640E-010
          37   0.0000000000000000        0.0000000000000000     
   6.4073948799128197E-009  -2.9627072412726063E-010
   2.8319210005214296E-008  -8.1146901810401474E-010
          38   0.0000000000000000        0.0000000000000000     
   6.5549110066732543E-009  -3.3003432851698423E-010
   2.8499598285013194E-008  -8.2874073563709931E-010
          39   0.0000000000000000        0.0000000000000000     
   6.7299692094097087E-009  -3.7433134300945875E-010
   2.8690644140217190E-008  -8.4731662563815018E-010
          40   0.0000000000000000        0.0000000000000000     
   6.9413934244469107E-009  -4.3426587209178539E-010
   2.8893013078011520E-008  -8.6737557752338352E-010
          41   0.0000000000000000        0.0000000000000000     
   7.2022177686818986E-009  -5.1846319326058750E-010
   2.9107838676699042E-008  -8.8916412460836341E-010
          42   0.0000000000000000        0.0000000000000000     
   7.5323708082478592E-009  -6.4240573541435833E-010
   2.9335817425525848E-008  -9.1302049845184460E-010
          43   0.0000000000000000        0.0000000000000000     
   7.9633883120554258E-009  -8.3604019971124035E-010
   2.9578676445297657E-008  -9.3950202774940540E-010
          44   0.0000000000000000        0.0000000000000000     
   8.5463411107227890E-009  -1.1629840343016556E-009
   2.9837756597780129E-008  -9.6959421316538807E-010
          45   0.0000000000000000        0.0000000000000000     
   9.3607140560543807E-009  -1.7752116193670783E-009
   3.0115102557083228E-008  -1.0054117161385937E-009
          46   0.0000000000000000        0.0000000000000000     
   1.0480571981851883E-008  -3.0881101963920595E-009
   3.0412613385673247E-008  -1.0523556333563224E-009
          47   0.0000000000000000        0.0000000000000000     
   1.1449997040749426E-008  -6.2956474226125999E-009
   3.0727732293616655E-008  -1.1255236760640425E-009
          48   0.0000000000000000        0.0000000000000000     
   7.8707892560147243E-009  -1.2021249005065595E-008
   3.1007409779696471E-008  -1.2329937200653555E-009
          49   0.0000000000000000        0.0000000000000000     
  -8.8157819521714325E-011  -9.4580643278092249E-009
   3.1253161848906952E-008  -1.2418671066688398E-009
          50   0.0000000000000000        0.0000000000000000     
  -5.4184081691655977E-010  -4.4173257513085480E-009
   3.1618071213391407E-008  -1.2244978142615946E-009
          51   0.0000000000000000        0.0000000000000000     
   7.1890422662298406E-010  -2.3012586722217261E-009
   3.2029954259514492E-008  -1.2481565792255658E-009
          52   0.0000000000000000        0.0000000000000000     
   1.7409241357843032E-009  -1.4086667718675684E-009
   3.2469849226080142E-008  -1.2927557975846553E-009
          53   0.0000000000000000        0.0000000000000000     
   2.4758000922162698E-009  -9.7518320027325780E-010
   3.2940291155933153E-008  -1.3499158346705811E-009
          54   0.0000000000000000        0.0000000000000000     
   3.0195412384066692E-009  -7.3962229256964954E-010
   3.3446902574918587E-008  -1.4177464029736879E-009
          55   0.0000000000000000        0.0000000000000000     
   3.4413446220487083E-009  -6.0145651043851468E-010
   3.3995868701186658E-008  -1.4966965411473813E-009
          56   0.0000000000000000        0.0000000000000000     
   3.7841693542145956E-009  -5.1669728915382754E-010
   3.4594187357024158E-008  -1.5883944376306016E-009
          57   0.0000000000000000        0.0000000000000000     
   4.0750378872455199E-009  -4.6405167094781850E-010
   3.5250174372241272E-008  -1.6954093172990945E-009
          58   0.0000000000000000        0.0000000000000000     
   4.3317718279994520E-009  -4.3245841278181204E-010
   3.5973790001271847E-008  -1.8213542752364399E-009
          59   0.0000000000000000        0.0000000000000000     
   4.5668624878714854E-009  -4.1597163685232225E-010
   3.6777616067072433E-008  -1.9712201681235055E-009
          60   0.0000000000000000        0.0000000000000000     
   4.7897344763816153E-009  -4.1148984038692413E-010
   3.7677561622653606E-008  -2.1519422398186431E-009
          61   0.0000000000000000        0.0000000000000000     
   5.0081564852693488E-009  -4.1772187647274174E-010
   3.8694391051431316E-008  -2.3733373126750597E-009
          62   0.0000000000000000        0.0000000000000000     
   5.2292288993358428E-009  -4.3477447175436989E-010
   3.9854873861133860E-008  -2.6496213688214317E-009
          63   0.0000000000000000        0.0000000000000000     
   5.4602011406172210E-009  -4.6413935069517371E-010
   4.1195970672638496E-008  -3.0020349644559339E-009
          64   0.0000000000000000        0.0000000000000000     
   5.7093110934868344E-009  -5.0906317884707204E-010
   4.2767562158942909E-008  -3.4633819440353229E-009
          65   0.0000000000000000        0.0000000000000000     
   5.9868319391591474E-009  -5.7546972822448485E-010
   4.4641036978557762E-008  -4.0865125842246084E-009
          66   0.0000000000000000        0.0000000000000000     
   6.3065564547449155E-009  -6.7391430783291405E-010
   4.6918883290555664E-008  -4.9607893030225547E-009
          67   0.0000000000000000        0.0000000000000000     
   6.6880333437321257E-009  -8.2376350523860537E-010
   4.9753044917108575E-008  -6.2465049948732163E-009
          68   0.0000000000000000        0.0000000000000000     
   7.1597196791311067E-009  -1.0626766885519701E-009
   5.3369617933264224E-008  -8.2522967094399559E-009
          69   0.0000000000000000        0.0000000000000000     
   7.7615386345449852E-009  -1.4699080104546095E-009
   5.8089734969311756E-008  -1.1624981755462189E-008
          70   0.0000000000000000        0.0000000000000000     
   8.5332644840164032E-009  -2.2282352065393519E-009
   6.4234734579935607E-008  -1.7853708278602972E-008
          71   0.0000000000000000        0.0000000000000000     
   9.3952544566854342E-009  -3.7867857510057116E-009
   7.1155500858209036E-008  -3.0595257056071374E-008
          72   0.0000000000000000        0.0000000000000000     
   9.3756077925940979E-009  -7.0122176156000755E-009
   7.0939398208101938E-008  -5.6904479891225794E-008
          73   0.0000000000000000        0.0000000000000000     
   5.1015238233511023E-009  -1.0310141374995624E-008
   3.6136507796786033E-008  -8.3806554626950574E-008
          74   0.0000000000000000        0.0000000000000000     
   2.3378464935761896E-010  -7.5022370095967057E-009
  -3.4556607479622069E-009  -6.1019529126199199E-008
          75   0.0000000000000000        0.0000000000000000     
  -5.0761416754871228E-011  -4.0154036592464610E-009
  -5.7056749296865350E-009  -3.2713117275451677E-008
          76   0.0000000000000000        0.0000000000000000     
   8.3047563819686158E-010  -2.3103473415071654E-009
   1.5802536339244412E-009  -1.8916526866649470E-008
          77   0.0000000000000000        0.0000000000000000     
   1.6489157512685150E-009  -1.5016163119458553E-009
   8.4048245597349027E-009  -1.2425881434877124E-008
          78   0.0000000000000000        0.0000000000000000     
   2.2885799386131408E-009  -1.0804982238302413E-009
   1.3831855007940462E-008  -9.1042547950662946E-009
          79   0.0000000000000000        0.0000000000000000     
   2.7895794826426530E-009  -8.4163084337640871E-010
   1.8195093871956493E-008  -7.2845107352531001E-009
          80   0.0000000000000000        0.0000000000000000     
   3.1951105225733059E-009  -6.9765436453384409E-010
   2.1856870577628087E-008  -6.2612858345633017E-009
          81   0.0000000000000000        0.0000000000000000     
   3.5359709698640067E-009  -6.0783889297529159E-010
   2.5081912210182786E-008  -5.7106843308558578E-009
          82   0.0000000000000000        0.0000000000000000     
   3.8331184427740273E-009  -5.5162160840399434E-010
   2.8058529135192512E-008  -5.4757920644240509E-009
          83   0.0000000000000000        0.0000000000000000     
   4.1011413809861479E-009  -5.1802436428022687E-010
   3.0929791645196533E-008  -5.4819841448446487E-009
          84   0.0000000000000000        0.0000000000000000     
   4.3507032027339073E-009  -5.0107010721870971E-010
   3.3814918555304479E-008  -5.7018561052663967E-009
          85   0.0000000000000000        0.0000000000000000     
   4.5901357359208007E-009  -4.9768726139174644E-010
   3.6825342240956565E-008  -6.1418883658221028E-009
          86   0.0000000000000000        0.0000000000000000     
   4.8265225794106995E-009  -5.0676984790572495E-010
   4.0079241700278194E-008  -6.8412005168747236E-009
          87   0.0000000000000000        0.0000000000000000     
   5.0665038545664305E-009  -5.2888271732648904E-010
   4.3715564241623797E-008  -7.8805643531226702E-009
          88   0.0000000000000000        0.0000000000000000     
   5.3169890500913600E-009  -5.6647957958153686E-010
   4.7910653474795620E-008  -9.4055395296755714E-009
          89   0.0000000000000000        0.0000000000000000     
   5.5858746394258856E-009  -6.2478110398089068E-010
   5.2901840658866399E-008  -1.1675877891736908E-008
          90   0.0000000000000000        0.0000000000000000     
   5.8828009414530081E-009  -7.1388104455980273E-010
   5.9013241793185185E-008  -1.5171299032087524E-008
          91   0.0000000000000000        0.0000000000000000     
   6.2195315799353554E-009  -8.5360214600455943E-010
   6.6664415044441996E-008  -2.0829465818685828E-008
          92   0.0000000000000000        0.0000000000000000     
   6.6074258874295366E-009  -1.0850236218211459E-009
   7.6235233217426322E-008  -3.0609135965677236E-008
          93   0.0000000000000000        0.0000000000000000     
   7.0385830027984633E-009  -1.4972970572289163E-009
   8.7125499538205626E-008  -4.8801727512005203E-008
          94   0.0000000000000000        0.0000000000000000     
   7.3856059700991745E-009  -2.2651747957983570E-009
   9.2803597016139229E-008  -8.3864111653228905E-008
          95   0.0000000000000000        0.0000000000000000     
   7.0782462570010281E-009  -3.4233551123134409E-009
   6.4876157974629665E-008  -1.3728969628776731E-007
          96   0.0000000000000000        0.0000000000000000     
   5.7435624907731679E-009  -3.7323820699947001E-009
  -1.5442838760368920E-008  -1.4775459044886328E-007
          97   0.0000000000000000        0.0000000000000000     
   5.2042166841788930E-009  -2.7929657472331115E-009
  -5.9036778128705634E-008  -9.5099159049306520E-008
          98   0.0000000000000000        0.0000000000000000     
   5.6395120869592962E-009  -2.1245615475646256E-009
  -5.7884827010861192E-008  -5.3277163826021485E-008
          99   0.0000000000000000        0.0000000000000000     
   6.3488350237518567E-009  -1.9306728361578786E-009
  -4.7568583152962600E-008  -3.0911585540328758E-008
         100   0.0000000000000000        0.0000000000000000     
   7.1531161076472577E-009  -2.0669517390037181E-009
  -3.8420074735588015E-008  -1.8422093004203481E-008
         101   0.0000000000000000        0.0000000000000000     
   8.0635312493229830E-009  -2.5139760227962821E-009
  -3.1817972812640920E-008  -1.0180266471554759E-008
         102   0.0000000000000000        0.0000000000000000     
   9.1189835984487024E-009  -3.4008421301234457E-009
  -2.7524393502520922E-008  -3.1587203407906261E-009
         103   0.0000000000000000        0.0000000000000000     
   1.0279979340385317E-008  -5.0780294393298394E-009
  -2.4890406506158755E-008   5.0596844802840920E-009
         104   0.0000000000000000        0.0000000000000000     
   1.1056424148857884E-008  -8.2582744043098476E-009
  -2.1806933050456072E-008   1.7539183338591648E-008
         105   0.0000000000000000        0.0000000000000000     
   9.2704147084803362E-009  -1.3394381156880062E-008
  -1.0422514901156646E-008   3.6155082156749073E-008
         106   0.0000000000000000        0.0000000000000000     
   2.0430606647958669E-009  -1.6205241706150327E-008
   1.9475308205768426E-008   4.6231035342639994E-008
         107   0.0000000000000000        0.0000000000000000     
  -4.0044811687298061E-009  -1.1904280984234654E-008
   4.5144713731949363E-008   3.1248811706057641E-008
         108   0.0000000000000000        0.0000000000000000     
  -4.8258069385857399E-009  -7.0195984459414999E-009
   5.2746183844167465E-008   1.3822333766551672E-008
         109   0.0000000000000000        0.0000000000000000     
  -3.9015400156443699E-009  -4.1823101395938415E-009
   5.4523704348179091E-008   2.9971101131368050E-009
         110   0.0000000000000000        0.0000000000000000     
  -2.8673543180360625E-009  -2.6240238427352306E-009
   5.6347500235027829E-008  -4.0483076738304280E-009
         111   0.0000000000000000        0.0000000000000000     
  -2.0418942287795226E-009  -1.6885277828208166E-009
   5.9566595792869564E-008  -9.8927857878528751E-009
         112   0.0000000000000000        0.0000000000000000     
  -1.4405074712007607E-009  -1.0410104349978161E-009
   6.4522928513106399E-008  -1.6272060576010542E-008
         113   0.0000000000000000        0.0000000000000000     
  -1.0306507785788230E-009  -4.9512202047884870E-010
   7.1377041885307330E-008  -2.4949971932358956E-008
         114   0.0000000000000000        0.0000000000000000     
  -7.7067230987334411E-010   9.5784933157816214E-011
   7.9880107111364519E-008  -3.8682023918417568E-008
         115   0.0000000000000000        0.0000000000000000     
  -5.6536886422300991E-010   9.1008715657835403E-010
   8.7588072899952693E-008  -6.2475490757036358E-008
         116   0.0000000000000000        0.0000000000000000     
  -7.5763880179122042E-011   2.1465902550989144E-009
   8.3166843164189402E-008  -1.0262464937364752E-007
         117   0.0000000000000000        0.0000000000000000     
   1.4875013852659675E-009   3.4342956077030742E-009
   3.9145012672585573E-008  -1.4553998616681551E-007
         118   0.0000000000000000        0.0000000000000000     
   3.7475501426063590E-009   3.2088086728917906E-009
  -3.0774843340872338E-008  -1.3552873830519468E-007
         119   0.0000000000000000        0.0000000000000000     
   4.8255992977699419E-009   1.9279953220052213E-009
  -5.9778573381852877E-008  -8.8625086502616442E-008
         120   0.0000000000000000        0.0000000000000000     
   4.9986599371171613E-009   9.8101267042987316E-010
  -5.7482220831891488E-008  -5.3909285101054331E-008
         121   0.0000000000000000        0.0000000000000000     
   4.9513057232851589E-009   4.5647809681929856E-010
  -4.7975474880832119E-008  -3.4433916151708361E-008
         122   0.0000000000000000        0.0000000000000000     
   4.8979714012662301E-009   1.6808938079680201E-010
  -3.8731893439311145E-008  -2.3537828466773699E-008
         123   0.0000000000000000        0.0000000000000000     
   4.8774226967941891E-009   1.2027544966420277E-012
  -3.1030067299902694E-008  -1.7113330412638448E-008
         124   0.0000000000000000        0.0000000000000000     
   4.8886887270968884E-009  -1.0077319283850964E-010
  -2.4758291953512803E-008  -1.3118293624514761E-008
         125   0.0000000000000000        0.0000000000000000     
   4.9244081486427838E-009  -1.6575773647562419E-010
  -1.9594833157491169E-008  -1.0530624896441340E-008
         126   0.0000000000000000        0.0000000000000000     
   4.9777264019522393E-009  -2.0791705037933242E-010
  -1.5250093517316301E-008  -8.8152063943353657E-009
         127   0.0000000000000000        0.0000000000000000     
   5.0431985052432957E-009  -2.3438220864479184E-010
  -1.1496640403605781E-008  -7.6804330811798567E-009
         128   0.0000000000000000        0.0000000000000000     
   5.1164506841725548E-009  -2.4820121755968075E-010
  -8.1600639071376195E-009  -6.9656137514811482E-009
         129   0.0000000000000000        0.0000000000000000     
   5.1936513215240987E-009  -2.4946232222718978E-010
  -5.0999866993737879E-009  -6.5881524442620985E-009
         130   0.0000000000000000        0.0000000000000000     
   5.2710078596128674E-009  -2.3529326825386304E-010
  -2.1984349856148396E-009  -6.5203261303798032E-009
         131   0.0000000000000000        0.0000000000000000     
   5.3443634665243751E-009  -1.9877769936050336E-010
   6.5370596058667361E-010  -6.7842900159893197E-009
         132   0.0000000000000000        0.0000000000000000     
   5.4090942621982399E-009  -1.2623601728519928E-010
   3.5624708021016879E-009  -7.4633448767120197E-009
         133   0.0000000000000000        0.0000000000000000     
   5.4611664395497213E-009   8.6174360471214581E-012
   6.6330459539559329E-009  -8.7364187239842118E-009
         134   0.0000000000000000        0.0000000000000000     
   5.5025711772791356E-009   2.5690725516736089E-010
   9.9429956270991172E-009  -1.0954640530100248E-008
         135   0.0000000000000000        0.0000000000000000     
   5.5629215858521482E-009   7.1889965381019673E-010
   1.3422693703148197E-008  -1.4795063151750629E-008
         136   0.0000000000000000        0.0000000000000000     
   5.7793361836296983E-009   1.5788764080840478E-009
   1.6400541311775766E-008  -2.1487750761069896E-008
         137   0.0000000000000000        0.0000000000000000     
   6.6479475675385054E-009   3.0476454553777209E-009
   1.6146916484696971E-008  -3.2528343067615390E-008
         138   0.0000000000000000        0.0000000000000000     
   9.3261626803845938E-009   4.6291681571966205E-009
   6.1035593128434247E-009  -4.5506600774023495E-008
