   262144.00000000000     
         256           1           3
   1.7567330116226543E-005   20.860845378598000        104.28469363400001     
   6.0401400154609997        12.000000000000000        5733.8999999999996     
           0   0.0000000000000000        0.0000000000000000     
   0.0000000000000000        0.0000000000000000     
   0.0000000000000000        0.0000000000000000     
           1   1.4767677830721926E-010   2.3405333438905762E-011
   3.1872519563591382E-009  -6.8934015608209593E-011
  -8.8090525808985731E-009   2.5748087980280905E-010
           2   9.4756367401496468E-011   6.8116189789087521E-011
   3.1582654796460649E-009  -6.8489650952697806E-011
  -8.8679315206275172E-009   3.7508512907570814E-010
           3  -1.5904946188373263E-011   1.8048449319758921E-010
   3.1425258416263301E-009  -6.8481654321167960E-011
  -9.1179070726909955E-009   6.7331322106959581E-010
           4  -1.4394905782039354E-010   5.9938632427154526E-010
   3.1325839562796202E-009  -6.8689636447338791E-011
  -9.4307164716171675E-009   1.7848827074269687E-009
           5   7.8675369450638557E-010   1.0361567617173743E-009
   3.1259925462952167E-009  -6.9017064660672925E-011
  -6.9463122543725413E-009   2.9442743544764640E-009
           6   9.7955463131394491E-010   3.1200594625269863E-010
   3.1218569552092419E-009  -6.9344128844625162E-011
  -6.4255949819664864E-009   1.0256024961898465E-009
           7   8.2518550960427884E-010   1.0986024218125242E-010
   3.1196052374844756E-009  -6.9781445210965065E-011
  -6.8311381722961045E-009   4.9123969738417124E-010
           8   7.3603005650827785E-010   4.8174963544461552E-011
   3.1188883560989909E-009  -7.0291994390297389E-011
  -7.0685495937117546E-009   3.2951236723252296E-010
           9   6.8519790207724690E-010   2.2718828060301233E-011
   3.1195088613523224E-009  -7.0863459064717268E-011
  -7.2085607479640182E-009   2.6403040508643062E-010
          10   6.5424652405882461E-010   9.9442936753284274E-012
   3.1213377712645347E-009  -7.1491907587273858E-011
  -7.2997069163806172E-009   2.3234879908428920E-010
          11   6.3453581101550328E-010   2.6246558505651767E-012
   3.1242887977530282E-009  -7.2176167645073512E-011
  -7.3646567851033100E-009   2.1530340011806695E-010
          12   6.2174698818906680E-010  -2.0009333934036405E-012
   3.1283043995320728E-009  -7.2916504156442036E-011
  -7.4147040407210681E-009   2.0557498816826245E-010
          13   6.1353674122076958E-010  -5.1609032269417162E-012
   3.1333474552899447E-009  -7.3714156556636994E-011
  -7.4559631906818953E-009   1.9991016586926655E-010
          14   6.0854280216680252E-010  -7.4660217076272469E-012
   3.1393960846191730E-009  -7.4571134804978506E-011
  -7.4919912709156322E-009   1.9669532531625311E-010
          15   6.0592856028702556E-010  -9.2467525415806857E-012
   3.1464403392195778E-009  -7.5490124004773216E-011
  -7.5249857413491292E-009   1.9506185572031367E-010
          16   6.0515768204210008E-010  -1.0694291383408660E-011
   3.1544800591100524E-009  -7.6474446739675621E-011
  -7.5563758401158136E-009   1.9451204136041068E-010
          17   6.0587482178587794E-010  -1.1925533334540701E-011
   3.1635234877155541E-009  -7.7528061980765099E-011
  -7.5871347807348663E-009   1.9474674794363877E-010
          18   6.0783881694490059E-010  -1.3015403534793764E-011
   3.1735864042025053E-009  -7.8655590827554889E-011
  -7.6179542254689649E-009   1.9557970963081211E-010
          19   6.1088346191238623E-010  -1.4013993895781130E-011
   3.1846916258990165E-009  -7.9862364662330913E-011
  -7.6493466414000414E-009   1.9689215151804090E-010
          20   6.1489354117722255E-010  -1.4956137523313510E-011
   3.1968687902329342E-009  -8.1154494229854915E-011
  -7.6817079340393161E-009   1.9860750474304025E-010
          21   6.1978968906841229E-010  -1.5867003737730078E-011
   3.2101543610305625E-009  -8.2538960060117859E-011
  -7.7153572430531127E-009   2.0067671067608346E-010
          22   6.2551855671945031E-010  -1.6765498369205510E-011
   3.2245918273128686E-009  -8.4023726123554097E-011
  -7.7505631232130644E-009   2.0306938154554916E-010
          23   6.3204628132122165E-010  -1.7666404271947198E-011
   3.2402320789560797E-009  -8.5617879944109773E-011
  -7.7875613598936839E-009   2.0576834004974791E-010
          24   6.3935407456987893E-010  -1.8581773695640750E-011
   3.2571339558558849E-009  -8.7331803788958804E-011
  -7.8265675183231795E-009   2.0876618468391499E-010
          25   6.4743521069711603E-010  -1.9521863432293196E-011
   3.2753649773408323E-009  -8.9177383146384373E-011
  -7.8677861182000921E-009   2.1206311442010721E-010
          26   6.5629296466387732E-010  -2.0495783928529229E-011
   3.2950022678866994E-009  -9.1168260643468333E-011
  -7.9114176254493659E-009   2.1566556555171040E-010
          27   6.6593921362641272E-010  -2.1511966325162104E-011
   3.3161337045958495E-009  -9.3320146002278703E-011
  -7.9576640360550787E-009   2.1958539367196016E-010
          28   6.7639351531874735E-010  -2.2578512486578657E-011
   3.3388593223018034E-009  -9.5651195798928232E-011
  -8.0067335732131567E-009   2.2383943910224058E-010
          29   6.8768254085441263E-010  -2.3703470004763135E-011
   3.3632930243565230E-009  -9.8182480949440777E-011
  -8.0588448624717600E-009   2.2844937792267894E-010
          30   6.9983978112906327E-010  -2.4895060187050999E-011
   3.3895646621606368E-009  -1.0093856538694060E-010
  -8.1142308525495269E-009   2.3344180105069642E-010
          31   7.1290547401106492E-010  -2.6161878472746191E-011
   3.4178225654611133E-009  -1.0394822685488726E-010
  -8.1731426903789802E-009   2.3884849055055870E-010
          32   7.2692671893766699E-010  -2.7513081466387570E-011
   3.4482366299941015E-009  -1.0724536089788726E-010
  -8.2358537249343221E-009   2.4470688135245254E-010
          33   7.4195775960455498E-010  -2.8958571623009469E-011
   3.4810021013313204E-009  -1.1087012310471305E-010
  -8.3026637980898798E-009   2.5106071134030615E-010
          34   7.5806042614185418E-010  -3.0509188866727862E-011
   3.5163442368204283E-009  -1.1487038409909208E-010
  -8.3739039778918166E-009   2.5796087562180276E-010
          35   7.7530473693809855E-010  -3.2176917664513325E-011
   3.5545240855994319E-009  -1.1930359913348077E-010
  -8.4499418980168503E-009   2.6546651338474575E-010
          36   7.9376966794464852E-010  -3.3975118092207886E-011
   3.5958457059751561E-009  -1.2423923312263934E-010
  -8.5311878862856969E-009   2.7364636942651087E-010
          37   8.1354410481095144E-010  -3.5918790129009037E-011
   3.6406652491174720E-009  -1.2976193823306415E-010
  -8.6181020953713811E-009   2.8258048856529631E-010
          38   8.3472800086441114E-010  -3.8024881788869066E-011
   3.6894024913990861E-009  -1.3597576354181110E-010
  -8.7112028920201584E-009   2.9236232118504904E-010
          39   8.5743377272615284E-010  -4.0312653837451915E-011
   3.7425556151652371E-009  -1.4300979877432600E-010
  -8.8110768200515826E-009   3.0310134401875122E-010
          40   8.8178797557436308E-010  -4.2804116907270593E-011
   3.8007203502153199E-009  -1.5102583925521805E-010
  -8.9183905315626624E-009   3.1492633444111596E-010
          41   9.0788493801215807E-010  -4.5522502598331427E-011
   3.8646145794933950E-009  -1.6022892406826944E-010
  -9.0339047195995676E-009   3.2798946244270922E-010
          42   9.3598270526745237E-010  -4.8501147043829842E-011
   3.9351134395981012E-009  -1.7088218588240663E-010
  -9.1584934954592997E-009   3.4247156755776317E-010
          43   9.6621561028764243E-010  -5.1771936129689905E-011
   4.0132912078692284E-009  -1.8332774787989673E-010
  -9.2931630373297064E-009   3.5858865355846434E-010
          44   9.9879138909684699E-010  -5.5374542930034735E-011
   4.1004840920799565E-009  -1.9801727621140628E-010
  -9.4390799399206496E-009   3.7660045711993521E-010
          45   1.0339463625065058E-009  -5.9355596531711717E-011
   4.1984092745843971E-009  -2.1555857282359407E-010
  -9.5976036920729433E-009   3.9682141628576657E-010
          46   1.0719535243845539E-009  -6.3770404072856017E-011
   4.3091438322516904E-009  -2.3677795192463898E-010
  -9.7703280511620733E-009   4.1963503490017829E-010
          47   1.1131248131306988E-009  -6.8684836563293624E-011
   4.4355065572189209E-009  -2.6283558792052274E-010
  -9.9591333456225887E-009   4.4551285212415264E-010
          48   1.1578757428710787E-009  -7.4180391579126500E-011
   4.5811701913139272E-009  -2.9538997884175696E-010
  -1.0166253920140403E-008   4.7503980972659150E-010
          49   1.2065201119581522E-009  -8.0348722151632105E-011
   4.7510737365113562E-009  -3.3688186858169429E-010
  -1.0394362408452019E-008   5.0894844098282340E-010
          50   1.2596060320887523E-009  -8.7309960792164283E-011
   4.9519722342774593E-009  -3.9101957349807692E-010
  -1.0646685617014966E-008   5.4816599374592174E-010
          51   1.3176548925507539E-009  -9.5207652554600873E-011
   5.1935188192040473E-009  -4.6366314170095151E-010
  -1.0927150750756248E-008   5.9387968243986490E-010
          52   1.3814810306240237E-009  -1.0423024997744709E-010
   5.4895490406045857E-009  -5.6448276442269153E-010
  -1.1240587629840781E-008   6.4762921211089788E-010
          53   1.4518577433092655E-009  -1.1460918807802430E-010
   5.8608040332370806E-009  -7.1034230656454211E-010
  -1.1592995630176854E-008   7.1143954941891000E-010
          54   1.5298679128116700E-009  -1.2665115251904130E-010
   6.3389160459220271E-009  -9.3264626525341390E-010
  -1.1991919603318786E-008   7.8801593411734413E-010
          55   1.6165472252853985E-009  -1.4075137724637339E-010
   6.9735767879759265E-009  -1.2948872570121774E-009
  -1.2446968672650044E-008   8.8103531620329726E-010
          56   1.7137501692462403E-009  -1.5747596229455549E-010
   7.8391508482520590E-009  -1.9389027908431678E-009
  -1.2970571891469804E-008   9.9559225059725849E-010
          57   1.8231043661426954E-009  -1.7760793974657897E-010
   9.0121259522661898E-009  -3.2199204363704436E-009
  -1.3579064276625227E-008   1.1388926002146130E-009
          58   1.9473170997172632E-009  -2.0238459603063243E-010
   1.0262955738098782E-008  -6.0927652661878625E-009
  -1.4294390652433979E-008   1.3213579982663271E-009
          59   2.0889629735223058E-009  -2.3362002751205211E-010
   8.8438160293577158E-009  -1.2080564029208620E-008
  -1.5147023465711080E-008   1.5586340710504044E-009
          60   2.2513088724788902E-009  -2.7190547173834950E-010
  -3.8877309628026836E-010  -1.4078538106384911E-008
  -1.6179864295611805E-008   1.8769325134773716E-009
          61   2.4434910641798098E-009  -3.1972295941820801E-010
  -4.3412566632042350E-009  -7.6414836919145667E-009
  -1.7450549143671876E-008   2.3174381958358744E-009
          62   2.6741482335807537E-009  -3.8546350006413629E-010
  -3.3319229560144852E-009  -3.8297877344149027E-009
  -1.9048100315491885E-008   2.9468547457632321E-009
          63   2.9551261044830310E-009  -4.7946400465627344E-010
  -2.0199463068866131E-009  -2.1877870133406016E-009
  -2.1108758562921675E-008   3.8903102903345634E-009
          64   3.3059899540897737E-009  -6.2159207996713734E-010
  -1.0266278762225344E-009  -1.4073393994131102E-009
  -2.3843163353539974E-008   5.3928778210043862E-009
          65   3.7564459925542716E-009  -8.5468465978172665E-010
  -2.9893610759271008E-010  -9.8994357407369968E-010
  -2.7575542359576065E-008   7.9806626841957272E-009
          66   4.3461729527594830E-009  -1.2814650503760702E-009
   2.4890504219075647E-010  -7.4513014987589472E-010
  -3.2726391656124943E-008   1.2915955132465792E-008
          67   5.0732729789844429E-009  -2.1758552265122951E-009
   6.7636748786754503E-010  -5.9145533783674720E-010
  -3.9139764854322965E-008   2.3552676797200773E-008
          68   5.4227804191865415E-009  -4.1849803618527772E-009
   1.0212294029660246E-009  -4.9030193352312236E-010
  -4.0214365315662232E-008   4.7683935978451659E-008
          69   2.9526140097105348E-009  -6.4884378565145351E-009
   1.3069776823117444E-009  -4.2116318162818098E-010
  -6.0274475587103015E-009   7.4433646055210299E-008
          70   2.0659997516290237E-010  -4.6118166394969061E-009
   1.5511529840763794E-009  -3.7124668743995011E-010
   3.0853725200170913E-008   4.9359477346014311E-008
          71   5.3291513898816777E-010  -2.6526608353259777E-009
   1.7659129785561953E-009  -3.3535109150049139E-010
   3.0511124339950983E-008   2.3874717306570247E-008
          72   1.4670112801841540E-009  -1.8716524065145236E-009
   1.9583175515379401E-009  -3.0978298957131357E-010
   2.3882875990747356E-008   1.2662415739267041E-008
          73   2.3970819474447807E-009  -1.6335759513165851E-009
   2.1339693034536114E-009  -2.9167869605371917E-010
   1.8571473777708644E-008   7.5280083676703032E-009
          74   3.3273098197299853E-009  -1.6678414120551366E-009
   2.2972792659270086E-009  -2.7920375274724821E-010
   1.4798432357237462E-008   4.8438411257557077E-009
          75   4.3334948218907571E-009  -1.9026979611174772E-009
   2.4517528153460867E-009  -2.7116038838956134E-010
   1.2122110697350964E-008   3.2559310988270387E-009
          76   5.5037326165544715E-009  -2.3604796168759585E-009
   2.6000630823668407E-009  -2.6674221732235552E-010
   1.0209098854537486E-008   2.1962462190048106E-009
          77   6.9448977333597366E-009  -3.1487197079196007E-009
   2.7445171247264843E-009  -2.6541103832401198E-010
   8.8561104700112457E-009   1.3807167172035452E-009
          78   8.7924782440714010E-009  -4.5205017842368281E-009
   2.8872291475258055E-009  -2.6681451228095531E-010
   7.9486921057367590E-009   6.1861083340218711E-010
          79   1.1170831549339810E-008  -7.0595392413605836E-009
   3.0300318859867898E-009  -2.7071637655922186E-010
   7.4197823367542002E-009  -2.9984041469910112E-010
          80   1.3836815992308144E-008  -1.2157914218013672E-008
   3.1744707624642639E-009  -2.7692825729120425E-010
   7.1445346200007501E-009  -1.7453843174733537E-009
          81   1.4014452502465853E-008  -2.2509461679125118E-008
   3.3224672311608445E-009  -2.8527622040914797E-010
   6.4149756924725849E-009  -4.3760341012989406E-009
          82   1.3393620948543179E-009  -3.4788071088924470E-008
   3.4762762242214869E-009  -2.9611859414524093E-010
   2.7498579550504757E-009  -7.3983874858755301E-009
          83  -1.7380568874148348E-008  -2.8104813488925843E-008
   3.6375709086410775E-009  -3.1121574631005986E-010
  -2.2177071767570641E-009  -5.8864446433658304E-009
          84  -2.0736619757526003E-008  -1.5256124422884446E-008
   3.8060839029662562E-009  -3.2989511308164343E-010
  -3.4571400122776689E-009  -2.9241471778325204E-009
          85  -1.8374894506336056E-008  -8.3406578291101518E-009
   3.9850826310177936E-009  -3.5171197889943469E-010
  -3.2925338934733688E-009  -1.3642012837241795E-009
          86  -1.5822761682065173E-008  -4.9755446162060040E-009
   4.1770313047026607E-009  -3.7739566810140181E-010
  -3.0388330792010196E-009  -6.3424540717871935E-010
          87  -1.3856878761976271E-008  -3.1947785132552318E-009
   4.3847679580554328E-009  -4.0782751074576091E-010
  -2.8838486597530055E-009  -2.6947926137734515E-010
          88  -1.2409914785622963E-008  -2.1584363772398735E-009
   4.6116204438866199E-009  -4.4402549464982798E-010
  -2.8159473225829067E-009  -7.3047223447444471E-011
          89  -1.1343011661780164E-008  -1.5042259596547074E-009
   4.8614686344004177E-009  -4.8724852426669228E-010
  -2.8062893382263074E-009   3.9032547814467496E-011
          90  -1.0550070979990539E-008  -1.0621548692271570E-009
   5.1389476065868661E-009  -5.3909974813436149E-010
  -2.8331561462595511E-009   1.0556364986578955E-010
          91  -9.9590708372677948E-009  -7.4536775657215396E-010
   5.4499324555202915E-009  -6.0164850899725792E-010
  -2.8822288181893641E-009   1.4594817794231392E-010
          92  -9.5217182005460570E-009  -5.0603443505500644E-010
   5.8020191074987627E-009  -6.7756029111519170E-010
  -2.9442727082870298E-009   1.7055317475186363E-010
          93  -9.2052263584428511E-009  -3.1602726541373094E-010
   6.2045151772760211E-009  -7.7018438151427890E-010
  -3.0132926212459951E-009   1.8522095052926130E-010
          94  -8.9880332348292650E-009  -1.5773167453565622E-010
   6.6698605204902850E-009  -8.8356424527954092E-010
  -3.0853210137791781E-009   1.9338183196395171E-010
          95  -8.8548688912064482E-009  -1.9457693099610010E-011
   7.2151317516828082E-009  -1.0219594248294696E-009
  -3.1576829228955759E-009   1.9711039278442181E-010
          96  -8.7965478689010455E-009   1.0718096952421945E-010
   7.8651574961389229E-009  -1.1878913139719079E-009
  -3.2285050749308805E-009   1.9768115148830745E-010
          97  -8.8066934025818678E-009   2.2873440693688130E-010
   8.6623096676680935E-009  -1.3761636193634557E-009
  -3.2964332612587931E-009   1.9587635489987182E-010
          98  -8.8821793042347832E-009   3.5108381573905416E-010
   9.7048041510179329E-009  -1.5618334703520132E-009
  -3.3604119551074000E-009   1.9216107935760806E-010
          99  -9.0208454052905220E-009   4.7998508071010190E-010
   1.1291594948604722E-008  -1.7377328473918429E-009
  -3.4195279680407718E-009   1.8677567853013726E-010
         100  -9.2199932916609362E-009   6.1756819758428004E-010
   1.4068804526520635E-008  -2.4455598973807776E-009
  -3.4728830006254497E-009   1.7968785742150402E-010
         101  -9.4875898879956641E-009   7.5992259478850809E-010
   1.7643368047595952E-008  -5.1371282358181343E-009
  -3.5197927915937402E-009   1.7054990303108968E-010
         102  -9.8409088361853494E-009   9.1876914098796831E-010
   2.1052120017725555E-008  -1.0048328892389001E-008
  -3.5596075620022731E-009   1.5911935708605909E-010
         103  -1.0284777563104990E-008   1.1073156082613345E-009
   2.3964266288393874E-008  -1.8797060116657813E-008
  -3.5914561315475323E-009   1.4474246343993582E-010
         104  -1.0830621783311065E-008   1.3346097791538088E-009
   2.0775842494759746E-008  -3.4637184813250077E-008
  -3.6152792845210446E-009   1.2627119098015538E-010
         105  -1.1496103565301253E-008   1.6125279634890702E-009
  -1.5128366238058621E-009  -4.5851928355320610E-008
  -3.6321857685140528E-009   1.0524421623505383E-010
         106  -1.2305988411145262E-008   1.9584803351326281E-009
  -2.0736075787339073E-008  -3.1668745867315600E-008
  -3.6360413969403857E-009   8.4633459781331655E-011
         107  -1.3294474720644040E-008   2.3998160978292106E-009
  -2.1812945505705861E-008  -1.7061190483755529E-008
  -3.6215366208184159E-009   5.7987410310663094E-011
         108  -1.4507411462020491E-008   2.9770801234591563E-009
  -1.8457049945427157E-008  -9.6483999320845309E-009
  -3.5882077566944253E-009   2.1448135182985667E-011
         109  -1.6006703870393418E-008   3.7531373820316797E-009
  -1.5310723852671174E-008  -5.9637942583685915E-009
  -3.5327581860770138E-009  -2.7983927993597437E-011
         110  -1.7879430364037144E-008   4.8304275110851779E-009
  -1.2901557060549583E-008  -3.9655220691621240E-009
  -3.4495653772812681E-009  -9.5842336422671722E-011
         111  -2.0243947908193681E-008   6.3836340553469694E-009
  -1.1098251536744574E-008  -2.7828459155202117E-009
  -3.3308273290811265E-009  -1.9199901026745773E-010
         112  -2.3258013254437302E-008   8.7271066511660660E-009
  -9.7344377902308566E-009  -2.0297236923546197E-009
  -3.1662136235017665E-009  -3.3435033933444252E-010
         113  -2.7096248529650383E-008   1.2460357059183405E-008
  -8.6863429633578718E-009  -1.5201738076279727E-009
  -2.9438061524289315E-009  -5.5704564844837245E-010
         114  -3.1802951254300967E-008   1.8790159875032583E-008
  -7.8697249206215021E-009  -1.1570758992366184E-009
  -2.6580877671985647E-009  -9.2890492064504213E-010
         115  -3.6547433899309523E-008   3.0164289041047634E-008
  -7.2279529216737038E-009  -8.8595501438654376E-010
  -2.3510991681401643E-009  -1.5902550736655806E-009
         116  -3.6547567257457168E-008   5.0449615936822924E-008
  -6.7218236633706117E-009  -6.7426276833876846E-010
  -2.2862254000076076E-009  -2.7669749788734870E-009
         117  -1.7022066252906184E-008   7.6351672235998211E-008
  -6.3238789053253420E-009  -5.0172032784997212E-010
  -3.3011857430225241E-009  -4.2928066173279850E-009
         118   2.3324529237955742E-008   7.7182466115524301E-008
  -6.0155617267225519E-009  -3.5610333428838527E-010
  -5.5048032371792262E-009  -4.4348631068057673E-009
         119   4.4192696302196461E-008   5.1247571085315993E-008
  -5.7861202683457848E-009  -2.2779323635458834E-010
  -6.6147439288485974E-009  -3.0482782587889905E-009
         120   4.4515860131533815E-008   3.0242561778703611E-008
  -5.6273768524038430E-009  -1.0778863599651923E-010
  -6.5247395226637630E-009  -1.9281051103311893E-009
         121   3.9694006005241724E-008   1.8457513014187715E-008
  -5.5338947369617919E-009   1.0564447679604997E-011
  -6.0933272772753564E-009  -1.3409910632951632E-009
         122   3.4902360936669877E-008   1.1930423734342595E-008
  -5.5037482779072202E-009   1.3328168694364052E-010
  -5.6089289278610019E-009  -1.0754162917039009E-009
         123   3.1041386932635391E-008   8.0898779652419178E-009
  -5.5382239940247458E-009   2.6699033480977381E-010
  -5.1133355480899749E-009  -9.9572446855100147E-010
         124   2.8066826057756579E-008   5.6721333491102553E-009
  -5.6413284488178509E-009   4.1983349432706763E-010
  -4.5889965001320605E-009  -1.0431312884234970E-009
         125   2.5794849435039704E-008   4.0533162372282162E-009
  -5.8209038972465577E-009   6.0276275515117477E-010
  -4.0037079538527362E-009  -1.2014434297140436E-009
         126   2.4062121911268921E-008   2.9078636550860398E-009
  -6.0892937135139840E-009   8.3157541331743583E-010
  -3.3175970497518364E-009  -1.4823133162102895E-009
         127   2.2746218215994011E-008   2.0547487301269260E-009
  -6.4642531414084237E-009   1.1304459285598749E-009
  -2.4808696045994851E-009  -1.9246507779996086E-009
         128   2.1760980233981399E-008   1.3864936284628328E-009
  -6.9702884027041335E-009   1.5384365605072124E-009
  -1.4288288761347896E-009  -2.6063188279041792E-009
         129   2.1044482274550296E-008   8.3445872914827700E-010
  -7.6410266766583352E-009   2.1221823264069764E-009
  -7.7129914567306428E-011  -3.6744360069820991E-009
         130   2.0554695840493720E-008   3.4984008248390183E-010
  -8.5145366379275529E-009   3.0014694203253325E-009
   1.6730071941462648E-009  -5.4143331890040483E-009
         131   2.0258684135493235E-008  -1.0855278097659905E-010
  -9.6137233083767708E-009   4.4027316956461037E-009
   3.8752877733381738E-009  -8.4061278267801116E-009
         132   2.0125133595377605E-008  -5.8507997463790479E-010
  -1.0851610165294089E-008   6.7646010623167308E-009
   6.2200393804403290E-009  -1.3853608536673142E-008
         133   2.0089260038222708E-008  -1.1295937490822652E-009
  -1.1654290069316962E-008   1.0862691836757414E-008
   6.6191908383313883E-009  -2.3855635347228648E-008
         134   1.9996192534563999E-008  -1.7135648825466209E-009
  -9.8559861279446339E-009   1.7264126606164926E-008
  -2.3550681551209904E-009  -3.7910107922643169E-008
         135   1.9838716808547322E-008  -2.0215340937988733E-009
  -1.8956221251638409E-009   2.2526571251388254E-008
  -2.4234708712307772E-008  -4.0520310892770630E-008
         136   2.0076191809950611E-008  -2.0529940346535009E-009
   7.8035931052083321E-009   1.9598258445208154E-008
  -3.7368774677536582E-008  -2.6826043671208911E-008
         137   2.0720264809263713E-008  -2.2019313399958796E-009
   1.1367670617068472E-008   1.2854670006964100E-008
  -3.8480660415734461E-008  -1.4917142594777228E-008
         138   2.1590029228105797E-008  -2.5233861888550601E-009
   1.1048072900593190E-008   8.0063031732009146E-009
  -3.6478991020477285E-008  -8.1731778595070145E-009
