   262144.00000000000     
         256           1           3
   1.7567330116226543E-005   32.267967713312999        143.27462188630000     
   6.0401400154609997        12.000000000000000        5733.8999999999996     
           0   0.0000000000000000        0.0000000000000000     
   0.0000000000000000        0.0000000000000000     
   0.0000000000000000        0.0000000000000000     
           1   0.0000000000000000        0.0000000000000000     
  -2.3348439197098340E-009   3.3606916174922373E-010
   3.6098400940755799E-009  -2.3436434343283899E-010
           2   0.0000000000000000        0.0000000000000000     
  -2.3068640908258805E-009   1.1545706131982382E-010
   3.5744209362738803E-009  -1.1500314514497663E-010
           3   0.0000000000000000        0.0000000000000000     
  -2.3248329553221866E-009   7.0857628164846784E-011
   3.5746976188738368E-009  -9.1542010697498298E-011
           4   0.0000000000000000        0.0000000000000000     
  -2.3288326382832899E-009   5.7546645608789318E-011
   3.5725698234944342E-009  -8.5258291363579044E-011
           5   0.0000000000000000        0.0000000000000000     
  -2.3262446515582175E-009   5.1882446651761709E-011
   3.5703305856011097E-009  -8.3274285675966322E-011
           6   0.0000000000000000        0.0000000000000000     
  -2.3204698227077381E-009   4.8710600889018350E-011
   3.5690911829644462E-009  -8.2778402451822962E-011
           7   0.0000000000000000        0.0000000000000000     
  -2.3128305160516118E-009   4.6507012553798839E-011
   3.5692067976100996E-009  -8.2942040619877042E-011
           8   0.0000000000000000        0.0000000000000000     
  -2.3038544292523443E-009   4.4711699516045787E-011
   3.5707786417068575E-009  -8.3466463803064011E-011
           9   0.0000000000000000        0.0000000000000000     
  -2.2937445142572145E-009   4.3081691935516201E-011
   3.5738309518542752E-009  -8.4229335236437688E-011
          10   0.0000000000000000        0.0000000000000000     
  -2.2825573214029381E-009   4.1495345883408887E-011
   3.5783719380077718E-009  -8.5177638262579778E-011
          11   0.0000000000000000        0.0000000000000000     
  -2.2702758336355837E-009   3.9882703015344419E-011
   3.5844154837399317E-009  -8.6289622458048855E-011
          12   0.0000000000000000        0.0000000000000000     
  -2.2568410277192497E-009   3.8197344159323826E-011
   3.5919891653140027E-009  -8.7559600643820618E-011
          13   0.0000000000000000        0.0000000000000000     
  -2.2421658712731707E-009   3.6403734550459806E-011
   3.6011374403353891E-009  -8.8991371482530257E-011
          14   0.0000000000000000        0.0000000000000000     
  -2.2261412783939302E-009   3.4470932157924256E-011
   3.6119232977007045E-009  -9.0595272143505717E-011
          15   0.0000000000000000        0.0000000000000000     
  -2.2086380232718225E-009   3.2369105084335627E-011
   3.6244296203178905E-009  -9.2386926197578358E-011
          16   0.0000000000000000        0.0000000000000000     
  -2.1895064257404225E-009   3.0067335647758060E-011
   3.6387608053586015E-009  -9.4386876056058653E-011
          17   0.0000000000000000        0.0000000000000000     
  -2.1685740886420609E-009   2.7531993480273970E-011
   3.6549750719762547E-009  -9.6619258316357186E-011
          18   0.0000000000000000        0.0000000000000000     
  -2.1456451436488461E-009   2.4725380098838413E-011
   3.6733665995265870E-009  -9.9118316813902063E-011
          19   0.0000000000000000        0.0000000000000000     
  -2.1204933281025380E-009   2.1604268205828564E-011
   3.6940500836257167E-009  -1.0192034447939012E-010
          20   0.0000000000000000        0.0000000000000000     
  -2.0928592025288602E-009   1.8118408535991398E-011
   3.7172448088112769E-009  -1.0507088769096627E-010
          21   0.0000000000000000        0.0000000000000000     
  -2.0624435854908770E-009   1.4208710816889032E-011
   3.7432106319090183E-009  -1.0862489841438156E-010
          22   0.0000000000000000        0.0000000000000000     
  -2.0289000631173875E-009   9.8050314516227594E-012
   3.7722553565614391E-009  -1.1264888034307447E-010
          23   0.0000000000000000        0.0000000000000000     
  -1.9918256948020578E-009   4.8233965681826232E-012
   3.8047440182488760E-009  -1.1722368112391197E-010
          24   0.0000000000000000        0.0000000000000000     
  -1.9507494257247288E-009  -8.3754694550019336E-013
   3.8411106036185330E-009  -1.2244813595050483E-010
          25   0.0000000000000000        0.0000000000000000     
  -1.9051175421968225E-009  -7.3011329755608306E-012
   3.8818729135044659E-009  -1.2844385304368816E-010
          26   0.0000000000000000        0.0000000000000000     
  -1.8542752666408925E-009  -1.4718720236740603E-011
   3.9276515304433653E-009  -1.3536155319103309E-010
          27   0.0000000000000000        0.0000000000000000     
  -1.7974432584138723E-009  -2.3277732169909256E-011
   3.9791942131678372E-009  -1.4338955415888469E-010
          28   0.0000000000000000        0.0000000000000000     
  -1.7336873073835934E-009  -3.3212491530432370E-011
   4.0374075470467841E-009  -1.5276525750777503E-010
          29   0.0000000000000000        0.0000000000000000     
  -1.6618788269072058E-009  -4.4819023538185800E-011
   4.1033984252474970E-009  -1.6379090126739462E-010
          30   0.0000000000000000        0.0000000000000000     
  -1.5806427355304586E-009  -5.8475583396638833E-011
   4.1785290211354955E-009  -1.7685547199206030E-010
          31   0.0000000000000000        0.0000000000000000     
  -1.4882878113078203E-009  -7.4671586106271277E-011
   4.2644905489810915E-009  -1.9246566714378386E-010
          32   0.0000000000000000        0.0000000000000000     
  -1.3827120458249063E-009  -9.4049114355869301E-011
   4.3635044108328651E-009  -2.1129256112743221E-010
          33   0.0000000000000000        0.0000000000000000     
  -1.2612736954139900E-009  -1.1746361971827720E-010
   4.4780574676892241E-009  -2.3422827957225536E-010
          34   0.0000000000000000        0.0000000000000000     
  -1.1206078012669361E-009  -1.4607476593971907E-010
   4.6117016158354557E-009  -2.6249664770925537E-010
          35   0.0000000000000000        0.0000000000000000     
  -9.5636745964261882E-010  -1.8148559431283466E-010
   4.7689288317419799E-009  -2.9779465484557021E-010
          36   0.0000000000000000        0.0000000000000000     
  -7.6284500490119916E-010  -2.2596185746088458E-010
   4.9556786815228729E-009  -3.4253133538366173E-010
          37   0.0000000000000000        0.0000000000000000     
  -5.3240811966032875E-010  -2.8278868467449652E-010
   5.1799197881493407E-009  -4.0021256904902977E-010
          38   0.0000000000000000        0.0000000000000000     
  -2.5463132138716836E-010  -3.5687208122768527E-010
   5.4526874617197569E-009  -4.7609360381538729E-010
          39   0.0000000000000000        0.0000000000000000     
   8.5061818830430558E-011  -4.5579625270528609E-010
   5.7893006977959083E-009  -5.7831767451740661E-010
          40   0.0000000000000000        0.0000000000000000     
   5.0761430833227157E-010  -5.9177610183447215E-010
   6.2122416572086985E-009  -7.2003969227212679E-010
          41   0.0000000000000000        0.0000000000000000     
   1.0440586399553887E-009  -7.8547744399869586E-010
   6.7547172697869932E-009  -9.2355266631486341E-010
          42   0.0000000000000000        0.0000000000000000     
   1.7419493167236694E-009  -1.0740278810504744E-009
   7.4674494971657990E-009  -1.2289597666617142E-009
          43   0.0000000000000000        0.0000000000000000     
   2.6766825103267071E-009  -1.5292860307974851E-009
   8.4316257166445602E-009  -1.7139774420911685E-009
          44   0.0000000000000000        0.0000000000000000     
   3.9705339308860571E-009  -2.3039692734678076E-009
   9.7789640890546746E-009  -2.5438913471664833E-009
          45   0.0000000000000000        0.0000000000000000     
   5.8139680021786040E-009  -3.7629946956213214E-009
   1.1715428502276841E-008  -4.1138511429828599E-009
          46   0.0000000000000000        0.0000000000000000     
   8.3843768999467430E-009  -6.9039195172634522E-009
   1.4431531968367428E-008  -7.5043072424149821E-009
          47   0.0000000000000000        0.0000000000000000     
   1.0586196738790090E-008  -1.4594248316268179E-008
   1.6739932430853008E-008  -1.5821475871415544E-008
          48   0.0000000000000000        0.0000000000000000     
   1.8553285691496272E-009  -2.8331155329201126E-008
   7.1950391129528726E-009  -3.0686977068936622E-008
          49   0.0000000000000000        0.0000000000000000     
  -1.7403302723328005E-008  -2.2158967746998468E-008
  -1.3766564518288265E-008  -2.3981659315851628E-008
          50   0.0000000000000000        0.0000000000000000     
  -1.8645600101968842E-008  -1.0034679670103288E-008
  -1.5223607628773966E-008  -1.0825163252325957E-008
          51   0.0000000000000000        0.0000000000000000     
  -1.5780771935393953E-008  -4.9329023016406033E-009
  -1.2246120491395971E-008  -5.2727670879578373E-009
          52   0.0000000000000000        0.0000000000000000     
  -1.3500993518283809E-008  -2.7674505045227987E-009
  -9.9202171255764247E-009  -2.8969898813112507E-009
          53   0.0000000000000000        0.0000000000000000     
  -1.1923929311260703E-008  -1.7021068608255847E-009
  -8.3762636085267296E-009  -1.7076386149598586E-009
          54   0.0000000000000000        0.0000000000000000     
  -1.0820621090308844E-008  -1.1090779036825736E-009
  -7.3698945730484674E-009  -1.0233882085648553E-009
          55   0.0000000000000000        0.0000000000000000     
  -1.0026833444980968E-008  -7.4630254903784066E-010
  -6.7276925058663652E-009  -5.8044401487105186E-010
          56   0.0000000000000000        0.0000000000000000     
  -9.4417633913865452E-009  -5.0733714575006859E-010
  -6.3460282101689822E-009  -2.6145859810681086E-010
          57   0.0000000000000000        0.0000000000000000     
  -9.0034168559896505E-009  -3.4000664498641453E-010
  -6.1648041710830063E-009  -7.2223208719077000E-012
          58   0.0000000000000000        0.0000000000000000     
  -8.6726010550060312E-009  -2.1637383415926326E-010
  -6.1501743354381692E-009   2.1612499373667108E-010
          59   0.0000000000000000        0.0000000000000000     
  -8.4238455131446116E-009  -1.2030866039476548E-010
  -6.2859045953835664E-009   4.3096764933165584E-010
          60   0.0000000000000000        0.0000000000000000     
  -8.2402943378646219E-009  -4.1814863295061061E-011
  -6.5683402060910062E-009   6.5495904077993510E-010
          61   0.0000000000000000        0.0000000000000000     
  -8.1107805568080200E-009   2.5798716726776699E-011
  -7.0044757657784566E-009   9.0504455190977507E-010
          62   0.0000000000000000        0.0000000000000000     
  -8.0281442413534046E-009   8.7471165868254347E-011
  -7.6125812581866046E-009   1.2007203481775754E-009
          63   0.0000000000000000        0.0000000000000000     
  -7.9883013006772395E-009   1.4736958528332013E-010
  -8.4232692785111251E-009   1.5677227585987396E-009
          64   0.0000000000000000        0.0000000000000000     
  -7.9898225406312527E-009   2.0967091753219916E-010
  -9.4838864251359981E-009   2.0435418396835253E-009
          65   0.0000000000000000        0.0000000000000000     
  -8.0339467152945684E-009   2.7943143181694228E-010
  -1.0865731593302419E-008   2.6869733036615531E-009
          66   0.0000000000000000        0.0000000000000000     
  -8.1250299114098063E-009   3.6391506962104724E-010
  -1.2675071845293078E-008   3.5963564304241234E-009
          67   0.0000000000000000        0.0000000000000000     
  -8.2715400019834039E-009   4.7511356653941898E-010
  -1.5072580062599401E-008   4.9473894535319202E-009
          68   0.0000000000000000        0.0000000000000000     
  -8.4876736463678026E-009   6.3524202945418168E-010
  -1.8300987252705416E-008   7.0780472611919190E-009
          69   0.0000000000000000        0.0000000000000000     
  -8.7946662323402968E-009   8.9008120180323002E-010
  -2.2706253321577256E-008   1.0696631063094594E-008
          70   0.0000000000000000        0.0000000000000000     
  -9.2141002016218922E-009   1.3443148170111690E-009
  -2.8633676858756012E-008   1.7434315959409672E-008
          71   0.0000000000000000        0.0000000000000000     
  -9.6998420749705885E-009   2.2543533623267601E-009
  -3.5364970820782704E-008   3.1297668439099074E-008
          72   0.0000000000000000        0.0000000000000000     
  -9.6976103146960465E-009   4.1145156910310802E-009
  -3.4223382740544552E-008   6.0017201966458957E-008
          73   0.0000000000000000        0.0000000000000000     
  -7.2851813410240674E-009   6.0166184753760493E-009
   4.8854763000661455E-009   8.9370596706907920E-008
          74   0.0000000000000000        0.0000000000000000     
  -4.5488848459193977E-009   4.4402173110065804E-009
   4.9313919617735277E-008   6.4246792536658045E-008
          75   0.0000000000000000        0.0000000000000000     
  -4.4392685224797470E-009   2.4784350814252888E-009
   5.2893616760398947E-008   3.3052179280863060E-008
          76   0.0000000000000000        0.0000000000000000     
  -5.0095343657934557E-009   1.5340883211762268E-009
   4.6116904952961873E-008   1.7734376130642440E-008
          77   0.0000000000000000        0.0000000000000000     
  -5.5605396422814344E-009   1.1031815071936417E-009
   3.9951776023373101E-008   1.0392878919709307E-008
          78   0.0000000000000000        0.0000000000000000     
  -6.0275566186109843E-009   8.9653330561054526E-010
   3.5444258124416513E-008   6.4868999505024121E-009
          79   0.0000000000000000        0.0000000000000000     
  -6.4352296744822050E-009   7.9800126488721081E-010
   3.2248890463764731E-008   4.1805550355571047E-009
          80   0.0000000000000000        0.0000000000000000     
  -6.8104779156037196E-009   7.5892304462012374E-010
   2.9995464694967373E-008   2.6892112895128049E-009
          81   0.0000000000000000        0.0000000000000000     
  -7.1738018395265864E-009   7.5753797319952097E-010
   2.8427195690233007E-008   1.6423733550999806E-009
          82   0.0000000000000000        0.0000000000000000     
  -7.5409166781796664E-009   7.8404662695561498E-010
   2.7379187385211873E-008   8.4689506917399130E-010
          83   0.0000000000000000        0.0000000000000000     
  -7.9249928893802111E-009   8.3479349327712974E-010
   2.6748653910452946E-008   1.9145893180269430E-010
          84   0.0000000000000000        0.0000000000000000     
  -8.3384073010115434E-009   9.0998909040745568E-010
   2.6475102510273188E-008  -3.9609598163802212E-010
          85   0.0000000000000000        0.0000000000000000     
  -8.7941858278341748E-009   1.0130584096374477E-009
   2.6529430749883023E-008  -9.7039124609397703E-010
          86   0.0000000000000000        0.0000000000000000     
  -9.3073886944147227E-009   1.1510197298206561E-009
   2.6907874038809364E-008  -1.5818133190321419E-009
          87   0.0000000000000000        0.0000000000000000     
  -9.8967318669963305E-009   1.3359265390162759E-009
   2.7630745161684586E-008  -2.2878450443047401E-009
          88   0.0000000000000000        0.0000000000000000     
  -1.0586702190255884E-008   1.5879672254554576E-009
   2.8746287703924124E-008  -3.1672797842914628E-009
          89   0.0000000000000000        0.0000000000000000     
  -1.1410419765983801E-008   1.9417815533808377E-009
   3.0336708580507521E-008  -4.3439795496959532E-009
          90   0.0000000000000000        0.0000000000000000     
  -1.2413109970163166E-008   2.4597645851162059E-009
   3.2528555467826435E-008  -6.0339883833621347E-009
          91   0.0000000000000000        0.0000000000000000     
  -1.3653492360649690E-008   3.2617530447281806E-009
   3.5493375582496732E-008  -8.6488804954842905E-009
          92   0.0000000000000000        0.0000000000000000     
  -1.5187602827971095E-008   4.5949651868908826E-009
   3.9391471586143180E-008  -1.3038640916345348E-008
          93   0.0000000000000000        0.0000000000000000     
  -1.6953484462524579E-008   6.9965030701522912E-009
   4.3967498592059267E-008  -2.1055884868294212E-008
          94   0.0000000000000000        0.0000000000000000     
  -1.8161618533543613E-008   1.1520555512526770E-008
   4.6423720271305251E-008  -3.6344119462106593E-008
          95   0.0000000000000000        0.0000000000000000     
  -1.5330500543212886E-008   1.8367198676727496E-008
   3.4578865995124748E-008  -5.9560320891513957E-008
          96   0.0000000000000000        0.0000000000000000     
  -6.1714084559971635E-009   1.9994795688414221E-008
   3.8721403954014973E-010  -6.4392237761234450E-008
          97   0.0000000000000000        0.0000000000000000     
  -1.7186066342261646E-009   1.3953218433228104E-008
  -1.7851770105265674E-008  -4.2216089623017506E-008
          98   0.0000000000000000        0.0000000000000000     
  -3.0178875266882097E-009   9.4256228518748951E-009
  -1.6645837993181809E-008  -2.4843213885406115E-008
          99   0.0000000000000000        0.0000000000000000     
  -5.7570541074868669E-009   7.5764606380618282E-009
  -1.1211333126603193E-008  -1.6065322424887835E-008
         100   0.0000000000000000        0.0000000000000000     
  -8.7694733549662966E-009   7.4029274619520611E-009
  -5.8920630154740199E-009  -1.1925411248809415E-008
         101   0.0000000000000000        0.0000000000000000     
  -1.2022362536405132E-008   8.5487663861892793E-009
  -1.1617899721127482E-009  -1.0302161232518426E-008
         102   0.0000000000000000        0.0000000000000000     
  -1.5663814371605514E-008   1.1319677407931843E-008
   3.1843235547250103E-009  -1.0488607195522166E-008
         103   0.0000000000000000        0.0000000000000000     
  -1.9582674178167169E-008   1.6841942273429294E-008
   7.2586234949770861E-009  -1.2689651782694309E-008
         104   0.0000000000000000        0.0000000000000000     
  -2.2133617624127597E-008   2.7500967445173212E-008
   1.0305969277742518E-008  -1.7999646347642798E-008
         105   0.0000000000000000        0.0000000000000000     
  -1.5940479008141842E-008   4.4814418469002065E-008
   8.4265660442638893E-009  -2.7139954345652764E-008
         106   0.0000000000000000        0.0000000000000000     
   8.7552900944272506E-009   5.4249732688321803E-008
  -3.5940863225698149E-009  -3.2172000514835246E-008
         107   0.0000000000000000        0.0000000000000000     
   2.9493129962428507E-008   3.9562720975871137E-008
  -1.3496694358298055E-008  -2.4259746904097383E-008
         108   0.0000000000000000        0.0000000000000000     
   3.2548875241073867E-008   2.2887584165082538E-008
  -1.3769313268011941E-008  -1.5422166966953619E-008
         109   0.0000000000000000        0.0000000000000000     
   2.9732029153178329E-008   1.3139176436555303E-008
  -1.0755095181162085E-008  -1.0528395479321981E-008
         110   0.0000000000000000        0.0000000000000000     
   2.6597657197783633E-008   7.6979536054219561E-009
  -7.3922275104862322E-009  -8.2216695017623890E-009
         111   0.0000000000000000        0.0000000000000000     
   2.4237491068755492E-008   4.3170806884746559E-009
  -4.1815515098058316E-009  -7.4049976374391946E-009
         112   0.0000000000000000        0.0000000000000000     
   2.2718259519093096E-008   1.8241603089680305E-009
  -1.0485568756881468E-009  -7.6718429211513263E-009
         113   0.0000000000000000        0.0000000000000000     
   2.1944079270349729E-008  -4.8208664514614863E-010
   2.1632356896529056E-009  -9.0871802160688438E-009
         114   0.0000000000000000        0.0000000000000000     
   2.1765971792771287E-008  -3.2364636255053835E-009
   5.4887174578538562E-009  -1.2201813008473867E-008
         115   0.0000000000000000        0.0000000000000000     
   2.1731843412202355E-008  -7.3111068978113705E-009
   8.3264572424453600E-009  -1.8291131398593221E-008
         116   0.0000000000000000        0.0000000000000000     
   2.0074956244118077E-008  -1.3721068490952227E-008
   7.5792046821410104E-009  -2.9037314003393689E-008
         117   0.0000000000000000        0.0000000000000000     
   1.2616961906720762E-008  -2.0462144015061061E-008
  -4.3499316256938840E-009  -4.0621848969894013E-008
         118   0.0000000000000000        0.0000000000000000     
   1.3883354118530947E-009  -1.9178936362480473E-008
  -2.3629661319702218E-008  -3.7537999903242991E-008
         119   0.0000000000000000        0.0000000000000000     
  -3.5800483933354966E-009  -1.2301331908651494E-008
  -3.1672435947073504E-008  -2.4223012201029895E-008
         120   0.0000000000000000        0.0000000000000000     
  -3.7521958489639363E-009  -7.2269068669725940E-009
  -3.1141791795965322E-008  -1.4303380403696064E-008
         121   0.0000000000000000        0.0000000000000000     
  -2.7671106947748827E-009  -4.4230732648979144E-009
  -2.8731254067902250E-008  -8.6146120547048405E-009
         122   0.0000000000000000        0.0000000000000000     
  -1.7597839062592406E-009  -2.8931693703280128E-009
  -2.6520692161899092E-008  -5.2928595327591114E-009
         123   0.0000000000000000        0.0000000000000000     
  -9.3018679102474675E-010  -2.0232728788870097E-009
  -2.4872615782033647E-008  -3.1831295094748359E-009
         124   0.0000000000000000        0.0000000000000000     
  -2.6764498043227246E-010  -1.5092075710841607E-009
  -2.3769103895212117E-008  -1.7022261165212317E-009
         125   0.0000000000000000        0.0000000000000000     
   2.7156497761564619E-010  -1.1994744390109188E-009
  -2.3140806674253423E-008  -5.4639091865804470E-010
         126   0.0000000000000000        0.0000000000000000     
   7.2746504094521712E-010  -1.0151555103917779E-009
  -2.2934592286994005E-008   4.5929237222574935E-010
         127   0.0000000000000000        0.0000000000000000     
   1.1313872098637443E-009  -9.1326055683237721E-010
  -2.3125109439696003E-008   1.4323068277100693E-009
         128   0.0000000000000000        0.0000000000000000     
   1.5074378410121231E-009  -8.6960918142888681E-010
  -2.3715198942447633E-008   2.4699329342611560E-009
         129   0.0000000000000000        0.0000000000000000     
   1.8747597031715190E-009  -8.7042491169088201E-010
  -2.4734961914332981E-008   3.6738426640058608E-009
         130   0.0000000000000000        0.0000000000000000     
   2.2494779676068666E-009  -9.0791101097757308E-010
  -2.6244734268644833E-008   5.1738064516343344E-009
         131   0.0000000000000000        0.0000000000000000     
   2.6462751451962257E-009  -9.7759477992364019E-010
  -2.8339364541980715E-008   7.1603641807566948E-009
         132   0.0000000000000000        0.0000000000000000     
   3.0799340964820854E-009  -1.0761635709698200E-009
  -3.1148745098770743E-008   9.9407213045204543E-009
         133   0.0000000000000000        0.0000000000000000     
   3.5674987502455076E-009  -1.1986036212112631E-009
  -3.4826546061736379E-008   1.4045346909445912E-008
         134   0.0000000000000000        0.0000000000000000     
   4.1332063185087139E-009  -1.3328360201866456E-009
  -3.9470073744318783E-008   2.0440722061029692E-008
         135   0.0000000000000000        0.0000000000000000     
   4.8234400900601545E-009  -1.4491023013025708E-009
  -4.4794172499645935E-008   3.0944178544608303E-008
         136   0.0000000000000000        0.0000000000000000     
   5.7569437271990701E-009  -1.4865506846854257E-009
  -4.8885332604221785E-008   4.8829249691201083E-008
         137   0.0000000000000000        0.0000000000000000     
   7.2780799782628811E-009  -1.4024893330407452E-009
  -4.4267232154854348E-008   7.8030871792632853E-008
         138   0.0000000000000000        0.0000000000000000     
   1.0136366615376651E-008  -1.6437474179806215E-009
  -1.3127778760028213E-008   1.1184323845398782E-007
