   262144.00000000000     
         256           1           3
   1.7567330116226543E-005   32.267967713312999        143.27462188630000     
   6.0401400154609997        12.000000000000000        5733.8999999999996     
           0   0.0000000000000000        0.0000000000000000     
   0.0000000000000000        0.0000000000000000     
   0.0000000000000000        0.0000000000000000     
           1   1.9385517320381450E-010   3.8881237521537385E-011
   4.2483038135352170E-009  -1.1606848747669004E-010
  -4.7092379465867045E-009   1.5463789593920253E-010
           2   1.0724851332978192E-010   1.1236123319494701E-010
   4.2603236800409859E-009  -1.5867091002393393E-010
  -4.7756257064331150E-009   2.4743697804392740E-010
           3  -7.4466966033886845E-011   2.9736920990756678E-010
   4.3461369603915602E-009  -2.6694911682183431E-010
  -4.9830892014428157E-009   4.8205933191316908E-010
           4  -2.8450293598294570E-010   9.8768040331097835E-010
   4.4567208089534891E-009  -6.7037158018400957E-010
  -5.2359271677900622E-009   1.3565342928850713E-009
           5   1.2510645270255519E-009   1.7074316331499600E-009
   3.5537115774104347E-009  -1.0911877991536554E-009
  -3.2852933761693875E-009   2.2685534717944181E-009
           6   1.5704701495390382E-009   5.1338222526651927E-010
   3.3640129279113291E-009  -3.9532728966486074E-010
  -2.8780798853633708E-009   7.5849376900400162E-010
           7   1.3178498740194141E-009   1.7983828185476916E-010
   3.5110749533951238E-009  -2.0171951446266044E-010
  -3.1983495902291806E-009   3.3764254572788854E-010
           8   1.1730337001381743E-009   7.7819719617390854E-011
   3.5977550043569888E-009  -1.4333066995513023E-010
  -3.3851846404466478E-009   2.0995644812464713E-010
           9   1.0917087178010136E-009   3.5498109094965053E-011
   3.6496530083205699E-009  -1.1988669109353735E-010
  -3.4943773311683810E-009   1.5795692085938627E-010
          10   1.0434904376534641E-009   1.4052091883676332E-011
   3.6843395620820014E-009  -1.0873292011927444E-010
  -3.5642060975285523E-009   1.3250926707448579E-010
          11   1.0141561712526338E-009   1.5649076848100841E-012
   3.7100159700529706E-009  -1.0291744772362577E-010
  -3.6125652514415204E-009   1.1853378996500921E-010
          12   9.9660980636154942E-010  -6.5186326659485095E-012
   3.7307671028936488E-009  -9.9786134666339701E-011
  -3.6483778334882444E-009   1.1027030448918504E-010
          13   9.8701496902991411E-010  -1.2227992609253365E-011
   3.7488065072317999E-009  -9.8160315265055546E-011
  -3.6764767467015556E-009   1.0515720367458676E-010
          14   9.8315610387653639E-010  -1.6574964567969402E-011
   3.7654259172630470E-009  -9.7456615363931264E-011
  -3.6996712860113864E-009   1.0192258567065888E-010
          15   9.8368818359525254E-010  -2.0109888852762859E-011
   3.7814288532511187E-009  -9.7362323586897353E-011
  -3.7196919854730059E-009   9.9880210991848504E-011
          16   9.8776564855221457E-010  -2.3154251570238863E-011
   3.7973445735079269E-009  -9.7699684852825933E-011
  -3.7376573688811371E-009   9.8635140016242784E-011
          17   9.9484630988260987E-010  -2.5907899722213296E-011
   3.8135410202060152E-009  -9.8363416387182699E-011
  -3.7543204978265950E-009   9.7948126580633446E-011
          18   1.0045818607117067E-009  -2.8502474667988345E-011
   3.8302879932079987E-009  -9.9289655269737783E-011
  -3.7702067748213581E-009   9.7668134683474233E-011
          19   1.0167539548279447E-009  -3.1029823185372807E-011
   3.8477943087303394E-009  -1.0043955271022138E-010
  -3.7856947263799439E-009   9.7696575474932602E-011
          20   1.0312355637155579E-009  -3.3557972055211117E-011
   3.8662306702644969E-009  -1.0179017203640369E-010
  -3.8010653173806435E-009   9.7967336107401983E-011
          21   1.0479670311051725E-009  -3.6140579141898494E-011
   3.8857443648596285E-009  -1.0332924438960998E-010
  -3.8165331181381390E-009   9.8435121092928436E-011
          22   1.0669410517120109E-009  -3.8822811147737891E-011
   3.9064691272885926E-009  -1.0505206781700102E-010
  -3.8322666000421951E-009   9.9068379708035328E-011
          23   1.0881933034550116E-009  -4.1645199461810309E-011
   3.9285320798173255E-009  -1.0695965454811079E-010
  -3.8484016965852576E-009   9.9844866363187780E-011
          24   1.1117968252739164E-009  -4.4646330337278206E-011
   3.9520588812705160E-009  -1.0905764018689055E-010
  -3.8650510651229071E-009   1.0074876412821765E-010
          25   1.1378590063875953E-009  -4.7864865161457404E-011
   3.9771777866773565E-009  -1.1135568283081388E-010
  -3.8823105261124990E-009   1.0176876186936933E-010
          26   1.1665205109657433E-009  -5.1341193646860924E-011
   4.0040230710923816E-009  -1.1386719765103994E-010
  -3.9002635977262061E-009   1.0289672466267504E-010
          27   1.1979557460147108E-009  -5.5118917745528575E-011
   4.0327381269244250E-009  -1.1660934005718804E-010
  -3.9189847070525538E-009   1.0412673643102688E-010
          28   1.2323746665689372E-009  -5.9246307636434854E-011
   4.0634784605551580E-009  -1.1960319171708369E-010
  -3.9385414494861670E-009   1.0545437341777776E-010
          29   1.2700258441059336E-009  -6.3777843301294154E-011
   4.0964147677157427E-009  -1.2287413073814931E-010
  -3.9589961326815401E-009   1.0687611308198607E-010
          30   1.3112008272795198E-009  -6.8775945866500151E-011
   4.1317362452918233E-009  -1.2645238712431346E-010
  -3.9804067500822157E-009   1.0838880901887636E-010
          31   1.3562399155463908E-009  -7.4313007321857176E-011
   4.1696542930771262E-009  -1.3037380133310700E-010
  -4.0028274632940166E-009   1.0998917587978341E-010
          32   1.4055395579888474E-009  -8.0473843899927939E-011
   4.2104067693522146E-009  -1.3468082021282851E-010
  -4.0263086207713777E-009   1.1167323276161673E-010
          33   1.4595616924771598E-009  -8.7358728166639320E-011
   4.2542629883291622E-009  -1.3942378314334933E-010
  -4.0508962944077514E-009   1.1343565077819601E-010
          34   1.5188454650488454E-009  -9.5087200735876472E-011
   4.3015296867745600E-009  -1.4466257422834530E-010
  -4.0766312691960304E-009   1.1526894061094182E-010
          35   1.5840219290010036E-009  -1.0380293000306985E-010
   4.3525582447747803E-009  -1.5046874682427880E-010
  -4.1035473680040951E-009   1.1716239754217297E-010
          36   1.6558325351208861E-009  -1.1367998641794773E-010
   4.4077535272645046E-009  -1.5692826854636774E-010
  -4.1316689269184901E-009   1.1910069204523323E-010
          37   1.7351525128038550E-009  -1.2493104078276958E-010
   4.4675848274087023E-009  -1.6414509404232851E-010
  -4.1610071474804209E-009   1.2106194864112730E-010
          38   1.8230206416792041E-009  -1.3781820622959787E-010
   4.5325995536073525E-009  -1.7224585819266975E-010
  -4.1915549280387584E-009   1.2301508648679408E-010
          39   1.9206774774280324E-009  -1.5266755646090926E-010
   4.6034405289735301E-009  -1.8138610793905494E-010
  -4.2232795986349872E-009   1.2491608908551652E-010
          40   2.0296149036106019E-009  -1.6988882594726460E-010
   4.6808680968528317E-009  -1.9175867899108706E-010
  -4.2561127237916051E-009   1.2670270630197405E-010
          41   2.1517071739276250E-009  -1.9000533902104860E-010
   4.7658394056769384E-009  -2.0360728849017758E-010
  -4.2899360551833604E-009   1.2828684705861833E-010
          42   2.2890324921924410E-009  -2.1368065967288838E-010
   4.8593429394835690E-009  -2.1723361555542943E-010
  -4.3245599981769793E-009   1.2954341750876829E-010
          43   2.4443854923468318E-009  -2.4178937699809479E-010
   4.9627524881074928E-009  -2.3303259661815879E-010
  -4.3596964529396095E-009   1.3029396304839747E-010
          44   2.6211702931747827E-009  -2.7548393584732346E-010
   5.0776910084055521E-009  -2.5151557548162303E-010
  -4.3949158169591459E-009   1.3028189693711516E-010
          45   2.8237173326654735E-009  -3.1631434245113371E-010
   5.2061045383272721E-009  -2.7335622962639796E-010
  -4.4295865013847677E-009   1.2913465583962904E-010
          46   3.0574617866492210E-009  -3.6639763463172524E-010
   5.3506624255792330E-009  -2.9947218833314937E-010
  -4.4627842106270084E-009   1.2630445957772022E-010
          47   3.3295799798652567E-009  -4.2869799092252235E-010
   5.5145287034874476E-009  -3.3111523882455369E-010
  -4.4931574337055071E-009   1.2097353390423682E-010
          48   3.6494020419319095E-009  -5.0745215739250176E-010
   5.7019133662288684E-009  -3.7005454725022420E-010
  -4.5187192389497162E-009   1.1189808708655848E-010
          49   4.0298507549845928E-009  -6.0890999220080902E-010
   5.9183315135096952E-009  -4.1885169155974137E-010
  -4.5365262537595482E-009   9.7143696381029971E-011
          50   4.4883800677282695E-009  -7.4255254149543287E-010
   6.1713527474607957E-009  -4.8134664166095253E-010
  -4.5421605655511354E-009   7.3619421549783134E-011
          51   5.0495201980001070E-009  -9.2333622336550670E-010
   6.4711573555766666E-009  -5.6349939574450821E-010
  -4.5288887100973909E-009   3.6222764800951133E-011
          52   5.7489727680613889E-009  -1.1759519777928439E-009
   6.8327361589453282E-009  -6.7503825682378059E-010
  -4.4862554870879737E-009  -2.3810757835238305E-011
          53   6.6398869553107020E-009  -1.5434134976592466E-009
   7.2776922669139950E-009  -8.3268746915670223E-010
  -4.3976856791495757E-009  -1.2228991718896390E-010
          54   7.8043131067826085E-009  -2.1058166527774515E-009
   7.8386871170846788E-009  -1.0672458270737597E-009
  -4.2363982380672491E-009  -2.8951578688799212E-010
          55   9.3690507529092123E-009  -3.0249139190490386E-009
   8.5661674084380289E-009  -1.4403672564147852E-009
  -3.9588704763832815E-009  -5.8816249807773217E-010
          56   1.1525919675193268E-008  -4.6620389574239971E-009
   9.5349630805733892E-009  -2.0887136021195889E-009
  -3.4981912033771699E-009  -1.1607353366844299E-009
          57   1.4472924515148937E-008  -7.9220625459856733E-009
   1.0823572248984265E-008  -3.3526492283120979E-009
  -2.7882339445725979E-009  -2.3685521268625265E-009
          58   1.7632542089858859E-008  -1.5238465618109866E-008
   1.2221220453265352E-008  -6.1439114442556850E-009
  -2.0836630811389999E-009  -5.1898923787938363E-009
          59   1.4020160404957742E-008  -3.0505128386208234E-008
   1.1125339183354382E-008  -1.1916584918304093E-008
  -4.2477316383206629E-009  -1.1186088457362918E-008
          60  -9.4917709267625003E-009  -3.5661304474015488E-008
   2.6590342396889387E-009  -1.3923174403677747E-008
  -1.4628579742356228E-008  -1.2995762659485152E-008
          61  -1.9580405918353959E-008  -1.9327714727976393E-008
  -7.0495125827038670E-010  -7.9509247860148247E-009
  -1.9743853405888498E-008  -5.9936046046058371E-009
          62  -1.6989253169833212E-008  -9.6758475509403194E-009
   7.6245082816176517E-010  -4.5425218150440375E-009
  -1.9992449662342259E-008  -1.5546708421880410E-009
          63  -1.3566176418500643E-008  -5.5850252015839481E-009
   2.6784820258625276E-009  -3.3096920246013575E-009
  -2.0296135521311088E-008   8.9044066428874176E-010
          64  -1.0872143130665864E-008  -3.7593234082243157E-009
   4.5275719578382461E-009  -3.0968702498890386E-009
  -2.1462849332503058E-008   2.8863165243545197E-009
          65  -8.7315710059296266E-009  -2.9979584098475854E-009
   6.4764293679864799E-009  -3.6203172441544707E-009
  -2.3693784912020757E-008   5.3622315177113213E-009
          66  -6.8683877329586204E-009  -2.9822280953438365E-009
   8.7575803689704452E-009  -5.1561516182668796E-009
  -2.7231756499242285E-008   9.5085492840506107E-009
          67  -5.1439207830323328E-009  -3.9523024679164864E-009
   1.1369000916189052E-008  -8.8427391729984307E-009
  -3.1893597409725065E-008   1.8048982967135495E-008
          68  -4.3226544461577758E-009  -6.8711607429098717E-009
   1.1948713035958707E-008  -1.7469241805449251E-008
  -3.2446935410661837E-008   3.7156293038863039E-008
          69  -8.3799951267893638E-009  -1.0328459668138330E-008
  -3.3885849404386655E-010  -2.7069013408232770E-008
  -5.3228609712637069E-009   5.8294071104371114E-008
          70  -1.3102431371013779E-008  -6.9101643999419019E-009
  -1.3667313863642327E-008  -1.7877518901358353E-008
   2.3867531987806341E-008   3.8636303518996433E-008
          71  -1.2963172006521176E-008  -3.3411451380360694E-009
  -1.3550076020266951E-008  -8.5376242709604278E-009
   2.3723174885104368E-008   1.8646554803393398E-008
          72  -1.2039225890741571E-008  -1.6696757610629834E-009
  -1.1211629048157546E-008  -4.3673783011698635E-009
   1.8592875080276935E-008   9.8848042507611205E-009
          73  -1.1367458554272108E-008  -8.1218390915909628E-010
  -9.4157203224812999E-009  -2.3835983170602434E-009
   1.4459971629099962E-008   5.9091265479699432E-009
          74  -1.0991838348724960E-008  -2.7069627732163181E-010
  -8.2538673984641553E-009  -1.2561965441098892E-009
   1.1496577449586480E-008   3.8722132768541175E-009
          75  -1.0866805368854190E-008   1.5545198366566350E-010
  -7.5847741560631625E-009  -4.7215556082749610E-010
   9.3490514846772829E-009   2.7188627006794593E-009
          76  -1.0969083975138914E-008   5.7203323250877165E-010
  -7.3175699827691975E-009   2.1202677618386668E-010
   7.7437680467527216E-009   2.0188600415066081E-009
          77  -1.1304124572217374E-008   1.0691886455772118E-009
  -7.4233657912916209E-009   9.6932029171750237E-010
   6.5024868217229554E-009   1.5793983683809895E-009
          78  -1.1903185455544221E-008   1.7757514316811050E-009
  -7.9243519550301656E-009   2.0114455168341780E-009
   5.5088136410712314E-009   1.3125365927257336E-009
          79  -1.2802912275098881E-008   2.9475122225160897E-009
  -8.8548102399762192E-009   3.7318422894102511E-009
   4.6855871816648631E-009   1.1912279602534335E-009
          80  -1.3892802169394523E-008   5.1700977852430051E-009
  -1.0027521854785755E-008   7.0133355922323257E-009
   3.9970449788276418E-009   1.2489526743388382E-009
          81  -1.4018706636729534E-008   9.5658812040156703E-009
  -9.6795253909120203E-009   1.3529564650231980E-008
   3.5417217795833674E-009   1.5913910224795448E-009
          82  -8.8861402807698865E-009   1.4762420089330603E-008
  -1.3562555090767149E-009   2.1158704389710094E-008
   3.7811843161432371E-009   2.0459779397371848E-009
          83  -1.3169240694024197E-009   1.2111968481732286E-008
   1.0599199560909281E-008   1.6926800181551072E-008
   4.3719224826794496E-009   1.6282213515474432E-009
          84  -1.8265550115450922E-010   6.9202519269731829E-009
   1.2925519442252558E-008   8.9245295015685787E-009
   4.3045596594592609E-009   9.4048329319160734E-010
          85  -1.4952311103225458E-009   4.2047996043791604E-009
   1.1705786610467199E-008   4.6393148226167504E-009
   4.0281343176640792E-009   5.4136674262446016E-010
          86  -2.9758419560471102E-009   2.9860031931624155E-009
   1.0377173745079530E-008   2.5574084639518843E-009
   3.7953838281095288E-009   3.1349755874959826E-010
          87  -4.3180530645318674E-009   2.4592846434605111E-009
   9.4192735264390211E-009   1.4496766224663434E-009
   3.6387596965810138E-009   1.6149314433682614E-010
          88  -5.5702297842612238E-009   2.2901536151583787E-009
   8.7916969526800458E-009   7.9245349283795879E-010
   3.5534492173170275E-009   4.3317513797882552E-011
          89  -6.8174218183498699E-009   2.3476531375875159E-009
   8.4126512842513980E-009   3.5925243886116910E-010
   3.5332113683099283E-009  -6.0666486255043082E-011
          90  -8.1422358754206988E-009   2.5896067095862295E-009
   8.2222598036428447E-009   4.2239483876981997E-011
   3.5751673866471548E-009  -1.6135050736657468E-010
          91  -9.6278561369172303E-009   3.0232215272263499E-009
   8.1841839416479348E-009  -2.1621754660280241E-010
   3.6799948216005666E-009  -2.6626819391219223E-010
          92  -1.1368187446988172E-008   3.6973776207592476E-009
   8.2787789973775032E-009  -4.5163678090237524E-010
   3.8518011977924475E-009  -3.8200188846450144E-010
          93  -1.3483137202265695E-008   4.7148825485353569E-009
   8.4998170973788528E-009  -6.9069182370751156E-010
   4.0983571965690122E-009  -5.1554966853130021E-010
          94  -1.6131364801193547E-008   6.2692862284269865E-009
   8.8519585077206528E-009  -9.5914442072321259E-010
   4.4318094448510679E-009  -6.7539523543647398E-010
          95  -1.9527897655183752E-008   8.7306655892366298E-009
   9.3509436628008250E-009  -1.2892111590224877E-009
   4.8701558901140014E-009  -8.7259563077760224E-010
          96  -2.3927113742360185E-008   1.2845209545762463E-008
   1.0023558840800787E-008  -1.7304278327928112E-009
   5.4400949174122395E-009  -1.1219427951910058E-009
          97  -2.9425426815712214E-008   2.0211782329638418E-008
   1.0902111320097459E-008  -2.3708000720913084E-009
   6.1836146054841096E-009  -1.4429294488277828E-009
          98  -3.4793704170573323E-008   3.4285133164879269E-008
   1.1991807963214123E-008  -3.3776260354208201E-009
   7.1778970540893817E-009  -1.8613788711820324E-009
          99  -3.2104343886052672E-008   6.0210335694425793E-008
   1.3103879492978854E-008  -5.0019245941310020E-009
   8.6032281662335321E-009  -2.4397113565865514E-009
         100  -7.3719424932996809E-011   8.6466124584144309E-008
   1.3693186924933908E-008  -7.0197799616671786E-009
   1.0812513906949647E-008  -3.5368968792869408E-009
         101   4.2371643564098366E-008   7.1818222701863133E-008
   1.4615582344987252E-008  -8.5544254389281850E-009
   1.3732654299240837E-008  -6.0401004742897265E-009
         102   5.2335534072068604E-008   4.2984960396037611E-008
   1.7267335540691454E-008  -1.1495385996461543E-008
   1.6996075472839969E-008  -1.0645102291703804E-008
         103   4.7852732481309392E-008   2.7415868985918613E-008
   2.0219232529456679E-008  -1.8819201607149000E-008
   1.9957910749893892E-008  -1.9414060346769409E-008
         104   4.3814164311644429E-008   2.2665950066031714E-008
   1.7415297246558889E-008  -3.3372421964903512E-008
   1.6629381514605442E-008  -3.5641898984398533E-008
         105   4.6946695734665387E-008   2.0757125651143001E-008
  -3.6357993410701403E-009  -4.3752648794355917E-008
  -6.4586690576943320E-009  -4.7150022646243995E-008
         106   5.0752174432930748E-008   1.2938087107935581E-008
  -2.1857200832705484E-008  -3.0084462219412630E-008
  -2.6402214086531499E-008  -3.2439491709815970E-008
         107   5.0197050553519837E-008   5.7517853582780284E-009
  -2.2893518048765707E-008  -1.6060689206823761E-008
  -2.7614501393816910E-008  -1.7301052930317929E-008
         108   4.9299219519752364E-008   1.1025302662975351E-009
  -1.9775579144119625E-008  -8.8978708346075906E-009
  -2.4264771200996719E-008  -9.5990997441117098E-009
         109   4.9465287855541362E-008  -2.4100748128932717E-009
  -1.6914166191624772E-008  -5.2810737631082458E-009
  -2.1151219695947444E-008  -5.7447042766343285E-009
         110   5.0920532238164958E-008  -5.7480063144393135E-009
  -1.4812455272601725E-008  -3.2528561524445200E-009
  -1.8821388847051279E-008  -3.6207904227358739E-009
         111   5.3778430810813248E-008  -9.6027089499162073E-009
  -1.3352120708491581E-008  -1.9664623551306843E-009
  -1.7145056352145269E-008  -2.3174884191924914E-009
         112   5.8235154585027718E-008  -1.4759034355956372E-008
  -1.2386009564547782E-008  -1.0261050222209783E-009
  -1.5957434363443525E-008  -1.4189598514751542E-009
         113   6.4552456952621422E-008  -2.2480791832142744E-008
  -1.1812208854346960E-008  -2.0336755247556211E-010
  -1.5140023872110333E-008  -7.0130140449357718E-010
         114   7.2756268956538531E-008  -3.5182806094716947E-008
  -1.1556650153095840E-008   6.9584657557773476E-010
  -1.4608755169005653E-008  -3.8969788907645422E-013
         115   8.1176024590530254E-008  -5.7690929771816273E-008
  -1.1502462337336406E-008   1.9295342316919203E-009
  -1.4262956338732146E-008   8.7029894771576861E-010
         116   8.0408946431076208E-008  -9.7599564956509739E-008
  -1.1224149292445154E-008   3.8599555220661771E-009
  -1.3813187580488688E-008   2.1542164190631731E-009
         117   4.1472403616793056E-008  -1.4846666510618435E-007
  -9.4666840016877974E-009   6.2625144012081431E-009
  -1.2444795114578472E-008   3.7153350692535029E-009
         118  -3.8191094279855283E-008  -1.5017995111715704E-007
  -6.0515896371078815E-009   6.6075491507405952E-009
  -1.0032413170330333E-008   3.9451036198368026E-009
         119  -7.9650126905967100E-008  -9.9424012821238473E-008
  -4.3140349155360419E-009   4.6911726669667276E-009
  -8.6915850310921702E-009   2.7151141048810838E-009
         120  -8.0833608354637636E-008  -5.8293807255418981E-008
  -4.4004418516306831E-009   3.1530808655326924E-009
  -8.5060382780868962E-009   1.7076131804614724E-009
         121  -7.1925529984924475E-008  -3.5192799570354229E-008
  -5.0461862358741241E-009   2.3892822753587368E-009
  -8.6589317982602255E-009   1.1729607997432960E-009
         122  -6.3079431008809600E-008  -2.2355400277954188E-008
  -5.8236733439133104E-009   2.0934214453534627E-009
  -8.8669414776593361E-009   9.1186809617490239E-010
         123  -5.6078173295208379E-008  -1.4736801903052197E-008
  -6.6706948441461290E-009   2.0702385899574947E-009
  -9.0766042339363704E-009   7.9315732769769877E-010
         124  -5.0855159937323532E-008  -9.8494169326484680E-009
  -7.6141490157258953E-009   2.2375507649635854E-009
  -9.2879248133384108E-009   7.5381914679553356E-010
         125  -4.7074357180155676E-008  -6.4522842921849267E-009
  -8.7049870846044797E-009   2.5767295177871674E-009
  -9.5109899082910282E-009   7.6519900750052358E-010
         126  -4.4447758419367479E-008  -3.8778381570375027E-009
  -1.0009564418779046E-008   3.1123967736583328E-009
  -9.7572992545513011E-009   8.1592923259770889E-010
         127  -4.2778032189201827E-008  -1.7233944736525573E-009
  -1.1612308408874307E-008   3.9139958725076348E-009
  -1.0038968139718622E-008   9.0519717938389663E-010
         128  -4.1949481691724631E-008   3.0136587168032505E-010
  -1.3628288196698046E-008   5.1184246064420169E-009
  -1.0369693077081205E-008   1.0415892906603658E-009
         129  -4.1911436098868753E-008   2.4690371033379619E-009
  -1.6209652762657500E-008   6.9866363460009977E-009
  -1.0765890774654263E-008   1.2465625996344607E-009
         130  -4.2660126851910249E-008   5.1252995520527371E-009
  -1.9539288550169945E-008   1.0034826868607807E-008
  -1.1246185597777460E-008   1.5650660298199761E-009
         131  -4.4177414281324271E-008   8.8247118493025358E-009
  -2.3714897956493246E-008   1.5339494874204485E-008
  -1.1821765028861052E-008   2.0912933562320258E-009
         132  -4.6211440944197848E-008   1.4571724952685024E-008
  -2.8104837048099716E-008   2.5190760311379866E-008
  -1.2442258081858271E-008   3.0239397042195129E-009
         133  -4.7435234745000288E-008   2.4090001488225036E-008
  -2.8379477834069100E-008   4.3555467024811443E-008
  -1.2750340660941619E-008   4.7084356630650264E-009
         134  -4.3017676666331429E-008   3.8570393019682640E-008
  -9.3708847358216235E-009   6.7981246122911334E-008
  -1.1478266713489128E-008   6.9953100680699511E-009
         135  -2.5234438235441129E-008   5.0277686918205898E-008
   3.1035788126976624E-008   6.4647329067686335E-008
  -8.2565582240231106E-009   7.1356871930995631E-009
         136  -4.1230858302854446E-009   4.3901102173553302E-008
   4.4779860197811902E-008   3.4958634174667714E-008
  -6.9692424538180215E-009   4.8133964604505904E-009
         137   3.1900119806447798E-009   2.9385440345845540E-008
   3.9045343366638559E-008   1.7703004056907777E-008
  -7.5536818146886784E-009   3.2103881569553858E-009
         138   1.8492064074667780E-009   1.9208850821571245E-008
   3.2703943954879880E-008   1.0308298356253353E-008
  -8.4615384680745573E-009   2.4791256510145719E-009
