   262144.00000000000     
         256           1           3
   1.7567330116226543E-005  -6.2812290861650002       -178.01823173560001     
   6.0401400154609997        12.000000000000000        5733.8999999999996     
           0   0.0000000000000000        0.0000000000000000     
   0.0000000000000000        0.0000000000000000     
   0.0000000000000000        0.0000000000000000     
           1   0.0000000000000000        0.0000000000000000     
   6.2260860574933028E-011  -1.5353259548929027E-011
   1.9140212180031629E-009  -4.5529091172434459E-010
           2   0.0000000000000000        0.0000000000000000     
   6.1333337670752878E-011  -4.4965018912442520E-012
   1.8859910313383897E-009  -1.3453644753263065E-010
           3   0.0000000000000000        0.0000000000000000     
   6.2419719784408010E-011  -2.2840512596632710E-012
   1.9178176719173414E-009  -6.9200720143834035E-011
           4   0.0000000000000000        0.0000000000000000     
   6.2699476935499948E-011  -1.6051153123027352E-012
   1.9259880891110611E-009  -4.9181487678788163E-011
           5   0.0000000000000000        0.0000000000000000     
   6.2573773199746020E-011  -1.2984586305447982E-012
   1.9223010945542550E-009  -4.0167341956599610E-011
           6   0.0000000000000000        0.0000000000000000     
   6.2226087795827828E-011  -1.1109533463602023E-012
   1.9121550085041403E-009  -3.4679032352058357E-011
           7   0.0000000000000000        0.0000000000000000     
   6.1729330207169508E-011  -9.6765043194681815E-013
   1.8976932255857048E-009  -3.0502233435847935E-011
           8   0.0000000000000000        0.0000000000000000     
   6.1113312373473645E-011  -8.4084198098862901E-013
   1.8797915861197822E-009  -2.6818646888423396E-011
           9   0.0000000000000000        0.0000000000000000     
   6.0389595158402079E-011  -7.1829853024955518E-013
   1.8587900293157069E-009  -2.3267468932231859E-011
          10   0.0000000000000000        0.0000000000000000     
   5.9561053060424167E-011  -5.9366681868037336E-013
   1.8347740755127286E-009  -1.9661658840341325E-011
          11   0.0000000000000000        0.0000000000000000     
   5.8625846446232199E-011  -4.6304991412171130E-013
   1.8076916499609007E-009  -1.5886893343506562E-011
          12   0.0000000000000000        0.0000000000000000     
   5.7579167470812199E-011  -3.2361939351825058E-013
   1.7774044103755328E-009  -1.1860572228478647E-011
          13   0.0000000000000000        0.0000000000000000     
   5.6414014863098513E-011  -1.7298371024151663E-013
   1.7437105380437583E-009  -7.5131749493328587E-012
          14   0.0000000000000000        0.0000000000000000     
   5.5121507472755999E-011  -8.8647758144050510E-015
   1.7063539993298009E-009  -2.7787314936159932E-012
          15   0.0000000000000000        0.0000000000000000     
   5.3690953216544205E-011   1.7109199934433741E-013
   1.6650266505981316E-009   2.4107555071691125E-012
          16   0.0000000000000000        0.0000000000000000     
   5.2109771797658121E-011   3.6944961244337032E-013
   1.6193660821037855E-009   8.1291641559892667E-012
          17   0.0000000000000000        0.0000000000000000     
   5.0363497841423393E-011   5.8908512708646725E-013
   1.5692081968042107E-009   1.4453934501177263E-011
          18   0.0000000000000000        0.0000000000000000     
   4.8434775644176232E-011   8.3331202541040100E-013
   1.5135483521197627E-009   2.1491161843533036E-011
          19   0.0000000000000000        0.0000000000000000     
   4.6304110002168382E-011   1.1059726284767315E-012
   1.4520782408875044E-009   2.9345911207914392E-011
          20   0.0000000000000000        0.0000000000000000     
   4.3948679114783938E-011   1.4115892539385844E-012
   1.3841414110698059E-009   3.8148133084122356E-011
          21   0.0000000000000000        0.0000000000000000     
   4.1341957072676252E-011   1.7555250146101182E-012
   1.3089750971080586E-009   4.8051884384415200E-011
          22   0.0000000000000000        0.0000000000000000     
   3.8453015017392716E-011   2.1441893761593979E-012
   1.2256901762471007E-009   5.9241224677152114E-011
          23   0.0000000000000000        0.0000000000000000     
   3.5245650329190662E-011   2.5852991593060511E-012
   1.1332461958719171E-009   7.1937699653925962E-011
          24   0.0000000000000000        0.0000000000000000     
   3.1677296675295774E-011   3.0882144583869437E-012
   1.0304201208880820E-009   8.6409970034035623E-011
          25   0.0000000000000000        0.0000000000000000     
   2.7697651023958020E-011   3.6643761989248288E-012
   9.1576697119612413E-010   1.0298635155453758E-010
          26   0.0000000000000000        0.0000000000000000     
   2.3246930867195451E-011   4.3278827258749845E-012
   7.8756986426581891E-010   1.2207133714879887E-010
          27   0.0000000000000000        0.0000000000000000     
   1.8253642812521267E-011   5.0962586656575249E-012
   6.4377605876130277E-010   1.4416762630356315E-010
          28   0.0000000000000000        0.0000000000000000     
   1.2631697792882429E-011   5.9914930748082113E-012
   4.8191428039353612E-010   1.6990586722314012E-010
          29   0.0000000000000000        0.0000000000000000     
   6.2766420236905983E-012   7.0414601631283946E-012
   2.9898671799346946E-010   2.0008535618751899E-010
          30   0.0000000000000000        0.0000000000000000     
  -9.3932497211990183E-013   8.2818921663267112E-012
   9.1326276117114020E-011   2.3573055031563733E-010
          31   0.0000000000000000        0.0000000000000000     
  -9.1740198623953593E-012   9.7591631284930751E-012
  -1.4559450733914553E-010   2.7817080381824051E-010
          32   0.0000000000000000        0.0000000000000000     
  -1.8624459473602536E-011   1.1534289496229304E-011
  -4.1772875725600417E-010   3.2916138678123196E-010
          33   0.0000000000000000        0.0000000000000000     
  -2.9538825030843926E-011   1.3688773702705115E-011
  -7.3158909811040440E-010   3.9102510169964583E-010
          34   0.0000000000000000        0.0000000000000000     
  -4.2234743542852422E-011   1.6333383367625926E-011
  -1.0965847938937044E-009   4.6694233208419651E-010
          35   0.0000000000000000        0.0000000000000000     
  -5.7123780050404687E-011   1.9621579858909144E-011
  -1.5245141501300465E-009   5.6130985877534390E-010
          36   0.0000000000000000        0.0000000000000000     
  -7.4748058406270912E-011   2.3770711039704139E-011
  -2.0309156574487992E-009   6.8035419703727224E-010
          37   0.0000000000000000        0.0000000000000000     
  -9.5834696659156271E-011   2.9096486622824527E-011
  -2.6362753143051330E-009   8.3311135855863891E-010
          38   0.0000000000000000        0.0000000000000000     
  -1.2137952828694573E-010   3.6071137095500213E-011
  -3.3698309973887857E-009   1.0331222318477629E-009
          39   0.0000000000000000        0.0000000000000000     
  -1.5277836470349966E-010   4.5425683340507692E-011
  -4.2716181944477669E-009   1.3013246309470093E-009
          40   0.0000000000000000        0.0000000000000000     
  -1.9204145051712531E-010   5.8338836665887026E-011
  -5.3984299870053792E-009   1.6714585929521601E-009
          41   0.0000000000000000        0.0000000000000000     
  -2.4215294884785502E-010   7.6806633473311744E-011
  -6.8357070576416798E-009   2.2006847595024819E-009
          42   0.0000000000000000        0.0000000000000000     
  -3.0769305623371989E-010   1.0441765563237722E-010
  -8.7155032479686063E-009   2.9917857165633032E-009
          43   0.0000000000000000        0.0000000000000000     
  -3.9593354812741167E-010   1.4812110362510416E-010
  -1.1246105908926620E-008   4.2437565816159274E-009
          44   0.0000000000000000        0.0000000000000000     
  -5.1868033337892541E-010   2.2269116603820765E-010
  -1.4764216869206458E-008   6.3796272553211861E-009
          45   0.0000000000000000        0.0000000000000000     
  -6.9433214897332564E-010   3.6343876419529680E-010
  -1.9798598557849790E-008   1.0410555311746665E-008
          46   0.0000000000000000        0.0000000000000000     
  -9.4002007611219257E-010   6.6690438390307076E-010
  -2.6838384176725505E-008   1.9100898413881461E-008
          47   0.0000000000000000        0.0000000000000000     
  -1.1496628566606055E-009   1.4106124371373724E-009
  -3.2846524866714952E-008   4.0397414880875190E-008
          48   0.0000000000000000        0.0000000000000000     
  -3.0073960496822493E-010   2.7394550423853120E-009
  -8.5443246630816020E-009   7.8449027481053869E-008
          49   0.0000000000000000        0.0000000000000000     
   1.5676236650440882E-009   2.1412518743911566E-009
   4.4948594147347162E-008   6.1321098887841587E-008
          50   0.0000000000000000        0.0000000000000000     
   1.6928106017558590E-009   9.6683231806329562E-010
   4.8526002289029097E-008   2.7693789951750236E-008
          51   0.0000000000000000        0.0000000000000000     
   1.4211416687774367E-009   4.7193885122070080E-010
   4.0738370274064203E-008   1.3524518087464901E-008
          52   0.0000000000000000        0.0000000000000000     
   1.2068648080838434E-009   2.6104991970411692E-010
   3.4593011391954541E-008   7.4878248119780577E-009
          53   0.0000000000000000        0.0000000000000000     
   1.0615007259861249E-009   1.5640204358771844E-010
   3.0419560730748832E-008   4.4936352276021914E-009
          54   0.0000000000000000        0.0000000000000000     
   9.6305039467860921E-010   9.7179483091985676E-011
   2.7587842551171444E-008   2.8006138903957398E-009
          55   0.0000000000000000        0.0000000000000000     
   8.9581596639317029E-010   5.9884724100977638E-011
   2.5648053731139305E-008   1.7360328440069180E-009
          56   0.0000000000000000        0.0000000000000000     
   8.5028653566982102E-010   3.4125105623016270E-011
   2.4327475863264904E-008   1.0024463030325027E-009
          57   0.0000000000000000        0.0000000000000000     
   8.2076947901608801E-010   1.4731292611377307E-011
   2.3462231647897569E-008   4.5202942225810794E-010
          58   0.0000000000000000        0.0000000000000000     
   8.0386060841495380E-010  -1.1611094427609107E-012
   2.2955030386849634E-008   2.9972216053523377E-012
          59   0.0000000000000000        0.0000000000000000     
   7.9759395522042458E-010  -1.5332434654760795E-011
   2.2748403874999086E-008  -3.9527579892312614E-010
          60   0.0000000000000000        0.0000000000000000     
   8.0098663980290206E-010  -2.9055350128832235E-011
   2.2813194466292540E-008  -7.7875074183221624E-010
          61   0.0000000000000000        0.0000000000000000     
   8.1381324071604317E-010  -4.3411799782285197E-011
   2.3142040864942423E-008  -1.1777320972343881E-009
          62   0.0000000000000000        0.0000000000000000     
   8.3652871851869488E-010  -5.9513748250838632E-011
   2.3745301969116301E-008  -1.6230398291940780E-009
          63   0.0000000000000000        0.0000000000000000     
   8.7030669397575604E-010  -7.8717093191467415E-011
   2.4654089292833774E-008  -2.1519911373520847E-009
          64   0.0000000000000000        0.0000000000000000     
   9.1719804288917701E-010  -1.0290709374978944E-010
   2.5924598815685009E-008  -2.8162425574470477E-009
          65   0.0000000000000000        0.0000000000000000     
   9.8044773551958213E-010  -1.3497016139275627E-010
   2.7644827169515266E-008  -3.6946438448456407E-009
          66   0.0000000000000000        0.0000000000000000     
   1.0650430617513896E-009  -1.7967986203003018E-010
   2.9949421706384825E-008  -4.9174032463318558E-009
          67   0.0000000000000000        0.0000000000000000     
   1.1786066636001596E-009  -2.4552091978539436E-010
   3.3045892312445668E-008  -6.7158457357233242E-009
          68   0.0000000000000000        0.0000000000000000     
   1.3327044354966909E-009  -3.4877867574985200E-010
   3.7250636827495501E-008  -9.5338654096820280E-009
          69   0.0000000000000000        0.0000000000000000     
   1.5439162430549494E-009  -5.2355478063586864E-010
   4.3013676843743468E-008  -1.4300754749507585E-008
          70   0.0000000000000000        0.0000000000000000     
   1.8288130595668372E-009  -8.4835964520441124E-010
   5.0787875250784626E-008  -2.3155953837510971E-008
          71   0.0000000000000000        0.0000000000000000     
   2.1527446737287355E-009  -1.5160150710869780E-009
   5.9628704112523810E-008  -4.1353718792619462E-008
          72   0.0000000000000000        0.0000000000000000     
   2.0980580097030750E-009  -2.8985552875255677E-009
   5.8155742772537550E-008  -7.9031649908849279E-008
          73   0.0000000000000000        0.0000000000000000     
   2.1645805595335243E-010  -4.3115212811067105E-009
   6.9035242565914150E-009  -1.1753913237258270E-007
          74   0.0000000000000000        0.0000000000000000     
  -1.9209999413860706E-009  -3.1026556163292537E-009
  -5.1315722260556955E-008  -8.4605458625072956E-008
          75   0.0000000000000000        0.0000000000000000     
  -2.0924780985523128E-009  -1.6015249150575477E-009
  -5.5960657979678215E-008  -4.3708711435052852E-008
          76   0.0000000000000000        0.0000000000000000     
  -1.7654898579269490E-009  -8.6434712901672157E-010
  -4.7018820935473783E-008  -2.3629787006490395E-008
          77   0.0000000000000000        0.0000000000000000     
  -1.4679896108279722E-009  -5.1087435459312514E-010
  -3.8875522151098498E-008  -1.4007628812308187E-008
          78   0.0000000000000000        0.0000000000000000     
  -1.2503973956432239E-009  -3.2253523434181309E-010
  -3.2903622583860863E-008  -8.8867436188677679E-009
          79   0.0000000000000000        0.0000000000000000     
  -1.0962355055971258E-009  -2.1091498971865297E-010
  -2.8654070872120801E-008  -5.8583182991962302E-009
          80   0.0000000000000000        0.0000000000000000     
  -9.8784670234310969E-010  -1.3816700701825508E-010
  -2.5644169128004422E-008  -3.8916164613066263E-009
          81   0.0000000000000000        0.0000000000000000     
  -9.1309012370008560E-010  -8.6340137024713951E-011
  -2.3542122477611597E-008  -2.4981893594393577E-009
          82   0.0000000000000000        0.0000000000000000     
  -8.6431225512707748E-010  -4.5967122573064405E-011
  -2.2136628075238660E-008  -1.4210510590899170E-009
          83   0.0000000000000000        0.0000000000000000     
  -8.3695071230688591E-010  -1.1441854643718293E-011
  -2.1301447123330896E-008  -5.0877643035042472E-010
          84   0.0000000000000000        0.0000000000000000     
  -8.2862263139048876E-010   2.1075535347922991E-011
  -2.0968051536051831E-008   3.4134049829447164E-010
          85   0.0000000000000000        0.0000000000000000     
  -8.3863556881787094E-010   5.4767091278725296E-011
  -2.1114345733078005E-008   1.2132234149788205E-009
          86   0.0000000000000000        0.0000000000000000     
  -8.6781883774018797E-010   9.2916093805178423E-011
  -2.1757265902342008E-008   2.1921082301502511E-009
          87   0.0000000000000000        0.0000000000000000     
  -9.1861466601211524E-010   1.3966434483737521E-010
  -2.2954632367990004E-008   3.3842231348701365E-009
          88   0.0000000000000000        0.0000000000000000     
  -9.9542577043404537E-010   2.0109247158103993E-010
  -2.4815513689095815E-008   4.9444868153458373E-009
          89   0.0000000000000000        0.0000000000000000     
  -1.1052448778565244E-009   2.8715030520854660E-010
  -2.7516214066369162E-008   7.1256167545523015E-009
          90   0.0000000000000000        0.0000000000000000     
  -1.2584940371746125E-009   4.1557598550198673E-010
  -3.1317464337142722E-008   1.0377523366444996E-008
          91   0.0000000000000000        0.0000000000000000     
  -1.4692328775641995E-009   6.2057382463646998E-010
  -3.6574835053617065E-008   1.5567564725774567E-008
          92   0.0000000000000000        0.0000000000000000     
  -1.7502139788397760E-009   9.7326208943775977E-010
  -4.3608839898522672E-008   2.4499117349096368E-008
          93   0.0000000000000000        0.0000000000000000     
  -2.0786985336646592E-009   1.6292411311964902E-009
  -5.1840353276091312E-008   4.1118208994267375E-008
          94   0.0000000000000000        0.0000000000000000     
  -2.2169727400863720E-009   2.8950506201038423E-009
  -5.5235791169682049E-008   7.3199141498476058E-008
          95   0.0000000000000000        0.0000000000000000     
  -1.1344726037297126E-009   4.8246273778948229E-009
  -2.7648467655871713E-008   1.2210746803827369E-007
          96   0.0000000000000000        0.0000000000000000     
   1.8511393738050963E-009   5.1940684473950688E-009
   4.8238063254805856E-008   1.3142483719963163E-007
          97   0.0000000000000000        0.0000000000000000     
   3.5098147107837238E-009   3.2718451102238168E-009
   9.0489149805651108E-008   8.2588000740897335E-008
          98   0.0000000000000000        0.0000000000000000     
   3.5520847890705857E-009   1.7385758644300174E-009
   9.1775751856531771E-008   4.3586015621490307E-008
          99   0.0000000000000000        0.0000000000000000     
   3.2701315736484678E-009   9.0550857876904584E-010
   8.4889221856176980E-008   2.2296319630218763E-008
         100   0.0000000000000000        0.0000000000000000     
   3.0408221884016471E-009   4.2290231939603532E-010
   7.9409448019946253E-008   9.8146209028602090E-009
         101   0.0000000000000000        0.0000000000000000     
   2.9170266499415266E-009   8.2441315241346776E-011
   7.6702321826310889E-008   7.9527149912845102E-010
         102   0.0000000000000000        0.0000000000000000     
   2.8930856237905460E-009  -2.3376013484414140E-010
   7.6643908193339656E-008  -7.8754858892027937E-009
         103   0.0000000000000000        0.0000000000000000     
   2.9454851061905668E-009  -6.2977761239558616E-010
   7.8603067681288462E-008  -1.9096929524729969E-008
         104   0.0000000000000000        0.0000000000000000     
   2.9798522477183808E-009  -1.2479862746135617E-009
   7.9836317078617243E-008  -3.6983867755940916E-008
         105   0.0000000000000000        0.0000000000000000     
   2.6248786935899389E-009  -2.1773447079949174E-009
   6.9400137756912950E-008  -6.4110598125349741E-008
         106   0.0000000000000000        0.0000000000000000     
   1.3959380610983828E-009  -2.7127997094858118E-009
   3.2987706228783734E-008  -7.9608051649802590E-008
         107   0.0000000000000000        0.0000000000000000     
   3.9530591899318603E-010  -2.0630937599672502E-009
   3.1669090100734906E-009  -6.0065676520867617E-008
         108   0.0000000000000000        0.0000000000000000     
   2.9844486323788947E-010  -1.3234201556293129E-009
  -1.1652668910273677E-010  -3.7808149929536849E-008
         109   0.0000000000000000        0.0000000000000000     
   5.2827785832529369E-010  -9.4057899255194744E-010
   6.0613191890213641E-009  -2.5992276823051801E-008
         110   0.0000000000000000        0.0000000000000000     
   8.1818686396694162E-010  -7.9802194091213678E-010
   1.3783134759897377E-008  -2.1108065025329902E-008
         111   0.0000000000000000        0.0000000000000000     
   1.1244720931242235E-009  -8.0500363133656138E-010
   2.1697602401313360E-008  -2.0364803198203249E-008
         112   0.0000000000000000        0.0000000000000000     
   1.4572526864357140E-009  -9.3858181086948767E-010
   3.0025938584559162E-008  -2.2889922286096929E-008
         113   0.0000000000000000        0.0000000000000000     
   1.8343272322039833E-009  -1.2298680436525831E-009
   3.9219050621444719E-008  -2.9232979534263141E-008
         114   0.0000000000000000        0.0000000000000000     
   2.2548719697318834E-009  -1.7781490225725554E-009
   4.9296632316275104E-008  -4.1590681307370739E-008
         115   0.0000000000000000        0.0000000000000000     
   2.6171844132569561E-009  -2.7945041798751353E-009
   5.7954468204595747E-008  -6.4764760906144783E-008
         116   0.0000000000000000        0.0000000000000000     
   2.4197418643260332E-009  -4.5530465412234667E-009
   5.3700197432531549E-008  -1.0502321746917070E-007
         117   0.0000000000000000        0.0000000000000000     
   4.3788776423838006E-010  -6.4419439143423136E-009
   8.4366946109098174E-009  -1.4830525401865376E-007
         118   0.0000000000000000        0.0000000000000000     
  -2.7135889972121201E-009  -5.9688945042367966E-009
  -6.3717160305557513E-008  -1.3738484860000210E-007
         119   0.0000000000000000        0.0000000000000000     
  -4.0468867701501479E-009  -3.8486951564927489E-009
  -9.4153316768430531E-008  -8.8666355451252751E-008
         120   0.0000000000000000        0.0000000000000000     
  -3.9910146989324842E-009  -2.2738091319416937E-009
  -9.2719329567299112E-008  -5.2479371049180393E-008
         121   0.0000000000000000        0.0000000000000000     
  -3.6228302684353016E-009  -1.3794776432170478E-009
  -8.4129634887947480E-008  -3.1926540791899478E-008
         122   0.0000000000000000        0.0000000000000000     
  -3.2768357913389631E-009  -8.6681824893826619E-010
  -7.6058872579029531E-008  -2.0145127097071802E-008
         123   0.0000000000000000        0.0000000000000000     
  -3.0109482335811432E-009  -5.5104635134372218E-010
  -6.9833554562523115E-008  -1.2892592544719911E-008
         124   0.0000000000000000        0.0000000000000000     
  -2.8215328065356131E-009  -3.3953589047438719E-010
  -6.5366374640858416E-008  -8.0429294070077140E-009
         125   0.0000000000000000        0.0000000000000000     
  -2.6960989926877762E-009  -1.8494102905311787E-010
  -6.2365565162395963E-008  -4.5105427252842127E-009
         126   0.0000000000000000        0.0000000000000000     
  -2.6242403860328359E-009  -6.1173166277575446E-011
  -6.0587668381750562E-008  -1.6989394705538823E-009
         127   0.0000000000000000        0.0000000000000000     
  -2.5992225945116480E-009   4.7770343497391494E-011
  -5.9873479756394903E-008   7.5528064633293216E-010
         128   0.0000000000000000        0.0000000000000000     
  -2.6177443149648692E-009   1.5328710494307482E-010
  -6.0140310828783537E-008   3.1074160206997117E-009
         129   0.0000000000000000        0.0000000000000000     
  -2.6795701546156390E-009   2.6527254397203791E-010
  -6.1373144602893418E-008   5.5744995103729230E-009
         130   0.0000000000000000        0.0000000000000000     
  -2.7873815556579419E-009   3.9442450474274045E-010
  -6.3621916553792032E-008   8.3857290844205572E-009
         131   0.0000000000000000        0.0000000000000000     
  -2.9468566925857213E-009   5.5474184720337737E-010
  -6.7002254902637618E-008   1.1835189242575197E-008
         132   0.0000000000000000        0.0000000000000000     
  -3.1667794858237588E-009   7.6726977457020772E-010
  -7.1695623338769257E-008   1.6358907307489687E-008
         133   0.0000000000000000        0.0000000000000000     
  -3.4583364051495062E-009   1.0668394618317655E-009
  -7.7937776787927889E-008   2.2671968849054139E-008
         134   0.0000000000000000        0.0000000000000000     
  -3.8306892700921351E-009   1.5152090168287926E-009
  -8.5930602144229385E-008   3.2034309724077132E-008
         135   0.0000000000000000        0.0000000000000000     
  -4.2719235724566696E-009   2.2264340306279075E-009
  -9.5461564320012017E-008   4.6762694074453609E-008
         136   0.0000000000000000        0.0000000000000000     
  -4.6764362114383082E-009   3.4041648883290509E-009
  -1.0445893665885652E-007   7.0984850198240380E-008
         137   0.0000000000000000        0.0000000000000000     
  -4.6136438156045759E-009   5.2981055986647058E-009
  -1.0437046915377413E-007   1.0978620811184542E-007
         138   0.0000000000000000        0.0000000000000000     
  -3.0472059191529698E-009   7.5460381464868034E-009
  -7.4545805827359620E-008   1.5609807438629885E-007
