   262144.00000000000     
         256           1           3
   1.7567330116226543E-005  -14.066048200935001        11.533965959500000     
   6.0401400154609997        12.000000000000000        6321.0000000000000     
           0   0.0000000000000000        0.0000000000000000     
   0.0000000000000000        0.0000000000000000     
   0.0000000000000000        0.0000000000000000     
           1   0.0000000000000000        0.0000000000000000     
   1.4074522873007002E-007  -3.2191058826800523E-009
  -6.8786212821180595E-008   1.4911229147479266E-009
           2   0.0000000000000000        0.0000000000000000     
   1.3929660386569538E-007  -3.6156673618740583E-009
  -6.8134116596433396E-008   1.4602989293542631E-009
           3   0.0000000000000000        0.0000000000000000     
   1.3789295971635896E-007  -3.3688154228591968E-009
  -6.7769291588947752E-008   1.4528687908522470E-009
           4   0.0000000000000000        0.0000000000000000     
   1.3742981381178734E-007  -3.0772928047541580E-009
  -6.7500908080212631E-008   1.4502163497029976E-009
           5   0.0000000000000000        0.0000000000000000     
   1.3708692227127556E-007  -2.9985469729966807E-009
  -6.7293547962531374E-008   1.4450127124441909E-009
           6   0.0000000000000000        0.0000000000000000     
   1.3679002978038707E-007  -2.9662426560578712E-009
  -6.7125253748399830E-008   1.4401013273273997E-009
           7   0.0000000000000000        0.0000000000000000     
   1.3653179009553441E-007  -2.9484112377679593E-009
  -6.6983668367527225E-008   1.4357689508952199E-009
           8   0.0000000000000000        0.0000000000000000     
   1.3630560750566481E-007  -2.9366885581094807E-009
  -6.6861490922895213E-008   1.4319552018360711E-009
           9   0.0000000000000000        0.0000000000000000     
   1.3610580758509195E-007  -2.9281412806835131E-009
  -6.6754057777165711E-008   1.4285683255405700E-009
          10   0.0000000000000000        0.0000000000000000     
   1.3592788695957161E-007  -2.9215079711541747E-009
  -6.6658207008920141E-008   1.4255299576159186E-009
          11   0.0000000000000000        0.0000000000000000     
   1.3576834578652439E-007  -2.9161604944448305E-009
  -6.6571695093910014E-008   1.4227785509222868E-009
          12   0.0000000000000000        0.0000000000000000     
   1.3562446120333413E-007  -2.9117500794275620E-009
  -6.6492872155329588E-008   1.4202663277078169E-009
          13   0.0000000000000000        0.0000000000000000     
   1.3549409672069379E-007  -2.9080665325364107E-009
  -6.6420489273921411E-008   1.4179559337732656E-009
          14   0.0000000000000000        0.0000000000000000     
   1.3537555834481739E-007  -2.9049751946892045E-009
  -6.6353578177358579E-008   1.4158177942727891E-009
          15   0.0000000000000000        0.0000000000000000     
   1.3526748926078606E-007  -2.9023859509704089E-009
  -6.6291372925228085E-008   1.4138281681482427E-009
          16   0.0000000000000000        0.0000000000000000     
   1.3516879313591020E-007  -2.9002368212513801E-009
  -6.6233257128996766E-008   1.4119677367471920E-009
          17   0.0000000000000000        0.0000000000000000     
   1.3507857802707352E-007  -2.8984847492661795E-009
  -6.6178727317707145E-008   1.4102205758432936E-009
          18   0.0000000000000000        0.0000000000000000     
   1.3499611506600062E-007  -2.8971002071477412E-009
  -6.6127366857852653E-008   1.4085733979471123E-009
          19   0.0000000000000000        0.0000000000000000     
   1.3492080783215673E-007  -2.8960639595945370E-009
  -6.6078826972012695E-008   1.4070149866576781E-009
          20   0.0000000000000000        0.0000000000000000     
   1.3485216957278941E-007  -2.8953651347726271E-009
  -6.6032812652107200E-008   1.4055357666598572E-009
          21   0.0000000000000000        0.0000000000000000     
   1.3478980630578905E-007  -2.8950001483761598E-009
  -6.5989072021075364E-008   1.4041274719557349E-009
          22   0.0000000000000000        0.0000000000000000     
   1.3473340445473665E-007  -2.8949722402216059E-009
  -6.5947388170453131E-008   1.4027828843978265E-009
          23   0.0000000000000000        0.0000000000000000     
   1.3468272210399832E-007  -2.8952915064513449E-009
  -6.5907572804972646E-008   1.4014956234269126E-009
          24   0.0000000000000000        0.0000000000000000     
   1.3463758328696011E-007  -2.8959753919266613E-009
  -6.5869461224235148E-008   1.4002599715651464E-009
          25   0.0000000000000000        0.0000000000000000     
   1.3459787497772271E-007  -2.8970496717677168E-009
  -6.5832908304782150E-008   1.3990707249241620E-009
          26   0.0000000000000000        0.0000000000000000     
   1.3456354668003686E-007  -2.8985500144638036E-009
  -6.5797785236322343E-008   1.3979230583285770E-009
          27   0.0000000000000000        0.0000000000000000     
   1.3453461272669522E-007  -2.9005242952800652E-009
  -6.5763976827208999E-008   1.3968123964873103E-009
          28   0.0000000000000000        0.0000000000000000     
   1.3451115764949279E-007  -2.9030359338232319E-009
  -6.5731379236615471E-008   1.3957342813665931E-009
          29   0.0000000000000000        0.0000000000000000     
   1.3449334529054034E-007  -2.9061686868150861E-009
  -6.5699898018475681E-008   1.3946842246313232E-009
          30   0.0000000000000000        0.0000000000000000     
   1.3448143275602561E-007  -2.9100335741680578E-009
  -6.5669446378233120E-008   1.3936575295735936E-009
          31   0.0000000000000000        0.0000000000000000     
   1.3447579094518744E-007  -2.9147790188175816E-009
  -6.5639943549955890E-008   1.3926490605359776E-009
          32   0.0000000000000000        0.0000000000000000     
   1.3447693435924705E-007  -2.9206059564053676E-009
  -6.5611313196083444E-008   1.3916529249218603E-009
          33   0.0000000000000000        0.0000000000000000     
   1.3448556444383072E-007  -2.9277908394486882E-009
  -6.5583481713099247E-008   1.3906620120174458E-009
          34   0.0000000000000000        0.0000000000000000     
   1.3450263326190414E-007  -2.9367215431358707E-009
  -6.5556376286358595E-008   1.3896672924362698E-009
          35   0.0000000000000000        0.0000000000000000     
   1.3452943860201332E-007  -2.9479550053650350E-009
  -6.5529922461630693E-008   1.3886567123946081E-009
          36   0.0000000000000000        0.0000000000000000     
   1.3456776916984628E-007  -2.9623126592147526E-009
  -6.5504040863672051E-008   1.3876133780651204E-009
          37   0.0000000000000000        0.0000000000000000     
   1.3462013237441982E-007  -2.9810435945331515E-009
  -6.5478642434399668E-008   1.3865124670607312E-009
          38   0.0000000000000000        0.0000000000000000     
   1.3469012567781406E-007  -3.0061115468562514E-009
  -6.5453621029678896E-008   1.3853158078693069E-009
          39   0.0000000000000000        0.0000000000000000     
   1.3478309493827631E-007  -3.0407080450848115E-009
  -6.5428840662208663E-008   1.3839622004353143E-009
          40   0.0000000000000000        0.0000000000000000     
   1.3490765699769608E-007  -3.0903200085416781E-009
  -6.5404106505188312E-008   1.3823472902132013E-009
          41   0.0000000000000000        0.0000000000000000     
   1.3507846278395818E-007  -3.1677018166254104E-009
  -6.5379112559903325E-008   1.3802298702429338E-009
          42   0.0000000000000000        0.0000000000000000     
   1.3531299116726874E-007  -3.2984306890057944E-009
  -6.5353501838402006E-008   1.3771271932768618E-009
          43   0.0000000000000000        0.0000000000000000     
   1.3564485979487225E-007  -3.5344468184117733E-009
  -6.5326615339424386E-008   1.3720598249137104E-009
          44   0.0000000000000000        0.0000000000000000     
   1.3611722473666362E-007  -4.0233175933529373E-009
  -6.5297616245327188E-008   1.3622464660043360E-009
          45   0.0000000000000000        0.0000000000000000     
   1.3664674058247499E-007  -5.2012394726205574E-009
  -6.5268053225766447E-008   1.3394671359151809E-009
          46   0.0000000000000000        0.0000000000000000     
   1.3584474539828861E-007  -7.7682451926193429E-009
  -6.5264073211377689E-008   1.2905303536960744E-009
          47   0.0000000000000000        0.0000000000000000     
   1.3192261670643312E-007  -7.7599305047915999E-009
  -6.5319361278433722E-008   1.2901386585217990E-009
          48   0.0000000000000000        0.0000000000000000     
   1.3114910163944013E-007  -5.1735061476397620E-009
  -6.5315775536924449E-008   1.3383443011520416E-009
          49   0.0000000000000000        0.0000000000000000     
   1.3171742585984651E-007  -4.0036755086184426E-009
  -6.5287345881470503E-008   1.3598731927228880E-009
          50   0.0000000000000000        0.0000000000000000     
   1.3222505477443795E-007  -3.5299233045087985E-009
  -6.5260486236742936E-008   1.3683021862429572E-009
          51   0.0000000000000000        0.0000000000000000     
   1.3259422108683502E-007  -3.3095463951932172E-009
  -6.5236648629402321E-008   1.3719733190121711E-009
          52   0.0000000000000000        0.0000000000000000     
   1.3287023662798065E-007  -3.1946114031423115E-009
  -6.5214967080947145E-008   1.3736742941653889E-009
          53   0.0000000000000000        0.0000000000000000     
   1.3308850216221507E-007  -3.1302971328915687E-009
  -6.5194763599894882E-008   1.3744384284992213E-009
          54   0.0000000000000000        0.0000000000000000     
   1.3327106663933870E-007  -3.0933720621027822E-009
  -6.5175613048155477E-008   1.3747039890942745E-009
          55   0.0000000000000000        0.0000000000000000     
   1.3343176718311712E-007  -3.0728936240145326E-009
  -6.5157246352634439E-008   1.3746779443075778E-009
          56   0.0000000000000000        0.0000000000000000     
   1.3357975954130091E-007  -3.0633289781323548E-009
  -6.5139484093571962E-008   1.3744656779190232E-009
          57   0.0000000000000000        0.0000000000000000     
   1.3372154784471322E-007  -3.0618061950450267E-009
  -6.5122198435340825E-008   1.3741229111126197E-009
          58   0.0000000000000000        0.0000000000000000     
   1.3386216459133416E-007  -3.0669209638769837E-009
  -6.5105291160556375E-008   1.3736783732017830E-009
          59   0.0000000000000000        0.0000000000000000     
   1.3400590737305451E-007  -3.0782024601126328E-009
  -6.5088680188016074E-008   1.3731441429410861E-009
          60   0.0000000000000000        0.0000000000000000     
   1.3415685937779024E-007  -3.0958980408978065E-009
  -6.5072290363114245E-008   1.3725201222962061E-009
          61   0.0000000000000000        0.0000000000000000     
   1.3431933303925039E-007  -3.1209416820561835E-009
  -6.5056046017282124E-008   1.3717952500386913E-009
          62   0.0000000000000000        0.0000000000000000     
   1.3449836554206635E-007  -3.1550470142984559E-009
  -6.5039863180215059E-008   1.3709466088087512E-009
          63   0.0000000000000000        0.0000000000000000     
   1.3470058221322564E-007  -3.2009013952078040E-009
  -6.5023636773764323E-008   1.3699369132414872E-009
          64   0.0000000000000000        0.0000000000000000     
   1.3493664963788731E-007  -3.2634148186995302E-009
  -6.5007205235924772E-008   1.3686968230520677E-009
          65   0.0000000000000000        0.0000000000000000     
   1.3522104421080635E-007  -3.3577711840165545E-009
  -6.4990353611185621E-008   1.3670099782551536E-009
          66   0.0000000000000000        0.0000000000000000     
   1.3556248605933696E-007  -3.5031537898472590E-009
  -6.4972950119814663E-008   1.3646027472206740E-009
          67   0.0000000000000000        0.0000000000000000     
   1.3598764977529988E-007  -3.7273920147344898E-009
  -6.4954607173408336E-008   1.3610778661192427E-009
          68   0.0000000000000000        0.0000000000000000     
   1.3653573211726129E-007  -4.1035089513651471E-009
  -6.4934758943264666E-008   1.3553921302615644E-009
          69   0.0000000000000000        0.0000000000000000     
   1.3724356181622999E-007  -4.8005685929547613E-009
  -6.4912874129316123E-008   1.3451297061120837E-009
          70   0.0000000000000000        0.0000000000000000     
   1.3803563521756582E-007  -6.2347017279143688E-009
  -6.4890027572528296E-008   1.3243436623825103E-009
          71   0.0000000000000000        0.0000000000000000     
   1.3799323339018881E-007  -9.2026445519694721E-009
  -6.4879346197452081E-008   1.2816474338613014E-009
          72   0.0000000000000000        0.0000000000000000     
   1.3401577772113030E-007  -1.2111789704771732E-008
  -6.4925141241306296E-008   1.2398036013316153E-009
          73   0.0000000000000000        0.0000000000000000     
   1.2975676591477428E-007  -9.4347483913733506E-009
  -6.4975193828584791E-008   1.2778116817020380E-009
          74   0.0000000000000000        0.0000000000000000     
   1.2962026736970511E-007  -6.3443744427459170E-009
  -6.4966558500683941E-008   1.3217410307060333E-009
          75   0.0000000000000000        0.0000000000000000     
   1.3045999340160994E-007  -4.8585265399456059E-009
  -6.4944202102748757E-008   1.3427531542735169E-009
          76   0.0000000000000000        0.0000000000000000     
   1.3123188039307136E-007  -4.1598161199189904E-009
  -6.4923046954256519E-008   1.3525318712078681E-009
          77   0.0000000000000000        0.0000000000000000     
   1.3184661076886850E-007  -3.8009487258012082E-009
  -6.4904371044080011E-008   1.3574719348435209E-009
          78   0.0000000000000000        0.0000000000000000     
   1.3234320966748507E-007  -3.6027602353411835E-009
  -6.4887619395755551E-008   1.3601364596089419E-009
          79   0.0000000000000000        0.0000000000000000     
   1.3276141202890227E-007  -3.4892828758050865E-009
  -6.4872228524191786E-008   1.3616143867635406E-009
          80   0.0000000000000000        0.0000000000000000     
   1.3312963379213536E-007  -3.4253300280824499E-009
  -6.4857798763001131E-008   1.3624128060288977E-009
          81   0.0000000000000000        0.0000000000000000     
   1.3346766842255358E-007  -3.3934521273829725E-009
  -6.4844056294621100E-008   1.3627866866855356E-009
          82   0.0000000000000000        0.0000000000000000     
   1.3378994075422625E-007  -3.3847532203056724E-009
  -6.4830807460451314E-008   1.3628706550131608E-009
          83   0.0000000000000000        0.0000000000000000     
   1.3410783103530769E-007  -3.3949404268742295E-009
  -6.4817906787988181E-008   1.3627361390637308E-009
          84   0.0000000000000000        0.0000000000000000     
   1.3443135216469648E-007  -3.4225199139111388E-009
  -6.4805235258085760E-008   1.3624179010608245E-009
          85   0.0000000000000000        0.0000000000000000     
   1.3477084078215651E-007  -3.4679696212936004E-009
  -6.4792681787758281E-008   1.3619267895996719E-009
          86   0.0000000000000000        0.0000000000000000     
   1.3514009581844654E-007  -3.5346372504781253E-009
  -6.4780115578967132E-008   1.3612462324223207E-009
          87   0.0000000000000000        0.0000000000000000     
   1.3555645877996651E-007  -3.6374125405816551E-009
  -6.4767383182870204E-008   1.3602674175214087E-009
          88   0.0000000000000000        0.0000000000000000     
   1.3602539953113171E-007  -3.7971083932839533E-009
  -6.4754425441558135E-008   1.3588335533724036E-009
          89   0.0000000000000000        0.0000000000000000     
   1.3656563625838820E-007  -4.0297880465524632E-009
  -6.4741083126068540E-008   1.3568225127251561E-009
          90   0.0000000000000000        0.0000000000000000     
   1.3721226858040332E-007  -4.3839128217026038E-009
  -6.4727071901403807E-008   1.3538613971341754E-009
          91   0.0000000000000000        0.0000000000000000     
   1.3800200677392235E-007  -4.9625008509287493E-009
  -6.4712095086188161E-008   1.3491561337957406E-009
          92   0.0000000000000000        0.0000000000000000     
   1.3894768742830574E-007  -5.9848664469667584E-009
  -6.4696038802727477E-008   1.3410164483096743E-009
          93   0.0000000000000000        0.0000000000000000     
   1.3987458212066817E-007  -7.9247166016685594E-009
  -6.4680229902878601E-008   1.3257933406736983E-009
          94   0.0000000000000000        0.0000000000000000     
   1.3966438349759455E-007  -1.1468428471173521E-008
  -6.4673248929636658E-008   1.2981990784314095E-009
          95   0.0000000000000000        0.0000000000000000     
   1.3543209398089164E-007  -1.4880447366419088E-008
  -6.4697258703071700E-008   1.2715671589444395E-009
          96   0.0000000000000000        0.0000000000000000     
   1.3011476092547098E-007  -1.2670967256805361E-008
  -6.4729640887393567E-008   1.2880960448540032E-009
          97   0.0000000000000000        0.0000000000000000     
   1.2919862268938071E-007  -8.7801783513094828E-009
  -6.4728162773929002E-008   1.3174512900241665E-009
          98   0.0000000000000000        0.0000000000000000     
   1.3013209180079633E-007  -6.5517607385912640E-009
  -6.4712392279615234E-008   1.3338669108743706E-009
          99   0.0000000000000000        0.0000000000000000     
   1.3126458964173217E-007  -5.4620363306172884E-009
  -6.4694947145688281E-008   1.3412858171276418E-009
         100   0.0000000000000000        0.0000000000000000     
   1.3229587140050970E-007  -4.9439428015051944E-009
  -6.4678030525514588E-008   1.3439241344197654E-009
         101   0.0000000000000000        0.0000000000000000     
   1.3323137164198827E-007  -4.7436865316216312E-009
  -6.4661455962757482E-008   1.3434721270656151E-009
         102   0.0000000000000000        0.0000000000000000     
   1.3412171022678248E-007  -4.7736635740187166E-009
  -6.4644656090619188E-008   1.3401031065112569E-009
         103   0.0000000000000000        0.0000000000000000     
   1.3501075226034115E-007  -5.0477483502585245E-009
  -6.4627172531103107E-008   1.3326945025435933E-009
         104   0.0000000000000000        0.0000000000000000     
   1.3589465223231342E-007  -5.6888940987409615E-009
  -6.4609478530590114E-008   1.3181698411854982E-009
         105   0.0000000000000000        0.0000000000000000     
   1.3655615718938596E-007  -6.9634258367483682E-009
  -6.4596606328798106E-008   1.2905458905943681E-009
         106   0.0000000000000000        0.0000000000000000     
   1.3607922711872775E-007  -8.9118761236823274E-009
  -6.4608730642932080E-008   1.2488558170789144E-009
         107   0.0000000000000000        0.0000000000000000     
   1.3372152729729760E-007  -9.6072584153328441E-009
  -6.4662288618061147E-008   1.2349385964191759E-009
         108   0.0000000000000000        0.0000000000000000     
   1.3232712341731224E-007  -7.9261773031553081E-009
  -6.4695954214187717E-008   1.2733739338625766E-009
         109   0.0000000000000000        0.0000000000000000     
   1.3274633593864362E-007  -6.3995056383611145E-009
  -6.4691533481182802E-008   1.3097548053021858E-009
         110   0.0000000000000000        0.0000000000000000     
   1.3372114280680184E-007  -5.6770072465818043E-009
  -6.4676403289110155E-008   1.3303297933016786E-009
         111   0.0000000000000000        0.0000000000000000     
   1.3479047639918673E-007  -5.4813701088666169E-009
  -6.4661168689001931E-008   1.3416689561555663E-009
         112   0.0000000000000000        0.0000000000000000     
   1.3590138060221829E-007  -5.6610467573777937E-009
  -6.4647736462286237E-008   1.3485392378265655E-009
         113   0.0000000000000000        0.0000000000000000     
   1.3708142201307750E-007  -6.2364989718121553E-009
  -6.4636085627498724E-008   1.3534006064192037E-009
         114   0.0000000000000000        0.0000000000000000     
   1.3832001832247952E-007  -7.4055272685000252E-009
  -6.4625833059794745E-008   1.3577412355550631E-009
         115   0.0000000000000000        0.0000000000000000     
   1.3935139442605319E-007  -9.6132091108510134E-009
  -6.4616215477090540E-008   1.3628765495779095E-009
         116   0.0000000000000000        0.0000000000000000     
   1.3895600326977107E-007  -1.3315278717831202E-008
  -6.4604990652227829E-008   1.3698641245413202E-009
         117   0.0000000000000000        0.0000000000000000     
   1.3474509047896896E-007  -1.6590202031651097E-008
  -6.4588071711384553E-008   1.3757452930691116E-009
         118   0.0000000000000000        0.0000000000000000     
   1.2934621024202695E-007  -1.4746033447529028E-008
  -6.4569590476794472E-008   1.3729668116895223E-009
         119   0.0000000000000000        0.0000000000000000     
   1.2788628237644521E-007  -1.0686492925795383E-008
  -6.4557778448094157E-008   1.3663084045235260E-009
         120   0.0000000000000000        0.0000000000000000     
   1.2868562489174269E-007  -7.9721789571086365E-009
  -6.4549784536567463E-008   1.3615854414251714E-009
         121   0.0000000000000000        0.0000000000000000     
   1.2993435866852875E-007  -6.5033559260871164E-009
  -6.4542547588281517E-008   1.3586153647649570E-009
         122   0.0000000000000000        0.0000000000000000     
   1.3114410297948992E-007  -5.7244345005574735E-009
  -6.4535152748332047E-008   1.3564375434427329E-009
         123   0.0000000000000000        0.0000000000000000     
   1.3225122420051920E-007  -5.3232186291391288E-009
  -6.4527358974893783E-008   1.3544406258083312E-009
         124   0.0000000000000000        0.0000000000000000     
   1.3328403939118274E-007  -5.1525111779809521E-009
  -6.4519044343994583E-008   1.3522087737576734E-009
         125   0.0000000000000000        0.0000000000000000     
   1.3428528068929516E-007  -5.1495918259959825E-009
  -6.4510066596743302E-008   1.3493398882973549E-009
         126   0.0000000000000000        0.0000000000000000     
   1.3529737590684735E-007  -5.3005140731606489E-009
  -6.4500231639805443E-008   1.3452883140971833E-009
         127   0.0000000000000000        0.0000000000000000     
   1.3636062939893983E-007  -5.6313983677124421E-009
  -6.4489316795899035E-008   1.3391512770556640E-009
         128   0.0000000000000000        0.0000000000000000     
   1.3750893040443153E-007  -6.2205123183434786E-009
  -6.4477231868795970E-008   1.3292855679162414E-009
         129   0.0000000000000000        0.0000000000000000     
   1.3874151169062793E-007  -7.2387138761835305E-009
  -6.4464660123496477E-008   1.3126195011774050E-009
         130   0.0000000000000000        0.0000000000000000     
   1.3988922384830737E-007  -9.0123647872705940E-009
  -6.4455290284377359E-008   1.2837202860598249E-009
         131   0.0000000000000000        0.0000000000000000     
   1.4020716035700009E-007  -1.1888614003813932E-008
  -6.4463155691616436E-008   1.2366829732285853E-009
         132   0.0000000000000000        0.0000000000000000     
   1.3810677301578732E-007  -1.4985213321127928E-008
  -6.4518755406122409E-008   1.1886938719918811E-009
         133   0.0000000000000000        0.0000000000000000     
   1.3433160803516121E-007  -1.5073559252628624E-008
  -6.4609030535415187E-008   1.2023040627731128E-009
         134   0.0000000000000000        0.0000000000000000     
   1.3295164950049087E-007  -1.2769281719840136E-008
  -6.4657931078703559E-008   1.2693345877369221E-009
         135   0.0000000000000000        0.0000000000000000     
   1.3388135486011581E-007  -1.1392568662231902E-008
  -6.4666340171039769E-008   1.3336124526076607E-009
         136   0.0000000000000000        0.0000000000000000     
   1.3538229927282480E-007  -1.1801669127339892E-008
  -6.4660743167933341E-008   1.3904146146682062E-009
         137   0.0000000000000000        0.0000000000000000     
   1.3609515594599041E-007  -1.4032869152950865E-008
  -6.4641507306022564E-008   1.4529234847210810E-009
         138   0.0000000000000000        0.0000000000000000     
   1.3409085020812459E-007  -1.7142331092998505E-008
  -6.4584493741552589E-008   1.5167347793865544E-009
