   262144.00000000000     
         256           1           3
   1.7567330116226543E-005  -18.815470759185001       -5.2676093745000001     
   6.0401400154609997        12.000000000000000        6321.0000000000000     
           0   0.0000000000000000        0.0000000000000000     
   0.0000000000000000        0.0000000000000000     
   0.0000000000000000        0.0000000000000000     
           1   0.0000000000000000        0.0000000000000000     
   5.2842489902146282E-008  -1.2810641482764954E-009
   1.0371443987021246E-006  -2.2613215036752102E-008
           2   0.0000000000000000        0.0000000000000000     
   5.2248721621625556E-008  -1.6284730691985603E-009
   1.0272216199017698E-006  -2.2506193112367194E-008
           3   0.0000000000000000        0.0000000000000000     
   5.1436832834613583E-008  -1.4353804071490131E-009
   1.0212059625845020E-006  -2.2212699143632418E-008
           4   0.0000000000000000        0.0000000000000000     
   5.1299129553566756E-008  -1.2019616432295496E-009
   1.0172231494515306E-006  -2.1948741197502190E-008
           5   0.0000000000000000        0.0000000000000000     
   5.1204301183179874E-008  -1.1426842863412388E-009
   1.0141559257277657E-006  -2.1816307339447623E-008
           6   0.0000000000000000        0.0000000000000000     
   5.1111787234452310E-008  -1.1206549572939126E-009
   1.0116503475519370E-006  -2.1723996674503296E-008
           7   0.0000000000000000        0.0000000000000000     
   5.1026586027342228E-008  -1.1097930462584874E-009
   1.0095340871479882E-006  -2.1650739554458628E-008
           8   0.0000000000000000        0.0000000000000000     
   5.0949828060507078E-008  -1.1033943995192360E-009
   1.0077035672307026E-006  -2.1589196743803843E-008
           9   0.0000000000000000        0.0000000000000000     
   5.0881054222119880E-008  -1.0991700078242076E-009
   1.0060914827510050E-006  -2.1535841819226041E-008
          10   0.0000000000000000        0.0000000000000000     
   5.0819422302355507E-008  -1.0961696723571313E-009
   1.0046516864665455E-006  -2.1488632819496730E-008
          11   0.0000000000000000        0.0000000000000000     
   5.0764087777753529E-008  -1.0939399076363978E-009
   1.0033511940478573E-006  -2.1446248348649103E-008
          12   0.0000000000000000        0.0000000000000000     
   5.0714308116065357E-008  -1.0922406958025439E-009
   1.0021656291052356E-006  -2.1407770404115225E-008
          13   0.0000000000000000        0.0000000000000000     
   5.0669459265983519E-008  -1.0909347017679097E-009
   1.0010764766396812E-006  -2.1372529425218058E-008
          14   0.0000000000000000        0.0000000000000000     
   5.0629025848998581E-008  -1.0899386728568160E-009
   1.0000693487208421E-006  -2.1340019444981791E-008
          15   0.0000000000000000        0.0000000000000000     
   5.0592585337701156E-008  -1.0892001140178602E-009
   9.9913284639182498E-007  -2.1309847650912101E-008
          16   0.0000000000000000        0.0000000000000000     
   5.0559792753244685E-008  -1.0886852681361322E-009
   9.9825778812501509E-007  -2.1281702516244687E-008
          17   0.0000000000000000        0.0000000000000000     
   5.0530367712127060E-008  -1.0883725704117437E-009
   9.9743667198326307E-007  -2.1255332704771515E-008
          18   0.0000000000000000        0.0000000000000000     
   5.0504084061515854E-008  -1.0882489426956605E-009
   9.9666329155870193E-007  -2.1230532590174292E-008
          19   0.0000000000000000        0.0000000000000000     
   5.0480761853334224E-008  -1.0883076593275523E-009
   9.9593245589724375E-007  -2.1207132025901991E-008
          20   0.0000000000000000        0.0000000000000000     
   5.0460261309650639E-008  -1.0885471430135011E-009
   9.9523978147011558E-007  -2.1184988953381663E-008
          21   0.0000000000000000        0.0000000000000000     
   5.0442478467723503E-008  -1.0889703567571403E-009
   9.9458153514635481E-007  -2.1163983970160153E-008
          22   0.0000000000000000        0.0000000000000000     
   5.0427342268460623E-008  -1.0895846193861689E-009
   9.9395451398209467E-007  -2.1144016295515871E-008
          23   0.0000000000000000        0.0000000000000000     
   5.0414812935815207E-008  -1.0904017646761596E-009
   9.9335595206615050E-007  -2.1125000765812810E-008
          24   0.0000000000000000        0.0000000000000000     
   5.0404881578650735E-008  -1.0914386243292000E-009
   9.9278344759898002E-007  -2.1106865618505329E-008
          25   0.0000000000000000        0.0000000000000000     
   5.0397571032984434E-008  -1.0927178625281263E-009
   9.9223490535333015E-007  -2.1089550910493974E-008
          26   0.0000000000000000        0.0000000000000000     
   5.0392938057940938E-008  -1.0942692368737951E-009
   9.9170849104739209E-007  -2.1073007481022406E-008
          27   0.0000000000000000        0.0000000000000000     
   5.0391077114264916E-008  -1.0961314176544573E-009
   9.9120259513138616E-007  -2.1057196424290659E-008
          28   0.0000000000000000        0.0000000000000000     
   5.0392126105293586E-008  -1.0983545767517136E-009
   9.9071580421229657E-007  -2.1042089089838474E-008
          29   0.0000000000000000        0.0000000000000000     
   5.0396274671243499E-008  -1.1010040766930268E-009
   9.9024687889662024E-007  -2.1027667692279371E-008
          30   0.0000000000000000        0.0000000000000000     
   5.0403775936096917E-008  -1.1041657781812928E-009
   9.8979473729559936E-007  -2.1013926696513341E-008
          31   0.0000000000000000        0.0000000000000000     
   5.0414963073923480E-008  -1.1079537907393787E-009
   9.8935844387823629E-007  -2.1000875274523418E-008
          32   0.0000000000000000        0.0000000000000000     
   5.0430272791810452E-008  -1.1125220057744517E-009
   9.8893720383440721E-007  -2.0988541336927134E-008
          33   0.0000000000000000        0.0000000000000000     
   5.0450278998865775E-008  -1.1180816417654135E-009
   9.8853036370820029E-007  -2.0976977997772108E-008
          34   0.0000000000000000        0.0000000000000000     
   5.0475741863499944E-008  -1.1249286183196273E-009
   9.8813741993591065E-007  -2.0966273957837604E-008
          35   0.0000000000000000        0.0000000000000000     
   5.0507680739658315E-008  -1.1334874913746521E-009
   9.8775803828947851E-007  -2.0956570438969209E-008
          36   0.0000000000000000        0.0000000000000000     
   5.0547485188200307E-008  -1.1443841888465696E-009
   9.8739208954828872E-007  -2.0948089467694154E-008
          37   0.0000000000000000        0.0000000000000000     
   5.0597088883078469E-008  -1.1585703637974776E-009
   9.8703971092188047E-007  -2.0941182461901493E-008
          38   0.0000000000000000        0.0000000000000000     
   5.0659252879335268E-008  -1.1775421218458591E-009
   9.8670141130104583E-007  -2.0936415908042712E-008
          39   0.0000000000000000        0.0000000000000000     
   5.0738067567879468E-008  -1.2037311174642404E-009
   9.8637826313583658E-007  -2.0934724756709218E-008
          40   0.0000000000000000        0.0000000000000000     
   5.0840113291120000E-008  -1.2413182355429402E-009
   9.8607235362809584E-007  -2.0937731811868853E-008
          41   0.0000000000000000        0.0000000000000000     
   5.0976566407529668E-008  -1.3000231839024110E-009
   9.8578760778238548E-007  -2.0949236005166021E-008
          42   0.0000000000000000        0.0000000000000000     
   5.1160755657088359E-008  -1.3993386660279822E-009
   9.8552882483584669E-007  -2.0976875290626229E-008
          43   0.0000000000000000        0.0000000000000000     
   5.1418307416792560E-008  -1.5788503765423110E-009
   9.8530565970261997E-007  -2.1036179926806925E-008
          44   0.0000000000000000        0.0000000000000000     
   5.1782114956433132E-008  -1.9510288710731946E-009
   9.8513064383596962E-007  -2.1171307897181268E-008
          45   0.0000000000000000        0.0000000000000000     
   5.2188651166070791E-008  -2.8483320062827333E-009
   9.8497845585175450E-007  -2.1512823727028610E-008
          46   0.0000000000000000        0.0000000000000000     
   5.1579496976704607E-008  -4.8043082263174652E-009
   9.8443301591056620E-007  -2.2270275904356212E-008
          47   0.0000000000000000        0.0000000000000000     
   4.8591386931067290E-008  -4.7973562307497917E-009
   9.8295851992195739E-007  -2.2256815729332401E-008
          48   0.0000000000000000        0.0000000000000000     
   4.8002231956176126E-008  -2.8253446663687309E-009
   9.8243131368962573E-007  -2.1471584245684151E-008
          49   0.0000000000000000        0.0000000000000000     
   4.8434922831303987E-008  -1.9329572170768359E-009
   9.8231017455712296E-007  -2.1110452332832445E-008
          50   0.0000000000000000        0.0000000000000000     
   4.8820449230811665E-008  -1.5710222945857602E-009
   9.8217490036811131E-007  -2.0957689194606539E-008
          51   0.0000000000000000        0.0000000000000000     
   4.9099508218921606E-008  -1.4021099039146527E-009
   9.8200188477519305E-007  -2.0880728567025566E-008
          52   0.0000000000000000        0.0000000000000000     
   4.9306598276914543E-008  -1.3134559383107018E-009
   9.8180436271170716E-007  -2.0835243944602906E-008
          53   0.0000000000000000        0.0000000000000000     
   4.9468655135750136E-008  -1.2632617686571114E-009
   9.8159259192394329E-007  -2.0804776333086430E-008
          54   0.0000000000000000        0.0000000000000000     
   4.9602427372085298E-008  -1.2338019795553589E-009
   9.8137281664617571E-007  -2.0782313646040053E-008
          55   0.0000000000000000        0.0000000000000000     
   4.9718391444421635E-008  -1.2167124152676181E-009
   9.8114879843559707E-007  -2.0764509057463119E-008
          56   0.0000000000000000        0.0000000000000000     
   4.9823439074435078E-008  -1.2077451084653192E-009
   9.8092286279838989E-007  -2.0749616483638615E-008
          57   0.0000000000000000        0.0000000000000000     
   4.9922419561288837E-008  -1.2046705088762438E-009
   9.8069649316223505E-007  -2.0736660331408066E-008
          58   0.0000000000000000        0.0000000000000000     
   5.0019032581923126E-008  -1.2063640417755862E-009
   9.8047066550797177E-007  -2.0725067475684121E-008
          59   0.0000000000000000        0.0000000000000000     
   5.0116380446068030E-008  -1.2123931263362362E-009
   9.8024604297101093E-007  -2.0714491263820975E-008
          60   0.0000000000000000        0.0000000000000000     
   5.0217351428323956E-008  -1.2228442387090965E-009
   9.8002309449379698E-007  -2.0704722870501897E-008
          61   0.0000000000000000        0.0000000000000000     
   5.0324937798634595E-008  -1.2382857455280099E-009
   9.7980217211645704E-007  -2.0695645965554295E-008
          62   0.0000000000000000        0.0000000000000000     
   5.0442580103758494E-008  -1.2598205923591088E-009
   9.7958356751757812E-007  -2.0687214695548901E-008
          63   0.0000000000000000        0.0000000000000000     
   5.0574751397118643E-008  -1.2892099842263444E-009
   9.7936756804273766E-007  -2.0679445453514088E-008
          64   0.0000000000000000        0.0000000000000000     
   5.0728596879521638E-008  -1.3297015414311946E-009
   9.7915456107812408E-007  -2.0672452125124752E-008
          65   0.0000000000000000        0.0000000000000000     
   5.0913783936672170E-008  -1.3913881655922581E-009
   9.7894503683240718E-007  -2.0666728130406256E-008
          66   0.0000000000000000        0.0000000000000000     
   5.1136135163113322E-008  -1.4870285141202044E-009
   9.7873925335891267E-007  -2.0662917729827219E-008
          67   0.0000000000000000        0.0000000000000000     
   5.1413418510779905E-008  -1.6351400162049676E-009
   9.7853809005767313E-007  -2.0661979420211675E-008
          68   0.0000000000000000        0.0000000000000000     
   5.1771731262993287E-008  -1.8843340743787091E-009
   9.7834285632047263E-007  -2.0666491824577219E-008
          69   0.0000000000000000        0.0000000000000000     
   5.2235585755514275E-008  -2.3471730760613364E-009
   9.7815476031280822E-007  -2.0682471803846245E-008
          70   0.0000000000000000        0.0000000000000000     
   5.2754687552112262E-008  -3.3007335768927612E-009
   9.7797097389450708E-007  -2.0724778257020723E-008
          71   0.0000000000000000        0.0000000000000000     
   5.2717261608744966E-008  -5.2755252249091764E-009
   9.7775847347074471E-007  -2.0821890100220539E-008
          72   0.0000000000000000        0.0000000000000000     
   5.0058687318108419E-008  -7.2110614677769987E-009
   9.7740612772607987E-007  -2.0916766242668560E-008
          73   0.0000000000000000        0.0000000000000000     
   4.7211678330084977E-008  -5.4267965917231225E-009
   9.7704451911558670E-007  -2.0811531488722480E-008
          74   0.0000000000000000        0.0000000000000000     
   4.7108721667441040E-008  -3.3671630033245976E-009
   9.7683107090349506E-007  -2.0691272537541948E-008
          75   0.0000000000000000        0.0000000000000000     
   4.7654727552949210E-008  -2.3757690979070239E-009
   9.7665294643940437E-007  -2.0628146273687560E-008
          76   0.0000000000000000        0.0000000000000000     
   4.8154402238100331E-008  -1.9083086990998042E-009
   9.7647251611890366E-007  -2.0592820233509156E-008
          77   0.0000000000000000        0.0000000000000000     
   4.8548171792794957E-008  -1.6669030013825489E-009
   9.7628628024016102E-007  -2.0569189326453011E-008
          78   0.0000000000000000        0.0000000000000000     
   4.8861899787288367E-008  -1.5322032239843506E-009
   9.7609528065002652E-007  -2.0550719926721724E-008
          79   0.0000000000000000        0.0000000000000000     
   4.9121894418995575E-008  -1.4535621893960739E-009
   9.7590051812962910E-007  -2.0534537631407297E-008
          80   0.0000000000000000        0.0000000000000000     
   4.9346890942662110E-008  -1.4074686948228642E-009
   9.7570250205244405E-007  -2.0519180508438268E-008
          81   0.0000000000000000        0.0000000000000000     
   4.9549836203564223E-008  -1.3821958396124823E-009
   9.7550131943193263E-007  -2.0503756183977910E-008
          82   0.0000000000000000        0.0000000000000000     
   4.9740039575497653E-008  -1.3716759604766564E-009
   9.7529671220213397E-007  -2.0487588019098137E-008
          83   0.0000000000000000        0.0000000000000000     
   4.9924696568218951E-008  -1.3728569938631921E-009
   9.7508810073388144E-007  -2.0470041059635580E-008
          84   0.0000000000000000        0.0000000000000000     
   5.0109962626276499E-008  -1.3844868834478906E-009
   9.7487453640720234E-007  -2.0450421701820947E-008
          85   0.0000000000000000        0.0000000000000000     
   5.0301970555769809E-008  -1.4065449326207754E-009
   9.7465449056663226E-007  -2.0427903732231867E-008
          86   0.0000000000000000        0.0000000000000000     
   5.0508589671907447E-008  -1.4406605067862092E-009
   9.7442513943827112E-007  -2.0401112040483789E-008
          87   0.0000000000000000        0.0000000000000000     
   5.0739513799611593E-008  -1.4947509068466140E-009
   9.7418245401097671E-007  -2.0365587931591131E-008
          88   0.0000000000000000        0.0000000000000000     
   5.0997984998725146E-008  -1.5799731589141125E-009
   9.7392562425067336E-007  -2.0315323685986190E-008
          89   0.0000000000000000        0.0000000000000000     
   5.1294354579971926E-008  -1.7049614087851669E-009
   9.7365003517511645E-007  -2.0245745621818225E-008
          90   0.0000000000000000        0.0000000000000000     
   5.1647790161242349E-008  -1.8958427291315504E-009
   9.7334643107837769E-007  -2.0143230292361400E-008
          91   0.0000000000000000        0.0000000000000000     
   5.2078331812377720E-008  -2.2081795489123890E-009
   9.7300512333637509E-007  -1.9978858911136067E-008
          92   0.0000000000000000        0.0000000000000000     
   5.2593174535127374E-008  -2.7602481482257237E-009
   9.7262322004258793E-007  -1.9691024483667878E-008
          93   0.0000000000000000        0.0000000000000000     
   5.3098468269079769E-008  -3.8074743605604325E-009
   9.7225082825587290E-007  -1.9146525561982012E-008
          94   0.0000000000000000        0.0000000000000000     
   5.2991898225873772E-008  -5.7199660179346000E-009
   9.7220426808019603E-007  -1.8152378813375495E-008
          95   0.0000000000000000        0.0000000000000000     
   5.0719112109418805E-008  -7.5626592806541945E-009
   9.7329822614727636E-007  -1.7198697216435877E-008
          96   0.0000000000000000        0.0000000000000000     
   4.7863614742458617E-008  -6.3773338508219466E-009
   9.7470632018615689E-007  -1.7834460181426014E-008
          97   0.0000000000000000        0.0000000000000000     
   4.7382971286235623E-008  -4.2881787672734808E-009
   9.7488401746611473E-007  -1.8950602420451334E-008
          98   0.0000000000000000        0.0000000000000000     
   4.7903167847477996E-008  -3.0982945381599173E-009
   9.7455377746765122E-007  -1.9607291386882267E-008
          99   0.0000000000000000        0.0000000000000000     
   4.8536215911870266E-008  -2.5272020633733834E-009
   9.7418521671124094E-007  -1.9956880223493653E-008
         100   0.0000000000000000        0.0000000000000000     
   4.9122493868464340E-008  -2.2722865298939810E-009
   9.7386892038624853E-007  -2.0167287711203068E-008
         101   0.0000000000000000        0.0000000000000000     
   4.9667929931230602E-008  -2.2021675851304596E-009
   9.7361147085357795E-007  -2.0324534723881764E-008
         102   0.0000000000000000        0.0000000000000000     
   5.0203504567448439E-008  -2.2799457319765522E-009
   9.7340860938350758E-007  -2.0480922703709670E-008
         103   0.0000000000000000        0.0000000000000000     
   5.0755403128382342E-008  -2.5340125100596416E-009
   9.7325493683363042E-007  -2.0688459920534473E-008
         104   0.0000000000000000        0.0000000000000000     
   5.1312517577233114E-008  -3.0744689826735326E-009
   9.7312764366928526E-007  -2.1029617292016790E-008
         105   0.0000000000000000        0.0000000000000000     
   5.1688806764493615E-008  -4.1257699733076785E-009
   9.7290421409621518E-007  -2.1645470791616257E-008
         106   0.0000000000000000        0.0000000000000000     
   5.1120967530262409E-008  -5.7233070274398363E-009
   9.7212364357328554E-007  -2.2560950627536710E-008
         107   0.0000000000000000        0.0000000000000000     
   4.8988779151007792E-008  -6.2735084239549546E-009
   9.7040826215301858E-007  -2.2838036785766982E-008
         108   0.0000000000000000        0.0000000000000000     
   4.7636173131038461E-008  -4.8437653024678254E-009
   9.6912262755802995E-007  -2.1920950309188022E-008
         109   0.0000000000000000        0.0000000000000000     
   4.7761183251471848E-008  -3.5169029474127149E-009
   9.6866771768728405E-007  -2.1016919721851860E-008
         110   0.0000000000000000        0.0000000000000000     
   4.8322102859165755E-008  -2.8235437429970268E-009
   9.6842741733296309E-007  -2.0425685689090733E-008
         111   0.0000000000000000        0.0000000000000000     
   4.8926208701874348E-008  -2.5238876456510861E-009
   9.6814857773226106E-007  -1.9986158122477836E-008
         112   0.0000000000000000        0.0000000000000000     
   4.9515212071628076E-008  -2.4644336936635553E-009
   9.6776916616802215E-007  -1.9554286015714495E-008
         113   0.0000000000000000        0.0000000000000000     
   5.0100857342812469E-008  -2.6066794065580167E-009
   9.6727497792586017E-007  -1.9001764824306992E-008
         114   0.0000000000000000        0.0000000000000000     
   5.0686074271284336E-008  -3.0038310919021412E-009
   9.6668998646218976E-007  -1.8149515536684285E-008
         115   0.0000000000000000        0.0000000000000000     
   5.1175781701999943E-008  -3.8144025965069573E-009
   9.6619598583750478E-007  -1.6691343258617503E-008
         116   0.0000000000000000        0.0000000000000000     
   5.1109672914662215E-008  -5.2062257513284277E-009
   9.6656727591565084E-007  -1.4327499976147003E-008
         117   0.0000000000000000        0.0000000000000000     
   4.9580321388740131E-008  -6.4430912566957536E-009
   9.6930599306374623E-007  -1.2250684491482887E-008
         118   0.0000000000000000        0.0000000000000000     
   4.7592825146280818E-008  -5.7336031752704557E-009
   9.7277726354761763E-007  -1.3388768608603781E-008
         119   0.0000000000000000        0.0000000000000000     
   4.7105106892287447E-008  -4.1844217803165161E-009
   9.7378299453669599E-007  -1.5924855814726775E-008
         120   0.0000000000000000        0.0000000000000000     
   4.7478688316613058E-008  -3.1534231629841757E-009
   9.7337845583017038E-007  -1.7633188036256772E-008
         121   0.0000000000000000        0.0000000000000000     
   4.8025397278266628E-008  -2.6029594585780736E-009
   9.7270021421371293E-007  -1.8577095975051755E-008
         122   0.0000000000000000        0.0000000000000000     
   4.8561262987138845E-008  -2.3221760104249869E-009
   9.7205934085116231E-007  -1.9106451502239141E-008
         123   0.0000000000000000        0.0000000000000000     
   4.9064682944239230E-008  -2.1939505080723286E-009
   9.7150236593926333E-007  -1.9421226179395383E-008
         124   0.0000000000000000        0.0000000000000000     
   4.9549721929189053E-008  -2.1654776163105201E-009
   9.7101985044542488E-007  -1.9621670316109926E-008
         125   0.0000000000000000        0.0000000000000000     
   5.0036790855314454E-008  -2.2184994299289521E-009
   9.7059547833072865E-007  -1.9760934539075815E-008
         126   0.0000000000000000        0.0000000000000000     
   5.0547188515477302E-008  -2.3575345988802804E-009
   9.7021567240798500E-007  -1.9871875653803190E-008
         127   0.0000000000000000        0.0000000000000000     
   5.1101957498029849E-008  -2.6102711602185975E-009
   9.6986972430872497E-007  -1.9981527426565135E-008
         128   0.0000000000000000        0.0000000000000000     
   5.1717220128176787E-008  -3.0397099942506717E-009
   9.6954535471737547E-007  -2.0121938624594406E-008
         129   0.0000000000000000        0.0000000000000000     
   5.2380769840235012E-008  -3.7738886338600491E-009
   9.6921600904572487E-007  -2.0340242553069435E-008
         130   0.0000000000000000        0.0000000000000000     
   5.2954980543357309E-008  -5.0496359407551684E-009
   9.6881135596494538E-007  -2.0708469188852702E-008
         131   0.0000000000000000        0.0000000000000000     
   5.2871989486661600E-008  -7.1209195095870701E-009
   9.6810774294170160E-007  -2.1307551684665447E-008
         132   0.0000000000000000        0.0000000000000000     
   5.0911357730192709E-008  -9.3059067843433810E-009
   9.6660804757329123E-007  -2.1852964121762104E-008
         133   0.0000000000000000        0.0000000000000000     
   4.7623623252049912E-008  -9.1149224703628575E-009
   9.6449910521518668E-007  -2.1314851637208637E-008
         134   0.0000000000000000        0.0000000000000000     
   4.6099936816705074E-008  -6.9593933918576172E-009
   9.6297521844677052E-007  -1.9750659634744054E-008
         135   0.0000000000000000        0.0000000000000000     
   4.6287387734202941E-008  -5.2619004398893142E-009
   9.6203768847146678E-007  -1.7917142430610427E-008
         136   0.0000000000000000        0.0000000000000000     
   4.6967018101345684E-008  -4.4830437290851107E-009
   9.6139903191787010E-007  -1.5646055424526819E-008
         137   0.0000000000000000        0.0000000000000000     
   4.7529643602887471E-008  -4.4160709056163288E-009
   9.6159026073263190E-007  -1.2433273457330479E-008
         138   0.0000000000000000        0.0000000000000000     
   4.7527703643295803E-008  -4.7168105925645803E-009
   9.6428117724488616E-007  -8.8207557710895958E-009
