   262144.00000000000     
         256           1           3
   1.7567330116226543E-005  -18.815470759185001       -5.2676093745000001     
   6.0401400154609997        12.000000000000000        6321.0000000000000     
           0   0.0000000000000000        0.0000000000000000     
   0.0000000000000000        0.0000000000000000     
   0.0000000000000000        0.0000000000000000     
           1  -4.0070790728571099E-009   4.6207392778482120E-011
  -3.8506422328444969E-008   6.5830001920191141E-010
   3.1930229897201199E-008  -6.1339509261761782E-010
           2  -4.0157855917702731E-009   6.1209493597227064E-011
  -3.8275757011910809E-008   6.8136575603815583E-010
   3.1617477522495616E-008  -5.8331326794675668E-010
           3  -4.0495481483724508E-009   8.1566893348290800E-011
  -3.8200867850768422E-008   7.1750968484961069E-010
   3.1391772747062010E-008  -5.4847121500167298E-010
           4  -4.1125979982141595E-009   1.1298811096032726E-010
  -3.8226628750165733E-008   7.7538958271478313E-010
   3.1172552431306053E-008  -4.9873408693493954E-010
           5  -4.2206400610182340E-009   1.6855495232885143E-010
  -3.8360105529614753E-008   8.7734508784612635E-010
   3.0915807455736322E-008  -4.1559637722242671E-010
           6  -4.4052897708069228E-009   2.8158243726301702E-010
  -3.8649890712309105E-008   1.0835862881864694E-009
   3.0566345425232699E-008  -2.5136605122994050E-010
           7  -4.7303477274665165E-009   5.6391371075834766E-010
  -3.9206775032092840E-008   1.5964556545145917E-009
   3.0028119159976371E-008   1.5310101549781481E-010
           8  -5.1976414281208986E-009   1.5098310855195616E-009
  -4.0031671272525997E-008   3.3095308832385060E-009
   2.9295034572079964E-008   1.4997353006762088E-009
           9  -3.4665845371328677E-009   3.7201643737552924E-009
  -3.6892028485624879E-008   7.3093348727824486E-009
   3.1687715187564690E-008   4.6419480667820374E-009
          10  -1.4677784178396055E-009   1.5821400219093452E-009
  -3.3275969197405362E-008   3.4489276136140645E-009
   3.4464355595426543E-008   1.6107759769823632E-009
          11  -1.9471801733439554E-009   5.5403744041971191E-010
  -3.4148240651569930E-008   1.5949579022909048E-009
   3.3724111011800840E-008   1.5515704958630950E-010
          12  -2.2890584557067053E-009   2.5600885656362938E-010
  -3.4778746246811565E-008   1.0612281494689117E-009
   3.3180626761280825E-008  -2.6379070878317289E-010
          13  -2.4792409939856845E-009   1.3848964593411387E-010
  -3.5142091467878246E-008   8.5422643535680508E-010
   3.2852849399275533E-008  -4.2631687776091156E-010
          14  -2.5878958642911106E-009   8.0386615660355845E-011
  -3.5364425028920800E-008   7.5505640667973477E-010
   3.2641053664079066E-008  -5.0431527948815743E-010
          15  -2.6499632149675999E-009   4.6713840559989810E-011
  -3.5508886600650995E-008   7.0048400006651636E-010
   3.2495002843443223E-008  -5.4744064715871444E-010
          16  -2.6829292501460728E-009   2.4685497508080998E-011
  -3.5607172226825085E-008   6.6741603575580689E-010
   3.2389428426296823E-008  -5.7381645289345451E-010
          17  -2.6963942861457556E-009   8.7729204232403065E-012
  -3.5676171230297055E-008   6.4591464732240791E-010
   3.2310621032895986E-008  -5.9124530509178776E-010
          18  -2.6956437014538121E-009  -3.7144905280775846E-012
  -3.5725725506649039E-008   6.3114898601670678E-010
   3.2250589937982706E-008  -6.0351412661409055E-010
          19  -2.6836825873435911E-009  -1.4213737012399834E-011
  -3.5761848358928541E-008   6.2055031220230658E-010
   3.2204393008254738E-008  -6.1263533229498350E-010
          20  -2.6630124795052184E-009  -2.3583767148380173E-011
  -3.5788292997771648E-008   6.1265724969927930E-010
   3.2168824137815614E-008  -6.1975754429011242E-010
          21  -2.6346765000249672E-009  -3.2338191216311702E-011
  -3.5807630020714561E-008   6.0658149159883901E-010
   3.2141722842081552E-008  -6.2557596234505923E-010
          22  -2.5991687036526801E-009  -4.0812676033581025E-011
  -3.5821601666539772E-008   6.0175934177666862E-010
   3.2121589640854996E-008  -6.3053311867093689E-010
          23  -2.5576048786352886E-009  -4.9280340162452313E-011
  -3.5831394690124129E-008   5.9781844321811762E-010
   3.2107361082890668E-008  -6.3492393928509498E-010
          24  -2.5099306289460221E-009  -5.7919131006354338E-011
  -3.5837875009570152E-008   5.9450012848162305E-010
   3.2098272513578166E-008  -6.3895397511617129E-010
          25  -2.4562320834532380E-009  -6.6886978723005307E-011
  -3.5841651698616280E-008   5.9161876423764858E-010
   3.2093771934810276E-008  -6.4277334554919970E-010
          26  -2.3961505268034303E-009  -7.6313608270050813E-011
  -3.5843140157392040E-008   5.8903584147455929E-010
   3.2093464414566635E-008  -6.4649752562881508E-010
          27  -2.3301185606421416E-009  -8.6360922869197292E-011
  -3.5842671576827812E-008   5.8663959781410092E-010
   3.2097075964707999E-008  -6.5022074516933438E-010
          28  -2.2575413285991262E-009  -9.7159436534109359E-011
  -3.5840425428294377E-008   5.8433924326264197E-010
   3.2104429901620457E-008  -6.5402520106163243E-010
          29  -2.1780132814326522E-009  -1.0886549778454774E-010
  -3.5836512954224307E-008   5.8205322582659628E-010
   3.2115432270417908E-008  -6.5798791333991131E-010
          30  -2.0907923873619304E-009  -1.2164964195613461E-010
  -3.5830933747039550E-008   5.7970597083811666E-010
   3.2130063693031221E-008  -6.6218642400261081E-010
          31  -1.9956382587384677E-009  -1.3574149138178480E-010
  -3.5823735848546610E-008   5.7721350816950507E-010
   3.2148376664941502E-008  -6.6670417195818130E-010
          32  -1.8915073074009758E-009  -1.5139190057731328E-010
  -3.5814784433156831E-008   5.7449094975326799E-010
   3.2170497566017782E-008  -6.7163629042062205E-010
          33  -1.7773707250519338E-009  -1.6892535049526557E-010
  -3.5803911857980103E-008   5.7143729598089692E-010
   3.2196633899962732E-008  -6.7709658773213812E-010
          34  -1.6519510050246631E-009  -1.8875687010007197E-010
  -3.5790869171563884E-008   5.6792945853274599E-010
   3.2227087360920301E-008  -6.8322672728621298E-010
          35  -1.5135853365035659E-009  -2.1142625943186801E-010
  -3.5775258712328521E-008   5.6381398703654835E-010
   3.2262274503717797E-008  -6.9020906201480258E-010
          36  -1.3603884003951434E-009  -2.3766371926796740E-010
  -3.5756711423801650E-008   5.5887938504068786E-010
   3.2302757904551414E-008  -6.9828543036131971E-010
          37  -1.1897124960884180E-009  -2.6845840969954259E-010
  -3.5734543607271509E-008   5.5284899031779510E-010
   3.2349292458827657E-008  -7.0778576665652828E-010
          38  -9.9819787056311101E-010  -3.0520291847981938E-010
  -3.5707901502958578E-008   5.4533105140832343E-010
   3.2402894681583300E-008  -7.1917322708777192E-010
          39  -7.8138690759809923E-010  -3.4991011385005551E-010
  -3.5675621667150092E-008   5.3575886727898757E-010
   3.2464947887201903E-008  -7.3311802992275308E-010
          40  -5.3323042272860956E-010  -4.0558736041576788E-010
  -3.5636092760540545E-008   5.2328400806073673E-010
   3.2537365404780048E-008  -7.5062320165832851E-010
          41  -2.4540229334077815E-010  -4.7690772866783294E-010
  -3.5586985801971382E-008   5.0658890980852610E-010
   3.2622850651911958E-008  -7.7324862907824503E-010
          42   9.4380382650280712E-011  -5.7144751102374654E-010
  -3.5525089208873038E-008   4.8351845426650643E-010
   3.2725323959669328E-008  -8.0353180120264944E-010
          43   5.0393687773757508E-010  -7.0221609060179513E-010
  -3.5445400554359955E-008   4.5038313536505280E-010
   3.2850644630985620E-008  -8.4582847782614238E-010
          44   1.0107799829662604E-009  -8.9303615322060358E-010
  -3.5340262417600003E-008   4.0041173710863852E-010
   3.3007861242493071E-008  -9.0812206372644570E-010
          45   1.6585052938255230E-009  -1.1912626056410519E-009
  -3.5197485718967316E-008   3.2013686364879554E-010
   3.3211364553647795E-008  -1.0062843182716464E-009
          46   2.5165872838192899E-009  -1.7011703104852082E-009
  -3.4997604715428908E-008   1.7990351733785525E-010
   3.3484121238790988E-008  -1.1752549289418496E-009
          47   3.6818969171751536E-009  -2.6830245401825915E-009
  -3.4713552105118137E-008  -9.4266437108557458E-011
   3.3858057184765956E-008  -1.5021809837127471E-009
          48   5.1383211563069023E-009  -4.8722123336963971E-009
  -3.4350760566881846E-008  -7.1115032171067521E-010
   3.4326784100494931E-008  -2.2329862249152895E-009
          49   5.2889997799818497E-009  -1.0070746725925827E-008
  -3.4365015915045966E-008  -2.1807798059436508E-009
   3.4353597451763730E-008  -3.9684202507648645E-009
          50  -2.7111899127590711E-009  -1.4546195901629243E-008
  -3.6696442976083236E-008  -3.4359587247458047E-009
   3.1653358923107855E-008  -5.4515137884475223E-009
          51  -8.2353121097020039E-009  -8.2027553044234481E-009
  -3.8316813468041583E-008  -1.6207181840709275E-009
   2.9792925507262558E-008  -3.3184029318530443E-009
          52  -7.0914682983392753E-009  -3.9335448436594616E-009
  -3.8049508780624018E-008  -4.0083852408870833E-010
   3.0158257494267981E-008  -1.8868309079860711E-009
          53  -5.4891449338478951E-009  -2.2544455973716308E-009
  -3.7658796922493400E-008   8.3778237326285830E-011
   3.0671421642478708E-008  -1.3216103358311582E-009
          54  -4.2501701627423836E-009  -1.5296448793623322E-009
  -3.7376715610917533E-008   2.9863991775675594E-010
   3.1059227138882940E-008  -1.0744804499333451E-009
          55  -3.2904413946401940E-009  -1.1815352265283559E-009
  -3.7179191315738701E-008   4.0780636894414481E-010
   3.1350158426789379E-008  -9.5224507426847308E-010
          56  -2.5023215389334585E-009  -1.0064851919472764E-009
  -3.7035817744728506E-008   4.6913338718025050E-010
   3.1580164848144349E-008  -8.8680747474563574E-010
          57  -1.8144048381222443E-009  -9.2274297894120499E-010
  -3.6926967626928335E-008   5.0591488985321301E-010
   3.1772558366818908E-008  -8.5078520844925440E-010
          58  -1.1819321731977676E-009  -8.9377625846064974E-010
  -3.6840407395369746E-008   5.2866980914109182E-010
   3.1941928079944630E-008  -8.3185376496590651E-010
          59  -5.7451583671078544E-010  -9.0216483092649442E-010
  -3.6768187728112154E-008   5.4252969368349374E-010
   3.2097854966711364E-008  -8.2404249943230982E-010
          60   3.0203761557825728E-011  -9.3967248919871908E-010
  -3.6704739780470097E-008   5.5005344473885062E-010
   3.2247142428149290E-008  -8.2441861912080605E-010
          61   6.5048696860106454E-010  -1.0031295121003720E-009
  -3.6645755221731825E-008   5.5238070723562140E-010
   3.2395133064129175E-008  -8.3172323677570793E-010
          62   1.3030048086762193E-009  -1.0927114256985320E-009
  -3.6587456152758258E-008   5.4968261366763131E-010
   3.2546559481010326E-008  -8.4582566724427996E-010
          63   2.0046919033259375E-009  -1.2113766091344347E-009
  -3.6526019036638154E-008   5.4122789531287727E-010
   3.2706199700497752E-008  -8.6760887521063608E-010
          64   2.7744089003709105E-009  -1.3650286803518606E-009
  -3.6456983496319377E-008   5.2510691935422670E-010
   3.2879522157567921E-008  -8.9920537213488419E-010
          65   3.6347654038294426E-009  -1.5633347975677260E-009
  -3.6374478087274363E-008   4.9742453972411757E-010
   3.3073491433123967E-008  -9.4472738824856009E-010
          66   4.6144642128968640E-009  -1.8213741771769456E-009
  -3.6270057382540429E-008   4.5033284084458482E-010
   3.3297736461786031E-008  -1.0120137088919387E-009
          67   5.7513782786682473E-009  -2.1625421934548756E-009
  -3.6131038576243138E-008   3.6703868589352437E-010
   3.3566235153734306E-008  -1.1169325322787667E-009
          68   7.0992136643333855E-009  -2.6232399332215153E-009
  -3.5939541316127266E-008   2.0789245535757557E-010
   3.3898575363316424E-008  -1.2950420121929002E-009
          69   8.7370167886716816E-009  -3.2598353545763366E-009
  -3.5686518100748136E-008  -1.3166400041855481E-010
   3.4309884466416916E-008  -1.6360783439357097E-009
          70   1.0810243404252619E-008  -4.1610539965127726E-009
  -3.5517229386942077E-008  -9.2169017701674099E-010
   3.4697863736084664E-008  -2.3660932657395065E-009
          71   1.3675460412900650E-008  -5.5989775223704343E-009
  -3.6417521878745667E-008  -2.1514926826932508E-009
   3.4305561218670878E-008  -3.5042204514121903E-009
          72   1.7522480909945906E-008  -8.5668732086829141E-009
  -3.8102184729811838E-008  -1.6116547482678412E-009
   3.3379796768833052E-008  -3.3746124692460921E-009
          73   2.2057464182257392E-008  -1.4243638548717842E-008
  -3.8248079389032215E-008  -5.7416357638887307E-010
   3.3756150364025018E-008  -3.1165213963648278E-009
          74   2.6171789850743454E-008  -2.5815578044165892E-008
  -3.7983174763747856E-008  -2.0650156762796211E-010
   3.4413701563635060E-008  -3.9850472864154783E-009
          75   1.9924955895434683E-008  -4.7420884715483477E-008
  -3.7883868943252655E-008  -2.4709676959111091E-010
   3.3890899170164551E-008  -6.1708160044717396E-009
          76  -1.2406072661329580E-008  -5.5392363692063489E-008
  -3.8177651832619422E-008  -2.2115852217824874E-010
   3.0463909051361525E-008  -6.9076097918104192E-009
          77  -2.9272245873002975E-008  -3.2945236422672151E-008
  -3.8314086357601471E-008   1.4202844291617901E-010
   2.8747466899022578E-008  -4.3538543328295854E-009
          78  -2.6446210196084526E-008  -1.7335792939239373E-008
  -3.8231522164473378E-008   3.8997937856040651E-010
   2.9166240450604854E-008  -2.6008649714661789E-009
          79  -2.1148657128507848E-008  -1.0202536591788110E-008
  -3.8141756853409180E-008   5.1599441732671339E-010
   2.9826881866093159E-008  -1.7957516863501830E-009
          80  -1.6742053997689608E-008  -6.7941787251844313E-009
  -3.8081633759152818E-008   5.8724966852303375E-010
   3.0370100978115702E-008  -1.4054721193493886E-009
          81  -1.3277084262265474E-008  -5.0218541109744567E-009
  -3.8047870726934180E-008   6.3374933889870193E-010
   3.0795755154562057E-008  -1.1970988699677770E-009
          82  -1.0466622549970375E-008  -4.0497727318614555E-009
  -3.8034614232368638E-008   6.6814876663208245E-010
   3.1138144156869294E-008  -1.0772447022568322E-009
          83  -8.0761892266516714E-009  -3.5162236897186144E-009
  -3.8037641730047210E-008   6.9642783006664118E-010
   3.1424292313150381E-008  -1.0051645741374823E-009
          84  -5.9413726490312108E-009  -3.2517133346280704E-009
  -3.8054329560847209E-008   7.2182782260415408E-010
   3.1672630540748887E-008  -9.6139638603370604E-010
          85  -3.9447321730883287E-009  -3.1734379960004791E-009
  -3.8083216103014639E-008   7.4639839364053509E-010
   3.1895769568337362E-008  -9.3598960420679913E-010
          86  -1.9961113696315723E-009  -3.2427216235686238E-009
  -3.8123701108515050E-008   7.7169019300662623E-010
   3.2102734656912982E-008  -9.2369942546420988E-010
          87  -1.8932463910083558E-011  -3.4472031537911516E-009
  -3.8175891508791237E-008   7.9912994754704128E-010
   3.2300441504590123E-008  -9.2188878038865273E-010
          88   2.0598546013641477E-009  -3.7942417420479902E-009
  -3.8240560597564039E-008   8.3029163978177156E-010
   3.2494683568511252E-008  -9.2960860714605780E-010
          89   4.3186113197951118E-009  -4.3108601707693386E-009
  -3.8319164352970494E-008   8.6717859579354770E-010
   3.2690864265748098E-008  -9.4728576269355182E-010
          90   6.8495629279627924E-009  -5.0495880018048509E-009
  -3.8414338592053270E-008   9.1258961941717083E-010
   3.2894643077462969E-008  -9.7684306690147773E-010
          91   9.7703831967720705E-009  -6.1025260471367925E-009
  -3.8529004000160865E-008   9.7082103332667661E-010
   3.3112631772889571E-008  -1.0223164452324330E-009
          92   1.3237772262024156E-008  -7.6308127963554477E-009
  -3.8668656585059159E-008   1.0486961005963771E-009
   3.3353260919688407E-008  -1.0913314564282288E-009
          93   1.7471674721624159E-008  -9.9263539625337055E-009
  -3.8840306532879029E-008   1.1578442056731346E-009
   3.3627842320278607E-008  -1.1984382944241268E-009
          94   2.2764131053819659E-008  -1.3549720151821796E-008
  -3.9053509775172061E-008   1.3190446455452596E-009
   3.3951175601531787E-008  -1.3729943428393199E-009
          95   2.9437195746858159E-008  -1.9654521220020834E-008
  -3.9319286873317850E-008   1.5715113225105705E-009
   3.4336749200642902E-008  -1.6788177611492863E-009
          96   3.7441211316000903E-008  -3.0769975561306386E-008
  -3.9651459977425510E-008   1.9975240994629766E-009
   3.4756273466934464E-008  -2.2577691205346854E-009
          97   4.3983356845846160E-008  -5.2303991744164386E-008
  -4.0022384929390063E-008   2.8435237507411969E-009
   3.4961163662108377E-008  -3.3220952067026065E-009
          98   3.3640511747871597E-008  -8.9673732781516080E-008
  -3.9714694428275684E-008   4.5573126315490063E-009
   3.4323668392699427E-008  -4.8089066247865020E-009
          99  -1.9236919025172945E-008  -1.1156962834572812E-007
  -3.7349681658201352E-008   5.6079191738817030E-009
   3.2139378371232275E-008  -5.4859269308628524E-009
         100  -6.1494435236999763E-008  -7.7968422027229882E-008
  -3.5478568285285909E-008   4.0896167262585747E-009
   3.0545485658100474E-008  -3.9785979893596355E-009
         101  -6.3641345402411326E-008  -4.3806237209733141E-008
  -3.5436162000720560E-008   2.5693342173909090E-009
   3.0590417936350502E-008  -2.5422735579881970E-009
         102  -5.5083461208760881E-008  -2.5821153841870185E-008
  -3.5862878468886955E-008   1.7885022195243680E-009
   3.1045106226292487E-008  -1.7957817392783110E-009
         103  -4.6612694591156659E-008  -1.6731352268035621E-008
  -3.6277714216288537E-008   1.4063904946581779E-009
   3.1479512900364687E-008  -1.4196738524350889E-009
         104  -3.9706453114232611E-008  -1.1835874998554473E-008
  -3.6618852400844794E-008   1.2097035676578156E-009
   3.1840239793602836E-008  -1.2166305732998931E-009
         105  -3.4134967123012775E-008  -9.0378912458141060E-009
  -3.6900023828386222E-008   1.1048137944703160E-009
   3.2139771539746697E-008  -1.0994283832520459E-009
         106  -2.9509799348014484E-008  -7.3885459912494003E-009
  -3.7139271213340107E-008   1.0500917406881437E-009
   3.2395296914034731E-008  -1.0286074918087944E-009
         107  -2.5519145814007452E-008  -6.4313438952967497E-009
  -3.7351851992070317E-008   1.0258498795669987E-009
   3.2620065239194806E-008  -9.8501704805733083E-010
         108  -2.1924968545967893E-008  -5.9361783790267876E-009
  -3.7548340098324348E-008   1.0225280357266782E-009
   3.2823513423081658E-008  -9.5875284007409476E-010
         109  -1.8552423521525791E-008  -5.7885340442273217E-009
  -3.7737546456539388E-008   1.0356599847275517E-009
   3.3012419548101318E-008  -9.4449083156727802E-010
         110  -1.5248651325210592E-008  -5.9404003211806155E-009
  -3.7925965863839487E-008   1.0638945886647457E-009
   3.3191855372230204E-008  -9.3940426602601886E-010
         111  -1.1883302006411717E-008  -6.3918056633365490E-009
  -3.8120436913574095E-008   1.1081188193766799E-009
   3.3365863438111270E-008  -9.4221550674066203E-010
         112  -8.3144268846096955E-009  -7.1870183250224627E-009
  -3.8327655209290966E-008   1.1715444314364702E-009
   3.3537940008743689E-008  -9.5281826472277936E-010
         113  -4.3876762904843942E-009  -8.4263634416660822E-009
  -3.8554816408206715E-008   1.2604396963955697E-009
   3.3711412237446134E-008  -9.7227108084948414E-010
         114   8.4860990778194933E-011  -1.0296232015813198E-008
  -3.8811263381270173E-008   1.3858060126759171E-009
   3.3889755324718589E-008  -1.0031657899792246E-009
         115   5.3430854403288890E-009  -1.3134406621100890E-008
  -3.9108377381457178E-008   1.5670709889371522E-009
   3.4076836399530554E-008  -1.0505789881496916E-009
         116   1.1681004613687174E-008  -1.7570435336382420E-008
  -3.9459122522010790E-008   1.8397587579714890E-009
   3.4276861837189103E-008  -1.1241797582745293E-009
         117   1.9382726302663303E-008  -2.4834429464097333E-008
  -3.9873763827163464E-008   2.2719702244994685E-009
   3.4492982258258503E-008  -1.2428563752274381E-009
         118   2.8283739784208401E-008  -3.7436952096666091E-008
  -4.0333567979361464E-008   2.9996313685770537E-009
   3.4720060170086712E-008  -1.4446083388998714E-009
         119   3.5818682941531181E-008  -6.0331637271949861E-008
  -4.0678606405628994E-008   4.2817595133242222E-009
   3.4912871065669186E-008  -1.8021094290105183E-009
         120   2.9595948114446422E-008  -9.9310496899201594E-008
  -4.0209794582939325E-008   6.3832418228264652E-009
   3.4874420823027749E-008  -2.3894575652933922E-009
         121  -1.7601571817670709E-008  -1.3599215038716903E-007
  -3.7523717032704251E-008   8.1938936889800596E-009
   3.4207498664824351E-008  -2.8922304596554355E-009
         122  -8.0253057135598029E-008  -1.1671091898470905E-007
  -3.4225607866241804E-008   6.8989146580758077E-009
   3.3364947773426129E-008  -2.5140966126276842E-009
         123  -9.9310878648731128E-008  -7.2179620213694819E-008
  -3.3401252350690364E-008   4.4090117312479739E-009
   3.3217415538689352E-008  -1.7917678994153422E-009
         124  -9.3912171941017843E-008  -4.2833385367765259E-008
  -3.3846455812872691E-008   2.8461026144719966E-009
   3.3423916136038218E-008  -1.3193621660425171E-009
         125  -8.4330228891453322E-008  -2.6922321101108904E-008
  -3.4465208280111438E-008   2.0340516219312750E-009
   3.3675531493685996E-008  -1.0372912264002383E-009
         126  -7.5714166002352004E-008  -1.8093961628631382E-008
  -3.5002254235606787E-008   1.6090046881480873E-009
   3.3907596639387425E-008  -8.2336413353847655E-010
         127  -6.8671029670269194E-008  -1.2883616872023632E-008
  -3.5432757969511842E-008   1.3842478409909081E-009
   3.4150940918790965E-008  -5.9314471840965223E-010
         128  -6.2893379708907765E-008  -9.6369107353852664E-009
  -3.5764648302650229E-008   1.2687504017210908E-009
   3.4530248304261645E-008  -3.3633275792752897E-010
         129  -5.8024145310496974E-008  -7.6263720305067132E-009
  -3.6013018806929536E-008   1.1896795492091997E-009
   3.5102179859553530E-008  -2.9661485721541110E-010
         130  -5.3913801261640677E-008  -6.4516992151481674E-009
  -3.6237844003247213E-008   1.1163575333694723E-009
   3.5502363927367209E-008  -5.4345778772137992E-010
         131  -5.0353428362584489E-008  -5.7710294271671659E-009
  -3.6457873804669955E-008   1.0746335202731946E-009
   3.5685091872779583E-008  -7.5347818328880045E-010
         132  -4.7110602059095129E-008  -5.4499177547788509E-009
  -3.6662463600662787E-008   1.0652242464302021E-009
   3.5817428812015586E-008  -8.7197168584023993E-010
         133  -4.4022094412293901E-008  -5.4570696851069716E-009
  -3.6853410074731610E-008   1.0810402062045876E-009
   3.5956091989617352E-008  -9.4309593626314922E-010
         134  -4.0948365355501797E-008  -5.8077999177960445E-009
  -3.7036277389590568E-008   1.1199761263731104E-009
   3.6110605785027000E-008  -9.9464049754938701E-010
         135  -3.7755483756894210E-008  -6.5673918575469752E-009
  -3.7216534297763863E-008   1.1848876860451755E-009
   3.6281524887453360E-008  -1.0401836726286481E-009
         136  -3.4297774070379446E-008  -7.8733423672246676E-009
  -3.7400085717026911E-008   1.2837869332425918E-009
   3.6468852594111787E-008  -1.0873255119459890E-009
         137  -3.0411227061911461E-008  -9.9840202870719546E-009
  -3.7592134039227591E-008   1.4322845621508441E-009
   3.6673479386357447E-008  -1.1418769159068733E-009
         138  -2.5921436068966171E-008  -1.3379874086155446E-008
  -3.7795114760854947E-008   1.6592457024002094E-009
   3.6897204722382859E-008  -1.2102414978473686E-009
