   262144.00000000000     
         256           1           3
   1.7567330116226543E-005  -24.701266553260002       -41.106180222299997     
   6.0401400154609997        12.000000000000000        6321.0000000000000     
           0   0.0000000000000000        0.0000000000000000     
   0.0000000000000000        0.0000000000000000     
   0.0000000000000000        0.0000000000000000     
           1  -1.5616530541951441E-009   5.6802030961231373E-011
  -9.6135636705181654E-009   2.0972470400289994E-010
   1.2706417619544816E-008  -2.3859588260158315E-010
           2  -1.5731155976353496E-009   7.4403927434577903E-011
  -9.5443449483489765E-009   2.1843048512508455E-010
   1.2534770499299698E-008  -2.0121668610202525E-010
           3  -1.6167661092402865E-009   9.8831215686543048E-011
  -9.5272202071778918E-009   2.3220439856345277E-010
   1.2367446506811549E-008  -1.5321574670327891E-010
           4  -1.6967573461683683E-009   1.3643959741981723E-010
  -9.5455009370644938E-009   2.5431605245544278E-010
   1.2158292998018265E-008  -8.1528347466745641E-011
           5  -1.8301360594571051E-009   2.0149290142215337E-010
  -9.6033192803174235E-009   2.9318207098151890E-010
   1.1864656692299733E-008   4.0835758669778500E-011
           6  -2.0525705197575797E-009   3.3198466373704009E-010
  -9.7196765307444503E-009   3.7158574298700560E-010
   1.1414347269534209E-008   2.8480311432658105E-010
           7  -2.4364814479507815E-009   6.5534695541408620E-010
  -9.9368435758846921E-009   5.6617717698518067E-010
   1.0669384067611054E-008   8.8784307045625776E-010
           8  -2.9840705913985155E-009   1.7340787790420204E-009
  -1.0255330042641818E-008   1.2154782789206832E-009
   9.6238953127103700E-009   2.8979223161770279E-009
           9  -1.0323396702054857E-009   4.2518407912921352E-009
  -9.0718181262180934E-009   2.7311051587765945E-009
   1.3237988270174203E-008   7.5892161513098302E-009
          10   1.2216046983107721E-009   1.8219280999406268E-009
  -7.7078340394690936E-009   1.2690566561468922E-009
   1.7419273323520191E-008   3.0632017651355359E-009
          11   6.5293060936865881E-010   6.5517558683773268E-010
  -8.0443215569258938E-009   5.6715079054143113E-010
   1.6344385610433167E-008   8.8981830261586916E-010
          12   2.3844692938230305E-010   3.1936244017763557E-010
  -8.2893594011155716E-009   3.6543753158306440E-010
   1.5558913755211240E-008   2.6444102974982895E-010
          13  -5.9849235731377979E-012   1.8913594931794482E-010
  -8.4334341640876158E-009   2.8753945106002725E-010
   1.5091698040597796E-008   2.2063708605384844E-011
          14  -1.6022076893915041E-010   1.2671294020408731E-010
  -8.5243439124698763E-009   2.5053522283962734E-010
   1.4794261421971501E-008  -9.3978121908445074E-011
          15  -2.6395179732229916E-010   9.2301000151951840E-011
  -8.5860628437662636E-009   2.3047154285870253E-010
   1.4591925180246841E-008  -1.5783047276394808E-010
          16  -3.3733907643505286E-010   7.1361346774632996E-011
  -8.6306377575198915E-009   2.1860335205036555E-010
   1.4447221000255322E-008  -1.9655766052729945E-010
          17  -3.9116050525241266E-010   5.7632895216354572E-011
  -8.6644913726046716E-009   2.1117090696880562E-010
   1.4339885974466532E-008  -2.2181201640038792E-010
          18  -4.3165442760961785E-010   4.8072194228960377E-011
  -8.6913992157598104E-009   2.0634885223000121E-010
   1.4258153682817141E-008  -2.3924841073452369E-010
          19  -4.6249572680676841E-010   4.1063245630754088E-011
  -8.7136817262860452E-009   2.0317013724697341E-010
   1.4194775673222384E-008  -2.5187070648608732E-010
          20  -4.8639295129934670E-010   3.5665578316918546E-011
  -8.7328046044495998E-009   2.0108838515877579E-010
   1.4145067548300608E-008  -2.6139161405127184E-010
          21  -5.0481853882343497E-010   3.1317412710936081E-011
  -8.7497910040101585E-009   1.9977547082019837E-010
   1.4105882487034370E-008  -2.6884540267244772E-010
          22  -5.1871753305042373E-010   2.7658492769838307E-011
  -8.7653384117883723E-009   1.9902864097306810E-010
   1.4075040001339826E-008  -2.7488757613577753E-010
          23  -5.2911227092302306E-010   2.4428431945390350E-011
  -8.7799890523311063E-009   1.9871659636167432E-010
   1.4050992063104878E-008  -2.7995160406161650E-010
          24  -5.3636305452143079E-010   2.1453135190688807E-011
  -8.7941221341957789E-009   1.9875595200191783E-010
   1.4032619674701019E-008  -2.8433564528153010E-010
          25  -5.4079777347274681E-010   1.8594596341017690E-011
  -8.8080450067014100E-009   1.9909263318797237E-010
   1.4019104837198995E-008  -2.8825293205142238E-010
          26  -5.4260727382285903E-010   1.5739222197702621E-011
  -8.8219829205834456E-009   1.9969470891702705E-010
   1.4009847660919202E-008  -2.9186239279120089E-010
          27  -5.4188970355332253E-010   1.2785296422676149E-011
  -8.8362021036471324E-009   2.0054099771245225E-010
   1.4004411732282846E-008  -2.9528811302714575E-010
          28  -5.3863614942100772E-010   9.6354034864997108E-012
  -8.8508684529327966E-009   2.0162664284261197E-010
   1.4002487807757408E-008  -2.9863233667106411E-010
          29  -5.3275615949275195E-010   6.1883733876057702E-012
  -8.8661621319770490E-009   2.0295560523567573E-010
   1.4003869931619497E-008  -3.0198471225085514E-010
          30  -5.2420843335299732E-010   2.3270398670028409E-012
  -8.8822472962037662E-009   2.0454238205524850E-010
   1.4008440433853720E-008  -3.0542944288179787E-010
          31  -5.1245193371668528E-010  -2.0676053391721735E-012
  -8.8993349969428299E-009   2.0640938916305409E-010
   1.4016161656094375E-008  -3.0905146160432778E-010
          32  -4.9724675053699202E-010  -7.1583100371799975E-012
  -8.9176101927648735E-009   2.0859304096329734E-010
   1.4027073546073678E-008  -3.1294248910238189E-010
          33  -4.7809122593936598E-010  -1.3141944647308423E-011
  -8.9372957248434143E-009   2.1114330936633541E-010
   1.4041296550734289E-008  -3.1720781261882244E-010
          34  -4.5432699575944359E-010  -2.0271710866705977E-011
  -8.9586502823395553E-009   2.1412870771407938E-010
   1.4059040441160698E-008  -3.2197473478017771E-010
          35  -4.2523482026163822E-010  -2.8886949016473896E-011
  -8.9819955094421004E-009   2.1764209308956399E-010
   1.4080620236810475E-008  -3.2740401893794197E-010
          36  -3.8941071709904487E-010  -3.9426503718122598E-011
  -9.0076868006969375E-009   2.2181346273020173E-010
   1.4106481481440858E-008  -3.3370636602376465E-010
          37  -3.4551290946837796E-010  -5.2517808935786284E-011
  -9.0362148630304377E-009   2.2682137373749486E-010
   1.4137239047616531E-008  -3.4116725485846448E-010
          38  -2.9156450071971285E-010  -6.9041866395519246E-011
  -9.0681968692338547E-009   2.3292065175703844E-010
   1.4173735791057423E-008  -3.5018595931133089E-010
          39  -2.2488576558909799E-010  -9.0282548547830767E-011
  -9.1044487272714424E-009   2.4048270999217865E-010
   1.4217132370020252E-008  -3.6133924730418487E-010
          40  -1.4177271887660972E-010  -1.1817171637206028E-010
  -9.1460772216760523E-009   2.5006559299156387E-010
   1.4269047157920512E-008  -3.7548975338826552E-010
          41  -3.6989885974345606E-011  -1.5572672294850934E-010
  -9.1946518847385612E-009   2.6253746492681750E-010
   1.4331779668204396E-008  -3.9397899656556389E-010
          42   9.7087953851571285E-011  -2.0787173022434558E-010
  -9.2523405540487655E-009   2.7931730234170483E-010
   1.4408677704015024E-008  -4.1898978695438226E-010
          43   2.7187042820415999E-010  -2.8308273926194988E-010
  -9.3224680672905714E-009   3.0283530796859424E-010
   1.4504758785651676E-008  -4.5427031040620576E-010
          44   5.0503498385574311E-010  -3.9692784116674196E-010
  -9.4101113457475930E-009   3.3754887039356516E-010
   1.4627786662477786E-008  -5.0669256688923273E-010
          45   8.2477604741211986E-010  -5.8041223247552407E-010
  -9.5233274558933521E-009   3.9231968977031698E-010
   1.4790125255116506E-008  -5.8992220583743059E-010
          46   1.2762293116221126E-009  -9.0189264586143010E-010
  -9.6749591372995880E-009   4.8665500515610897E-010
   1.5011523557187080E-008  -7.3404778409235759E-010
          47   1.9224608218030688E-009  -1.5321064200935609E-009
  -9.8828489013651753E-009   6.6920847727841930E-010
   1.5319445361784397E-008  -1.0141247794205073E-009
          48   2.7526008237695209E-009  -2.9536392499068209E-009
  -1.0143461017607067E-008   1.0772742879691771E-009
   1.5708350691531426E-008  -1.6419670462969322E-009
          49   2.7172135677445770E-009  -6.3492407028200309E-009
  -1.0157154801516011E-008   2.0462394941622324E-009
   1.5715918078041784E-008  -3.1350102342144355E-009
          50  -2.6773832860667170E-009  -9.2687146821605615E-009
  -8.6482209897507674E-009   2.8743709488621123E-009
   1.3373839634265781E-008  -4.4105748385144730E-009
          51  -6.4563596301446483E-009  -5.0848415303638188E-009
  -7.6079561734526924E-009   1.6837095757142562E-009
   1.1754317724219098E-008  -2.5712428264067339E-009
          52  -5.8690507862712784E-009  -2.2606141635342256E-009
  -7.8101130783830440E-009   8.8474450143250898E-010
   1.2051073073133458E-008  -1.3360127053424006E-009
          53  -4.9925462084280148E-009  -1.1343891576981460E-009
  -8.0946341821123862E-009   5.6948657317543541E-010
   1.2474257420232815E-008  -8.4682671556009020E-010
          54  -4.3675715671760453E-009  -6.3206449767342484E-010
  -8.3089970420829568E-009   4.3185352007345879E-010
   1.2788500893127123E-008  -6.3143172670500938E-010
          55  -3.9403936533544504E-009  -3.7408605875186497E-010
  -8.4690863639672241E-009   3.6398311170975887E-010
   1.3018271231469312E-008  -5.2340125245678304E-010
          56  -3.6417421222880943E-009  -2.2627482155980606E-010
  -8.5949266053532565E-009   3.2784762942012369E-010
   1.3194461115469881E-008  -4.6405924615135610E-010
          57  -3.4274719392272242E-009  -1.3437440470873802E-010
  -8.6995012565001780E-009   3.0813687778820883E-010
   1.3337074633113456E-008  -4.2979719535516470E-010
          58  -3.2702974768974731E-009  -7.3605666263307432E-011
  -8.7908530931747593E-009   2.9793232494962790E-010
   1.3458601178156332E-008  -4.0997727304402693E-010
          59  -3.1532120129151753E-009  -3.1528265504274466E-011
  -8.8741895427518686E-009   2.9383338394044852E-010
   1.3567220028091491E-008  -3.9943901176758013E-010
          60  -3.0651268608579242E-009  -1.4268351919067024E-012
  -8.9530874841823915E-009   2.9408643689116055E-010
   1.3668730615384191E-008  -3.9565079746992481E-010
          61  -2.9984925256496433E-009   2.0514283756353156E-011
  -9.0301826288615632E-009   2.9778639311101337E-010
   1.3767703460435812E-008  -3.9755057558584381E-010
          62  -2.9479317532565889E-009   3.6526571595771822E-011
  -9.1075685137908571E-009   3.0450265201825075E-010
   1.3868243738670196E-008  -4.0510751889684921E-010
          63  -2.9094246003440284E-009   4.7916229616740471E-011
  -9.1870331662774053E-009   3.1407928681894053E-010
   1.3974612353799546E-008  -4.1928976592479748E-010
          64  -2.8798038010580007E-009   5.5425069560756613E-011
  -9.2701945450756478E-009   3.2648667060375570E-010
   1.4091886068652080E-008  -4.4241210214868051E-010
          65  -2.8564353240991778E-009   5.9478211529777484E-011
  -9.3585546820691975E-009   3.4161488486238281E-010
   1.4226844547186251E-008  -4.7909585628276168E-010
          66  -2.8370205492674571E-009   6.0485191035305554E-011
  -9.4534675446387807E-009   3.5879709668791289E-010
   1.4389320470730864E-008  -5.3858342945062654E-010
          67  -2.8194545223244947E-009   5.9534430721203808E-011
  -9.5560321830922380E-009   3.7545988501130644E-010
   1.4594159774905813E-008  -6.4059579087065588E-010
          68  -2.8014100100596662E-009   6.0545251203765933E-011
  -9.6676810908835699E-009   3.8289723235188097E-010
   1.4862265643753333E-008  -8.3165149534695642E-010
          69  -2.7766041938454059E-009   7.7508387216119267E-011
  -9.7965792715683911E-009   3.5246882445662693E-010
   1.5204254020204439E-008  -1.2343712118295281E-009
          70  -2.7036433565275236E-009   1.5255898307276540E-010
  -1.0014804792253931E-008   2.0201880016481943E-010
   1.5449785577493415E-008  -2.1654361336560877E-009
          71  -2.3609338499424369E-009   2.5874529160257467E-010
  -1.0720803122074179E-008  -2.4581586405214520E-011
   1.4442866506019725E-008  -3.6122835598201639E-009
          72  -1.7742915525440845E-009  -1.2322016328523753E-010
  -1.1839334252154211E-008   5.9558700542480843E-010
   1.2518004469605086E-008  -2.9840120386669835E-009
          73  -1.4157123563130058E-009  -8.8609486817792963E-010
  -1.2506922593075062E-008   1.7837690393512710E-009
   1.2398991858716310E-008  -1.7720020982784619E-009
          74  -1.1956233256810828E-009  -2.1414031334161759E-009
  -1.2954228102065207E-008   3.5876311661876805E-009
   1.2763989073387036E-008  -1.3446886041632013E-009
          75  -2.0495706478517617E-009  -4.3705041897022894E-009
  -1.1937571413040674E-008   6.6799888884990882E-009
   1.2939013767410252E-008  -1.3946847503001804E-009
          76  -5.5862164130365921E-009  -5.1756807939370179E-009
  -7.3050392250695514E-009   7.7730937417952936E-009
   1.2659654989618048E-008  -1.3694798116308069E-009
          77  -7.5470906055420973E-009  -2.8456444853139656E-009
  -4.9071263547721376E-009   4.6093482192663594E-009
   1.2564211339376602E-008  -9.5451575803040982E-010
          78  -7.5022306200903185E-009  -1.2076846486810919E-009
  -5.2649652833776178E-009   2.4298016240803151E-009
   1.2724718753343868E-008  -6.7393505222618563E-010
          79  -7.2231226637729449E-009  -4.3118101724801125E-010
  -5.9562817232837886E-009   1.4372233765986533E-009
   1.2895939715259940E-008  -5.3543180454272614E-010
          80  -7.0596261763682258E-009  -2.8483826577071287E-011
  -6.5156184353583392E-009   9.6099919517584735E-010
   1.3035656366884001E-008  -4.6115559449715418E-010
          81  -7.0209259094148440E-009   2.1567823723516273E-010
  -6.9373837959657858E-009   7.0885164493511996E-010
   1.3147803458243868E-008  -4.1641864343630243E-010
          82  -7.0827254253704779E-009   3.8862026780858386E-010
  -7.2614816759764137E-009   5.6429297986447758E-010
   1.3239574542878697E-008  -3.8667668158453705E-010
          83  -7.2269371914411984E-009   5.2971360862163284E-010
  -7.5196286270982826E-009   4.7686140129440094E-010
   1.3316291689165822E-008  -3.6517786226826118E-010
          84  -7.4439545591920867E-009   6.5947655893231203E-010
  -7.7332670426264661E-009   4.2261921719858248E-010
   1.3381513025465785E-008  -3.4841003241959714E-010
          85  -7.7307568869126198E-009   7.9071330075276597E-010
  -7.9168419868219656E-009   3.8937935487220651E-010
   1.3437571648354184E-008  -3.3433074865433224E-010
          86  -8.0895343563576238E-009   9.3338596119900969E-010
  -8.0804728109217408E-009   3.7069342085100333E-010
   1.3485968010481471E-008  -3.2160160236694062E-010
          87  -8.5271900175290592E-009   1.0972547382017440E-009
  -8.2317008029226817E-009   3.6322452716425361E-010
   1.3527610069140315E-008  -3.0921289250423777E-010
          88  -9.0556223767517569E-009   1.2938868077410465E-009
  -8.3766307690448229E-009   3.6557305534439951E-010
   1.3562948809708011E-008  -2.9626611421160435E-010
          89  -9.6926459910891265E-009   1.5389204457779742E-009
  -8.5207555244886114E-009   3.7782448438235258E-010
   1.3592043628478112E-008  -2.8181221842009826E-010
          90  -1.0464512503465827E-008   1.8554089592921807E-009
  -8.6696001340257163E-009   4.0157305775132121E-010
   1.3614577786648806E-008  -2.6468747423910154E-010
          91  -1.1408640267343513E-008   2.2796947551814840E-009
  -8.8293709280755191E-009   4.4043402615563215E-010
   1.3629836457449003E-008  -2.4329695572567057E-010
          92  -1.2577605028814107E-008   2.8726175965180610E-009
  -9.0078633451339502E-009   5.0133112784259192E-010
   1.3636661660361144E-008  -2.1528517118359891E-010
          93  -1.4048898717335366E-008   3.7422829513975421E-009
  -9.2153055501970699E-009   5.9742321042224584E-010
   1.3633407465569071E-008  -1.7702226250626943E-010
          94  -1.5926591288610274E-008   5.0947049268417806E-009
  -9.4648280013676741E-009   7.5489722560854684E-010
   1.3617852347971890E-008  -1.2290037093308354E-010
          95  -1.8327683401573518E-008   7.3524347153165989E-009
  -9.7692213340894472E-009   1.0295291939787848E-009
   1.3586020014699324E-008  -4.4717699927214490E-011
          96  -2.1231699586855632E-008   1.1441059421948593E-008
  -1.0110395840391130E-008   1.5444454961680895E-009
   1.3520888011121519E-008   7.2609788628445678E-011
          97  -2.3615520650448128E-008   1.9338071986837155E-008
  -1.0297673722573422E-008   2.5106970380328814E-009
   1.3369522219544708E-008   3.3511163421256820E-010
          98  -1.9842866727327701E-008   3.3020285511219557E-008
  -9.7091062269507572E-009   3.9787181411224279E-009
   1.3438563339345223E-008   1.0640627818371656E-009
          99  -5.4180691961568490E-010   4.1047167271982783E-008
  -7.5219895219502147E-009   4.7007756632418421E-009
   1.4459962174276651E-008   1.5754075888763232E-009
         100   1.4859402374257062E-008   2.8796790154447484E-008
  -5.8777021198509805E-009   3.2420301343046200E-009
   1.5317310125898762E-008   9.7194083803511153E-010
         101   1.5588405319871948E-008   1.6344274807762943E-008
  -5.8439152678986991E-009   1.8348181772907188E-009
   1.5408234505317125E-008   3.4637384405939569E-010
         102   1.2387581425902225E-008   9.8062590896953265E-009
  -6.2129182791362116E-009   1.0994991499269876E-009
   1.5300528852744485E-008   2.3412810697175799E-011
         103   9.2007530970932491E-009   6.5229720168722512E-009
  -6.5603395371244321E-009   7.2466135131922928E-010
   1.5197777656490728E-008  -1.3626896600949313E-010
         104   6.5657265276070226E-009   4.7778252202650725E-009
  -6.8326778737377515E-009   5.1719460617527289E-010
   1.5126301137145489E-008  -2.2080557733983646E-010
         105   4.3950160521451854E-009   3.8061192699453415E-009
  -7.0416670737447952E-009   3.9167286655017203E-010
   1.5081153709327850E-008  -2.6877905499000813E-010
         106   2.5434665153400515E-009   3.2631808185300035E-009
  -7.2033810805083358E-009   3.0933926883181898E-010
   1.5054939887766396E-008  -2.9734786041122580E-010
         107   8.9254810778507475E-010   2.9849156842632701E-009
  -7.3301688542349755E-009   2.5115556411078403E-010
   1.5041919947161662E-008  -3.1465050829116024E-010
         108  -6.4922653302019967E-010   2.8910191126259632E-009
  -7.4303000542306524E-009   2.0696308271597531E-010
   1.5037988528526965E-008  -3.2475598707801700E-010
         109  -2.1549660515537215E-009   2.9447793410740463E-009
  -7.5093387303564433E-009   1.7083932681513375E-010
   1.5040160110916492E-008  -3.2972014980347313E-010
         110  -3.6888022145494516E-009   3.1362087938757362E-009
  -7.5708596310570374E-009   1.3896792327319385E-010
   1.5046134605376295E-008  -3.3047835836844457E-010
         111  -5.3133509668939393E-009   3.4762728140755242E-009
  -7.6169746759270704E-009   1.0854142737834759E-010
   1.5053980553902727E-008  -3.2722284797547340E-010
         112  -7.0974963444531593E-009   3.9980122888611067E-009
  -7.6489081848725673E-009   7.7076847547626539E-011
   1.5061895007649014E-008  -3.1950766107096298E-010
         113  -9.1224623823031349E-009   4.7646595660472847E-009
  -7.6665323879491199E-009   4.1919788219192028E-011
   1.5068000214115344E-008  -3.0614989547740436E-010
         114  -1.1492114606070531E-008   5.8880682981823515E-009
  -7.6692112852620323E-009  -4.4168018186079043E-013
   1.5070155566658873E-008  -2.8488525686447890E-010
         115  -1.4340495317486355E-008   7.5674968628642016E-009
  -7.6552040310644373E-009  -5.5344897129561948E-011
   1.5065805645178952E-008  -2.5159870280153794E-010
         116  -1.7835216561962500E-008   1.0171668428146080E-008
  -7.6218729135065901E-009  -1.3188401816887057E-010
   1.5052041895343079E-008  -1.9868012762348047E-010
         117  -2.2134740637750733E-008   1.4419496157487593E-008
  -7.5674443122893845E-009  -2.4700605237988862E-010
   1.5026680277333175E-008  -1.1145459069033733E-010
         118  -2.7144865976506753E-008   2.1775856201916091E-008
  -7.4963826556262047E-009  -4.3397585458008448E-010
   1.4993799844151074E-008   3.9422164714078902E-011
         119  -3.1361147110096882E-008   3.5131434808852869E-008
  -7.4476342006485757E-009  -7.5589113520883638E-010
   1.4988073552530198E-008   3.0992154995355089E-010
         120  -2.7556994796323581E-008   5.7864951168788444E-008
  -7.5883290054176216E-009  -1.2773478382659333E-009
   1.5160242029242263E-008   7.5726208903715177E-010
         121   1.4963313339887892E-010   7.9253822602549320E-008
  -8.2569935397860279E-009  -1.7322816138929685E-009
   1.5814167702250643E-008   1.1415429580676721E-009
         122   3.6874910209588458E-008   6.7991570657936858E-008
  -9.0656857405092786E-009  -1.4448068145282503E-009
   1.6602848099898878E-008   8.5449442516327002E-010
         123   4.8175953904927704E-008   4.1995047054382862E-008
  -9.2696472536355784E-009  -8.7851373577100294E-010
   1.6859295261501941E-008   3.0925099984041437E-010
         124   4.5215108812721244E-008   2.4853130297399504E-008
  -9.1580563097823204E-009  -5.5066998855897928E-010
   1.6844033865319173E-008  -3.5119324246151969E-011
         125   3.9824361311543978E-008   1.5546328642079748E-008
  -8.9948096122101794E-009  -4.3083358320423545E-010
   1.6794188373009141E-008  -2.1580071370032958E-010
         126   3.5013347372527167E-008   1.0372174593844090E-008
  -8.8499793928837866E-009  -4.5503414769222736E-010
   1.6766048243441737E-008  -3.0952737074902485E-010
         127   3.1147696978161037E-008   7.3149615445669799E-009
  -8.7741992846127204E-009  -6.1673005413453037E-010
   1.6769188672967577E-008  -3.5350492168596564E-010
         128   2.8085461868698976E-008   5.4030288781798297E-009
  -8.9130799601180898E-009  -8.7578442713147509E-010
   1.6815573181381974E-008  -3.6927347632934483E-010
         129   2.5632818043684226E-008   4.1450592519089285E-009
  -9.3246517065868084E-009  -8.9653135778509101E-010
   1.6907840790273541E-008  -4.0094331465739311E-010
         130   2.3617897286578547E-008   3.2864615545105947E-009
  -9.5343099347843467E-009  -5.7792446599519820E-010
   1.6993293683365485E-008  -4.6384994865681015E-010
         131   2.1919038611646738E-008   2.7009518749165537E-009
  -9.4751453223161323E-009  -3.2530548380114262E-010
   1.7063411065358750E-008  -5.1788201579730084E-010
         132   2.0452030570487542E-008   2.3131732975474558E-009
  -9.3525882449405495E-009  -2.0575887713364441E-010
   1.7139298872079951E-008  -5.5783683444305906E-010
         133   1.9149656487087969E-008   2.0802087053628330E-009
  -9.2325354702367808E-009  -1.6303629358072780E-010
   1.7227951415261146E-008  -5.9118231194937392E-010
         134   1.7951757307115846E-008   1.9840244820647206E-009
  -9.1211592405139884E-009  -1.6387630149549081E-010
   1.7330620257812698E-008  -6.2287863522422979E-010
         135   1.6807153321203909E-008   2.0282203623782586E-009
  -9.0127484601765411E-009  -1.9553811273687891E-010
   1.7447903810468144E-008  -6.5587156013515237E-010
         136   1.5663371437457708E-008   2.2402658775791530E-009
  -8.9002870937874244E-009  -2.5635501167302571E-010
   1.7580898028933962E-008  -6.9233861496027532E-010
         137   1.4465904081867914E-008   2.6827689181154915E-009
  -8.7772850687304880E-009  -3.5255810242537791E-010
   1.7731493566235229E-008  -7.3435482357021908E-010
         138   1.3161787606730624E-008   3.4797081412662032E-009
  -8.6382775256273690E-009  -4.9946376527938053E-010
   1.7902631553922526E-008  -7.8427874748521100E-010
