   262144.00000000000     
         256           1           3
   1.7567330116226543E-005   78.377061153667000       -108.60176553020000     
   6.0401400154609997        12.000000000000000        6321.0000000000000     
           0   0.0000000000000000        0.0000000000000000     
   0.0000000000000000        0.0000000000000000     
   0.0000000000000000        0.0000000000000000     
           1   0.0000000000000000        0.0000000000000000     
  -8.7587214832667944E-009   3.4801480534924338E-010
   1.2769152258150961E-008  -2.7740267707170891E-010
           2   0.0000000000000000        0.0000000000000000     
  -8.5659857954288105E-009   7.7791013699011418E-010
   1.2647581523995251E-008  -2.7338672999598542E-010
           3   0.0000000000000000        0.0000000000000000     
  -7.8954874337305034E-009   5.5702896784851724E-010
   1.2577216266470600E-008  -2.7107829311316526E-010
           4   0.0000000000000000        0.0000000000000000     
  -7.9390353341343298E-009   2.8522589341147327E-010
   1.2527529664384695E-008  -2.6944671988402804E-010
           5   0.0000000000000000        0.0000000000000000     
  -7.9849759051682516E-009   2.1920367589929304E-010
   1.2489098061172863E-008  -2.6816883974365975E-010
           6   0.0000000000000000        0.0000000000000000     
  -8.0027742716727878E-009   1.9652186210228948E-010
   1.2457732641406493E-008  -2.6711642262458327E-010
           7   0.0000000000000000        0.0000000000000000     
  -8.0078115581810346E-009   1.8642724669007832E-010
   1.2431206410908964E-008  -2.6621831588209835E-010
           8   0.0000000000000000        0.0000000000000000     
  -8.0070355719693504E-009   1.8111586261963507E-010
   1.2408194044474911E-008  -2.6543150248811921E-010
           9   0.0000000000000000        0.0000000000000000     
  -8.0034947633068234E-009   1.7797593879838486E-010
   1.2387842332962015E-008  -2.6472802504568101E-010
          10   0.0000000000000000        0.0000000000000000     
  -7.9986269593942592E-009   1.7595222006628409E-010
   1.2369569158263238E-008  -2.6408861849677100E-010
          11   0.0000000000000000        0.0000000000000000     
  -7.9931551892957790E-009   1.7455751975747246E-010
   1.2352959077147213E-008  -2.6349935176753274E-010
          12   0.0000000000000000        0.0000000000000000     
  -7.9874602118668903E-009   1.7354343749729622E-010
   1.2337704654111710E-008  -2.6294972433943809E-010
          13   0.0000000000000000        0.0000000000000000     
  -7.9817482420157698E-009   1.7277317409713869E-010
   1.2323571404998425E-008  -2.6243151900382891E-010
          14   0.0000000000000000        0.0000000000000000     
  -7.9761319464136506E-009   1.7216658044355942E-010
   1.2310375776699553E-008  -2.6193807251527748E-010
          15   0.0000000000000000        0.0000000000000000     
  -7.9706718945038831E-009   1.7167423424767200E-010
   1.2297970726158936E-008  -2.6146378854962707E-010
          16   0.0000000000000000        0.0000000000000000     
  -7.9653988023663456E-009   1.7126431191278199E-010
   1.2286235929515408E-008  -2.6100379575443533E-010
          17   0.0000000000000000        0.0000000000000000     
  -7.9603259381469703E-009   1.7091553911388479E-010
   1.2275070917229570E-008  -2.6055369504000319E-010
          18   0.0000000000000000        0.0000000000000000     
  -7.9554562578726367E-009   1.7061321406082499E-010
   1.2264390112872423E-008  -2.6010936079913866E-010
          19   0.0000000000000000        0.0000000000000000     
  -7.9507866106168873E-009   1.7034686728601953E-010
   1.2254119137839227E-008  -2.5966677325998712E-010
          20   0.0000000000000000        0.0000000000000000     
  -7.9463102611263296E-009   1.7010883287300946E-010
   1.2244191970025769E-008  -2.5922186572575689E-010
          21   0.0000000000000000        0.0000000000000000     
  -7.9420184202351441E-009   1.6989334726970614E-010
   1.2234548679865369E-008  -2.5877037327581485E-010
          22   0.0000000000000000        0.0000000000000000     
  -7.9379011764031225E-009   1.6969596394805101E-010
   1.2225133548195738E-008  -2.5830767099300786E-010
          23   0.0000000000000000        0.0000000000000000     
  -7.9339480587963653E-009   1.6951316277789393E-010
   1.2215893422469671E-008  -2.5782858921876250E-010
          24   0.0000000000000000        0.0000000000000000     
  -7.9301483695790399E-009   1.6934208255941985E-010
   1.2206776196143859E-008  -2.5732719058018497E-010
          25   0.0000000000000000        0.0000000000000000     
  -7.9264913694809765E-009   1.6918033317137177E-010
   1.2197729309537038E-008  -2.5679648986025121E-010
          26   0.0000000000000000        0.0000000000000000     
  -7.9229663684898583E-009   1.6902586012012278E-010
   1.2188698173057050E-008  -2.5622809000400606E-010
          27   0.0000000000000000        0.0000000000000000     
  -7.9195627540478889E-009   1.6887684402000237E-010
   1.2179624403528124E-008  -2.5561169711816503E-010
          28   0.0000000000000000        0.0000000000000000     
  -7.9162699769831663E-009   1.6873162348700536E-010
   1.2170443739883115E-008  -2.5493445877861084E-010
          29   0.0000000000000000        0.0000000000000000     
  -7.9130775076357085E-009   1.6858863361349082E-010
   1.2161083463849352E-008  -2.5418004319546552E-010
          30   0.0000000000000000        0.0000000000000000     
  -7.9099747696163934E-009   1.6844635447985510E-010
   1.2151459082419169E-008  -2.5332733066103341E-010
          31   0.0000000000000000        0.0000000000000000     
  -7.9069510551046401E-009   1.6830326554991569E-010
   1.2141469921898143E-008  -2.5234851572891359E-010
          32   0.0000000000000000        0.0000000000000000     
  -7.9039954231292349E-009   1.6815780254844861E-010
   1.2130993106864872E-008  -2.5120629238907609E-010
          33   0.0000000000000000        0.0000000000000000     
  -7.9010965801097805E-009   1.6800831365847800E-010
   1.2119875118137765E-008  -2.4984957885096104E-010
          34   0.0000000000000000        0.0000000000000000     
  -7.8982427399666444E-009   1.6785301157271337E-010
   1.2107919652941405E-008  -2.4820685138314581E-010
          35   0.0000000000000000        0.0000000000000000     
  -7.8954214586697727E-009   1.6768991689744549E-010
   1.2094869715084621E-008  -2.4617544643293733E-010
          36   0.0000000000000000        0.0000000000000000     
  -7.8926194348334667E-009   1.6751678614689751E-010
   1.2080380462985511E-008  -2.4360384840180667E-010
          37   0.0000000000000000        0.0000000000000000     
  -7.8898222625395968E-009   1.6733101307180684E-010
   1.2063976772409934E-008  -2.4026140261117240E-010
          38   0.0000000000000000        0.0000000000000000     
  -7.8870141125720577E-009   1.6712948355300063E-010
   1.2044984183952198E-008  -2.3578503351544322E-010
          39   0.0000000000000000        0.0000000000000000     
  -7.8841772908260276E-009   1.6690834927916515E-010
   1.2022406592254334E-008  -2.2958396021599651E-010
          40   0.0000000000000000        0.0000000000000000     
  -7.8812914837089308E-009   1.6666261329325212E-010
   1.1994643446565356E-008  -2.2064142803664560E-010
          41   0.0000000000000000        0.0000000000000000     
  -7.8783325621146015E-009   1.6638446211061819E-010
   1.1958976570463144E-008  -2.0659115932787192E-010
          42   0.0000000000000000        0.0000000000000000     
  -7.8752732173542877E-009   1.6606139235425700E-010
   1.1912165886997084E-008  -1.8268546398264341E-010
          43   0.0000000000000000        0.0000000000000000     
  -7.8720782879943000E-009   1.6567178025747214E-010
   1.1847977026410590E-008  -1.3928012522461841E-010
          44   0.0000000000000000        0.0000000000000000     
  -7.8687063037172916E-009   1.6516275655428844E-010
   1.1758407706339331E-008  -4.8968028160793893E-011
          45   0.0000000000000000        0.0000000000000000     
  -7.8651519339893891E-009   1.6438882135596037E-010
   1.1658958836840188E-008   1.6927262939173616E-010
          46   0.0000000000000000        0.0000000000000000     
  -7.8618187661521942E-009   1.6311942404856910E-010
   1.1807611166419886E-008   6.4547264965924405E-010
          47   0.0000000000000000        0.0000000000000000     
  -7.8592313745464006E-009   1.6260048513456347E-010
   1.2536647422004604E-008   6.4319782887080175E-010
          48   0.0000000000000000        0.0000000000000000     
  -7.8553537605606373E-009   1.6282015309114296E-010
   1.2681623390842320E-008   1.6192007260803419E-010
          49   0.0000000000000000        0.0000000000000000     
  -7.8507006534665171E-009   1.6249683441943907E-010
   1.2578207354522667E-008  -5.6318391894853784E-011
          50   0.0000000000000000        0.0000000000000000     
  -7.8456481120100321E-009   1.6183965095073834E-010
   1.2486984893673400E-008  -1.4537477565185199E-010
          51   0.0000000000000000        0.0000000000000000     
  -7.8401392659173025E-009   1.6096498494929448E-010
   1.2422463814768194E-008  -1.8750333816525014E-010
          52   0.0000000000000000        0.0000000000000000     
  -7.8340619052965904E-009   1.5988968143590541E-010
   1.2376301379155291E-008  -2.1020629674934346E-010
          53   0.0000000000000000        0.0000000000000000     
  -7.8272863932025340E-009   1.5859301186211788E-010
   1.2342011346684510E-008  -2.2369493670151366E-010
          54   0.0000000000000000        0.0000000000000000     
  -7.8196611780899437E-009   1.5703347457176389E-010
   1.2315606865424702E-008  -2.3231978647902918E-010
          55   0.0000000000000000        0.0000000000000000     
  -7.8110037279376289E-009   1.5515111715142099E-010
   1.2294650635114435E-008  -2.3815840766197160E-010
          56   0.0000000000000000        0.0000000000000000     
  -7.8010893649718411E-009   1.5286429441292087E-010
   1.2277605772916495E-008  -2.4229683421537819E-010
          57   0.0000000000000000        0.0000000000000000     
  -7.7896368560111776E-009   1.5006266401205681E-010
   1.2263467883581547E-008  -2.4534534179610535E-010
          58   0.0000000000000000        0.0000000000000000     
  -7.7762888770031389E-009   1.4659593974675067E-010
   1.2251558506912797E-008  -2.4766769652662717E-010
          59   0.0000000000000000        0.0000000000000000     
  -7.7605846274489488E-009   1.4225666078931484E-010
   1.2241406109973696E-008  -2.4949170112622694E-010
          60   0.0000000000000000        0.0000000000000000     
  -7.7419202977315649E-009   1.3675404149858264E-010
   1.2232675186920875E-008  -2.5096622679667398E-010
          61   0.0000000000000000        0.0000000000000000     
  -7.7194895702219414E-009   1.2967502129592456E-010
   1.2225122605041727E-008  -2.5219236079895421E-010
          62   0.0000000000000000        0.0000000000000000     
  -7.6921845611643248E-009   1.2043003602841863E-010
   1.2218569924712747E-008  -2.5324127334096959E-010
          63   0.0000000000000000        0.0000000000000000     
  -7.6583758681924741E-009   1.0818082860137246E-010
   1.2212885447295757E-008  -2.5416492340001783E-010
          64   0.0000000000000000        0.0000000000000000     
  -7.6152250999836016E-009   9.1470462964023935E-011
   1.2207972574750445E-008  -2.5500290323374736E-010
          65   0.0000000000000000        0.0000000000000000     
  -7.5587655655502235E-009   6.5895888698104705E-011
   1.2203761606438004E-008  -2.5578808218792222E-010
          66   0.0000000000000000        0.0000000000000000     
  -7.4866704632648977E-009   2.5913038011396643E-011
   1.2200202534496869E-008  -2.5654840196774544E-010
          67   0.0000000000000000        0.0000000000000000     
  -7.3914246425956428E-009  -3.6505284332048971E-011
   1.2197265270699820E-008  -2.5730966455516653E-010
          68   0.0000000000000000        0.0000000000000000     
  -7.2618969788338901E-009  -1.4240784572549909E-010
   1.2194936180408750E-008  -2.5810321272698225E-010
          69   0.0000000000000000        0.0000000000000000     
  -7.0876385631786019E-009  -3.4052541100577308E-010
   1.2193213947059856E-008  -2.5897572324717301E-010
          70   0.0000000000000000        0.0000000000000000     
  -6.8905910427197467E-009  -7.5081300274754114E-010
   1.2192090012310906E-008  -2.6001585490281490E-010
          71   0.0000000000000000        0.0000000000000000     
  -6.9358108828334977E-009  -1.6029499601806223E-009
   1.2191424086363482E-008  -2.6137785442309388E-010
          72   0.0000000000000000        0.0000000000000000     
  -8.1174165585000522E-009  -2.4377392057814598E-009
   1.2190716913412003E-008  -2.6281160585342774E-010
          73   0.0000000000000000        0.0000000000000000     
  -9.3822865483521326E-009  -1.6615430611774583E-009
   1.2190630226196106E-008  -2.6340094235909614E-010
          74   0.0000000000000000        0.0000000000000000     
  -9.4609266820338663E-009  -7.6568427711217944E-010
   1.2191967710198064E-008  -2.6405273480874304E-010
          75   0.0000000000000000        0.0000000000000000     
  -9.2607058193890274E-009  -3.3185978555402810E-010
   1.2194266150324964E-008  -2.6514311993764053E-010
          76   0.0000000000000000        0.0000000000000000     
  -9.0829413515831489E-009  -1.2432329419224620E-010
   1.2197439470869617E-008  -2.6657385608645681E-010
          77   0.0000000000000000        0.0000000000000000     
  -8.9537370973690421E-009  -1.4007876917991247E-011
   1.2201587996833063E-008  -2.6831989402808740E-010
          78   0.0000000000000000        0.0000000000000000     
  -8.8622550263309973E-009   5.0877670692957338E-011
   1.2206863848256729E-008  -2.7041571700853103E-010
          79   0.0000000000000000        0.0000000000000000     
  -8.7975292375589539E-009   9.2409929600752921E-011
   1.2213457240699978E-008  -2.7293241566488520E-010
          80   0.0000000000000000        0.0000000000000000     
  -8.7519555589540608E-009   1.2095861139865036E-010
   1.2221605400966172E-008  -2.7597427004596893E-010
          81   0.0000000000000000        0.0000000000000000     
  -8.7205433011305714E-009   1.4184847648957088E-010
   1.2231608264588172E-008  -2.7968496693688487E-010
          82   0.0000000000000000        0.0000000000000000     
  -8.7000178350461628E-009   1.5803196537797368E-010
   1.2243850803145145E-008  -2.8426007291589945E-010
          83   0.0000000000000000        0.0000000000000000     
  -8.6882109874882654E-009   1.7126063447169473E-010
   1.2258836589434582E-008  -2.8996460451175730E-010
          84   0.0000000000000000        0.0000000000000000     
  -8.6836828233047285E-009   1.8264145410548047E-010
   1.2277247715895234E-008  -2.9715277221401228E-010
          85   0.0000000000000000        0.0000000000000000     
  -8.6854904800955650E-009   1.9292051832727051E-010
   1.2300095274597247E-008  -3.0629275453459691E-010
          86   0.0000000000000000        0.0000000000000000     
  -8.6930471986802786E-009   2.0263807172097198E-010
   1.2329176384513638E-008  -3.1821442986601656E-010
          87   0.0000000000000000        0.0000000000000000     
  -8.7060359654118168E-009   2.1222148665311726E-010
   1.2367027635448213E-008  -3.3567821039650604E-010
          88   0.0000000000000000        0.0000000000000000     
  -8.7243542778286095E-009   2.2204098708994687E-010
   1.2414184802315061E-008  -3.6241989597588548E-010
          89   0.0000000000000000        0.0000000000000000     
  -8.7480956160929914E-009   2.3244730728377086E-010
   1.2473551788724664E-008  -4.0129821253676642E-010
          90   0.0000000000000000        0.0000000000000000     
  -8.7775430400677529E-009   2.4381666646950086E-010
   1.2550926694179103E-008  -4.6080801502486725E-010
          91   0.0000000000000000        0.0000000000000000     
  -8.8131736958745360E-009   2.5659096844011466E-010
   1.2652396759452745E-008  -5.5896361809952597E-010
          92   0.0000000000000000        0.0000000000000000     
  -8.8556766017842231E-009   2.7133554711035190E-010
   1.2779858874283877E-008  -7.3410826463999248E-010
          93   0.0000000000000000        0.0000000000000000     
  -8.9059483631771639E-009   2.8883260051420708E-010
   1.2902339726755987E-008  -1.0690891406749405E-009
          94   0.0000000000000000        0.0000000000000000     
  -8.9649368270684740E-009   3.1014420423053927E-010
   1.2823598505277381E-008  -1.6839406544011357E-009
          95   0.0000000000000000        0.0000000000000000     
  -9.0334992046275106E-009   3.3594112930465533E-010
   1.2037975979307823E-008  -2.2745495453923559E-009
          96   0.0000000000000000        0.0000000000000000     
  -9.1148229366516606E-009   3.6629117587140706E-010
   1.1059138861396175E-008  -1.8793345475731908E-009
          97   0.0000000000000000        0.0000000000000000     
  -9.2136752008633215E-009   4.0491045105587293E-010
   1.0846961003423312E-008  -1.1877350051439140E-009
          98   0.0000000000000000        0.0000000000000000     
  -9.3335748795740697E-009   4.5671605574754649E-010
   1.0953684721127236E-008  -7.8448358312209188E-010
          99   0.0000000000000000        0.0000000000000000     
  -9.4799469696958007E-009   5.2785513499334183E-010
   1.1089006415278208E-008  -5.7670358358963392E-010
         100   0.0000000000000000        0.0000000000000000     
  -9.6609104980189711E-009   6.2879286561370556E-010
   1.1198628623895042E-008  -4.6313215037510707E-010
         101   0.0000000000000000        0.0000000000000000     
  -9.8876378120382383E-009   7.7839969355326980E-010
   1.1281213276104410E-008  -3.9585644438586275E-010
         102   0.0000000000000000        0.0000000000000000     
  -1.0173960248810505E-008   1.0125309784915177E-009
   1.1342813450890455E-008  -3.5301906757339607E-010
         103   0.0000000000000000        0.0000000000000000     
  -1.0530087839152576E-008   1.4034845133997891E-009
   1.1388876571660733E-008  -3.2401287719686317E-010
         104   0.0000000000000000        0.0000000000000000     
  -1.0927084295200529E-008   2.1021692337671233E-009
   1.1423366279472241E-008  -3.0329898881045537E-010
         105   0.0000000000000000        0.0000000000000000     
  -1.1131837198177960E-008   3.3865717316032901E-009
   1.1449056029165876E-008  -2.8777913667541130E-010
         106   0.0000000000000000        0.0000000000000000     
  -1.0226462944233960E-008   5.3047581232490444E-009
   1.1467912787929402E-008  -2.7562822140551442E-010
         107   0.0000000000000000        0.0000000000000000     
  -7.4646452531470794E-009   5.9621202719248334E-009
   1.1481317068139989E-008  -2.6581283635410195E-010
         108   0.0000000000000000        0.0000000000000000     
  -5.6296889340067845E-009   4.2479262167880291E-009
   1.1490061219497400E-008  -2.5764916919469755E-010
         109   0.0000000000000000        0.0000000000000000     
  -5.5473904104551034E-009   2.6376358175199491E-009
   1.1494764548771936E-008  -2.5049071125528265E-010
         110   0.0000000000000000        0.0000000000000000     
  -5.9746058722350266E-009   1.7599650797304219E-009
   1.1495956799742772E-008  -2.4393510867090048E-010
         111   0.0000000000000000        0.0000000000000000     
  -6.4354530638840379E-009   1.3237793800513926E-009
   1.1493967035681630E-008  -2.3771479596842786E-010
         112   0.0000000000000000        0.0000000000000000     
  -6.8507065692795762E-009   1.1302472199622952E-009
   1.1488980784485127E-008  -2.3159863740007088E-010
         113   0.0000000000000000        0.0000000000000000     
  -7.2266388541709828E-009   1.1015350139062815E-009
   1.1481081501740487E-008  -2.2536045003609514E-010
         114   0.0000000000000000        0.0000000000000000     
  -7.5722250222475012E-009   1.2370657126573395E-009
   1.1470279418294339E-008  -2.1874547697824017E-010
         115   0.0000000000000000        0.0000000000000000     
  -7.8451236829583057E-009   1.6041112533890158E-009
   1.1456578891949112E-008  -2.1142691385893451E-010
         116   0.0000000000000000        0.0000000000000000     
  -7.8131181517202021E-009   2.2811708417309767E-009
   1.1440189916062538E-008  -2.0306061957799664E-010
         117   0.0000000000000000        0.0000000000000000     
  -7.0122426397559238E-009   2.8846127902808281E-009
   1.1421586907781563E-008  -1.9399649087620660E-010
         118   0.0000000000000000        0.0000000000000000     
  -5.9616920610873430E-009   2.4893225269432514E-009
   1.1399607707461684E-008  -1.8537779678516850E-010
         119   0.0000000000000000        0.0000000000000000     
  -5.6701416126204213E-009   1.6626487725481724E-009
   1.1372200432797217E-008  -1.7595009404132177E-010
         120   0.0000000000000000        0.0000000000000000     
  -5.8091053352733683E-009   1.1015819306695654E-009
   1.1339231931559077E-008  -1.6413876050471839E-010
         121   0.0000000000000000        0.0000000000000000     
  -6.0238090997379271E-009   7.8482718765156306E-010
   1.1300405121653759E-008  -1.4930560577724283E-010
         122   0.0000000000000000        0.0000000000000000     
  -6.2182666454617253E-009   6.0161926816334501E-010
   1.1254751894064730E-008  -1.3067425562368917E-010
         123   0.0000000000000000        0.0000000000000000     
  -6.3792387004010829E-009   4.8872015409072348E-010
   1.1200817168180092E-008  -1.0695694858289493E-010
         124   0.0000000000000000        0.0000000000000000     
  -6.5108421603844474E-009   4.1467126521892222E-010
   1.1136638612052130E-008  -7.6103448285844411E-011
         125   0.0000000000000000        0.0000000000000000     
  -6.6192187008893273E-009   3.6342032219574442E-010
   1.1059616731731809E-008  -3.4831465025729230E-011
         126   0.0000000000000000        0.0000000000000000     
  -6.7095293062330589E-009   3.2629895548293006E-010
   1.0966369600706941E-008   2.2293169959572157E-011
         127   0.0000000000000000        0.0000000000000000     
  -6.7856727248237235E-009   2.9833842241712165E-010
   1.0852761541105887E-008   1.0470129256707316E-010
         128   0.0000000000000000        0.0000000000000000     
  -6.8505240167824558E-009   2.7652078921289659E-010
   1.0714852440729976E-008   2.2972036549909698E-010
         129   0.0000000000000000        0.0000000000000000     
  -6.9062115030458365E-009   2.5889666317100977E-010
   1.0554305965590611E-008   4.3105622549616195E-010
         130   0.0000000000000000        0.0000000000000000     
  -6.9543687167647274E-009   2.4410818354790990E-010
   1.0403722164752516E-008   7.7119472026527148E-010
         131   0.0000000000000000        0.0000000000000000     
  -6.9964130533530093E-009   2.3118055059320983E-010
   1.0402791881802419E-008   1.3159990368892970E-009
         132   0.0000000000000000        0.0000000000000000     
  -7.0337321681041060E-009   2.1977217050326677E-010
   1.0847118629368299E-008   1.9026272670469202E-009
         133   0.0000000000000000        0.0000000000000000     
  -7.0667488094595240E-009   2.1043808666003222E-010
   1.1598548795852667E-008   1.9333287721982681E-009
         134   0.0000000000000000        0.0000000000000000     
  -7.0946553209710792E-009   2.0261085864196751E-010
   1.1901197448396056E-008   1.5259998906302157E-009
         135   0.0000000000000000        0.0000000000000000     
  -7.1178191595761209E-009   1.9492185598833675E-010
   1.1772371870453207E-008   1.3037391296648913E-009
         136   0.0000000000000000        0.0000000000000000     
  -7.1370176171465825E-009   1.8680789451971534E-010
   1.1541785386489672E-008   1.4371776085389311E-009
         137   0.0000000000000000        0.0000000000000000     
  -7.1528281425169166E-009   1.7797427479457928E-010
   1.1487229540135559E-008   1.9465515816015644E-009
         138   0.0000000000000000        0.0000000000000000     
  -7.1659606003543254E-009   1.6848963471058965E-010
   1.2026728141875304E-008   2.6347873909565189E-009
