   262144.00000000000     
         256           1           3
   1.7567330116226543E-005   57.898068880842999       -118.87081256140000     
   6.0401400154609997        12.000000000000000        6321.0000000000000     
           0   0.0000000000000000        0.0000000000000000     
   0.0000000000000000        0.0000000000000000     
   0.0000000000000000        0.0000000000000000     
           1  -1.0914288163013671E-009   6.2131974839450595E-011
  -6.9416079414786982E-009   3.1572992655703095E-010
   0.0000000000000000        0.0000000000000000     
           2  -1.1221049502678107E-009   9.1177714971533595E-011
  -7.0359352524223547E-009   4.3080856335123905E-010
   0.0000000000000000        0.0000000000000000     
           3  -1.1982354995498562E-009   1.3131613019174982E-010
  -7.3240923874187860E-009   5.8962247993079999E-010
   0.0000000000000000        0.0000000000000000     
           4  -1.3302106056182439E-009   1.9304551644618152E-010
  -7.8382415567090871E-009   8.3280655911784509E-010
   0.0000000000000000        0.0000000000000000     
           5  -1.5452605126372794E-009   2.9968036452942844E-010
  -8.6825321568087334E-009   1.2509342223235186E-009
   0.0000000000000000        0.0000000000000000     
           6  -1.9010138358623594E-009   5.1288119438393402E-010
  -1.0079768848400999E-008   2.0838392575440599E-009
   0.0000000000000000        0.0000000000000000     
           7  -2.5119698964162246E-009   1.0386306649667491E-009
  -1.2475423313541924E-008   4.1326224037780268E-009
   0.0000000000000000        0.0000000000000000     
           8  -3.3722664190527373E-009   2.7806369747392386E-009
  -1.5846487008390687E-008   1.0912357152620835E-008
   0.0000000000000000        0.0000000000000000     
           9  -1.9185988523294370E-010   6.7917295239939663E-009
  -3.5070724159432933E-009   2.6519603079718864E-008
   0.0000000000000000        0.0000000000000000     
          10   3.3907939344355107E-009   2.8489951163945990E-009
   1.0393592610909741E-008   1.1190795957504668E-008
   0.0000000000000000        0.0000000000000000     
          11   2.4609139616692209E-009   9.8378948307940020E-010
   6.7376997593085239E-009   3.9413319116873146E-009
   0.0000000000000000        0.0000000000000000     
          12   1.7940386543873427E-009   4.5084247895096138E-010
   4.0984487170948029E-009   1.8743134410688364E-009
   0.0000000000000000        0.0000000000000000     
          13   1.4043723970179028E-009   2.4520881974349593E-010
   2.5317607989715550E-009   1.0810710265906102E-009
   0.0000000000000000        0.0000000000000000     
          14   1.1618755277431008E-009   1.4692251165803872E-010
   1.5310538747421786E-009   7.0600997420125208E-010
   0.0000000000000000        0.0000000000000000     
          15   1.0016747089337483E-009   9.2719307503319393E-011
   8.4357782998001309E-010   5.0310269964512916E-010
   0.0000000000000000        0.0000000000000000     
          16   8.9122440358098937E-010   5.9577428519107899E-011
   3.4298619413268761E-010   3.8292388444368805E-010
   0.0000000000000000        0.0000000000000000     
          17   8.1323555375095151E-010   3.7625229276427323E-011
  -3.8926733859398751E-011   3.0713461947379035E-010
   0.0000000000000000        0.0000000000000000     
          18   7.5762392737746290E-010   2.2069607357079541E-011
  -3.4178878604307210E-010   2.5721301976708517E-010
   0.0000000000000000        0.0000000000000000     
          19   7.1832042911104400E-010   1.0365491209388130E-011
  -5.9000378614219967E-010   2.2337962220830715E-010
   0.0000000000000000        0.0000000000000000     
          20   6.9135707548796705E-010   1.0445099231400546E-012
  -7.9942001032432186E-010   2.0010110539680720E-010
   0.0000000000000000        0.0000000000000000     
          21   6.7441325960280555E-010  -6.7735399265628408E-012
  -9.8077682585856324E-010   1.8407391795661460E-010
   0.0000000000000000        0.0000000000000000     
          22   6.6572364453813136E-010  -1.3678510655931639E-011
  -1.1416262385157467E-009   1.7324123841234570E-010
   0.0000000000000000        0.0000000000000000     
          23   6.6421766390470642E-010  -2.0072800424950532E-011
  -1.2874829544698639E-009   1.6627926462472082E-010
   0.0000000000000000        0.0000000000000000     
          24   6.6916328133564918E-010  -2.6259565342035732E-011
  -1.4224384556262755E-009   1.6232175658260067E-010
   0.0000000000000000        0.0000000000000000     
          25   6.8019441646247003E-010  -3.2477790412732498E-011
  -1.5497123320539255E-009   1.6078997498510187E-010
   0.0000000000000000        0.0000000000000000     
          26   6.9716249228149382E-010  -3.8937145799020182E-011
  -1.6718668345809021E-009   1.6130258470506362E-010
   0.0000000000000000        0.0000000000000000     
          27   7.2021212424653854E-010  -4.5830006833118078E-011
  -1.7910146302282302E-009   1.6361667530614252E-010
   0.0000000000000000        0.0000000000000000     
          28   7.4940959363507005E-010  -5.3373409529085066E-011
  -1.9089948466181245E-009   1.6758940799698638E-010
   0.0000000000000000        0.0000000000000000     
          29   7.8527522065261563E-010  -6.1784616602208793E-011
  -2.0274241958726997E-009   1.7316086158188279E-010
   0.0000000000000000        0.0000000000000000     
          30   8.2844058821119507E-010  -7.1322318369065306E-011
  -2.1478141908478515E-009   1.8033981308977645E-010
   0.0000000000000000        0.0000000000000000     
          31   8.7969599336581683E-010  -8.2303064808806864E-011
  -2.2716167258351785E-009   1.8920141259569765E-010
   0.0000000000000000        0.0000000000000000     
          32   9.4030312542652215E-010  -9.5104343535830908E-011
  -2.4003431331852199E-009   1.9988510929751059E-010
   0.0000000000000000        0.0000000000000000     
          33   1.0116515118106049E-009  -1.1022544485390321E-010
  -2.5355417478807102E-009   2.1261013334972744E-010
   0.0000000000000000        0.0000000000000000     
          34   1.0956177083161309E-009  -1.2831150437640309E-010
  -2.6789227581844618E-009   2.2768797807494561E-010
   0.0000000000000000        0.0000000000000000     
          35   1.1946241705674609E-009  -1.5022240369149011E-010
  -2.8324253448599676E-009   2.4555117705102448E-010
   0.0000000000000000        0.0000000000000000     
          36   1.3118202270652808E-009  -1.7712871798271765E-010
  -2.9983212321011909E-009   2.6679703277798414E-010
   0.0000000000000000        0.0000000000000000     
          37   1.4512908797862965E-009  -2.1066385456076997E-010
  -3.1793703422681113E-009   2.9225532584813562E-010
   0.0000000000000000        0.0000000000000000     
          38   1.6186593849671416E-009  -2.5314407148115276E-010
  -3.3789524006752773E-009   3.2310399656079548E-010
   0.0000000000000000        0.0000000000000000     
          39   1.8213509403922147E-009  -3.0798087123906548E-010
  -3.6014518850277112E-009   3.6104395748175211E-010
   0.0000000000000000        0.0000000000000000     
          40   2.0697151024039261E-009  -3.8033034152250412E-010
  -3.8526301617436918E-009   4.0861586116191651E-010
   0.0000000000000000        0.0000000000000000     
          41   2.3784200878836496E-009  -4.7828772396589417E-010
  -4.1403289879518778E-009   4.6975537644644836E-010
   0.0000000000000000        0.0000000000000000     
          42   2.7688356090088000E-009  -6.1513256959362912E-010
  -4.4755906000317729E-009   5.5084002544438411E-010
   0.0000000000000000        0.0000000000000000     
          43   3.2731756726645096E-009  -8.1382597356194188E-010
  -4.8745525660369048E-009   6.6278429038786824E-010
   0.0000000000000000        0.0000000000000000     
          44   3.9411725745804841E-009  -1.1167740297128193E-009
  -5.3616999361894891E-009   8.2556217501942237E-010
   0.0000000000000000        0.0000000000000000     
          45   4.8529432667677449E-009  -1.6088117703703904E-009
  -5.9755801484883202E-009   1.0788813288536034E-009
   0.0000000000000000        0.0000000000000000     
          46   6.1376737539330076E-009  -2.4779563865803636E-009
  -6.7775338846433810E-009   1.5103049405727427E-009
   0.0000000000000000        0.0000000000000000     
          47   7.9798270777811599E-009  -4.1965699500552206E-009
  -7.8543091489931496E-009   2.3390344134080279E-009
   0.0000000000000000        0.0000000000000000     
          48   1.0374354750368713E-008  -8.1099670887097313E-009
  -9.2038011263796834E-009   4.1876480406598458E-009
   0.0000000000000000        0.0000000000000000     
          49   1.0460156051218761E-008  -1.7569895409014149E-008
  -9.5005223154962892E-009   8.6015978942929144E-009
   0.0000000000000000        0.0000000000000000     
          50  -4.4167924852840764E-009  -2.5987768177201377E-008
  -2.9092403273443819E-009   1.2514157966318482E-008
   0.0000000000000000        0.0000000000000000     
          51  -1.5173619428855532E-008  -1.4523631343968019E-008
   1.7111277126766129E-009   7.2490099329977831E-009
   0.0000000000000000        0.0000000000000000     
          52  -1.3694567856349781E-008  -6.6145431449372915E-009
   6.4351117188558191E-010   3.6569060743140906E-009
   0.0000000000000000        0.0000000000000000     
          53  -1.1324063237662334E-008  -3.4204580127419582E-009
  -8.7170940372589786E-010   2.2566016749747598E-009
   0.0000000000000000        0.0000000000000000     
          54  -9.6265962575987643E-009  -1.9766908890453117E-009
  -2.1235853881835259E-009   1.6772112087738793E-009
   0.0000000000000000        0.0000000000000000     
          55  -8.4742719940041757E-009  -1.2223940909914872E-009
  -3.1827278364158030E-009   1.4316152123354899E-009
   0.0000000000000000        0.0000000000000000     
          56  -7.6824758397856901E-009  -7.7953506397454597E-010
  -4.1467862934616017E-009   1.3495228696462559E-009
   0.0000000000000000        0.0000000000000000     
          57  -7.1322021635672622E-009  -4.9408071571765900E-010
  -5.0859910546093544E-009   1.3655128915179267E-009
   0.0000000000000000        0.0000000000000000     
          58  -6.7503692982018900E-009  -2.9491005990231150E-010
  -6.0531079290387637E-009   1.4545353853311676E-009
   0.0000000000000000        0.0000000000000000     
          59  -6.4925578806622381E-009  -1.4578494442254753E-010
  -7.0936847599962065E-009   1.6106843668067783E-009
   0.0000000000000000        0.0000000000000000     
          60  -6.3307254280750558E-009  -2.6609682871812483E-011
  -8.2537083046492285E-009   1.8402274657592951E-009
   0.0000000000000000        0.0000000000000000     
          61  -6.2468786061192404E-009   7.4519334452290631E-011
  -9.5860525460441311E-009   2.1606731370097988E-009
   0.0000000000000000        0.0000000000000000     
          62  -6.2294703220185488E-009   1.6491666015959449E-010
  -1.1157817093318716E-008   2.6038546168772192E-009
   0.0000000000000000        0.0000000000000000     
          63  -6.2703231126250307E-009   2.4895927494330821E-010
  -1.3060159602296644E-008   3.2239321716824614E-009
   0.0000000000000000        0.0000000000000000     
          64  -6.3646828712463649E-009   3.2809214905701515E-010
  -1.5423290946498367E-008   4.1142152545863737E-009
   0.0000000000000000        0.0000000000000000     
          65  -6.5071344467459606E-009   3.9973194565783798E-010
  -1.8441593897706170E-008   5.4427987158356084E-009
   0.0000000000000000        0.0000000000000000     
          66  -6.6916420806163331E-009   4.5247577585370387E-010
  -2.2413974883974099E-008   7.5335762108191390E-009
   0.0000000000000000        0.0000000000000000     
          67  -6.9074433981484010E-009   4.5269326133191465E-010
  -2.7803442530634963E-008   1.1067528607041245E-008
   0.0000000000000000        0.0000000000000000     
          68  -7.1419295211824050E-009   3.0387701100450162E-010
  -3.5256270190292624E-008   1.7639242278242866E-008
   0.0000000000000000        0.0000000000000000     
          69  -7.4351332551751947E-009  -2.8260188514127160E-010
  -4.4999379129033052E-008   3.1423289847706913E-008
   0.0000000000000000        0.0000000000000000     
          70  -8.3892442302877822E-009  -2.0973793789788738E-009
  -5.0907651084994032E-008   6.3052669880884334E-008
   0.0000000000000000        0.0000000000000000     
          71  -1.3492590855347360E-008  -4.8462967884793911E-009
  -1.3442399982216081E-008   1.1105160130149647E-007
   0.0000000000000000        0.0000000000000000     
          72  -2.1948880281727365E-008  -5.4754119001776337E-010
   5.3891354781869177E-008   8.6993977863586010E-008
   0.0000000000000000        0.0000000000000000     
          73  -2.6057154051591548E-008   7.6745517514400779E-009
   5.9296617457868191E-008   4.3638884545278546E-008
   0.0000000000000000        0.0000000000000000     
          74  -2.8551654304276094E-008   1.8894345343611043E-008
   4.8586072044736977E-008   2.5587016471761248E-008
   0.0000000000000000        0.0000000000000000     
          75  -2.2622430104912611E-008   3.7730456374431246E-008
   4.1265726515246455E-008   2.0676729527460115E-008
   0.0000000000000000        0.0000000000000000     
          76   5.1100850425755053E-009   4.5185055036756761E-008
   4.1374812198234348E-008   1.7661611737744139E-008
   0.0000000000000000        0.0000000000000000     
          77   2.0238974863647222E-008   2.6844382373528068E-008
   4.0398394978109690E-008   1.0854271549734800E-008
   0.0000000000000000        0.0000000000000000     
          78   1.8748640352252405E-008   1.3846176681676497E-008
   3.6929814693598449E-008   6.2863394791324234E-009
   0.0000000000000000        0.0000000000000000     
          79   1.5035598820011561E-008   7.8409605017122518E-009
   3.3845881159146522E-008   3.8342780742524177E-009
   0.0000000000000000        0.0000000000000000     
          80   1.1997066932463480E-008   4.9249623858931699E-009
   3.1552736904958182E-008   2.3812324022580732E-009
   0.0000000000000000        0.0000000000000000     
          81   9.7244215623651271E-009   3.3622030495815380E-009
   2.9916489535794610E-008   1.4108713207198798E-009
   0.0000000000000000        0.0000000000000000     
          82   8.0036496543459028E-009   2.4538831513977458E-009
   2.8792780002085105E-008   6.9203112977772138E-010
   0.0000000000000000        0.0000000000000000     
          83   6.6578704142872596E-009   1.8950161448609162E-009
   2.8082447772188755E-008   1.0788285924865125E-010
   0.0000000000000000        0.0000000000000000     
          84   5.5648129640250810E-009   1.5399714576528075E-009
   2.7725283009396976E-008  -4.0979308650112667E-010
   0.0000000000000000        0.0000000000000000     
          85   4.6427216344404493E-009   1.3141002075478766E-009
   2.7689850100503725E-008  -9.0802706610480752E-010
   0.0000000000000000        0.0000000000000000     
          86   3.8330941233590194E-009   1.1775501177926767E-009
   2.7968368482713867E-008  -1.4262304531172724E-009
   0.0000000000000000        0.0000000000000000     
          87   3.0924269177291185E-009   1.1093302240387766E-009
   2.8574421660096945E-008  -2.0050642199021969E-009
   0.0000000000000000        0.0000000000000000     
          88   2.3858947391071557E-009   1.1001021791572745E-009
   2.9545082628537421E-008  -2.6949803141653652E-009
   0.0000000000000000        0.0000000000000000     
          89   1.6815245237383941E-009   1.1493430013748759E-009
   3.0946164855945981E-008  -3.5679447886835264E-009
   0.0000000000000000        0.0000000000000000     
          90   9.4803955389908211E-010   1.2651173201720630E-009
   3.2882764187681499E-008  -4.7377186487419406E-009
   0.0000000000000000        0.0000000000000000     
          91   1.4991419909969233E-010   1.4666080689866542E-009
   3.5516713401823130E-008  -6.3998011040355533E-009
   0.0000000000000000        0.0000000000000000     
          92  -7.5754926003466605E-010   1.7905377657433779E-009
   3.9090531340608136E-008  -8.9178552412945546E-009
   0.0000000000000000        0.0000000000000000     
          93  -1.8297872304063492E-009   2.3050074347494941E-009
   4.3942540630303266E-008  -1.3027460679176495E-008
   0.0000000000000000        0.0000000000000000     
          94  -3.1403440645421160E-009   3.1400562570265801E-009
   5.0396530734307288E-008  -2.0352458365370355E-008
   0.0000000000000000        0.0000000000000000     
          95  -4.7716294573890967E-009   4.5563873531043822E-009
   5.7807764993800068E-008  -3.4694228589177655E-008
   0.0000000000000000        0.0000000000000000     
          96  -6.7567258335939065E-009   7.1127289724500625E-009
   5.8873077237122773E-008  -6.3419403558973929E-008
   0.0000000000000000        0.0000000000000000     
          97  -8.6727113413858792E-009   1.2160154020575405E-008
   2.5868436046480017E-008  -9.8769506654204400E-008
   0.0000000000000000        0.0000000000000000     
          98  -6.7012380352089830E-009   2.1695819902363677E-008
  -2.6292813671638880E-008  -8.5067210076530232E-008
   0.0000000000000000        0.0000000000000000     
          99   6.4943504899415865E-009   2.7778372943114930E-008
  -4.0639705178613243E-008  -5.1818201771734480E-008
   0.0000000000000000        0.0000000000000000     
         100   1.7347956637692950E-008   1.9520898034330061E-008
  -3.7772406627938564E-008  -2.9885329507819845E-008
   0.0000000000000000        0.0000000000000000     
         101   1.7863878801847066E-008   1.0907203580312469E-008
  -3.0788314902634921E-008  -1.7784954043134503E-008
   0.0000000000000000        0.0000000000000000     
         102   1.5421102420413377E-008   6.4241371341408756E-009
  -2.4452077169083609E-008  -1.1465815130902227E-008
   0.0000000000000000        0.0000000000000000     
         103   1.2707588824378933E-008   4.3311887226268604E-009
  -1.9502800230075882E-008  -7.9646836537904937E-009
   0.0000000000000000        0.0000000000000000     
         104   9.9221700451179915E-009   3.5887290245416489E-009
  -1.5678533130819075E-008  -5.8773515202232332E-009
   0.0000000000000000        0.0000000000000000     
         105   6.6079856976372272E-009   4.0816732001460725E-009
  -1.2662330918691746E-008  -4.5574251203209711E-009
   0.0000000000000000        0.0000000000000000     
         106   1.8566518346539664E-009   7.0247070115694387E-009
  -1.0217191244229747E-008  -3.6869535236249622E-009
   0.0000000000000000        0.0000000000000000     
         107  -4.1914377408613788E-009   1.8946163754739793E-008
  -8.1779867026779654E-009  -3.0978598440320725E-009
   0.0000000000000000        0.0000000000000000     
         108   2.0577761491582596E-008   4.4107287098355674E-008
  -6.4290260816883224E-009  -2.6958186383828094E-009
   0.0000000000000000        0.0000000000000000     
         109   4.0921194740902467E-008   1.5989759979943262E-008
  -4.8871156007587271E-009  -2.4255208417963511E-009
   0.0000000000000000        0.0000000000000000     
         110   3.5263828544821990E-008   4.2715333974019989E-009
  -3.4902016085152341E-009  -2.2537557461680074E-009
   0.0000000000000000        0.0000000000000000     
         111   3.1895808022408927E-008   3.9758294567645608E-010
  -2.1897447201429871E-009  -2.1607452914103383E-009
   0.0000000000000000        0.0000000000000000     
         112   3.0580796980546127E-008  -1.6400151599353218E-009
  -9.4571289016660874E-010  -2.1355816296191675E-009
   0.0000000000000000        0.0000000000000000     
         113   3.0562398256827471E-008  -3.2364909253171755E-009
   2.7705623990862505E-010  -2.1739136826078782E-009
   0.0000000000000000        0.0000000000000000     
         114   3.1530922058589025E-008  -4.9064092239580738E-009
   1.5117037359314611E-009  -2.2770430502171407E-009
   0.0000000000000000        0.0000000000000000     
         115   3.3418252410143348E-008  -7.0116553568496514E-009
   2.7918517790497090E-009  -2.4521475539865793E-009
   0.0000000000000000        0.0000000000000000     
         116   3.6291254632939810E-008  -1.0012723677220749E-008
   4.1540118045063344E-009  -2.7137751683258860E-009
   0.0000000000000000        0.0000000000000000     
         117   4.0264108606000283E-008  -1.4712105016758489E-008
   5.6396301166948779E-009  -3.0872865288312493E-009
   0.0000000000000000        0.0000000000000000     
         118   4.5220313134862350E-008  -2.2699698690819082E-008
   7.2957979716010472E-009  -3.6157968658254765E-009
   0.0000000000000000        0.0000000000000000     
         119   4.9580606055608864E-008  -3.7106888037813576E-008
   9.1681555931672563E-009  -4.3718902325977097E-009
   0.0000000000000000        0.0000000000000000     
         120   4.5674976542771277E-008  -6.1683906111216222E-008
   1.1265343511852634E-008  -5.4560898785073644E-009
   0.0000000000000000        0.0000000000000000     
         121   1.6368591462431309E-008  -8.5278827900874821E-008
   1.3547351814271450E-008  -6.8703290407055400E-009
   0.0000000000000000        0.0000000000000000     
         122  -2.2968937030431728E-008  -7.4253614304392513E-008
   1.6329563210542659E-008  -8.5136680739926154E-009
   0.0000000000000000        0.0000000000000000     
         123  -3.5239688262959601E-008  -4.7215530369749317E-008
   2.0142907685896090E-008  -1.0939050172999428E-008
   0.0000000000000000        0.0000000000000000     
         124  -3.1929272219375288E-008  -2.9659381970113078E-008
   2.5107401954870869E-008  -1.5049465355831802E-008
   0.0000000000000000        0.0000000000000000     
         125  -2.5673334851448455E-008  -2.0937995775231473E-008
   3.1262885727153340E-008  -2.2191504984584783E-008
   0.0000000000000000        0.0000000000000000     
         126  -1.9875801489325658E-008  -1.7643001572920127E-008
   3.7948858859817400E-008  -3.5154925916654594E-008
   0.0000000000000000        0.0000000000000000     
         127  -1.5798250051953600E-008  -1.8500223502050568E-008
   4.0572073378704183E-008  -5.8999215270262052E-008
   0.0000000000000000        0.0000000000000000     
         128  -1.6338440934670372E-008  -2.2418670661104101E-008
   2.1891101021173984E-008  -9.3835601930870616E-008
   0.0000000000000000        0.0000000000000000     
         129  -2.3274944836080510E-008  -2.2560192550949837E-008
  -3.0132143863210440E-008  -1.0399613089774594E-007
   0.0000000000000000        0.0000000000000000     
         130  -2.7337596606934517E-008  -1.5723855935934117E-008
  -6.4054527354494133E-008  -7.1637038078763622E-008
   0.0000000000000000        0.0000000000000000     
         131  -2.6280317631498710E-008  -9.6941809215154545E-009
  -6.6690813548124359E-008  -4.1633079049041330E-008
   0.0000000000000000        0.0000000000000000     
         132  -2.4012489936247305E-008  -6.1671620025533439E-009
  -6.0493035534136375E-008  -2.4695553242639203E-008
   0.0000000000000000        0.0000000000000000     
         133  -2.1965232882142334E-008  -4.1006447654995415E-009
  -5.4049904617649702E-008  -1.5442508870989193E-008
   0.0000000000000000        0.0000000000000000     
         134  -2.0356697052752730E-008  -2.7720975341736332E-009
  -4.8904735021194470E-008  -1.0045668019381420E-008
   0.0000000000000000        0.0000000000000000     
         135  -1.9150813139900475E-008  -1.8178943689430404E-009
  -4.5037235013160212E-008  -6.6369538007041469E-009
   0.0000000000000000        0.0000000000000000     
         136  -1.8286427628574564E-008  -1.0438188509776322E-009
  -4.2197339434024039E-008  -4.3058996521648393E-009
   0.0000000000000000        0.0000000000000000     
         137  -1.7719249817928132E-008  -3.2308170799808483E-010
  -4.0164429514931402E-008  -2.5766649605514489E-009
   0.0000000000000000        0.0000000000000000     
         138  -1.7421977734139871E-008   4.5936551062514489E-010
  -3.8779546820682098E-008  -1.1739015953517071E-009
   0.0000000000000000        0.0000000000000000     
