   262144.00000000000     
         256           1           3
   1.7567330116226543E-005   57.898068880842999       -118.87081256140000     
   6.0401400154609997        12.000000000000000        6321.0000000000000     
           0   0.0000000000000000        0.0000000000000000     
   0.0000000000000000        0.0000000000000000     
   0.0000000000000000        0.0000000000000000     
           1   1.8377771458584652E-009  -7.7414913964723384E-011
   5.7474592112140711E-009  -1.1563156329627585E-010
   2.0167749742694095E-009  -2.6655465778069821E-011
           2   1.8728641609169653E-009  -1.1116645625767825E-010
   5.6783493216229298E-009  -1.0460839192129429E-010
   1.9712548318624997E-009  -9.1283173381317173E-012
           3   1.9628527094687259E-009  -1.5749145821571918E-010
   5.6196707676360078E-009  -9.0918651728143426E-011
   1.9106884526771383E-009   1.4234421480269374E-011
           4   2.1195880362631748E-009  -2.2834106060341407E-010
   5.5530753274841811E-009  -7.0725183391719149E-011
   1.8221904420410506E-009   4.9618657050948612E-011
           5   2.3741730252718293E-009  -3.5043003412705148E-010
   5.4650077080104952E-009  -3.6404574312206619E-011
   1.6876597237115093E-009   1.1036388423700888E-010
           6   2.7948110613859737E-009  -5.9460515494344256E-010
   5.3344111749934139E-009   3.1943628142558474E-011
   1.4725419387950130E-009   2.3173933761718486E-010
           7   3.5172936727452619E-009  -1.1985625103077311E-009
   5.1223226730865180E-009   2.0090398060616625E-010
   1.1088756923745181E-009   5.3195124261740920E-010
           8   4.5452566865734089E-009  -3.2115625074732704E-009
   4.8268727837011008E-009   7.6424924722260998E-010
   5.9417257831513012E-010   1.5327362550480356E-009
           9   9.1146902057294307E-010  -7.9088454114235647E-009
   5.8382393305003123E-009   2.0791544302152302E-009
   2.3981901673752994E-009   3.8684581652262898E-009
          10  -3.2854276858803520E-009  -3.3773664942780803E-009
   7.0092003410293837E-009   8.1022344250624532E-010
   4.4836438580435742E-009   1.6152149945045636E-009
          11  -2.2169586171753170E-009  -1.2021485831022393E-009
   6.7073253450763286E-009   2.0074984494345051E-010
   3.9513948557219187E-009   5.3330976941599818E-010
          12  -1.4355725536494613E-009  -5.7698679856420585E-010
   6.4871226761350029E-009   2.5180196545190816E-011
   3.5625087099783587E-009   2.2214382483710715E-010
          13  -9.7050932298332290E-010  -3.3542371684409223E-010
   6.3565811495009974E-009  -4.3066372197518147E-011
   3.3314112463605192E-009   1.0169694835793014E-010
          14  -6.7334837009150493E-010  -2.2049603348404582E-010
   6.2741126466439289E-009  -7.5938125374234935E-011
   3.1842290911958684E-009   4.4184280373813050E-011
          15  -4.6892240017868488E-010  -1.5795885510471802E-010
   6.2187564699501474E-009  -9.4224250955345123E-011
   3.0838168561577650E-009   1.2691789453830390E-011
          16  -3.2002661949865955E-010  -1.2073563980924151E-010
   6.1799830886088397E-009  -1.0551719912157150E-010
   3.0115441053746604E-009  -6.2534495543352119E-012
          17  -2.0639621201821787E-010  -9.7171955410422227E-011
   6.1522053721782048E-009  -1.1308372391639365E-010
   2.9573375632728194E-009  -1.8450605881275470E-011
          18  -1.1625590034019273E-010  -8.1620577008836902E-011
   6.1321014603802316E-009  -1.1851725105176537E-010
   2.9153465212665484E-009  -2.6712263431103046E-011
          19  -4.2078311032821272E-011  -7.1081207664167529E-011
   6.1176740573149882E-009  -1.2266636665749535E-010
   2.8819629048370482E-009  -3.2530459591182239E-011
          20   2.0382125037094786E-011  -6.3878628647765822E-011
   6.1076214690883028E-009  -1.2602078437854143E-010
   2.8548488920748090E-009  -3.6753633480826854E-011
          21   7.4595055828748948E-011  -5.8991429780485878E-011
   6.1011111820820183E-009  -1.2887995857091183E-010
   2.8324261158742948E-009  -3.9891554533698123E-011
          22   1.2271792901984370E-010  -5.5796528696851906E-011
   6.0976160441050248E-009  -1.3143767437046054E-010
   2.8135911259511493E-009  -4.2264369335040770E-011
          23   1.6667430318887283E-010  -5.3883740170192979E-011
   6.0966885655851812E-009  -1.3383392047557031E-010
   2.7975488393984680E-009  -4.4080430837440936E-011
          24   2.0761655300196310E-010  -5.2999637265192794E-011
   6.0981205528788241E-009  -1.3616764755811101E-010
   2.7837107139606907E-009  -4.5479211504713031E-011
          25   2.4655369773474147E-010  -5.2978917835894278E-011
   6.1017659558871748E-009  -1.3851966019393832E-010
   2.7716301521336891E-009  -4.6556048763428412E-011
          26   2.8413442365312962E-010  -5.3727820012453837E-011
   6.1075273825179066E-009  -1.4096172861982909E-010
   2.7609600807768172E-009  -4.7376948528570729E-011
          27   3.2143372470416846E-010  -5.5178151042749588E-011
   6.1154588692112486E-009  -1.4355676492054781E-010
   2.7514242364741834E-009  -4.7987693137701261E-011
          28   3.5891078833375271E-010  -5.7320989306361834E-011
   6.1255879893442750E-009  -1.4637377565272372E-010
   2.7427970473586183E-009  -4.8419549109100784E-011
          29   3.9716919310485784E-010  -6.0172876394089850E-011
   6.1380293733536161E-009  -1.4948611058044678E-010
   2.7348891256906259E-009  -4.8692845095091452E-011
          30   4.3702308374419791E-010  -6.3773068697218625E-011
   6.1529381407238145E-009  -1.5297915533493800E-010
   2.7275363362149416E-009  -4.8819146866191831E-011
          31   4.7865653685173505E-010  -6.8220308586825470E-011
   6.1706009420414303E-009  -1.5695127131337787E-010
   2.7205911197419548E-009  -4.8802433517616848E-011
          32   5.2295501019088229E-010  -7.3625719981341487E-011
   6.1913222500286353E-009  -1.6152812738550491E-010
   2.7139152178965524E-009  -4.8639473590323964E-011
          33   5.7066934825288831E-010  -8.0156696193315085E-011
   6.2155260062802120E-009  -1.6686766791359019E-010
   2.7073729428683830E-009  -4.8319466248038860E-011
          34   6.2267194181031345E-010  -8.8042560045467267E-011
   6.2437604443579641E-009  -1.7317493212243138E-010
   2.7008244169769523E-009  -4.7822869992172207E-011
          35   6.8007523726545451E-010  -9.7593867282573814E-011
   6.2767743289301421E-009  -1.8071960140171646E-010
   2.6941180447827609E-009  -4.7119195415882606E-011
          36   7.4402711660920154E-010  -1.0924727838886354E-010
   6.3154117269921693E-009  -1.8987456095459836E-010
   2.6870813421773209E-009  -4.6163316290238161E-011
          37   8.1621463227704559E-010  -1.2360189628119149E-010
   6.3609252096946196E-009  -2.0114798331887133E-010
   2.6795089355243505E-009  -4.4889487877087308E-011
          38   8.9872896765775281E-010  -1.4151457243769397E-010
   6.4149308531485383E-009  -2.1526455794376404E-010
   2.6711458497264184E-009  -4.3201615684936752E-011
          39   9.9433826552318525E-010  -1.6423598501264888E-010
   6.4796179111501719E-009  -2.3328190012074674E-010
   2.6616631481224926E-009  -4.0957084769386062E-011
          40   1.1068021346998379E-009  -1.9364778012439262E-010
   6.5580122282212937E-009  -2.5679299713200540E-010
   2.6506209324825513E-009  -3.7939009644652486E-011
          41   1.2411186237521624E-009  -2.3269602119095080E-010
   6.6543960158467044E-009  -2.8828731142812795E-010
   2.6374100227346533E-009  -3.3806599224123455E-011
          42   1.4053462430514500E-009  -2.8614601100645562E-010
   6.7749940396571711E-009  -3.3182951729233584E-010
   2.6211567754890253E-009  -2.8001764866606830E-011
          43   1.6104744193459263E-009  -3.6223435177848597E-010
   6.9291406201303746E-009  -3.9441586853144585E-010
   2.6005623725612775E-009  -1.9562335434349075E-011
          44   1.8738178232055725E-009  -4.7605460491820607E-010
   7.1312942867914557E-009  -4.8889472503701469E-010
   2.5736248535660773E-009  -6.7198268139684017E-012
          45   2.2228843637484054E-009  -6.5764158668151523E-010
   7.4045114227027748E-009  -6.4084458216002921E-010
   2.5371605566697857E-009   1.4047979665560899E-011
          46   2.7015950335378360E-009  -9.7317367848317421E-010
   7.7856637311735170E-009  -9.0662277626194630E-010
   2.4860853780019578E-009   5.0503292292206929E-011
          47   3.3712462114489286E-009  -1.5878867870319413E-009
   8.3260526034253249E-009  -1.4268693477802073E-009
   2.4133302546907316E-009   1.2201876424607824E-010
          48   4.2215717257182766E-009  -2.9687289063084036E-009
   9.0150382965908717E-009  -2.5985692065521152E-009
   2.3203566083054684E-009   2.8327991503723224E-010
          49   4.2377910052786763E-009  -6.2600278161127323E-009
   8.9858271913007827E-009  -5.3915727186676605E-009
   2.3265874465181234E-009   6.6788931610593242E-010
          50  -9.2717009598519705E-010  -9.0914385518261800E-009
   4.5485067229562967E-009  -7.7763301834896063E-009
   2.9403395879028894E-009   9.9625773817316530E-010
          51  -4.5250265399153889E-009  -5.0515675968171379E-009
   1.4615061374008991E-009  -4.3215703975640492E-009
   3.3683593874425202E-009   5.2018221503643462E-010
          52  -3.8940894940335938E-009  -2.3280937455469699E-009
   1.9619944716246841E-009  -1.9983746636484717E-009
   3.3024797880709789E-009   1.9997655710388940E-010
          53  -2.9780933544586200E-009  -1.2485397074863622E-009
   2.6943933749974855E-009  -1.0726536972312170E-009
   3.2049851857724404E-009   7.2264068105349310E-011
          54  -2.2993931181882190E-009  -7.7398696232252509E-010
   3.2168582147943269E-009  -6.5897727309736475E-010
   3.1367814870561149E-009   1.5058703018408528E-011
          55  -1.8050839642882036E-009  -5.3751521890255904E-010
   3.5744630664387504E-009  -4.4512833137457369E-010
   3.0917118744652778E-009  -1.4666150452862076E-011
          56  -1.4269566500449368E-009  -4.0966454386854957E-010
   3.8241623939776748E-009  -3.2079136032653807E-010
   3.0620048353940259E-009  -3.2131066815708100E-011
          57  -1.1211191040709097E-009  -3.3840761656821171E-010
   4.0022020008744390E-009  -2.4128564450878374E-010
   3.0427599523121021E-009  -4.3527028023457815E-011
          58  -8.5942675150897751E-010  -3.0036244484187442E-010
   4.1304879094247284E-009  -1.8609605402037803E-010
   3.0310982794699921E-009  -5.1733664284667236E-011
          59  -6.2335482571316070E-010  -2.8427908772633703E-010
   4.2224053975350579E-009  -1.4476733350519194E-010
   3.0253664855517599E-009  -5.8273804183494569E-011
          60  -3.9956176352509682E-010  -2.8471778227773499E-010
   4.2863018485359571E-009  -1.1146252376423864E-010
   3.0246858712879982E-009  -6.4081241831964042E-011
          61  -1.7739770398500016E-010  -2.9943873342445379E-010
   4.3274139429947423E-009  -8.2625483614949267E-011
   3.0287280966595382E-009  -6.9855001135692538E-011
          62   5.2693628523193497E-011  -3.2832490495400952E-010
   4.3489490903449486E-009  -5.5880333540044396E-011
   3.0376330952145241E-009  -7.6270055617496852E-011
          63   3.0037284298538453E-010  -3.7306760780549344E-010
   4.3527027264178017E-009  -2.9474457160088468E-011
   3.0520354750413213E-009  -8.4167441122697220E-011
          64   5.7651745396302532E-010  -4.3737762861540283E-010
   4.3394160667058334E-009  -1.9941304179978769E-012
   3.0732055383955516E-009  -9.4822998129749768E-011
          65   8.9450742368115362E-010  -5.2777778660580817E-010
   4.3089899887149792E-009   2.7726840109157477E-011
   3.1033501945749931E-009  -1.1045572996091510E-010
          66   1.2719690906359449E-009  -6.5536452754673990E-010
   4.2606242094258209E-009   6.0418492473865218E-011
   3.1461597018657639E-009  -1.3535855195245265E-010
          67   1.7331382578618853E-009  -8.3964408706231172E-010
   4.1929014712908720E-009   9.5459734163081424E-011
   3.2076471345246122E-009  -1.7873095629415124E-010
          68   2.3128524214994170E-009  -1.1175333890477027E-009
   4.1030982899693915E-009   1.2759577884721675E-010
   3.2964917328930478E-009  -2.6261785874298341E-010
          69   3.0549166328931913E-009  -1.5670760509762871E-009
   3.9813465512625198E-009   1.3566927307335776E-010
   3.4156474246865390E-009  -4.4606728804904160E-010
          70   3.9643547404970138E-009  -2.3629794685286351E-009
   3.7604310443767653E-009   5.4937585277614139E-011
   3.4769983002595707E-009  -8.8301382412800214E-010
          71   4.7486763139135967E-009  -3.6459779746982119E-009
   3.0873309631733941E-009  -6.3805625774961785E-011
   2.9002510100695001E-009  -1.5597815281530165E-009
          72   5.6201635588562333E-009  -4.8613914833205436E-009
   2.0173629319952769E-009   6.0752572586440979E-010
   1.8457210331062948E-009  -1.1703850372376535E-009
          73   7.5468883065982035E-009  -7.1929438706098938E-009
   1.2950954512311547E-009   1.8914022706531611E-009
   1.6664033416249580E-009  -4.1932106584735058E-010
          74   9.4359013997486621E-009  -1.2820713859065460E-008
   7.8285190594533452E-010   3.9842369628678141E-009
   1.7409536887018221E-009   1.0383883278180140E-010
          75   5.9710040943026635E-009  -2.3719569465710806E-008
   2.0224166421439765E-009   7.6513609255117334E-009
   2.0076197599226780E-009   6.5955191967914784E-010
          76  -1.0925998180125916E-008  -2.7675281083727418E-008
   7.5895797918867054E-009   8.9430813646979172E-009
   2.7540159698136370E-009   8.7342209674050236E-010
          77  -1.9955443290024142E-008  -1.6052187959892008E-008
   1.0491224730629858E-008   5.1538723723258521E-009
   3.1631498468322504E-009   4.5998778492337907E-010
          78  -1.8947477543631262E-008  -7.9347971467242592E-009
   1.0103311616989017E-008   2.5436499961161000E-009
   3.1689645918750945E-009   1.7194679923214331E-010
          79  -1.6733503849029027E-008  -4.1553379489388977E-009
   9.3193187146308609E-009   1.3533093701515906E-009
   3.1181267024157620E-009   4.3868664539628124E-011
          80  -1.5041490654157321E-008  -2.2724976751659033E-009
   8.6949974511333610E-009   7.8077437083016395E-010
   3.0794979398691101E-009  -1.5915088406118290E-011
          81  -1.3905035353577621E-008  -1.2102911027389614E-009
   8.2369172360729690E-009   4.7639330370523950E-010
   3.0560013954361619E-009  -4.7080208364215493E-011
          82  -1.3187219648416314E-008  -5.3464035502632798E-010
   7.8972953837393755E-009   3.0072000690861488E-010
   3.0434940552910127E-009  -6.5198830520858560E-011
          83  -1.2781167118754943E-008  -5.3346449513189296E-011
   7.6383139706619479E-009   1.9328132455185002E-010
   3.0386023054791610E-009  -7.6911243137207159E-011
          84  -1.2619694555089309E-008   3.2913654557246924E-010
   7.4345437567922433E-009   1.2532674383885460E-010
   3.0391717885332523E-009  -8.5348334871876544E-011
          85  -1.2664545690778622E-008   6.6676073279883801E-010
   7.2690293520847812E-009   8.2144710765056536E-011
   3.0439090552886473E-009  -9.2143612557181812E-011
          86  -1.2897875712207718E-008   9.9510689378872077E-010
   7.1301150274230890E-009   5.5850929931305946E-011
   3.0520805017222995E-009  -9.8252184833347209E-011
          87  -1.3317525866054433E-008   1.3426895589991052E-009
   7.0093947510775767E-009   4.2214099021986276E-011
   3.0633294538603008E-009  -1.0432151021963867E-010
          88  -1.3935253568244662E-008   1.7378531750860472E-009
   6.9004145743685543E-009   3.9198185424213861E-011
   3.0775781520379483E-009  -1.1088456348508868E-010
          89  -1.4777217546908215E-008   2.2147194061053492E-009
   6.7978495503664070E-009   4.6328321289441246E-011
   3.0949863170389271E-009  -1.1848652796318804E-010
          90  -1.5887391554191467E-008   2.8205735584520486E-009
   6.6967443633393734E-009   6.4522164148825479E-011
   3.1159509811800617E-009  -1.2780210844059079E-010
          91  -1.7332577128957508E-008   3.6278001252295226E-009
   6.5921766376438279E-009   9.6320095895100005E-011
   3.1411415369271130E-009  -1.3978907818682462E-010
          92  -1.9212297886129826E-008   4.7559347078184958E-009
   6.4788721407161238E-009   1.4655898941605901E-010
   3.1715673839614684E-009  -1.5593952365730638E-010
          93  -2.1671269184971497E-008   6.4165912437884477E-009
   6.3505626987915161E-009   2.2369023163138938E-010
   3.2086680945487500E-009  -1.7874036739636350E-010
          94  -2.4909427332138224E-008   9.0121613800382426E-009
   6.1996742932165777E-009   3.4208986668905620E-010
   3.2543854208260530E-009  -2.1256595400625566E-010
          95  -2.9150935797820065E-008   1.3367772927304403E-008
   6.0158516618316976E-009   5.2567520008142146E-010
   3.3111843690115564E-009  -2.6549213477497170E-010
          96  -3.4349703982934812E-008   2.1290960367707133E-008
   5.7675211395382137E-009   8.2178733342094750E-010
   3.3827467797564067E-009  -3.5434347028102038E-010
          97  -3.8506470004482298E-008   3.6643750899997911E-008
   5.3776413434646983E-009   1.4697011034390157E-009
   3.4675492976469270E-009  -5.3369510041942887E-010
          98  -3.0599985447393004E-008   6.3289637385262824E-008
   5.5406603329049874E-009   3.1091327672174158E-009
   3.4066204555277582E-009  -9.1165414327304355E-010
          99   7.6825058143426531E-009   7.8874242715640455E-008
   7.8178542236789689E-009   4.2107463045740158E-009
   2.8849062738637419E-009  -1.1472477940224398E-009
         100   3.8395105985557964E-008   5.4826077295168409E-008
   9.6982319726222339E-009   2.7981432970600424E-009
   2.4690916784640363E-009  -8.1285480020825629E-010
         101   4.0494600461964931E-008   3.0365161898190246E-008
   9.8399443260279621E-009   1.3484607758970538E-009
   2.4564386107223153E-009  -4.7639591025565558E-010
         102   3.4978797504260197E-008   1.7439144191467157E-008
   9.5376494006895624E-009   5.9126004271204384E-010
   2.5471869841424576E-009  -3.0245673948925130E-010
         103   2.9563310120690692E-008   1.0847150496787217E-008
   9.2546561392021129E-009   2.0631093908773997E-010
   2.6347036439626096E-009  -2.1602007783546768E-010
         104   2.5309639448615758E-008   7.2298025730242266E-009
   9.0511210090283074E-009  -8.6583390937752025E-012
   2.7053538483767626E-009  -1.7000527748055019E-010
         105   2.2064624290365765E-008   5.0860831296733583E-009
   8.9165163881893790E-009  -1.4275715400041029E-010
   2.7618535103889726E-009  -1.4371227978750579E-010
         106   1.9562982920520591E-008   3.7331608430197738E-009
   8.8350695465421692E-009  -2.3630041306804434E-010
   2.8081507475597513E-009  -1.2785230554612605E-010
         107   1.7595005327660949E-008   2.8377463487906120E-009
   8.7951907456162066E-009  -3.0924276445237487E-010
   2.8472738067370112E-009  -1.1794627422149671E-010
         108   1.6012708886632425E-008   2.2257049200872674E-009
   8.7896345488660592E-009  -3.7263002699329703E-010
   2.8813428856368851E-009  -1.1167643372819925E-010
         109   1.4710216952941164E-008   1.8010810826989290E-009
   8.8143257562451946E-009  -4.3352461014410410E-010
   2.9118361543261721E-009  -1.0777257676141891E-010
         110   1.3611260945050245E-008   1.5096886420618806E-009
   8.8675911562492452E-009  -4.9738098159728361E-010
   2.9398080403698825E-009  -1.0551134332463234E-010
         111   1.2658668729991741E-008   1.3219025683332644E-009
   8.9499717547136614E-009  -5.6943623409060470E-010
   2.9660382082393418E-009  -1.0447790857833225E-010
         112   1.1804012081213271E-008   1.2246011290994573E-009
   9.0639948473225919E-009  -6.5587530047408736E-010
   2.9911306015067161E-009  -1.0444967908815478E-010
         113   1.1006602538376273E-008   1.2188741748433004E-009
   9.2143482437297426E-009  -7.6522855263778179E-010
   3.0155812896362182E-009  -1.0534382763322631E-010
         114   1.0225692024024511E-008   1.3218008100585609E-009
   9.4084054877635759E-009  -9.1058711981309528E-010
   3.0398269311786402E-009  -1.0720685132990761E-010
         115   9.4162238917425008E-009   1.5742824637634500E-009
   9.6565126156079967E-009  -1.1137371252771895E-009
   3.0642795995688056E-009  -1.1024594880959787E-010
         116   8.5307815011782942E-009   2.0602782256279782E-009
   9.9713180233018011E-009  -1.4135299885557161E-009
   3.0893408357845400E-009  -1.1492555502668748E-010
         117   7.5251841344431426E-009   2.9498734740039754E-009
   1.0362822525262489E-008  -1.8836916671340788E-009
   3.1153452807482131E-009  -1.2219439661014145E-010
         118   6.4196022030385565E-009   4.5952410605232543E-009
   1.0810138793785068E-008  -2.6707373364134685E-009
   3.1422126209779158E-009  -1.3397884592234465E-010
         119   5.5786304613984069E-009   7.6955522228954108E-009
   1.1140832804087349E-008  -4.0534272802970976E-009
   3.1678788338422266E-009  -1.5396356115952112E-010
         120   6.7611707055279082E-009   1.3068898939482767E-008
   1.0606237152991147E-008  -6.3168408630143636E-009
   3.1827593365397102E-009  -1.8595543051034351E-010
         121   1.3832782835122235E-008   1.8104176105407941E-008
   7.6985527378051398E-009  -8.2707770067576191E-009
   3.1673555038456747E-009  -2.1454130394423980E-010
         122   2.3175560693617493E-008   1.5185060534922236E-008
   4.1414384939632388E-009  -6.8962164879426768E-009
   3.1444469018251344E-009  -2.0050811067340525E-010
         123   2.6422674278687134E-008   8.6636608183225916E-009
   3.2490986176221026E-009  -4.2474615334681434E-009
   3.1576212286291024E-009  -1.7113307576896895E-010
         124   2.6298810981478505E-008   4.2712783183431412E-009
   3.7289744439177442E-009  -2.6088262018165329E-009
   3.1902740189982228E-009  -1.5706268661682500E-010
         125   2.5690164234223572E-008   1.7543245686877500E-009
   4.4042710277527860E-009  -1.8042599743375385E-009
   3.2271204340450054E-009  -1.5753300238028089E-010
         126   2.5345010384617038E-008   2.0695179046488288E-010
   4.9910850245436147E-009  -1.4692721072473662E-009
   3.2634734678933112E-009  -1.7081504626625660E-010
         127   2.5377319002407557E-008  -8.6719227772904842E-010
   5.4123635694661365E-009  -1.4459238090309041E-009
   3.2927038647484628E-009  -1.9977831609525012E-010
         128   2.5798139601406093E-008  -1.7224456785341596E-009
   5.5097081683520241E-009  -1.6153291465961981E-009
   3.2939827779696076E-009  -2.4053333382116378E-010
         129   2.6597326994142378E-008  -2.5436245586551623E-009
   5.2293828492091290E-009  -1.5413868682390079E-009
   3.2587879793486732E-009  -2.4657652209491477E-010
         130   2.7707066027990782E-008  -3.4319053132050250E-009
   5.1507117143055105E-009  -1.0846479546366767E-009
   3.2539090001639423E-009  -2.0406857713565607E-010
         131   2.9140533779219284E-008  -4.4000223128835913E-009
   5.3616316343599208E-009  -7.1854381119004851E-010
   3.2886828380607616E-009  -1.7039109479847914E-010
         132   3.0971939924951050E-008  -5.5126911589015001E-009
   5.6216691975172714E-009  -5.1598612684682320E-010
   3.3341025775753018E-009  -1.5506187070994512E-010
         133   3.3279918874736031E-008  -6.8694250628310503E-009
   5.8552416067888916E-009  -4.0405590648945549E-010
   3.3809191994944749E-009  -1.5007806266503695E-010
         134   3.6166847257020239E-008  -8.6021148406335089E-009
   6.0560391560317942E-009  -3.3756045641020179E-010
   3.4283794061947555E-009  -1.5053612808996167E-010
         135   3.9773200914683397E-008  -1.0904563211153338E-008
   6.2308033368400262E-009  -2.9484692329827666E-010
   3.4774377683586480E-009  -1.5421272896147990E-010
         136   4.4290280438733260E-008  -1.4084977910755194E-008
   6.3861448139578067E-009  -2.6508514219842136E-010
   3.5293327573540293E-009  -1.6006850285486971E-010
         137   4.9964100442194849E-008  -1.8663918246329914E-008
   6.5274474246496587E-009  -2.4199362030095664E-010
   3.5854559752768285E-009  -1.6746950994342633E-010
         138   5.7072487766815065E-008  -2.5568685550736641E-008
   6.6592703030452212E-009  -2.2084003361390310E-010
   3.6475829757006005E-009  -1.7568762795995013E-010
