   262144.00000000000     
         256           1           3
   1.7567330116226543E-005  -65.954330202115997       -160.95910566430001     
   6.0401400154609997        12.000000000000000        6321.0000000000000     
           0   0.0000000000000000        0.0000000000000000     
   0.0000000000000000        0.0000000000000000     
   0.0000000000000000        0.0000000000000000     
           1   0.0000000000000000        0.0000000000000000     
   6.0157514397943714E-009  -2.9051446541190518E-010
   2.5323111465561092E-008  -5.4558041594939446E-010
           2   0.0000000000000000        0.0000000000000000     
   5.8474231586880825E-009  -7.2716912877746318E-010
   2.5085373092301778E-008  -5.2500764244940904E-010
           3   0.0000000000000000        0.0000000000000000     
   5.1830944698525699E-009  -5.0363483341208689E-010
   2.4964320831012990E-008  -5.2694403302544143E-010
           4   0.0000000000000000        0.0000000000000000     
   5.2379478172110033E-009  -2.2831420737873174E-010
   2.4863851023361168E-008  -5.3173448866893335E-010
           5   0.0000000000000000        0.0000000000000000     
   5.2925733805372710E-009  -1.6154113430238367E-010
   2.4785956676880079E-008  -5.3120426197298907E-010
           6   0.0000000000000000        0.0000000000000000     
   5.3169495530704268E-009  -1.3865042649565974E-010
   2.4723143886182147E-008  -5.2986085788729115E-010
           7   0.0000000000000000        0.0000000000000000     
   5.3271663097401224E-009  -1.2847733566187012E-010
   2.4670502970187061E-008  -5.2846431823166018E-010
           8   0.0000000000000000        0.0000000000000000     
   5.3305600344741395E-009  -1.2311816468008054E-010
   2.4625178562021879E-008  -5.2715810693248934E-010
           9   0.0000000000000000        0.0000000000000000     
   5.3304066482487778E-009  -1.1992989665164881E-010
   2.4585376175201306E-008  -5.2596367656252313E-010
          10   0.0000000000000000        0.0000000000000000     
   5.3282870840919151E-009  -1.1784549749053541E-010
   2.4549892432685450E-008  -5.2487435239006415E-010
          11   0.0000000000000000        0.0000000000000000     
   5.3250188376531340E-009  -1.1637248114856427E-010
   2.4517879696467272E-008  -5.2387761372496383E-010
          12   0.0000000000000000        0.0000000000000000     
   5.3210466709263147E-009  -1.1525944881763847E-010
   2.4488717709952326E-008  -5.2296096186027849E-010
          13   0.0000000000000000        0.0000000000000000     
   5.3166203428880007E-009  -1.1436735058951310E-010
   2.4461938566842668E-008  -5.2211338107154272E-010
          14   0.0000000000000000        0.0000000000000000     
   5.3118814416530256E-009  -1.1361387938793396E-010
   2.4437180363799420E-008  -5.2132552396504828E-010
          15   0.0000000000000000        0.0000000000000000     
   5.3069083700775798E-009  -1.1294722860214610E-010
   2.4414157265889138E-008  -5.2058953835336234E-010
          16   0.0000000000000000        0.0000000000000000     
   5.3017407600490684E-009  -1.1233277387443825E-010
   2.4392639447823073E-008  -5.1989881973811250E-010
          17   0.0000000000000000        0.0000000000000000     
   5.2963931832294544E-009  -1.1174587772910514E-010
   2.4372439228824461E-008  -5.1924777571751337E-010
          18   0.0000000000000000        0.0000000000000000     
   5.2908630026190947E-009  -1.1116777132621694E-010
   2.4353401230234644E-008  -5.1863162451746253E-010
          19   0.0000000000000000        0.0000000000000000     
   5.2851348571875798E-009  -1.1058305469763593E-010
   2.4335395223448492E-008  -5.1804622832150272E-010
          20   0.0000000000000000        0.0000000000000000     
   5.2791831086239569E-009  -1.0997807366759019E-010
   2.4318310823147504E-008  -5.1748795605841950E-010
          21   0.0000000000000000        0.0000000000000000     
   5.2729729744726587E-009  -1.0933977321018021E-010
   2.4302053473523332E-008  -5.1695356869613954E-010
          22   0.0000000000000000        0.0000000000000000     
   5.2664607400540426E-009  -1.0865479605616800E-010
   2.4286541355896464E-008  -5.1644012107458252E-010
          23   0.0000000000000000        0.0000000000000000     
   5.2595932484649238E-009  -1.0790867994772763E-010
   2.4271702962688803E-008  -5.1594487393880139E-010
          24   0.0000000000000000        0.0000000000000000     
   5.2523067441130836E-009  -1.0708504697606674E-010
   2.4257475156252392E-008  -5.1546521134506438E-010
          25   0.0000000000000000        0.0000000000000000     
   5.2445250551539216E-009  -1.0616469204444309E-010
   2.4243801581374766E-008  -5.1499855702757463E-010
          26   0.0000000000000000        0.0000000000000000     
   5.2361570206369818E-009  -1.0512447213484758E-010
   2.4230631331551478E-008  -5.1454228432662774E-010
          27   0.0000000000000000        0.0000000000000000     
   5.2270929835391349E-009  -1.0393587481785559E-010
   2.4217917790555483E-008  -5.1409361169841561E-010
          28   0.0000000000000000        0.0000000000000000     
   5.2172000654156867E-009  -1.0256309944864232E-010
   2.4205617581512311E-008  -5.1364947329426840E-010
          29   0.0000000000000000        0.0000000000000000     
   5.2063157931740561E-009  -1.0096040799203739E-010
   2.4193689561132390E-008  -5.1320635055801088E-010
          30   0.0000000000000000        0.0000000000000000     
   5.1942394361477558E-009  -9.9068375841232407E-011
   2.4182093792876964E-008  -5.1276004245075249E-010
          31   0.0000000000000000        0.0000000000000000     
   5.1807200884874602E-009  -9.6808462464732522E-011
   2.4170790420856431E-008  -5.1230534050639065E-010
          32   0.0000000000000000        0.0000000000000000     
   5.1654400258399476E-009  -9.4074965129579156E-011
   2.4159738342325985E-008  -5.1183555374650075E-010
          33   0.0000000000000000        0.0000000000000000     
   5.1479910509749048E-009  -9.0722800034050359E-011
   2.4148893532702067E-008  -5.1134179308863815E-010
          34   0.0000000000000000        0.0000000000000000     
   5.1278401988508699E-009  -8.6548450545906529E-011
   2.4138206801824728E-008  -5.1081186028919788E-010
          35   0.0000000000000000        0.0000000000000000     
   5.1042788897522002E-009  -8.1259391809566644E-011
   2.4127620629759994E-008  -5.1022846842131899E-010
          36   0.0000000000000000        0.0000000000000000     
   5.0763456182923353E-009  -7.4423464855573428E-011
   2.4117064499747302E-008  -5.0956629824226931E-010
          37   0.0000000000000000        0.0000000000000000     
   5.0427049085618341E-009  -6.5382304236739282E-011
   2.4106447718749719E-008  -5.0878696598489364E-010
          38   0.0000000000000000        0.0000000000000000     
   5.0014501578109168E-009  -5.3099031371401807E-011
   2.4095647839639014E-008  -5.0783017009433956E-010
          39   0.0000000000000000        0.0000000000000000     
   4.9497542053966586E-009  -3.5885875184890449E-011
   2.4084490252303586E-008  -5.0659785714370137E-010
          40   0.0000000000000000        0.0000000000000000     
   4.8830610911165346E-009  -1.0837389361042611E-011
   2.4072701113980470E-008  -5.0492126790137539E-010
          41   0.0000000000000000        0.0000000000000000     
   4.7936192016547748E-009   2.8809727963982020E-011
   2.4059821997405923E-008  -5.0240739586511698E-010
          42   0.0000000000000000        0.0000000000000000     
   4.6721845066680176E-009   9.6626528026674525E-011
   2.4045308938684056E-008  -4.9826743726641039E-010
          43   0.0000000000000000        0.0000000000000000     
   4.5009527949724756E-009   2.2018187893262677E-010
   2.4028121378820971E-008  -4.9089863313727720E-010
          44   0.0000000000000000        0.0000000000000000     
   4.2570658143605999E-009   4.7782425728637296E-010
   2.4006926122493783E-008  -4.7574503124226618E-010
          45   0.0000000000000000        0.0000000000000000     
   3.9848554628414505E-009   1.1011732624444820E-009
   2.3984299208726829E-008  -4.3933650669356989E-010
          46   0.0000000000000000        0.0000000000000000     
   4.4218451532493161E-009   2.4619530059776611E-009
   2.4003134948119887E-008  -3.6005459922966865E-010
          47   0.0000000000000000        0.0000000000000000     
   6.5179704122688203E-009   2.4548739544414465E-009
   2.4118683407704976E-008  -3.6034707291495127E-010
          48   0.0000000000000000        0.0000000000000000     
   6.9443887166673699E-009   1.0784230701355558E-009
   2.4137338015433259E-008  -4.4030417514445707E-010
          49   0.0000000000000000        0.0000000000000000     
   6.6607167657458246E-009   4.5391503151538129E-010
   2.4114915839322622E-008  -4.7655071317087159E-010
          50   0.0000000000000000        0.0000000000000000     
   6.4119301070896515E-009   1.9867966866115721E-010
   2.4094752632981798E-008  -4.9134675383744447E-010
          51   0.0000000000000000        0.0000000000000000     
   6.2395303545047247E-009   7.7566008114295648E-011
   2.4079272243344788E-008  -4.9837341755083250E-010
          52   0.0000000000000000        0.0000000000000000     
   6.1196984958772601E-009   1.1944410651419159E-011
   2.4067102924740867E-008  -5.0220958416045818E-010
          53   0.0000000000000000        0.0000000000000000     
   6.0339273934765589E-009  -2.7386131837838849E-011
   2.4057186211313119E-008  -5.0456090711183839E-010
          54   0.0000000000000000        0.0000000000000000     
   5.9708610338376267E-009  -5.2874757810239224E-011
   2.4048884965717303E-008  -5.0616086306192354E-010
          55   0.0000000000000000        0.0000000000000000     
   5.9235810147000627E-009  -7.0476293572259585E-011
   2.4041827004569331E-008  -5.0736809361464119E-010
          56   0.0000000000000000        0.0000000000000000     
   5.8877533098278142E-009  -8.3315918620649561E-011
   2.4035799277518549E-008  -5.0838062042092463E-010
          57   0.0000000000000000        0.0000000000000000     
   5.8605798479558651E-009  -9.3165577637650838E-011
   2.4030689594763456E-008  -5.0932327659763138E-010
          58   0.0000000000000000        0.0000000000000000     
   5.8402127675481591E-009  -1.0110223511417693E-010
   2.4026456336384543E-008  -5.1028829812831545E-010
          59   0.0000000000000000        0.0000000000000000     
   5.8254209268474515E-009  -1.0782823123983326E-010
   2.4023114421029750E-008  -5.1135741112035330E-010
          60   0.0000000000000000        0.0000000000000000     
   5.8153969827877961E-009  -1.1384085751559500E-010
   2.4020731878130873E-008  -5.1261690268900337E-010
          61   0.0000000000000000        0.0000000000000000     
   5.8096473503781759E-009  -1.1953112283721859E-010
   2.4019435214641532E-008  -5.1417110754527068E-010
          62   0.0000000000000000        0.0000000000000000     
   5.8079377150194317E-009  -1.2524836431881551E-010
   2.4019425877079719E-008  -5.1615693836860216E-010
          63   0.0000000000000000        0.0000000000000000     
   5.8102966244581498E-009  -1.3134886942165090E-010
   2.4021024121935139E-008  -5.1876105120108972E-010
          64   0.0000000000000000        0.0000000000000000     
   5.8171542757511652E-009  -1.3830808947390944E-010
   2.4024813688111009E-008  -5.2229990835800922E-010
          65   0.0000000000000000        0.0000000000000000     
   5.8292984939310400E-009  -1.4732010431917653E-010
   2.4031623109586306E-008  -5.2771733091183946E-010
          66   0.0000000000000000        0.0000000000000000     
   5.8471597592352315E-009  -1.5985006594452732E-010
   2.4041933693534258E-008  -5.3619956689591729E-010
          67   0.0000000000000000        0.0000000000000000     
   5.8725230957162666E-009  -1.7797840357111556E-010
   2.4057336476098958E-008  -5.4946209022848619E-010
          68   0.0000000000000000        0.0000000000000000     
   5.9081233297072035E-009  -2.0706437601902753E-010
   2.4080195937756278E-008  -5.7199958970080063E-010
          69   0.0000000000000000        0.0000000000000000     
   5.9565549335682122E-009  -2.5944891759311640E-010
   2.4112731908407922E-008  -6.1421587212592157E-010
          70   0.0000000000000000        0.0000000000000000     
   6.0122661283833966E-009  -3.6544592482166132E-010
   2.4150249843362894E-008  -7.0171959234410450E-010
          71   0.0000000000000000        0.0000000000000000     
   6.0083753642515242E-009  -5.8306067366508906E-010
   2.4136153644102022E-008  -8.8354349379048905E-010
          72   0.0000000000000000        0.0000000000000000     
   5.7192672011995945E-009  -7.9644488065279865E-010
   2.3879550746682103E-008  -1.0616538521645889E-009
          73   0.0000000000000000        0.0000000000000000     
   5.4107866211128622E-009  -6.0344934006814622E-010
   2.3605257515116672E-008  -8.9582842078544913E-010
          74   0.0000000000000000        0.0000000000000000     
   5.4034131450781346E-009  -3.8049676529767877E-010
   2.3584281903129995E-008  -7.0444159425180880E-010
          75   0.0000000000000000        0.0000000000000000     
   5.4682710517494598E-009  -2.7445095724684721E-010
   2.3622899304098298E-008  -6.1167378070712827E-010
          76   0.0000000000000000        0.0000000000000000     
   5.5294712786400574E-009  -2.2588433494136062E-010
   2.3656766653132405E-008  -5.6719080553170317E-010
          77   0.0000000000000000        0.0000000000000000     
   5.5806221781901970E-009  -2.0230708928143361E-010
   2.3680292112863605E-008  -5.4343116054141892E-010
          78   0.0000000000000000        0.0000000000000000     
   5.6247038679295300E-009  -1.9075154533669797E-010
   2.3695766112544507E-008  -5.2932802969402670E-010
          79   0.0000000000000000        0.0000000000000000     
   5.6647883929561767E-009  -1.8577589238010734E-010
   2.3705500505437242E-008  -5.2015464392581211E-010
          80   0.0000000000000000        0.0000000000000000     
   5.7031741409898623E-009  -1.8492910562965515E-010
   2.3711081456575292E-008  -5.1367844430567682E-010
          81   0.0000000000000000        0.0000000000000000     
   5.7415954657541291E-009  -1.8708304044980927E-010
   2.3713526200831979E-008  -5.0873681613182546E-010
          82   0.0000000000000000        0.0000000000000000     
   5.7814784727586777E-009  -1.9177632447952015E-010
   2.3713470316116679E-008  -5.0466367161714741E-010
          83   0.0000000000000000        0.0000000000000000     
   5.8241386667020662E-009  -1.9894260685445876E-010
   2.3711291172279811E-008  -5.0103565799264385E-010
          84   0.0000000000000000        0.0000000000000000     
   5.8709529442616760E-009  -2.0879685222534973E-010
   2.3707176309310963E-008  -4.9754938539516098E-010
          85   0.0000000000000000        0.0000000000000000     
   5.9236040961224967E-009  -2.2179711807222008E-010
   2.3701140631956045E-008  -4.9395590560164907E-010
          86   0.0000000000000000        0.0000000000000000     
   5.9846702632924817E-009  -2.3890593411895488E-010
   2.3692956940594167E-008  -4.8997362861838913E-010
          87   0.0000000000000000        0.0000000000000000     
   6.0576024406413110E-009  -2.6344512311966332E-010
   2.3682186391792899E-008  -4.8492302031860581E-010
          88   0.0000000000000000        0.0000000000000000     
   6.1434839401637542E-009  -2.9995130324315803E-010
   2.3668797677444821E-008  -4.7792698266918901E-010
          89   0.0000000000000000        0.0000000000000000     
   6.2462667903899869E-009  -3.5196899981981221E-010
   2.3652209183224565E-008  -4.6831377483564249E-010
          90   0.0000000000000000        0.0000000000000000     
   6.3734269744115845E-009  -4.2982760502141460E-010
   2.3631178138612772E-008  -4.5417181229037905E-010
          91   0.0000000000000000        0.0000000000000000     
   6.5328905518731839E-009  -5.5529001118922867E-010
   2.3604380231053921E-008  -4.3148740507238952E-010
          92   0.0000000000000000        0.0000000000000000     
   6.7277331331215335E-009  -7.7447209645256880E-010
   2.3571402237553694E-008  -3.9175109618193236E-010
          93   0.0000000000000000        0.0000000000000000     
   6.9220320138175287E-009  -1.1867178819989511E-009
   2.3539086175444532E-008  -3.1660777855686414E-010
          94   0.0000000000000000        0.0000000000000000     
   6.8830467724079501E-009  -1.9359432770747965E-009
   2.3550813327072300E-008  -1.7947204603595884E-010
          95   0.0000000000000000        0.0000000000000000     
   6.0094140677545417E-009  -2.6605638874178254E-009
   2.3718386608187042E-008  -4.7566361129706608E-011
          96   0.0000000000000000        0.0000000000000000     
   4.9159505814054372E-009  -2.2154223863061769E-009
   2.3928122911562842E-008  -1.3352294001948924E-010
          97   0.0000000000000000        0.0000000000000000     
   4.7503835565820624E-009  -1.4251804497123628E-009
   2.3967614230585400E-008  -2.8476178297476919E-010
          98   0.0000000000000000        0.0000000000000000     
   4.9828127874487582E-009  -9.9100332131819905E-010
   2.3935766519388584E-008  -3.7182162403514982E-010
          99   0.0000000000000000        0.0000000000000000     
   5.2726965064779702E-009  -8.0833245097919479E-010
   2.3896605463617537E-008  -4.1504954466075345E-010
         100   0.0000000000000000        0.0000000000000000     
   5.5631788167418724E-009  -7.6695548350858287E-010
   2.3861881860867415E-008  -4.3651823411868016E-010
         101   0.0000000000000000        0.0000000000000000     
   5.8634484760560346E-009  -8.2865296299892602E-010
   2.3831538938406557E-008  -4.4625259879548005E-010
         102   0.0000000000000000        0.0000000000000000     
   6.1940424281793611E-009  -1.0033712311872543E-009
   2.3803799621315897E-008  -4.4801201612615302E-010
         103   0.0000000000000000        0.0000000000000000     
   6.5709103524411284E-009  -1.3512910307163393E-009
   2.3777118020507779E-008  -4.4199011370230317E-010
         104   0.0000000000000000        0.0000000000000000     
   6.9682809422097207E-009  -2.0181864002462514E-009
   2.3751416821949204E-008  -4.2493861860083272E-010
         105   0.0000000000000000        0.0000000000000000     
   7.1515607356341697E-009  -3.2814007092456848E-009
   2.3732876647094283E-008  -3.8931969886214561E-010
         106   0.0000000000000000        0.0000000000000000     
   6.1902143346482822E-009  -5.1864415571157577E-009
   2.3747990683195042E-008  -3.3407424341499338E-010
         107   0.0000000000000000        0.0000000000000000     
   3.3254898531477000E-009  -5.8094871670152986E-009
   2.3818267387962839E-008  -3.1514864384728675E-010
         108   0.0000000000000000        0.0000000000000000     
   1.3741139762717173E-009  -4.0189967989043076E-009
   2.3861304032499399E-008  -3.6520910862565656E-010
         109   0.0000000000000000        0.0000000000000000     
   1.1704017034717223E-009  -2.3132812066930948E-009
   2.3852479119737307E-008  -4.1105459277006793E-010
         110   0.0000000000000000        0.0000000000000000     
   1.4544150467616409E-009  -1.3222319452348825E-009
   2.3828257443058840E-008  -4.3396148678351505E-010
         111   0.0000000000000000        0.0000000000000000     
   1.7338148528725368E-009  -7.3981626867756006E-010
   2.3802136849503147E-008  -4.4211971039359556E-010
         112   0.0000000000000000        0.0000000000000000     
   1.9151024949411856E-009  -3.3645055370870996E-010
   2.3775832392295905E-008  -4.4028545720630665E-010
         113   0.0000000000000000        0.0000000000000000     
   1.9945973152527734E-009   2.1293666908859384E-011
   2.3748691965535464E-008  -4.2855860249995652E-010
         114   0.0000000000000000        0.0000000000000000     
   1.9933890161908284E-009   4.4213194943581051E-010
   2.3720900964378489E-008  -4.0256659041051950E-010
         115   0.0000000000000000        0.0000000000000000     
   1.9908040197254860E-009   1.0628508462458554E-009
   2.3698675069116087E-008  -3.5197649212338394E-010
         116   0.0000000000000000        0.0000000000000000     
   2.2872530114046969E-009   2.0083585599278575E-009
   2.3710732652191944E-008  -2.6614204933249203E-010
         117   0.0000000000000000        0.0000000000000000     
   3.4558183041758220E-009   2.8347844642465170E-009
   2.3813369145533533E-008  -1.9040989344765787E-010
         118   0.0000000000000000        0.0000000000000000     
   4.8820966693974173E-009   2.4400167462129780E-009
   2.3944685319576845E-008  -2.3540004991882489E-010
         119   0.0000000000000000        0.0000000000000000     
   5.3594601889580980E-009   1.5140349502936736E-009
   2.3983899727908483E-008  -3.3272638301505633E-010
         120   0.0000000000000000        0.0000000000000000     
   5.2877388222673417E-009   9.0082395969381368E-010
   2.3970653277971721E-008  -3.9852139333500753E-010
         121   0.0000000000000000        0.0000000000000000     
   5.0964732131122686E-009   5.7916859211223444E-010
   2.3947673140119365E-008  -4.3517889990463869E-010
         122   0.0000000000000000        0.0000000000000000     
   4.9021774491360389E-009   4.2001307371371024E-010
   2.3926563748372551E-008  -4.5583851115519632E-010
         123   0.0000000000000000        0.0000000000000000     
   4.7202314297400683E-009   3.5202917971622002E-010
   2.3908942818168461E-008  -4.6790688244647274E-010
         124   0.0000000000000000        0.0000000000000000     
   4.5434763384271081E-009   3.4360421526303376E-010
   2.3894289237332231E-008  -4.7490152179997710E-010
         125   0.0000000000000000        0.0000000000000000     
   4.3604637945228670E-009   3.8462893961851451E-010
   2.3881780156858972E-008  -4.7833709425323810E-010
         126   0.0000000000000000        0.0000000000000000     
   4.1589300044149030E-009   4.7954123735168193E-010
   2.3870661666080210E-008  -4.7853841258329543E-010
         127   0.0000000000000000        0.0000000000000000     
   3.9267244930686112E-009   6.4816813625768057E-010
   2.3860362674867604E-008  -4.7478455825749186E-010
         128   0.0000000000000000        0.0000000000000000     
   3.6554573640068694E-009   9.3433793650437984E-010
   2.3850820134492535E-008  -4.6494843538403503E-010
         129   0.0000000000000000        0.0000000000000000     
   3.3573395197320177E-009   1.4258308177639018E-009
   2.3843624110170238E-008  -4.4473585963922602E-010
         130   0.0000000000000000        0.0000000000000000     
   3.1311764283019334E-009   2.2832825957522547E-009
   2.3845172788458245E-008  -4.0667989661874421E-010
         131   0.0000000000000000        0.0000000000000000     
   3.3728387670937814E-009   3.6798320410850898E-009
   2.3878138804126247E-008  -3.4230393532306056E-010
         132   0.0000000000000000        0.0000000000000000     
   4.9361048809345199E-009   5.1370845254028742E-009
   2.3993134199719270E-008  -2.8079411426804819E-010
         133   0.0000000000000000        0.0000000000000000     
   7.4430576444929849E-009   4.9106919504049061E-009
   2.4170024933017781E-008  -3.2742945563320482E-010
         134   0.0000000000000000        0.0000000000000000     
   8.7439844880335044E-009   3.2681440688677593E-009
   2.4284986694165097E-008  -4.7416970658449430E-010
         135   0.0000000000000000        0.0000000000000000     
   8.8722247381514480E-009   1.8616988479692248E-009
   2.4338199896665203E-008  -6.3888188734637038E-010
         136   0.0000000000000000        0.0000000000000000     
   8.6428785945742984E-009   9.4854278061104007E-010
   2.4363249996116319E-008  -8.3157713234089546E-010
         137   0.0000000000000000        0.0000000000000000     
   8.3410518150963109E-009   3.0744325618463513E-010
   2.4321564727242568E-008  -1.0953448296929401E-009
         138   0.0000000000000000        0.0000000000000000     
   7.9439007073741262E-009  -1.7868295386492436E-010
   2.4079879590242650E-008  -1.3886473815994104E-009
