   262144.00000000000     
         256           1           3
   1.7567330116226543E-005   16.477924779403001       -128.48141642990001     
   6.0401400154609997        12.000000000000000        6321.0000000000000     
           0   0.0000000000000000        0.0000000000000000     
   0.0000000000000000        0.0000000000000000     
   0.0000000000000000        0.0000000000000000     
           1   0.0000000000000000        0.0000000000000000     
  -2.6937048660073174E-009   1.3943803842891321E-010
  -3.5471736325694247E-007   7.8049996472692850E-009
           2   0.0000000000000000        0.0000000000000000     
  -2.6117931510408913E-009   3.6064997927194277E-010
  -3.5127443362981922E-007   7.9630745645527867E-009
           3   0.0000000000000000        0.0000000000000000     
  -2.2772793779918333E-009   2.4750200873392949E-010
  -3.4893700660812534E-007   7.7640160127702337E-009
           4   0.0000000000000000        0.0000000000000000     
  -2.3063604080990433E-009   1.0811031933824445E-010
  -3.4760975369076435E-007   7.5519360875678475E-009
           5   0.0000000000000000        0.0000000000000000     
  -2.3349954368008209E-009   7.4313677008567339E-011
  -3.4659324339460088E-007   7.4773240734461396E-009
           6   0.0000000000000000        0.0000000000000000     
  -2.3480969984070785E-009   6.2730935502443272E-011
  -3.4575397383763718E-007   7.4358655287694241E-009
           7   0.0000000000000000        0.0000000000000000     
  -2.3538736338501106E-009   5.7582409182645884E-011
  -3.4504061325836731E-007   7.4065379100687647E-009
           8   0.0000000000000000        0.0000000000000000     
  -2.3560760806441552E-009   5.4866737639977281E-011
  -3.4442127008499421E-007   7.3833324017008958E-009
           9   0.0000000000000000        0.0000000000000000     
  -2.3563856662554314E-009   5.3246065255760310E-011
  -3.4387455763400049E-007   7.3638758537702825E-009
          10   0.0000000000000000        0.0000000000000000     
  -2.3556176897059108E-009   5.2180323836309875E-011
  -3.4338551664261901E-007   7.3470004643137820E-009
          11   0.0000000000000000        0.0000000000000000     
  -2.3541960076448694E-009   5.1420204039848214E-011
  -3.4294331618688769E-007   7.3320387706176396E-009
          12   0.0000000000000000        0.0000000000000000     
  -2.3523524727698785E-009   5.0838339686175127E-011
  -3.4253988149931072E-007   7.3185675801880867E-009
          13   0.0000000000000000        0.0000000000000000     
  -2.3502178664468916E-009   5.0364138734548202E-011
  -3.4216904084285968E-007   7.3062980852082274E-009
          14   0.0000000000000000        0.0000000000000000     
  -2.3478664334592231E-009   4.9955634117691860E-011
  -3.4182597551381420E-007   7.2950223241319941E-009
          15   0.0000000000000000        0.0000000000000000     
  -2.3453390067542694E-009   4.9586194855199178E-011
  -3.4150685361276270E-007   7.2845843949869764E-009
          16   0.0000000000000000        0.0000000000000000     
  -2.3426555756194967E-009   4.9237774640942181E-011
  -3.4120857908507896E-007   7.2748637276701727E-009
          17   0.0000000000000000        0.0000000000000000     
  -2.3398223386200799E-009   4.8897254469414947E-011
  -3.4092861534602103E-007   7.2657647428454310E-009
          18   0.0000000000000000        0.0000000000000000     
  -2.3368357192217611E-009   4.8554336778075667E-011
  -3.4066485850961057E-007   7.2572101311842451E-009
          19   0.0000000000000000        0.0000000000000000     
  -2.3336846192900963E-009   4.8200251545512025E-011
  -3.4041554444080808E-007   7.2491363032825601E-009
          20   0.0000000000000000        0.0000000000000000     
  -2.3303515890660438E-009   4.7826897074851913E-011
  -3.4017917938515965E-007   7.2414902030429651E-009
          21   0.0000000000000000        0.0000000000000000     
  -2.3268132804257125E-009   4.7426210313458582E-011
  -3.3995448736638886E-007   7.2342270114184012E-009
          22   0.0000000000000000        0.0000000000000000     
  -2.3230403774093319E-009   4.6989646086598107E-011
  -3.3974036971818840E-007   7.2273084512502064E-009
          23   0.0000000000000000        0.0000000000000000     
  -2.3189970954780632E-009   4.6507685969592910E-011
  -3.3953587354564125E-007   7.2207015091021215E-009
          24   0.0000000000000000        0.0000000000000000     
  -2.3146402727149639E-009   4.5969315680621575E-011
  -3.3934016685386203E-007   7.2143774539179075E-009
          25   0.0000000000000000        0.0000000000000000     
  -2.3099180235773883E-009   4.5361413686958377E-011
  -3.3915251871633851E-007   7.2083110706091270E-009
          26   0.0000000000000000        0.0000000000000000     
  -2.3047678760424459E-009   4.4667986423223800E-011
  -3.3897228330537919E-007   7.2024800528608725E-009
          27   0.0000000000000000        0.0000000000000000     
  -2.2991142567824960E-009   4.3869166824891102E-011
  -3.3879888691133463E-007   7.1968645152826380E-009
          28   0.0000000000000000        0.0000000000000000     
  -2.2928651162852997E-009   4.2939859410936315E-011
  -3.3863181729874887E-007   7.1914465962435426E-009
          29   0.0000000000000000        0.0000000000000000     
  -2.2859073836561039E-009   4.1847859604715151E-011
  -3.3847061490684336E-007   7.1862101309906440E-009
          30   0.0000000000000000        0.0000000000000000     
  -2.2781007900028271E-009   4.0551183876424648E-011
  -3.3831486551985835E-007   7.1811403794941810E-009
          31   0.0000000000000000        0.0000000000000000     
  -2.2692693687841771E-009   3.8994196264280514E-011
  -3.3816419411420400E-007   7.1762237983730476E-009
          32   0.0000000000000000        0.0000000000000000     
  -2.2591895797859614E-009   3.7101861357849921E-011
  -3.3801825966050183E-007   7.1714478491078988E-009
          33   0.0000000000000000        0.0000000000000000     
  -2.2475734208815730E-009   3.4771010622378895E-011
  -3.3787675070409510E-007   7.1668008385848157E-009
          34   0.0000000000000000        0.0000000000000000     
  -2.2340439297831329E-009   3.1856718047739436E-011
  -3.3773938158565693E-007   7.1622717914736196E-009
          35   0.0000000000000000        0.0000000000000000     
  -2.2180988446945240E-009   2.8150427436712523E-011
  -3.3760588920504463E-007   7.1578503601833723E-009
          36   0.0000000000000000        0.0000000000000000     
  -2.1990553287883092E-009   2.3343727234892734E-011
  -3.3747603024950099E-007   7.1535267871468578E-009
          37   0.0000000000000000        0.0000000000000000     
  -2.1759633962870905E-009   1.6966392999470646E-011
  -3.3734957885143878E-007   7.1492919529480945E-009
          38   0.0000000000000000        0.0000000000000000     
  -2.1474648619604487E-009   8.2773718944888585E-012
  -3.3722632468259009E-007   7.1451375764741294E-009
          39   0.0000000000000000        0.0000000000000000     
  -2.1115432881490993E-009  -3.9301931838006868E-012
  -3.3710607161260352E-007   7.1410566926205505E-009
          40   0.0000000000000000        0.0000000000000000     
  -2.0649454687016853E-009  -2.1734710543445000E-011
  -3.3698863761238363E-007   7.1370448221695330E-009
          41   0.0000000000000000        0.0000000000000000     
  -2.0021314070849178E-009  -4.9976328785642631E-011
  -3.3687385633841395E-007   7.1331061303123156E-009
          42   0.0000000000000000        0.0000000000000000     
  -1.9164939589692322E-009  -9.8368853611678759E-011
  -3.3676157107947471E-007   7.1292602954395340E-009
          43   0.0000000000000000        0.0000000000000000     
  -1.7952989096107215E-009  -1.8664740681758202E-010
  -3.3665164990878762E-007   7.1255595857968910E-009
          44   0.0000000000000000        0.0000000000000000     
  -1.6221955049055508E-009  -3.7090229745739697E-010
  -3.3654397516769176E-007   7.1221774727410615E-009
          45   0.0000000000000000        0.0000000000000000     
  -1.4289401449994790E-009  -8.1695782568164291E-010
  -3.3643826647356990E-007   7.1196561565577049E-009
          46   0.0000000000000000        0.0000000000000000     
  -1.7435833103983621E-009  -1.7909454721073931E-009
  -3.3633256350916323E-007   7.1188740981912276E-009
          47   0.0000000000000000        0.0000000000000000     
  -3.2462555135862117E-009  -1.7855746493070839E-009
  -3.3622438669032402E-007   7.1147123143858691E-009
          48   0.0000000000000000        0.0000000000000000     
  -3.5536947505839674E-009  -7.9975491292388940E-010
  -3.3612160181844755E-007   7.1071380347266002E-009
          49   0.0000000000000000        0.0000000000000000     
  -3.3529717213180789E-009  -3.5223536017927690E-010
  -3.3602168518296429E-007   7.1012495102695700E-009
          50   0.0000000000000000        0.0000000000000000     
  -3.1774905745430813E-009  -1.6903188307920486E-010
  -3.3592261558912149E-007   7.0960782966252119E-009
          51   0.0000000000000000        0.0000000000000000     
  -3.0570099135594398E-009  -8.1774219584641310E-011
  -3.3582405148940360E-007   7.0910031261796706E-009
          52   0.0000000000000000        0.0000000000000000     
  -2.9745313379335025E-009  -3.4150217507887787E-011
  -3.3572577950047190E-007   7.0857686290116365E-009
          53   0.0000000000000000        0.0000000000000000     
  -2.9168713206944882E-009  -5.2315449655385961E-012
  -3.3562753413498015E-007   7.0802219987260285E-009
          54   0.0000000000000000        0.0000000000000000     
  -2.8759812549667218E-009   1.3922851898305584E-011
  -3.3552898114314899E-007   7.0742281074748698E-009
          55   0.0000000000000000        0.0000000000000000     
  -2.8470090302519213E-009   2.7612876788084452E-011
  -3.3542970789330856E-007   7.0676364976235291E-009
          56   0.0000000000000000        0.0000000000000000     
  -2.8269780518234778E-009   3.8124176222078226E-011
  -3.3532920606281237E-007   7.0602608018389371E-009
          57   0.0000000000000000        0.0000000000000000     
  -2.8140446453465190E-009   4.6789789318554920E-011
  -3.3522684436647151E-007   7.0518581401763728E-009
          58   0.0000000000000000        0.0000000000000000     
  -2.8070898756060653E-009   5.4468237905883575E-011
  -3.3512182851224366E-007   7.0421023639071162E-009
          59   0.0000000000000000        0.0000000000000000     
  -2.8054966526556953E-009   6.1783089425059035E-011
  -3.3501314326273220E-007   7.0305455819739934E-009
          60   0.0000000000000000        0.0000000000000000     
  -2.8090346455176245E-009   6.9259749242855089E-011
  -3.3489946769028605E-007   7.0165609039039648E-009
          61   0.0000000000000000        0.0000000000000000     
  -2.8178162711116863E-009   7.7419043846559941E-011
  -3.3477904687664757E-007   6.9992576793606325E-009
          62   0.0000000000000000        0.0000000000000000     
  -2.8323156903680561E-009   8.6855304509977632E-011
  -3.3464947760823229E-007   6.9773637237558682E-009
          63   0.0000000000000000        0.0000000000000000     
  -2.8535004037003009E-009   9.8313537247244337E-011
  -3.3450723138179011E-007   6.9490686490228229E-009
          64   0.0000000000000000        0.0000000000000000     
  -2.8833343355824110E-009   1.1298709746006763E-010
  -3.3434616136881664E-007   6.9112200332913913E-009
          65   0.0000000000000000        0.0000000000000000     
  -2.9246985839270970E-009   1.3431446864234917E-010
  -3.3415767928359094E-007   6.8542650166546511E-009
          66   0.0000000000000000        0.0000000000000000     
  -2.9792524467451005E-009   1.6659794219920291E-010
  -3.3393677411079401E-007   6.7661745200118484E-009
          67   0.0000000000000000        0.0000000000000000     
  -3.0526711513289028E-009   2.1603855484662408E-010
  -3.3366717244710825E-007   6.6295268912782310E-009
          68   0.0000000000000000        0.0000000000000000     
  -3.1534315154471670E-009   2.9883567521661910E-010
  -3.3332475892271595E-007   6.3986026560857694E-009
          69   0.0000000000000000        0.0000000000000000     
  -3.2895049454600637E-009   4.5245286125341375E-010
  -3.3288692210218734E-007   5.9675200540507309E-009
          70   0.0000000000000000        0.0000000000000000     
  -3.4439915543433863E-009   7.6907400038302779E-010
  -3.3240147989352940E-007   5.0755934771781991E-009
          71   0.0000000000000000        0.0000000000000000     
  -3.4132116811435425E-009   1.4251850103070919E-009
  -3.3244471479164925E-007   3.2236521858923763E-009
          72   0.0000000000000000        0.0000000000000000     
  -2.5101688521558034E-009   2.0679849452420824E-009
  -3.3496027484008639E-007   1.4098808588230889E-009
          73   0.0000000000000000        0.0000000000000000     
  -1.5440005370572187E-009   1.4730457674083403E-009
  -3.3765933582005541E-007   3.0983014253069679E-009
          74   0.0000000000000000        0.0000000000000000     
  -1.4900982739743003E-009   7.8620849472851450E-010
  -3.3778282301667302E-007   5.0474945910695407E-009
          75   0.0000000000000000        0.0000000000000000     
  -1.6513100056362457E-009   4.5441964342167584E-010
  -3.3730335908888355E-007   5.9932343141670294E-009
          76   0.0000000000000000        0.0000000000000000     
  -1.7961382297898198E-009   2.9655796150925934E-010
  -3.3687634368877819E-007   6.4481301311668645E-009
          77   0.0000000000000000        0.0000000000000000     
  -1.9045462459091444E-009   2.1346611378255992E-010
  -3.3655908678019412E-007   6.6929698233564962E-009
          78   0.0000000000000000        0.0000000000000000     
  -1.9848857492144998E-009   1.6535852759239252E-010
  -3.3632874844543563E-007   6.8406509799649902E-009
          79   0.0000000000000000        0.0000000000000000     
  -2.0456103707768096E-009   1.3527795622902347E-010
  -3.3616240185947400E-007   6.9395877243703924E-009
          80   0.0000000000000000        0.0000000000000000     
  -2.0925928996245123E-009   1.1525827778856690E-010
  -3.3604467868326952E-007   7.0128920887771030E-009
          81   0.0000000000000000        0.0000000000000000     
  -2.1296977621445354E-009   1.0120392186894091E-010
  -3.3596622677620430E-007   7.0729107254389500E-009
          82   0.0000000000000000        0.0000000000000000     
  -2.1594666853246111E-009   9.0833433862376665E-011
  -3.3592188021636789E-007   7.1271125287838531E-009
          83   0.0000000000000000        0.0000000000000000     
  -2.1835803400863836E-009   8.2775524799378605E-011
  -3.3590951926323947E-007   7.1807368812757349E-009
          84   0.0000000000000000        0.0000000000000000     
  -2.2031345048606272E-009   7.6137806943199939E-011
  -3.3592958421395215E-007   7.2381143764948871E-009
          85   0.0000000000000000        0.0000000000000000     
  -2.2187743090249552E-009   7.0284244220153354E-011
  -3.3598542923874700E-007   7.3034218853381870E-009
          86   0.0000000000000000        0.0000000000000000     
  -2.2306580597452208E-009   6.4637752294615152E-011
  -3.3608563691032773E-007   7.3824411057916535E-009
          87   0.0000000000000000        0.0000000000000000     
  -2.2385512453232836E-009   5.8087762771110230E-011
  -3.3624354476629000E-007   7.4917956725924106E-009
          88   0.0000000000000000        0.0000000000000000     
  -2.2428066067290735E-009   4.9278209498965275E-011
  -3.3646130558341115E-007   7.6535533328876838E-009
          89   0.0000000000000000        0.0000000000000000     
  -2.2429288900003016E-009   3.7215010981301502E-011
  -3.3675500482671939E-007   7.8846110444808359E-009
          90   0.0000000000000000        0.0000000000000000     
  -2.2374300735506007E-009   1.9058583932430566E-011
  -3.3715764161614257E-007   8.2343161173963852E-009
          91   0.0000000000000000        0.0000000000000000     
  -2.2247392003480380E-009  -1.1186919399036877E-011
  -3.3770407027932077E-007   8.8069055150430491E-009
          92   0.0000000000000000        0.0000000000000000     
  -2.2047460829834533E-009  -6.6315730563884436E-011
  -3.3840514724460744E-007   9.8238957892410130E-009
          93   0.0000000000000000        0.0000000000000000     
  -2.1885238668352399E-009  -1.7406736204411981E-010
  -3.3908229230483826E-007   1.1763576670973625E-008
          94   0.0000000000000000        0.0000000000000000     
  -2.2430941827800742E-009  -3.7462224465451976E-010
  -3.3860376256568303E-007   1.5318851868627306E-008
          95   0.0000000000000000        0.0000000000000000     
  -2.5401771792410201E-009  -5.6471688402627056E-010
  -3.3405314647781301E-007   1.8736048882194786E-008
          96   0.0000000000000000        0.0000000000000000     
  -2.9074492182712030E-009  -4.1874110211503732E-010
  -3.2839444311951642E-007   1.6469095816207209E-008
          97   0.0000000000000000        0.0000000000000000     
  -3.0222487273874910E-009  -1.6834407921756113E-010
  -3.2716608176658934E-007   1.2496471884594752E-008
          98   0.0000000000000000        0.0000000000000000     
  -3.0379376306699133E-009  -9.1063105996596032E-012
  -3.2778703313971971E-007   1.0193431631647311E-008
          99   0.0000000000000000        0.0000000000000000     
  -3.0554909704212030E-009   9.3487889627464324E-011
  -3.2858544022098034E-007   9.0277585953612628E-009
         100   0.0000000000000000        0.0000000000000000     
  -3.0972935329044855E-009   1.7899320293086772E-010
  -3.2925211565528736E-007   8.4214304787313134E-009
         101   0.0000000000000000        0.0000000000000000     
  -3.1693056354928861E-009   2.7318697461745588E-010
  -3.2978497578535849E-007   8.1091804403909063E-009
         102   0.0000000000000000        0.0000000000000000     
  -3.2762801106171727E-009   4.0170786153284212E-010
  -3.3022590237958127E-007   7.9863380353612678E-009
         103   0.0000000000000000        0.0000000000000000     
  -3.4212279380670593E-009   6.0504672550334114E-010
  -3.3061062261544498E-007   8.0354250695578281E-009
         104   0.0000000000000000        0.0000000000000000     
  -3.5874491647620834E-009   9.6227443348485868E-010
  -3.3094147511749477E-007   8.3165395142199409E-009
         105   0.0000000000000000        0.0000000000000000     
  -3.6536577021545090E-009   1.6167986742276778E-009
  -3.3108658238130112E-007   8.9821382149627659E-009
         106   0.0000000000000000        0.0000000000000000     
  -3.1469987630546128E-009   2.5934599086502266E-009
  -3.3048366616895998E-007   1.0049059314095912E-008
         107   0.0000000000000000        0.0000000000000000     
  -1.6822852945964087E-009   2.9192499396790655E-009
  -3.2866982453277339E-007   1.0334035683846054E-008
         108   0.0000000000000000        0.0000000000000000     
  -6.8554134428952381E-010   2.0222820013823065E-009
  -3.2735891428881274E-007   9.1342770811190548E-009
         109   0.0000000000000000        0.0000000000000000     
  -5.7890545252982387E-010   1.1692009103407223E-009
  -3.2705758633006031E-007   7.9532610875192944E-009
         110   0.0000000000000000        0.0000000000000000     
  -7.2381548323526283E-010   6.7998192686093548E-010
  -3.2699930283081249E-007   7.1611245519916586E-009
         111   0.0000000000000000        0.0000000000000000     
  -8.7154705268913237E-010   4.0090546031784436E-010
  -3.2686714740036880E-007   6.5507108507038528E-009
         112   0.0000000000000000        0.0000000000000000     
  -9.7574734528560099E-010   2.1862070754143261E-010
  -3.2658153345368308E-007   5.9304541875214544E-009
         113   0.0000000000000000        0.0000000000000000     
  -1.0352805435503734E-009   7.1078331213683397E-011
  -3.2612338862373459E-007   5.1192064482822749E-009
         114   0.0000000000000000        0.0000000000000000     
  -1.0593807097406400E-009  -8.5929248957665795E-011
  -3.2552907408068424E-007   3.8530449922849122E-009
         115   0.0000000000000000        0.0000000000000000     
  -1.0757599340518662E-009  -3.0116858774940909E-010
  -3.2507226936326444E-007   1.6739584098647366E-009
         116   0.0000000000000000        0.0000000000000000     
  -1.1827244562174605E-009  -6.1747179720004997E-010
  -3.2591824178364473E-007  -1.8676770982077463E-009
         117   0.0000000000000000        0.0000000000000000     
  -1.5658796662199341E-009  -8.9342109503136805E-010
  -3.3032743525196465E-007  -4.9767747656934648E-009
         118   0.0000000000000000        0.0000000000000000     
  -2.0279155024921413E-009  -7.7504752826799721E-010
  -3.3584083923789836E-007  -3.2480633999400731E-009
         119   0.0000000000000000        0.0000000000000000     
  -2.1804363635920400E-009  -4.8539202980743542E-010
  -3.3764767228713017E-007   5.8511085733149504E-010
         120   0.0000000000000000        0.0000000000000000     
  -2.1522360217197160E-009  -2.9702185352700858E-010
  -3.3733625672960512E-007   3.1740898018724107E-009
         121   0.0000000000000000        0.0000000000000000     
  -2.0814162937812802E-009  -2.0385981369609823E-010
  -3.3661719609936755E-007   4.6138670422545676E-009
         122   0.0000000000000000        0.0000000000000000     
  -2.0049658663287896E-009  -1.6527714523852133E-010
  -3.3595907370473445E-007   5.4301724799487119E-009
         123   0.0000000000000000        0.0000000000000000     
  -1.9269610140824518E-009  -1.5961176517782355E-010
  -3.3543232844723277E-007   5.9225918553814411E-009
         124   0.0000000000000000        0.0000000000000000     
  -1.8437971327172186E-009  -1.7866805299101206E-010
  -3.3502296835427038E-007   6.2395414307654453E-009
         125   0.0000000000000000        0.0000000000000000     
  -1.7499618786193881E-009  -2.2238957657819685E-010
  -3.3470639675674078E-007   6.4564082003682901E-009
         126   0.0000000000000000        0.0000000000000000     
  -1.6390985300754206E-009  -2.9764560296110558E-010
  -3.3446214346614196E-007   6.6137966641434958E-009
         127   0.0000000000000000        0.0000000000000000     
  -1.5045898536427707E-009  -4.2054867700039730E-010
  -3.3427559710555419E-007   6.7350713530153868E-009
         128   0.0000000000000000        0.0000000000000000     
  -1.3424665844029015E-009  -6.2334994080117629E-010
  -3.3413753807095586E-007   6.8348603839628703E-009
         129   0.0000000000000000        0.0000000000000000     
  -1.1638667686064529E-009  -9.6855581901512630E-010
  -3.3404368945311486E-007   6.9247353177999416E-009
         130   0.0000000000000000        0.0000000000000000     
  -1.0412967261067243E-009  -1.5687862401965004E-009
  -3.3399071315125979E-007   7.0182413964806290E-009
         131   0.0000000000000000        0.0000000000000000     
  -1.2581526656785816E-009  -2.5458587337507997E-009
  -3.3397171304313281E-007   7.1260255217718638E-009
         132   0.0000000000000000        0.0000000000000000     
  -2.4276310163916916E-009  -3.5553656259256699E-009
  -3.3398541861520791E-007   7.2550850720413417E-009
         133   0.0000000000000000        0.0000000000000000     
  -4.2824246030595355E-009  -3.3425067936682547E-009
  -3.3403816537327626E-007   7.4193321356409264E-009
         134   0.0000000000000000        0.0000000000000000     
  -5.2856091462886735E-009  -2.0868890290359144E-009
  -3.3413835216062969E-007   7.6530727969344612E-009
         135   0.0000000000000000        0.0000000000000000     
  -5.4584164129267298E-009  -9.4917694471790180E-010
  -3.3427665047279825E-007   8.0215707093704983E-009
         136   0.0000000000000000        0.0000000000000000     
  -5.3624107392879289E-009  -7.3570304084337169E-011
  -3.3438985426138142E-007   8.6341601103220522E-009
         137   0.0000000000000000        0.0000000000000000     
  -5.1134437418905033E-009   7.4669265609563285E-010
  -3.3423713595524103E-007   9.6215906685743418E-009
         138   0.0000000000000000        0.0000000000000000     
  -4.4838311809204089E-009   1.5179221626553767E-009
  -3.3324583166048894E-007   1.0774243780062627E-008
