   262144.00000000000     
         256           1           3
   1.7567330116226543E-005  -18.272418975714000       -139.90772519949999     
   6.0401400154609997        12.000000000000000        6321.0000000000000     
           0   0.0000000000000000        0.0000000000000000     
   0.0000000000000000        0.0000000000000000     
   0.0000000000000000        0.0000000000000000     
           1   0.0000000000000000        0.0000000000000000     
   2.1859405174308803E-009  -1.1870103535789243E-010
  -3.0698679859646192E-007   6.7944398681718246E-009
           2   0.0000000000000000        0.0000000000000000     
   2.1155884263935996E-009  -3.1345212925275943E-010
  -3.0397945344939097E-007   7.0401931351370666E-009
           3   0.0000000000000000        0.0000000000000000     
   1.8221524339312648E-009  -2.1388715161514195E-010
  -3.0179952012621344E-007   6.8125795822641636E-009
           4   0.0000000000000000        0.0000000000000000     
   1.8484275397901230E-009  -9.1213017360766414E-011
  -3.0067009848552992E-007   6.5607430528802627E-009
           5   0.0000000000000000        0.0000000000000000     
   1.8741351916660821E-009  -6.1473747350908789E-011
  -2.9980816899816179E-007   6.4796649684795663E-009
           6   0.0000000000000000        0.0000000000000000     
   1.8860563018840900E-009  -5.1282187375551228E-011
  -2.9909122076957125E-007   6.4381551932261892E-009
           7   0.0000000000000000        0.0000000000000000     
   1.8914475066896199E-009  -4.6750571490925858E-011
  -2.9847908675267118E-007   6.4102818692883701E-009
           8   0.0000000000000000        0.0000000000000000     
   1.8936286732789595E-009  -4.4357545060216184E-011
  -2.9794614239326027E-007   6.3888846787967931E-009
           9   0.0000000000000000        0.0000000000000000     
   1.8940912856863637E-009  -4.2925833655248427E-011
  -2.9747478936603288E-007   6.3712554251604552E-009
          10   0.0000000000000000        0.0000000000000000     
   1.8935605150831227E-009  -4.1980198329300671E-011
  -2.9705253817512059E-007   6.3561196528330308E-009
          11   0.0000000000000000        0.0000000000000000     
   1.8924144292528116E-009  -4.1301212801528266E-011
  -2.9667026212089709E-007   6.3427779756306318E-009
          12   0.0000000000000000        0.0000000000000000     
   1.8908603611081393E-009  -4.0776700892212359E-011
  -2.9632111364005802E-007   6.3308017830285421E-009
          13   0.0000000000000000        0.0000000000000000     
   1.8890154281050846E-009  -4.0344387848046811E-011
  -2.9599983414257024E-007   6.3199062490237122E-009
          14   0.0000000000000000        0.0000000000000000     
   1.8869460199443763E-009  -3.9967127794394457E-011
  -2.9570230204118530E-007   6.3098902277279905E-009
          15   0.0000000000000000        0.0000000000000000     
   1.8846883256120838E-009  -3.9621205487457553E-011
  -2.9542522850103094E-007   6.3006048320780685E-009
          16   0.0000000000000000        0.0000000000000000     
   1.8822594941517759E-009  -3.9290387895819722E-011
  -2.9516594725991670E-007   6.2919356342164653E-009
          17   0.0000000000000000        0.0000000000000000     
   1.8796638892734383E-009  -3.8962695054921147E-011
  -2.9492226594322779E-007   6.2837918915466079E-009
          18   0.0000000000000000        0.0000000000000000     
   1.8768966312780185E-009  -3.8628532246755336E-011
  -2.9469235857714896E-007   6.2760996481629631E-009
          19   0.0000000000000000        0.0000000000000000     
   1.8739455549316044E-009  -3.8279531864252078E-011
  -2.9447468631748020E-007   6.2687970919763361E-009
          20   0.0000000000000000        0.0000000000000000     
   1.8707921826637525E-009  -3.7907771741523179E-011
  -2.9426793788781942E-007   6.2618312800232450E-009
          21   0.0000000000000000        0.0000000000000000     
   1.8674120348518552E-009  -3.7505187678609419E-011
  -2.9407098402336176E-007   6.2551557157138347E-009
          22   0.0000000000000000        0.0000000000000000     
   1.8637744440082219E-009  -3.7063071563941615E-011
  -2.9388284199694816E-007   6.2487284590759073E-009
          23   0.0000000000000000        0.0000000000000000     
   1.8598419464378820E-009  -3.6571581888574149E-011
  -2.9370264748155883E-007   6.2425105590618699E-009
          24   0.0000000000000000        0.0000000000000000     
   1.8555692612972047E-009  -3.6019207997635514E-011
  -2.9352963175830327E-007   6.2364646547227120E-009
          25   0.0000000000000000        0.0000000000000000     
   1.8509018160344706E-009  -3.5392130691034667E-011
  -2.9336310280326125E-007   6.2305536201857096E-009
          26   0.0000000000000000        0.0000000000000000     
   1.8457737270358651E-009  -3.4673412261219392E-011
  -2.9320242910079642E-007   6.2247391339134711E-009
          27   0.0000000000000000        0.0000000000000000     
   1.8401050858266017E-009  -3.3841927899533904E-011
  -2.9304702525390654E-007   6.2189800406028068E-009
          28   0.0000000000000000        0.0000000000000000     
   1.8337983240886586E-009  -3.2870913692066917E-011
  -2.9289633855563846E-007   6.2132303381613784E-009
          29   0.0000000000000000        0.0000000000000000     
   1.8267333214098661E-009  -3.1725946126994502E-011
  -2.9274983569750448E-007   6.2074365586114696E-009
          30   0.0000000000000000        0.0000000000000000     
   1.8187607575392610E-009  -3.0362069507686403E-011
  -2.9260698871228155E-007   6.2015342005074905E-009
          31   0.0000000000000000        0.0000000000000000     
   1.8096929626273191E-009  -2.8719624574399421E-011
  -2.9246725902335379E-007   6.1954426833705900E-009
          32   0.0000000000000000        0.0000000000000000     
   1.7992911289679790E-009  -2.6718055907794967E-011
  -2.9233007808474664E-007   6.1890579765602445E-009
          33   0.0000000000000000        0.0000000000000000     
   1.7872471195139090E-009  -2.4246497438946230E-011
  -2.9219482239879332E-007   6.1822414990906022E-009
          34   0.0000000000000000        0.0000000000000000     
   1.7731570707432283E-009  -2.1149082017911245E-011
  -2.9206077953248340E-007   6.1748028958915386E-009
          35   0.0000000000000000        0.0000000000000000     
   1.7564822253839084E-009  -1.7201352517368083E-011
  -2.9192709971405614E-007   6.1664724712144560E-009
          36   0.0000000000000000        0.0000000000000000     
   1.7364893405411482E-009  -1.2071188632336099E-011
  -2.9179272402961437E-007   6.1568556130915233E-009
          37   0.0000000000000000        0.0000000000000000     
   1.7121573338489588E-009  -5.2519710417509624E-012
  -2.9165627363062401E-007   6.1453549196105353E-009
          38   0.0000000000000000        0.0000000000000000     
   1.6820251602368731E-009   4.0550266812709758E-012
  -2.9151587080190780E-007   6.1310332525749325E-009
          39   0.0000000000000000        0.0000000000000000     
   1.6439220882487410E-009   1.7150993173776156E-011
  -2.9136882339219628E-007   6.1123688782939226E-009
          40   0.0000000000000000        0.0000000000000000     
   1.5943435811269218E-009   3.6277350854374787E-011
  -2.9121089706641172E-007   6.0867460084606137E-009
          41   0.0000000000000000        0.0000000000000000     
   1.5273184433972450E-009   6.6655231744720489E-011
  -2.9103499576363111E-007   6.0480818018264332E-009
          42   0.0000000000000000        0.0000000000000000     
   1.4357249562056465E-009   1.1876418873472707E-010
  -2.9083269153592318E-007   5.9841750035226334E-009
          43   0.0000000000000000        0.0000000000000000     
   1.3058314013118124E-009   2.1389645727659265E-010
  -2.9058787123736787E-007   5.8702435722723935E-009
          44   0.0000000000000000        0.0000000000000000     
   1.1200051308360498E-009   4.1257109416428482E-010
  -2.9027988701289887E-007   5.6358656348303076E-009
          45   0.0000000000000000        0.0000000000000000     
   9.1252261279950170E-010   8.9370950972257396E-010
  -2.8994848778164729E-007   5.0728613566174215E-009
          46   0.0000000000000000        0.0000000000000000     
   1.2531627687002409E-009   1.9444638424947609E-009
  -2.9025646089668684E-007   3.8471269061631809E-009
          47   0.0000000000000000        0.0000000000000000     
   2.8758009273171019E-009   1.9384657738001010E-009
  -2.9205751300707030E-007   3.8508678631918674E-009
          48   0.0000000000000000        0.0000000000000000     
   3.2089192712569981E-009   8.7453377925246144E-010
  -2.9235964338563370E-007   5.0854416768762643E-009
          49   0.0000000000000000        0.0000000000000000     
   2.9938877523541097E-009   3.9138977696553035E-010
  -2.9202527036699624E-007   5.6442346423802540E-009
          50   0.0000000000000000        0.0000000000000000     
   2.8062745308985078E-009   1.9339779201395499E-010
  -2.9172390001351206E-007   5.8711837823956138E-009
          51   0.0000000000000000        0.0000000000000000     
   2.6782201789655133E-009   9.8877142593269099E-011
  -2.9149276886884760E-007   5.9776377786913735E-009
          52   0.0000000000000000        0.0000000000000000     
   2.5914210397095692E-009   4.7055210756553513E-011
  -2.9131040789556235E-007   6.0342659275009397E-009
          53   0.0000000000000000        0.0000000000000000     
   2.5316979184118658E-009   1.5335203920336574E-011
  -2.9116012574262184E-007   6.0673116916093238E-009
          54   0.0000000000000000        0.0000000000000000     
   2.4904226726709193E-009  -5.9497839387840779E-012
  -2.9103166149214379E-007   6.0879621090984416E-009
          55   0.0000000000000000        0.0000000000000000     
   2.4624296809641828E-009  -2.1464790598914379E-011
  -2.9091874542611513E-007   6.1015670747612736E-009
          56   0.0000000000000000        0.0000000000000000     
   2.4445946042091172E-009  -3.3709628646601512E-011
  -2.9081743296926971E-007   6.1109329748625662E-009
          57   0.0000000000000000        0.0000000000000000     
   2.4350387557262727E-009  -4.4167647463574336E-011
  -2.9072516192404500E-007   6.1176494896913722E-009
          58   0.0000000000000000        0.0000000000000000     
   2.4326965278259280E-009  -5.3826386030399900E-011
  -2.9064022545564500E-007   6.1226809574040785E-009
          59   0.0000000000000000        0.0000000000000000     
   2.4370860415845671E-009  -6.3443245536470502E-011
  -2.9056147162892765E-007   6.1266538991470442E-009
          60   0.0000000000000000        0.0000000000000000     
   2.4482011687085278E-009  -7.3703924330950444E-011
  -2.9048812901761367E-007   6.1300088095349494E-009
          61   0.0000000000000000        0.0000000000000000     
   2.4664885131663390E-009  -8.5339508114314137E-011
  -2.9041970633660440E-007   6.1330879913076893E-009
          62   0.0000000000000000        0.0000000000000000     
   2.4929087550830028E-009  -9.9233147848420417E-011
  -2.9035594104792503E-007   6.1361923177192307E-009
          63   0.0000000000000000        0.0000000000000000     
   2.5291695698946778E-009  -1.1653317645113478E-010
  -2.9029679714323060E-007   6.1396231857037512E-009
          64   0.0000000000000000        0.0000000000000000     
   2.5785531338740851E-009  -1.3912756905310443E-010
  -2.9024257259834656E-007   6.1437740642238175E-009
          65   0.0000000000000000        0.0000000000000000     
   2.6457968196986771E-009  -1.7254730245343582E-010
  -2.9019386216041482E-007   6.1496101643634614E-009
          66   0.0000000000000000        0.0000000000000000     
   2.7336373700042556E-009  -2.2372751615051461E-010
  -2.9015098561892048E-007   6.1583123248360118E-009
          67   0.0000000000000000        0.0000000000000000     
   2.8512923054380606E-009  -3.0268033839427560E-010
  -2.9011535306834194E-007   6.1715524329693614E-009
          68   0.0000000000000000        0.0000000000000000     
   3.0124972547370885E-009  -4.3560243416378721E-010
  -2.9008914181860269E-007   6.1936193401664233E-009
          69   0.0000000000000000        0.0000000000000000     
   3.2301552622362844E-009  -6.8310751182408577E-010
  -2.9007442685268712E-007   6.2343740045877239E-009
          70   0.0000000000000000        0.0000000000000000     
   3.4769014544073514E-009  -1.1943740075607725E-009
  -2.9006679367727438E-007   6.3180200768162373E-009
          71   0.0000000000000000        0.0000000000000000     
   3.4230542001773225E-009  -2.2550220564860880E-009
  -2.9001290471014982E-007   6.4908589825046864E-009
          72   0.0000000000000000        0.0000000000000000     
   1.9566691947150924E-009  -3.2940183248479572E-009
  -2.8973278286254373E-007   6.6604796397396579E-009
          73   0.0000000000000000        0.0000000000000000     
   3.8728091272506790E-010  -2.3295968948975589E-009
  -2.8943859925382208E-007   6.5060387746503797E-009
          74   0.0000000000000000        0.0000000000000000     
   2.9348912936148387E-010  -1.2162692966863771E-009
  -2.8938613591627406E-007   6.3279171343255740E-009
          75   0.0000000000000000        0.0000000000000000     
   5.4686075782151438E-010  -6.7737911224935375E-010
  -2.8939287057569643E-007   6.2433411935731057E-009
          76   0.0000000000000000        0.0000000000000000     
   7.7260147605554383E-010  -4.1973278373936517E-010
  -2.8939837558058171E-007   6.2049511387324056E-009
          77   0.0000000000000000        0.0000000000000000     
   9.3813784015167755E-010  -2.8278335350678554E-010
  -2.8939770942323270E-007   6.1868968638698920E-009
          78   0.0000000000000000        0.0000000000000000     
   1.0568075649949451E-009  -2.0206081471768275E-010
  -2.8939345226625168E-007   6.1789267751904597E-009
          79   0.0000000000000000        0.0000000000000000     
   1.1420685437574273E-009  -1.5002065959271628E-010
  -2.8938831426711136E-007   6.1768240459589884E-009
          80   0.0000000000000000        0.0000000000000000     
   1.2031440491015544E-009  -1.1364012186020292E-010
  -2.8938446221287854E-007   6.1787994269604871E-009
          81   0.0000000000000000        0.0000000000000000     
   1.2459316834617739E-009  -8.6118945458045035E-011
  -2.8938371079351669E-007   6.1841764517184364E-009
          82   0.0000000000000000        0.0000000000000000     
   1.2740880799022302E-009  -6.3535031071137005E-011
  -2.8938776106432781E-007   6.1928901723566258E-009
          83   0.0000000000000000        0.0000000000000000     
   1.2897381327457519E-009  -4.3360574753803599E-011
  -2.8939841065918374E-007   6.2052992757527350E-009
          84   0.0000000000000000        0.0000000000000000     
   1.2938543031281081E-009  -2.3741064578145062E-011
  -2.8941778585045450E-007   6.2221271382083264E-009
          85   0.0000000000000000        0.0000000000000000     
   1.2863050946911349E-009  -3.1064325213344597E-012
  -2.8944877668058514E-007   6.2444708289136391E-009
          86   0.0000000000000000        0.0000000000000000     
   1.2652864148997086E-009   2.0425162657164543E-011
  -2.8949623899087275E-007   6.2744066499158445E-009
          87   0.0000000000000000        0.0000000000000000     
   1.2275226699277586E-009   5.1751804198867483E-011
  -2.8956689991930126E-007   6.3189865184349268E-009
          88   0.0000000000000000        0.0000000000000000     
   1.1728952042581590E-009   9.7262483015736543E-011
  -2.8966237336969446E-007   6.3877913365498542E-009
          89   0.0000000000000000        0.0000000000000000     
   1.0972580857982035E-009   1.6179824645632735E-010
  -2.8979034520204799E-007   6.4881966863272336E-009
          90   0.0000000000000000        0.0000000000000000     
   9.9161225046930438E-010   2.5946961226729307E-010
  -2.8996593674270175E-007   6.6420266205937526E-009
          91   0.0000000000000000        0.0000000000000000     
   8.4646437754464697E-010   4.2010169115961655E-010
  -2.9020506826567390E-007   6.8954913459814244E-009
          92   0.0000000000000000        0.0000000000000000     
   6.5929160906573666E-010   7.0715478292492117E-010
  -2.9051303730982541E-007   7.3468362353473965E-009
          93   0.0000000000000000        0.0000000000000000     
   4.8213816354977945E-010   1.2577978341455256E-009
  -2.9081124985390776E-007   8.2081653742892541E-009
          94   0.0000000000000000        0.0000000000000000     
   6.4120661161551206E-010   2.2707476278904709E-009
  -2.9059886185482821E-007   9.7867902723982382E-009
          95   0.0000000000000000        0.0000000000000000     
   1.9759518669272369E-009   3.2412183536387754E-009
  -2.8858440083951493E-007   1.1306127808316599E-008
          96   0.0000000000000000        0.0000000000000000     
   3.6357874911575062E-009   2.5739397796791757E-009
  -2.8608218006497738E-007   1.0309463317224481E-008
          97   0.0000000000000000        0.0000000000000000     
   4.0305618328004591E-009   1.4110364039953155E-009
  -2.8554755390487845E-007   8.5607396443572322E-009
          98   0.0000000000000000        0.0000000000000000     
   3.9048177897405491E-009   7.2036992399664051E-010
  -2.8583869828688091E-007   7.5572876394573343E-009
          99   0.0000000000000000        0.0000000000000000     
   3.7427362674494175E-009   3.4507604351149539E-010
  -2.8621735844260831E-007   7.0662422565873724E-009
         100   0.0000000000000000        0.0000000000000000     
   3.6381800738291634E-009   1.1241355040258282E-010
  -2.8655010090969695E-007   6.8365968222790319E-009
         101   0.0000000000000000        0.0000000000000000     
   3.5985391604113431E-009  -6.5664509404349595E-011
  -2.8684091051430010E-007   6.7600978269400255E-009
         102   0.0000000000000000        0.0000000000000000     
   3.6201591550108018E-009  -2.4167354839092588E-010
  -2.8711438490406230E-007   6.8082195576115474E-009
         103   0.0000000000000000        0.0000000000000000     
   3.6987821349377361E-009  -4.6595666314947532E-010
  -2.8739023988330163E-007   7.0095985226252366E-009
         104   0.0000000000000000        0.0000000000000000     
   3.8149700822638739E-009  -8.1600055386853672E-010
  -2.8765289586714530E-007   7.4673764695164613E-009
         105   0.0000000000000000        0.0000000000000000     
   3.8590870966562436E-009  -1.4227002286033796E-009
  -2.8772187155921057E-007   8.3905833382990116E-009
         106   0.0000000000000000        0.0000000000000000     
   3.4136011972881304E-009  -2.3110115726021353E-009
  -2.8687332100826165E-007   9.8097418039011230E-009
         107   0.0000000000000000        0.0000000000000000     
   2.1398295813868376E-009  -2.6269978337911356E-009
  -2.8451324001412988E-007   1.0225246386293154E-008
         108   0.0000000000000000        0.0000000000000000     
   1.2954287462840468E-009  -1.8710729548635556E-009
  -2.8282048739771109E-007   8.7483320046592436E-009
         109   0.0000000000000000        0.0000000000000000     
   1.2531938980077277E-009  -1.1655318888892316E-009
  -2.8243788704093349E-007   7.2993959568410494E-009
         110   0.0000000000000000        0.0000000000000000     
   1.4502869907615982E-009  -7.9686403046385542E-010
  -2.8238740186909151E-007   6.3542500659039664E-009
         111   0.0000000000000000        0.0000000000000000     
   1.6735007393462397E-009  -6.3662747328686503E-010
  -2.8226845268609917E-007   5.6552560541009561E-009
         112   0.0000000000000000        0.0000000000000000     
   1.8898490267328521E-009  -6.0258781507404628E-010
  -2.8198437821424739E-007   4.9723003925816950E-009
         113   0.0000000000000000        0.0000000000000000     
   2.1041765048348051E-009  -6.7422838482880360E-010
  -2.8151433001450864E-007   4.1006599344487577E-009
         114   0.0000000000000000        0.0000000000000000     
   2.3166254270365293E-009  -8.8027511344351093E-010
  -2.8089792810717273E-007   2.7550754618556809E-009
         115   0.0000000000000000        0.0000000000000000     
   2.4744669942836326E-009  -1.3060688714203177E-009
  -2.8042556979202435E-007   4.4825943348167558E-010
         116   0.0000000000000000        0.0000000000000000     
   2.3279011968926664E-009  -2.0417917280522646E-009
  -2.8132973503859721E-007  -3.2967639423246768E-009
         117   0.0000000000000000        0.0000000000000000     
   1.3858085421939707E-009  -2.6897886296068390E-009
  -2.8600022194084714E-007  -6.5835698883973772E-009
         118   0.0000000000000000        0.0000000000000000     
   1.8841952423036155E-010  -2.2829874143932746E-009
  -2.9183800216457284E-007  -4.7563913560033241E-009
         119   0.0000000000000000        0.0000000000000000     
  -2.1044263450425810E-010  -1.4171282391391991E-009
  -2.9375795955529713E-007  -7.0505575719204667E-010
         120   0.0000000000000000        0.0000000000000000     
  -1.5790431157075783E-010  -8.2294812953183488E-010
  -2.9343878703692413E-007   2.0301565224208671E-009
         121   0.0000000000000000        0.0000000000000000     
  -2.8575428323964638E-011  -4.7771404431640597E-010
  -2.9268820159608937E-007   3.5487814317997152E-009
         122   0.0000000000000000        0.0000000000000000     
   7.3952898101453346E-011  -2.6412897322525720E-010
  -2.9200077963480470E-007   4.4052326520080183E-009
         123   0.0000000000000000        0.0000000000000000     
   1.3237162232114346E-010  -1.1364861066848891E-010
  -2.9144984989275813E-007   4.9141186419386807E-009
         124   0.0000000000000000        0.0000000000000000     
   1.4683722722394485E-010   1.0552739336886092E-011
  -2.9101895423289323E-007   5.2288802883117658E-009
         125   0.0000000000000000        0.0000000000000000     
   1.1858190033648333E-010   1.3177054778675217E-010
  -2.9067974957533839E-007   5.4232312191723154E-009
         126   0.0000000000000000        0.0000000000000000     
   4.6508363317411917E-011   2.7018283217066879E-010
  -2.9040767167662198E-007   5.5293085212584923E-009
         127   0.0000000000000000        0.0000000000000000     
  -7.2819504460883051E-011   4.5073769023029167E-010
  -2.9018495980911500E-007   5.5516306647271083E-009
         128   0.0000000000000000        0.0000000000000000     
  -2.4219508220831964E-010   7.1331473755290942E-010
  -2.9000560176538074E-007   5.4672756366057667E-009
         129   0.0000000000000000        0.0000000000000000     
  -4.5062576167149902E-010   1.1305259382088450E-009
  -2.8989306450352801E-007   5.2184665454280832E-009
         130   0.0000000000000000        0.0000000000000000     
  -6.2064124381758471E-010   1.8322112956609623E-009
  -2.8994537282351901E-007   4.7014181753906566E-009
         131   0.0000000000000000        0.0000000000000000     
  -4.4391477837383655E-010   2.9566116196816818E-009
  -2.9050836969719662E-007   3.7943446230349168E-009
         132   0.0000000000000000        0.0000000000000000     
   7.3860828200951865E-010   4.1377539615085553E-009
  -2.9236621192229361E-007   2.9557166183456905E-009
         133   0.0000000000000000        0.0000000000000000     
   2.6324217994838050E-009   4.0362783509984574E-009
  -2.9521424523522073E-007   3.8306397682029695E-009
         134   0.0000000000000000        0.0000000000000000     
   3.5753379337124994E-009   2.8740816156292585E-009
  -2.9714278542458608E-007   6.3295166351717122E-009
         135   0.0000000000000000        0.0000000000000000     
   3.5972985053992038E-009   1.9553959983055288E-009
  -2.9814509391031228E-007   9.2468536132014548E-009
         136   0.0000000000000000        0.0000000000000000     
   3.3558747632065996E-009   1.5283675996860505E-009
  -2.9867578863666728E-007   1.2850979794936600E-008
         137   0.0000000000000000        0.0000000000000000     
   3.1807450892157327E-009   1.4818430793810753E-009
  -2.9788620807786545E-007   1.7945103396569255E-008
         138   0.0000000000000000        0.0000000000000000     
   3.3152423496525057E-009   1.6299355621518511E-009
  -2.9311471673224174E-007   2.3666750542784499E-008
