   262144.00000000000     
         256           1           3
   1.7567330116226543E-005 -0.61231985568299996        172.82518846330001     
   6.0401400154609997        12.000000000000000        6321.0000000000000     
           0   0.0000000000000000        0.0000000000000000     
   0.0000000000000000        0.0000000000000000     
   0.0000000000000000        0.0000000000000000     
           1  -5.2488882713885674E-009   2.6314360646536009E-010
  -2.2262599650654679E-009   1.0513957123597106E-010
   0.0000000000000000        0.0000000000000000     
           2  -5.3500163712413697E-009   3.7066069166963265E-010
  -2.2621806357528156E-009   1.4579780159924809E-010
   0.0000000000000000        0.0000000000000000     
           3  -5.6257201503776339E-009   5.1881049388900123E-010
  -2.3653372316047414E-009   2.0181527176220568E-010
   0.0000000000000000        0.0000000000000000     
           4  -6.1095221886972830E-009   7.4562153363780173E-010
  -2.5476139926903006E-009   2.8753261570363732E-010
   0.0000000000000000        0.0000000000000000     
           5  -6.8997895505421934E-009   1.1356408387986937E-009
  -2.8459816275672798E-009   4.3484101839094487E-010
   0.0000000000000000        0.0000000000000000     
           6  -8.2047517278638618E-009   1.9126933108868050E-009
  -3.3389243523716981E-009   7.2819285476290413E-010
   0.0000000000000000        0.0000000000000000     
           7  -1.0440557263208130E-008   3.8242625733382353E-009
  -4.1833667316594433E-009   1.4496471260565596E-009
   0.0000000000000000        0.0000000000000000     
           8  -1.3584841871130316E-008   1.0150157163734445E-008
  -5.3712964348073474E-009   3.8368123275493971E-009
   0.0000000000000000        0.0000000000000000     
           9  -2.0691821254367972E-009   2.4711013515683703E-008
  -1.0277536981734852E-009   9.3320573565605974E-009
   0.0000000000000000        0.0000000000000000     
          10   1.0900657378716426E-008   1.0407029800608510E-008
   3.8654291479833061E-009   3.9351181888434079E-009
   0.0000000000000000        0.0000000000000000     
          11   7.4906542689870530E-009   3.6430782225793147E-009
   2.5770785330919720E-009   1.3828362115506915E-009
   0.0000000000000000        0.0000000000000000     
          12   5.0301086379201779E-009   1.7145188304365170E-009
   1.6465587299997592E-009   6.5524967069395166E-010
   0.0000000000000000        0.0000000000000000     
          13   3.5706076781170217E-009   9.7437853052270201E-010
   1.0935628373555668E-009   3.7617259065234354E-010
   0.0000000000000000        0.0000000000000000     
          14   2.6395730176117311E-009   6.2442550540981073E-010
   7.3965143180669490E-010   2.4436192898582155E-010
   0.0000000000000000        0.0000000000000000     
          15   2.0010520870794997E-009   4.3514146886944665E-010
   4.9580393830566378E-010   1.7320003701341619E-010
   0.0000000000000000        0.0000000000000000     
          16   1.5368662995812416E-009   3.2310332676197238E-010
   3.1754849895467862E-010   1.3121144358831307E-010
   0.0000000000000000        0.0000000000000000     
          17   1.1833194186803373E-009   2.5256904487105606E-010
   1.8083209594974449E-010   1.0490507413859117E-010
   0.0000000000000000        0.0000000000000000     
          18   9.0341879989041025E-010   2.0629211436884946E-010
   7.1606003332390185E-011   8.7764518488401283E-011
   0.0000000000000000        0.0000000000000000     
          19   6.7420860862891991E-010   1.7517568184135029E-010
  -1.8749287610406109E-011   7.6358815333824042E-011
   0.0000000000000000        0.0000000000000000     
          20   4.8071572866950271E-010   1.5409178011783744E-010
  -9.5906815297827127E-011   6.8749543659590818E-011
   0.0000000000000000        0.0000000000000000     
          21   3.1278440740330467E-010   1.4000579882710248E-010
  -1.6365371000353163E-010   6.3793132311945582E-011
   0.0000000000000000        0.0000000000000000     
          22   1.6311785418725486E-010   1.3104980346725223E-010
  -2.2476351182049756E-010   6.0780456362127162E-011
   0.0000000000000000        0.0000000000000000     
          23   2.6401287225796982E-011   1.2606061002540469E-010
  -2.8123931611123309E-010   5.9269214871612275E-011
   0.0000000000000000        0.0000000000000000     
          24  -1.0170140662239401E-010   1.2429507014982698E-010
  -3.3470524769059658E-010   5.8974592714128823E-011
   0.0000000000000000        0.0000000000000000     
          25  -2.2448442150347423E-010   1.2531875205905050E-010
  -3.8639425769168555E-010   5.9726635210806397E-011
   0.0000000000000000        0.0000000000000000     
          26  -3.4480967335640853E-010   1.2889827745266169E-010
  -4.3736816451114588E-010   6.1429254858376447E-011
   0.0000000000000000        0.0000000000000000     
          27  -4.6535765667023909E-010   1.3495050788011668E-010
  -4.8858622299758775E-010   6.4042167946501671E-011
   0.0000000000000000        0.0000000000000000     
          28  -5.8827890652626067E-010   1.4355555627451450E-010
  -5.4087622250068229E-010   6.7577532206511880E-011
   0.0000000000000000        0.0000000000000000     
          29  -7.1608415290946186E-010   1.5489394438005547E-010
  -5.9510935448022012E-010   7.2085954055948788E-011
   0.0000000000000000        0.0000000000000000     
          30  -8.5125975648402660E-010   1.6928981755360020E-010
  -6.5215566405151322E-010   7.7663704572877749E-011
   0.0000000000000000        0.0000000000000000     
          31  -9.9636042108888740E-010   1.8723295516563047E-010
  -7.1293396083888046E-010   8.4456947513311014E-011
   0.0000000000000000        0.0000000000000000     
          32  -1.1547737509144911E-009   2.0936793080525681E-010
  -7.7850307928076213E-010   9.2667806380493855E-011
   0.0000000000000000        0.0000000000000000     
          33  -1.3299457953730160E-009   2.3661861549509478E-010
  -8.5004155991111356E-010   1.0257574513373242E-010
   0.0000000000000000        0.0000000000000000     
          34  -1.5262191085596901E-009   2.7022648962044888E-010
  -9.2895913558889060E-010   1.1455820817296704E-010
   0.0000000000000000        0.0000000000000000     
          35  -1.7489583429320537E-009   3.1188952677523687E-010
  -1.0169687658558507E-009   1.2912843825181189E-010
   0.0000000000000000        0.0000000000000000     
          36  -2.0049399038667677E-009   3.6395691216542979E-010
  -1.1162012683152200E-009   1.4699187545117070E-010
   0.0000000000000000        0.0000000000000000     
          37  -2.3030747526787763E-009   4.2972008729280441E-010
  -1.2293680222995498E-009   1.6913388774678464E-010
   0.0000000000000000        0.0000000000000000     
          38  -2.6545443699853970E-009   5.1394824417572135E-010
  -1.3599920522133461E-009   1.9696031867835402E-010
   0.0000000000000000        0.0000000000000000     
          39  -3.0750287522872333E-009   6.2361549041070482E-010
  -1.5127652123143315E-009   2.3252820045521638E-010
   0.0000000000000000        0.0000000000000000     
          40  -3.5859137759682679E-009   7.6932527627152313E-010
  -1.6940852925756634E-009   2.7894164507427736E-010
   0.0000000000000000        0.0000000000000000     
          41  -4.2174565367378692E-009   9.6776015779112963E-010
  -1.9129162552075971E-009   3.4105923693286447E-010
   0.0000000000000000        0.0000000000000000     
          42  -5.0137152710561684E-009   1.2463267827286096E-009
  -2.1821980569077456E-009   4.2682687534121852E-010
   0.0000000000000000        0.0000000000000000     
          43  -6.0407625950962737E-009   1.6524890728100930E-009
  -2.5212458609142529E-009   5.4994848213869863E-010
   0.0000000000000000        0.0000000000000000     
          44  -7.4019229717223669E-009   2.2738694073926669E-009
  -2.9598655429947061E-009   7.3565778437171515E-010
   0.0000000000000000        0.0000000000000000     
          45  -9.2622522123058483E-009   3.2859820315326139E-009
  -3.5456376411494291E-009   1.0343460235060794E-009
   0.0000000000000000        0.0000000000000000     
          46  -1.1888629761143736E-008   5.0778850322400730E-009
  -4.3550203478761706E-009   1.5574831149252568E-009
   0.0000000000000000        0.0000000000000000     
          47  -1.5662582266946237E-008   8.6271930422179836E-009
  -5.4966311637306235E-009   2.5846562461337860E-009
   0.0000000000000000        0.0000000000000000     
          48  -2.0571989585719935E-008   1.6718645684738746E-008
  -6.9652415299609631E-009   4.9107617881682421E-009
   0.0000000000000000        0.0000000000000000     
          49  -2.0693497256244700E-008   3.6290279684203869E-008
  -7.0641230293312280E-009   1.0509783660466315E-008
   0.0000000000000000        0.0000000000000000     
          50   1.0168675738825877E-008   5.3702910377284508E-008
   1.6663276761966525E-009   1.5462240911776599E-008
   0.0000000000000000        0.0000000000000000     
          51   3.2512633899896188E-008   2.9956052489252143E-008
   7.9106948270639426E-009   8.6806860915907307E-009
   0.0000000000000000        0.0000000000000000     
          52   2.9541025318574247E-008   1.3565533851475914E-008
   6.9245092343866349E-009   4.0284005077442643E-009
   0.0000000000000000        0.0000000000000000     
          53   2.4739311270230106E-008   6.9318648878238671E-009
   5.4099277065947548E-009   2.1664115106783775E-009
   0.0000000000000000        0.0000000000000000     
          54   2.1349794371418686E-008   3.9170210081317468E-009
   4.2827350770290034E-009   1.3406773542346558E-009
   0.0000000000000000        0.0000000000000000     
          55   1.9110120252985156E-008   2.3236088957827521E-009
   3.4619760957993743E-009   9.2572134723816181E-010
   0.0000000000000000        0.0000000000000000     
          56   1.7644332654872627E-008   1.3676036844249967E-009
   2.8345366759376260E-009   6.9991885057326868E-010
   0.0000000000000000        0.0000000000000000     
          57   1.6710550358913299E-008   7.2769446900568078E-010
   2.3249865760697158E-009   5.7420010477749451E-010
   0.0000000000000000        0.0000000000000000     
          58   1.6167027674095862E-008   2.5366977572926936E-010
   1.8846239887474151E-009   5.0909708552241209E-010
   0.0000000000000000        0.0000000000000000     
          59   1.5931381932434824E-008  -1.3410226905571335E-010
   1.4795726794859335E-009   4.8660097827081809E-010
   0.0000000000000000        0.0000000000000000     
          60   1.5959497684214425E-008  -4.8384722544272928E-010
   1.0830473194261308E-009   4.9965880031361171E-010
   0.0000000000000000        0.0000000000000000     
          61   1.6233771839485276E-008  -8.3013618182681870E-010
   6.7093390634288130E-010   5.4838881518225943E-010
   0.0000000000000000        0.0000000000000000     
          62   1.6757655836265712E-008  -1.2036155613449763E-009
   2.1740724730597012E-010   6.3939018820478576E-010
   0.0000000000000000        0.0000000000000000     
          63   1.7554049401913314E-008  -1.6384464181600135E-009
  -3.0898493846368436E-010   7.8757557607496269E-010
   0.0000000000000000        0.0000000000000000     
          64   1.8670362508469194E-008  -2.1805956364449946E-009
  -9.5082165505983665E-010   1.0213395376756826E-009
   0.0000000000000000        0.0000000000000000     
          65   2.0185673982565737E-008  -2.9020032684245026E-009
  -1.7703368437844457E-009   1.3943527109520079E-009
   0.0000000000000000        0.0000000000000000     
          66   2.2225913188489886E-008  -3.9290270014884308E-009
  -2.8630923251063368E-009   2.0130378530234387E-009
   0.0000000000000000        0.0000000000000000     
          67   2.4988866953772525E-008  -5.5104931613744756E-009
  -4.3774569299200113E-009   3.1057761751494993E-009
   0.0000000000000000        0.0000000000000000     
          68   2.8759943971306335E-008  -8.1993539869934036E-009
  -6.5193334631853003E-009   5.2158131295245503E-009
   0.0000000000000000        0.0000000000000000     
          69   3.3751254038400170E-008  -1.3389144674361313E-008
  -9.3365843854218245E-009   9.7819982321589878E-009
   0.0000000000000000        0.0000000000000000     
          70   3.8328645499086928E-008  -2.4582937869753066E-008
  -1.0624241474583063E-008   2.0491593165725121E-008
   0.0000000000000000        0.0000000000000000     
          71   3.0647681350158906E-008  -4.1967882449320060E-008
   3.6107793870259356E-009   3.6713559001220974E-008
   0.0000000000000000        0.0000000000000000     
          72   1.4733054725130638E-008  -3.9300081032042102E-008
   2.8710445117678496E-008   2.7073382786594135E-008
   0.0000000000000000        0.0000000000000000     
          73   1.9226366231649645E-008  -3.4410225444805936E-008
   3.2410328024057737E-008   9.5752151659790512E-009
   0.0000000000000000        0.0000000000000000     
          74   2.8384041066161212E-008  -4.6539389407704419E-008
   3.0312089803788870E-008  -1.4670535750083371E-009
   0.0000000000000000        0.0000000000000000     
          75   2.0631331706985973E-008  -7.8702737312014167E-008
   2.5196487707081567E-008  -1.2021857328361875E-008
   0.0000000000000000        0.0000000000000000     
          76  -3.0499350268421326E-008  -9.0926890353029001E-008
   1.2017400666915248E-008  -1.6394672568460447E-008
   0.0000000000000000        0.0000000000000000     
          77  -5.8071583897691964E-008  -5.4123334219935408E-008
   4.7248818660885600E-009  -9.6514754628677126E-009
   0.0000000000000000        0.0000000000000000     
          78  -5.4046185950771444E-008  -2.8124109872688658E-008
   4.6204149470129202E-009  -4.8822577301138524E-009
   0.0000000000000000        0.0000000000000000     
          79  -4.6140296321714538E-008  -1.5911622872655058E-008
   5.6846119970617946E-009  -2.8307220210958479E-009
   0.0000000000000000        0.0000000000000000     
          80  -3.9863099020774402E-008  -9.8172228225718359E-009
   6.6816789517413874E-009  -1.9552868998042651E-009
   0.0000000000000000        0.0000000000000000     
          81  -3.5328161060476398E-008  -6.4183819877384157E-009
   7.5429346274096213E-009  -1.5854662892714780E-009
   0.0000000000000000        0.0000000000000000     
          82  -3.2086644571177081E-008  -4.3240827988221423E-009
   8.3375445500493938E-009  -1.4623481151163932E-009
   0.0000000000000000        0.0000000000000000     
          83  -2.9776890701885018E-008  -2.9173264160993856E-009
   9.1311602616024172E-009  -1.4813762229594777E-009
   0.0000000000000000        0.0000000000000000     
          84  -2.8160255492885958E-008  -1.8947725276536306E-009
   9.9766636209589775E-009  -1.6006967030563220E-009
   0.0000000000000000        0.0000000000000000     
          85  -2.7084778300902425E-008  -1.0914975504172903E-009
   1.0920570649975820E-008  -1.8082875403412548E-009
   0.0000000000000000        0.0000000000000000     
          86  -2.6457559546188056E-008  -4.0802513690636798E-010
   1.2010420576361646E-008  -2.1103214721008414E-009
   0.0000000000000000        0.0000000000000000     
          87  -2.6227727120426007E-008   2.2398041869102320E-010
   1.3301341830132435E-008  -2.5287979692028101E-009
   0.0000000000000000        0.0000000000000000     
          88  -2.6374812892855543E-008   8.5993615059790790E-010
   1.4863568525039230E-008  -3.1050834790813448E-009
   0.0000000000000000        0.0000000000000000     
          89  -2.6909108205177659E-008   1.5549617208211666E-009
   1.6792305405538564E-008  -3.9101693575566913E-009
   0.0000000000000000        0.0000000000000000     
          90  -2.7867936912124297E-008   2.3756362627216332E-009
   1.9222048543821864E-008  -5.0664854271300456E-009
   0.0000000000000000        0.0000000000000000     
          91  -2.9324338470657391E-008   3.4165527097924166E-009
   2.2348380998258207E-008  -6.7939089204932899E-009
   0.0000000000000000        0.0000000000000000     
          92  -3.1398211969603590E-008   4.8290436091767115E-009
   2.6456322003866995E-008  -9.5119993037410707E-009
   0.0000000000000000        0.0000000000000000     
          93  -3.4273436313857827E-008   6.8791490502518445E-009
   3.1936034803769310E-008  -1.4084504922900068E-008
   0.0000000000000000        0.0000000000000000     
          94  -3.8217278534288445E-008   1.0076955715065034E-008
   3.9139782480106813E-008  -2.2445019144591667E-008
   0.0000000000000000        0.0000000000000000     
          95  -4.3533563844353406E-008   1.5488096442936067E-008
   4.7174849612143735E-008  -3.9164816426273686E-008
   0.0000000000000000        0.0000000000000000     
          96  -5.0143647858924653E-008   2.5489956174136535E-008
   4.6736930638367811E-008  -7.3035700160191165E-008
   0.0000000000000000        0.0000000000000000     
          97  -5.5159149167382593E-008   4.4897485201299677E-008
   3.1092240772630584E-009  -1.1282938481409827E-007
   0.0000000000000000        0.0000000000000000     
          98  -4.5122716728269321E-008   7.7486194656027969E-008
  -6.0853192221721307E-008  -8.6136296479070003E-008
   0.0000000000000000        0.0000000000000000     
          99   1.2231372195699997E-009   9.6629495512794097E-008
  -6.6195440739078651E-008  -3.8420592372931454E-008
   0.0000000000000000        0.0000000000000000     
         100   3.8673701898241072E-008   6.7869897892807926E-008
  -5.2408078528232709E-008  -1.8708079257540903E-008
   0.0000000000000000        0.0000000000000000     
         101   4.1314403245673285E-008   3.8249114861388902E-008
  -4.3231248640652627E-008  -1.1539327968051489E-008
   0.0000000000000000        0.0000000000000000     
         102   3.4314416555964507E-008   2.2580473574142969E-008
  -3.7491360121139539E-008  -7.7533275217806666E-009
   0.0000000000000000        0.0000000000000000     
         103   2.7015231499275380E-008   1.4753165492416672E-008
  -3.3519273135393824E-008  -5.3872049810669323E-009
   0.0000000000000000        0.0000000000000000     
         104   2.0564443970766528E-008   1.0860274143573447E-008
  -3.0639207602100331E-008  -3.8024017504600453E-009
   0.0000000000000000        0.0000000000000000     
         105   1.4397024753512255E-008   9.4950265053541848E-009
  -2.8512877470044284E-008  -2.6846314567770818E-009
   0.0000000000000000        0.0000000000000000     
         106   7.3848683679712977E-009   1.1281000905735722E-008
  -2.6939397634167726E-008  -1.8577622592823796E-009
   0.0000000000000000        0.0000000000000000     
         107  -5.0883260663782435E-010   2.2456735219722797E-008
  -2.5789880490448060E-008  -1.2172111229310006E-009
   0.0000000000000000        0.0000000000000000     
         108   2.2704624297572762E-008   4.7131589291591899E-008
  -2.4978906128237061E-008  -6.9790822408710246E-010
   0.0000000000000000        0.0000000000000000     
         109   4.1689025858431551E-008   1.8703914803904987E-008
  -2.4449092237876652E-008  -2.5749084596695294E-010
   0.0000000000000000        0.0000000000000000     
         110   3.4801996513476734E-008   6.8050121596130622E-009
  -2.4162315574741557E-008   1.3291404251401761E-010
   0.0000000000000000        0.0000000000000000     
         111   3.0278872119281186E-008   2.8551969938340788E-009
  -2.4094290466119247E-008   4.9387273002767419E-010
   0.0000000000000000        0.0000000000000000     
         112   2.7838853954989028E-008   8.3681021825829551E-010
  -2.4231133424065973E-008   8.4052283495149870E-010
   0.0000000000000000        0.0000000000000000     
         113   2.6681422971835918E-008  -6.4205942598886927E-010
  -2.4567616674810270E-008   1.1839360442881319E-009
   0.0000000000000000        0.0000000000000000     
         114   2.6454001916883198E-008  -2.0781148950419442E-009
  -2.5105697301797150E-008   1.5310097089030752E-009
   0.0000000000000000        0.0000000000000000     
         115   2.7039326165044789E-008  -3.7937801682143609E-009
  -2.5855096019518895E-008   1.8822977898921806E-009
   0.0000000000000000        0.0000000000000000     
         116   2.8448285256974006E-008  -6.1721696477146432E-009
  -2.6834845873528206E-008   2.2255538425510765E-009
   0.0000000000000000        0.0000000000000000     
         117   3.0736505233455161E-008  -9.8633338251707430E-009
  -2.8082708143574795E-008   2.5197521390942105E-009
   0.0000000000000000        0.0000000000000000     
         118   3.3776651443873610E-008  -1.6147877966901659E-008
  -2.9690106098433934E-008   2.6584197886343373E-009
   0.0000000000000000        0.0000000000000000     
         119   3.6247123805166117E-008  -2.7547347276811492E-008
  -3.1945072076325546E-008   2.4112181434901379E-009
   0.0000000000000000        0.0000000000000000     
         120   3.1881499451242307E-008  -4.7071609573394603E-008
  -3.5824666314370367E-008   1.5775652516057272E-009
   0.0000000000000000        0.0000000000000000     
         121   6.7171177211141989E-009  -6.5614612791898346E-008
  -4.3245532646409037E-008   1.6916026500415349E-009
   0.0000000000000000        0.0000000000000000     
         122  -2.6847562955394255E-008  -5.5782629669991456E-008
  -5.2581371405738333E-008   6.5608226894582272E-009
   0.0000000000000000        0.0000000000000000     
         123  -3.8804773297775590E-008  -3.2501169526031262E-008
  -6.0414828355845225E-008   1.4578398712945968E-008
   0.0000000000000000        0.0000000000000000     
         124  -3.8587962576735637E-008  -1.6129304629509201E-008
  -6.8603061301939961E-008   2.4379666350329383E-008
   0.0000000000000000        0.0000000000000000     
         125  -3.6512655865308520E-008  -5.4814766565399101E-009
  -7.8758101951580059E-008   3.8634056392858856E-008
   0.0000000000000000        0.0000000000000000     
         126  -3.5007911215373042E-008   3.5673143729919106E-009
  -9.0046052194350123E-008   6.2912224086029874E-008
   0.0000000000000000        0.0000000000000000     
         127  -3.2825906584684862E-008   1.4453242273282387E-008
  -9.4168017172637288E-008   1.0666029341559601E-007
   0.0000000000000000        0.0000000000000000     
         128  -2.3987552798533557E-008   2.7926131587291386E-008
  -5.9827583119529459E-008   1.7020923827905188E-007
   0.0000000000000000        0.0000000000000000     
         129  -4.5273379922510953E-009   3.2175594237013940E-008
   3.4835554835621691E-008   1.8893384394078473E-007
   0.0000000000000000        0.0000000000000000     
         130   8.0223278292360495E-009   2.1765048370914711E-008
   9.6538769825620230E-008   1.3050749403551441E-007
   0.0000000000000000        0.0000000000000000     
         131   9.6233162959728425E-009   1.2203859874827831E-008
   1.0137913875264316E-007   7.6341997417047523E-008
   0.0000000000000000        0.0000000000000000     
         132   8.0578737166855593E-009   7.0405287405552711E-009
   9.0082332711786904E-008   4.5881455297428282E-008
   0.0000000000000000        0.0000000000000000     
         133   6.2491042772200973E-009   4.4308284014807261E-009
   7.8224543597250009E-008   2.9380134681601237E-008
   0.0000000000000000        0.0000000000000000     
         134   4.7123393844856197E-009   3.1044339582350713E-009
   6.8598296931477161E-008   1.9911452222308953E-008
   0.0000000000000000        0.0000000000000000     
         135   3.4312063582007826E-009   2.4695947304967142E-009
   6.1155084205239836E-008   1.4108245285595914E-008
   0.0000000000000000        0.0000000000000000     
         136   2.3100813020096845E-009   2.2713272122575393E-009
   5.5423562894018480E-008   1.0348457798796889E-008
   0.0000000000000000        0.0000000000000000     
         137   1.2515580923689513E-009   2.4264502790163164E-009
   5.0979087433857741E-008   7.8132679983373103E-009
   0.0000000000000000        0.0000000000000000     
         138   1.7505707816347503E-010   2.9703002296095943E-009
   4.7504655809567211E-008   6.0744529821481759E-009
   0.0000000000000000        0.0000000000000000     
