   262144.00000000000     
         256           1           3
   1.7567330116226543E-005  -13.358806178411999       -174.98568111320000     
   6.0401400154609997        12.000000000000000        6321.0000000000000     
           0   0.0000000000000000        0.0000000000000000     
   0.0000000000000000        0.0000000000000000     
   0.0000000000000000        0.0000000000000000     
           1  -2.4682222748835638E-010   1.0684133544175941E-011
  -1.7243879130307549E-009   7.5745312044783941E-012
  -1.5822161092715688E-009   6.1490880574100250E-012
           2  -2.5205573794804066E-010   1.5610853640070668E-011
  -1.6624326653015305E-009  -2.2233444343632141E-011
  -1.5241479937874153E-009  -2.1975601755189160E-011
           3  -2.6575975469892980E-010   2.2337229466911442E-011
  -1.5673085862967947E-009  -6.2349058962565246E-011
  -1.4345818885987417E-009  -5.9836110530393974E-011
           4  -2.8859460722070783E-010   3.2642601569154822E-011
  -1.4209566589842886E-009  -1.2330529773680279E-010
  -1.2966127677775105E-009  -1.1737292943870990E-010
           5  -3.2527345734619171E-010   5.0399397637300840E-011
  -1.1935332062899139E-009  -2.2807848328566725E-010
  -1.0820287529301097E-009  -2.1626872166376353E-010
           6  -3.8687906480777319E-010   8.5846701329960532E-011
  -8.2587231794781966E-010  -4.3749163535369809E-010
  -7.3511724525624708E-010  -4.1394180469278786E-010
           7  -4.9151021688375828E-010   1.7354613927411921E-010
  -2.0120970757550968E-010  -9.5547992475920325E-010
  -1.4549761306201394E-010  -9.0288142642583803E-010
           8  -6.4116031148172752E-010   4.6573361773825732E-010
   6.8479265906307323E-010  -2.6821474852790611E-009
   6.9070929700819864E-010  -2.5327272556876800E-009
           9  -1.1375876989998062E-010   1.1475430371401827E-009
  -2.4291602119790476E-009  -6.7119360874042308E-009
  -2.2485864917978467E-009  -6.3365335756610254E-009
          10   4.9508641830180500E-010   4.8987188566099662E-010
  -6.0280521403248542E-009  -2.8246735722574416E-009
  -5.6457533764904596E-009  -2.6672689858706167E-009
          11   3.3977875447027718E-010   1.7420087867454677E-010
  -5.1104435858369994E-009  -9.5827994778683392E-010
  -4.7796126959917899E-009  -9.0554401597915877E-010
          12   2.2616453054097567E-010   8.3515850996601543E-011
  -4.4398717097065038E-009  -4.2162692959525489E-010
  -4.1465707673902882E-009  -3.9898728719462043E-010
          13   1.5836877444072170E-010   4.8512296487005057E-011
  -4.0410893574988918E-009  -2.1403267355312709E-010
  -3.7701402318443418E-009  -2.0304135954455553E-010
          14   1.1491130605083341E-010   3.1898165470607977E-011
  -3.7866593796233114E-009  -1.1503927338340513E-010
  -3.5300305216810778E-009  -1.0961124827469574E-010
          15   8.4852145171505160E-011   2.2898091990867328E-011
  -3.6126579529205903E-009  -6.0972121649026149E-011
  -3.3657554824698090E-009  -5.8584981594971956E-011
          16   6.2663837782635869E-011   1.7579264134442438E-011
  -3.4869398176078102E-009  -2.8589940966027217E-011
  -3.2469746165726544E-009  -2.8024828350610799E-011
          17   4.5656402234872285E-011   1.4262527259275634E-011
  -3.3919693976320710E-009  -7.8828693272059929E-012
  -3.1572773287757524E-009  -8.4903337343136667E-012
          18   3.1979080570315727E-011   1.2125665149123600E-011
  -3.3177166398027877E-009   5.9930445378228705E-012
  -3.0871245662687957E-009   4.5946056448729785E-012
          19   2.0770715544317916E-011   1.0745921815518553E-011
  -3.2578697792720119E-009   1.5610806125865455E-011
  -3.0306242816604704E-009   1.3654772313747152E-011
          20   1.0910676699297385E-011   9.8644594676784453E-012
  -3.2085146590911781E-009   2.2420198181981845E-011
  -2.9839480400885887E-009   2.0065864934237460E-011
          21   2.1213455637946668E-012   9.3470309150437065E-012
  -3.1668303214003209E-009   2.7297380559570503E-011
  -2.9444983177009672E-009   2.4650905869379822E-011
          22  -6.2308066449014423E-012   9.0965996679019216E-012
  -3.1309426354289558E-009   3.0782412205304721E-011
  -2.9104448875041941E-009   2.7922696389592169E-011
          23  -1.3853503532050303E-011   9.0837545920534360E-012
  -3.0993118615687081E-009   3.3231442471549647E-011
  -2.8804522816246288E-009   3.0210273332620234E-011
          24  -2.1243036958744193E-011   9.2677170158994222E-012
  -3.0709363965249963E-009   3.4868924438911459E-011
  -2.8535133657743031E-009   3.1728361411723548E-011
          25  -2.8582534459537022E-011   9.6341192753885379E-012
  -3.0449862037503553E-009   3.5844045940093595E-011
  -2.8288422939966513E-009   3.2617174820029497E-011
          26  -3.5692607854392400E-011   1.0193954961848090E-011
  -3.0207365106360349E-009   3.6255108973606689E-011
  -2.8058035145402824E-009   3.2965853441184231E-011
          27  -4.3417638528678824E-011   1.0926769756887717E-011
  -2.9977339511135226E-009   3.6152021889070385E-011
  -2.7838629529933582E-009   3.2826392446849800E-011
          28  -5.1571780029962740E-011   1.1862492862733075E-011
  -2.9754315332307453E-009   3.5563439550629925E-011
  -2.7625515227301914E-009   3.2221804050500127E-011
          29  -6.0321958111741513E-011   1.3026986157976113E-011
  -2.9533774935708859E-009   3.4489042761282485E-011
  -2.7414378221563422E-009   3.1150360491624320E-011
          30  -7.0248744561638745E-011   1.4441208035269426E-011
  -2.9311805300897610E-009   3.2901725296504362E-011
  -2.7201050454290431E-009   2.9587018119369538E-011
          31  -8.0770800609367846E-011   1.6187242685688973E-011
  -2.9083119705426976E-009   3.0756629632714843E-011
  -2.6981294267724081E-009   2.7482449612123412E-011
          32  -9.2532493417338960E-011   1.8316703112014111E-011
  -2.8843473818030413E-009   2.7972752062595633E-011
  -2.6750597751680972E-009   2.4759562757099567E-011
          33  -1.0583377941931650E-010   2.0919829101867288E-011
  -2.8587665814120764E-009   2.4436434865048997E-011
  -2.6503935495593794E-009   2.1307192722400255E-011
          34  -1.2104451886555534E-010   2.4117885337405240E-011
  -2.8309685164690441E-009   1.9988440878711255E-011
  -2.6235488545127402E-009   1.6969890804562000E-011
          35  -1.3819311232552750E-010   2.8093105160268989E-011
  -2.8002021057474798E-009   1.4409567780877558E-011
  -2.5938282992038666E-009   1.1532116968486228E-011
          36  -1.5874668686696134E-010   3.3036997585757806E-011
  -2.7656446439451763E-009   7.3883134900502310E-012
  -2.5603710767166031E-009   4.6937906787441065E-012
          37  -1.8304380472674576E-010   3.9284917659909423E-011
  -2.7261397697000497E-009  -1.5073854330461677E-012
  -2.5220843215087334E-009  -3.9678545707353218E-012
          38  -2.1211249973671180E-010   4.7292053602012862E-011
  -2.6802247715531503E-009  -1.2900140902510273E-011
  -2.4775454361964059E-009  -1.5059404018788208E-011
          39  -2.4734475742665756E-010   5.7727234435010009E-011
  -2.6259480043091840E-009  -2.7704676553284374E-011
  -2.4248553403200442E-009  -2.9471982282615384E-011
          40  -2.9066744782694127E-010   7.1603280744269027E-011
  -2.5606372611821021E-009  -4.7304593925462519E-011
  -2.3614128504647160E-009  -4.8553476429452373E-011
          41  -3.4527760585551543E-010   9.0491081781606023E-011
  -2.4805513495730996E-009  -7.3869123170916676E-011
  -2.2835566812770097E-009  -7.4416082706755756E-011
          42  -4.1423726795480027E-010   1.1703280417906627E-010
  -2.3802007313466027E-009  -1.1094223207536315E-010
  -2.1859779051643645E-009  -1.1051450398904104E-010
          43  -5.0400837247103104E-010   1.5570586170589017E-010
  -2.2514440475367735E-009  -1.6463587708703000E-010
  -2.0607283126090615E-009  -1.6280216651395057E-010
          44  -6.2391455636928376E-010   2.1478671498444426E-010
  -2.0816469725143545E-009  -2.4618075723391594E-010
  -1.8955009208057540E-009  -2.4222062279684643E-010
          45  -7.8887118852565325E-010   3.1078420841467157E-010
  -1.8506628301846680E-009  -3.7794562402875164E-010
  -1.6706696982997810E-009  -3.7056304688758137E-010
          46  -1.0228102223710157E-009   4.8013259760986108E-010
  -1.5262680368522042E-009  -6.0923031122893542E-010
  -1.3548424089580831E-009  -5.9586123847807162E-010
          47  -1.3592038555113708E-009   8.1389162827531766E-010
  -1.0636259347076379E-009  -1.0630837456323319E-009
  -9.0433828993132192E-010  -1.0380000056357949E-009
          48  -1.7914890429581234E-009   1.5695456443394679E-009
  -4.7207666600446674E-010  -2.0868641301239269E-009
  -3.2826644509052900E-010  -2.0354069982282966E-009
          49  -1.7604940536192829E-009   3.3781294415626143E-009
  -5.1027914302035086E-010  -4.5292190868229896E-009
  -3.6577499232309655E-010  -4.4149108836865961E-009
          50   1.1326022192139945E-009   4.9320739062903160E-009
  -4.4071678309294220E-009  -6.6141529934798817E-009
  -4.1627981207985813E-009  -6.4461728550821910E-009
          51   3.1661674931844036E-009   2.6947756216499929E-009
  -7.1239553735017444E-009  -3.5889823340494751E-009
  -6.8100921622709844E-009  -3.4986911384164882E-009
          52   2.8727883952644918E-009   1.1822246496396951E-009
  -6.7031718166132202E-009  -1.5537144693587612E-009
  -6.4005162844212354E-009  -1.5156506240089312E-009
          53   2.4286440554309640E-009   5.7481547307999488E-010
  -6.0813311863944999E-009  -7.4097163566136628E-010
  -5.7950987059802941E-009  -7.2369101812908993E-010
          54   2.1229029734393194E-009   2.9916992268517247E-010
  -5.6453304884734877E-009  -3.7587490419695548E-010
  -5.3707979872199841E-009  -3.6785150956865223E-010
          55   1.9276430026983937E-009   1.5249113597806970E-010
  -5.3560530032906126E-009  -1.8511165709431290E-010
  -5.0895123865134600E-009  -1.8184262605254711E-010
          56   1.8064165466947538E-009   6.2838347482465896E-011
  -5.1640809909414857E-009  -7.2009499538310409E-011
  -4.9031133068505095E-009  -7.1473748215374818E-011
          57   1.7375908803881437E-009   8.7977338893059285E-013
  -5.0382011998016907E-009   2.7209169001121624E-012
  -4.7811874010736896E-009   1.5400972924123103E-012
          58   1.7075993058158429E-009  -4.7155172738928099E-011
  -4.9599294251554980E-009   5.7292224721436778E-011
  -4.7057485962988020E-009   5.4948708929290901E-011
          59   1.7091047051834544E-009  -8.8598941759934279E-011
  -4.9184357176194323E-009   1.0122016792520976E-010
  -4.6662632833474230E-009   9.8030215862207276E-011
          60   1.7383787677192613E-009  -1.2795290236244781E-010
  -4.9075895404560503E-009   1.4014007912594421E-010
  -4.6567795565860575E-009   1.3628340163715764E-010
          61   1.7941775191262280E-009  -1.6848435671351954E-010
  -4.9243989482235003E-009   1.7794479457952279E-010
  -4.6744068192250514E-009   1.7351056886300588E-010
          62   1.8772136839149125E-009  -2.1306096947666443E-010
  -4.9682592327137228E-009   2.1790875013815430E-010
  -4.7185837354182141E-009   2.1291209745540367E-010
          63   1.9900069630827085E-009  -2.6470204142960856E-010
  -5.0407240916371734E-009   2.6346971572470637E-010
  -4.7908545072250790E-009   2.5784602984322129E-010
          64   2.1370240542950946E-009  -3.2707693977150411E-010
  -5.1457038523807607E-009   3.1904724267422028E-010
  -4.8950595291813919E-009   3.1261982945212010E-010
          65   2.3251060903979953E-009  -4.0511064059120012E-010
  -5.2901364251442080E-009   3.9130282242833617E-010
  -5.0379831327428963E-009   3.8370311423456888E-010
          66   2.5642567623485101E-009  -5.0587320241186037E-010
  -5.4853013885077168E-009   4.9162866271623677E-010
  -5.2306217586220882E-009   4.8211171818413405E-010
          67   2.8694231821136345E-009  -6.3999761199645631E-010
  -5.7489578951760792E-009   6.4192158710468664E-010
  -5.4902289306738631E-009   6.2891815098835827E-010
          68   3.2609200262582645E-009  -8.2415455784192418E-010
  -6.1069723217799558E-009   8.8990405666316250E-010
  -5.8420089387303638E-009   8.6981794240772013E-010
          69   3.7716598372962815E-009  -1.0848767175126035E-009
  -6.5807919449800900E-009   1.3539863239579450E-009
  -6.3072969233280965E-009   1.3176987985674650E-009
          70   4.4592184991635754E-009  -1.4663089564136491E-009
  -7.0429604481956846E-009   2.3299173251932423E-009
  -6.7674499489388330E-009   2.2537654430716191E-009
          71   5.4523910754154324E-009  -2.0856047561837373E-009
  -6.5287920086464577E-009   3.8535646917076073E-009
  -6.3143568727093619E-009   3.7158990913734675E-009
          72   6.8383897719382351E-009  -3.3208732271192170E-009
  -5.3633012157578228E-009   3.7999484224989406E-009
  -5.2580530854094433E-009   3.7069664085670295E-009
          73   8.5386555794591042E-009  -5.7070438593462072E-009
  -5.9043488226225119E-009   3.6874491917929922E-009
  -5.8258415527255431E-009   3.6807205341571659E-009
          74   1.0049217119434972E-008  -1.0642680331436432E-008
  -6.7866230804173531E-009   5.2638508370821946E-009
  -6.7089474943640790E-009   5.3364471373861889E-009
          75   7.0719183474156223E-009  -1.9904217290240912E-008
  -5.7225006089788774E-009   8.9353712836675549E-009
  -5.6003963955058586E-009   9.1155422139902678E-009
          76  -7.1768740221164479E-009  -2.3284020327431870E-008
   1.3083107784504158E-010   1.0176356060649007E-008
   4.0950784287117581E-010   1.0395696551240891E-008
          77  -1.4786391876108359E-008  -1.3543383564809580E-008
   3.1469013004286813E-009   5.9592462423989883E-009
   3.5098545410329891E-009   6.0806102121898726E-009
          78  -1.3939897461571306E-008  -6.7417680919677452E-009
   2.6286439474725527E-009   3.0573179311275870E-009
   2.9874908290251087E-009   3.1106675516448747E-009
          79  -1.2066396996973476E-008  -3.5834443317176826E-009
   1.7107241110979195E-009   1.7168577402821135E-009
   2.0545126425394308E-009   1.7390787913819569E-009
          80  -1.0621651886826264E-008  -2.0176617056602058E-009
   9.9044851138209556E-010   1.0576135489102327E-009
   1.3230736928225327E-009   1.0645615140987759E-009
          81  -9.6342971616245876E-009  -1.1408267311206056E-009
   4.7043969505569579E-010   6.9477057709789469E-010
   7.9633421182020754E-010   6.9315401270919063E-010
          82  -8.9900956117104857E-009  -5.8873604881347637E-010
   9.6415567712795035E-011   4.7376632426226974E-010
   4.1891032318382860E-010   4.6664006414506296E-010
          83  -8.5993743317744127E-009  -2.0034407154504818E-010
  -1.7378577043004513E-010   3.2668875756381014E-010
   1.4781726691207253E-010   3.1550463544619597E-010
          84  -8.4055534224524157E-009   1.0423125546567331E-010
  -3.6779314820103380E-010   2.2042194278444551E-010
  -4.5067233863850522E-011   2.0583455861890877E-010
          85  -8.3761391957150189E-009   3.6993972284195344E-010
  -5.0307511740413349E-010   1.3710104463377827E-010
  -1.7746315247075297E-010   1.1930521191505349E-010
          86  -8.4955808564082443E-009   6.2627869969461653E-010
  -5.9037296568230983E-010   6.5998806637734759E-011
  -2.6018858563969078E-010   4.4869214743535503E-011
          87  -8.7612922030827867E-009   8.9675739421447805E-010
  -6.3578774384215179E-010  -2.3359480967644429E-013
  -2.9928125217938042E-010  -2.5101366440995701E-011
          88  -9.1821383001984276E-009   1.2046484901011177E-009
  -6.4190924431054347E-010  -6.7578995793344876E-011
  -2.9713570290966094E-010  -9.6892008772196906E-011
          89  -9.7784740943674945E-009   1.5779375453114767E-009
  -6.0831683113284542E-010  -1.4202092588256736E-010
  -2.5295617391496165E-010  -1.7687214045504619E-010
          90  -1.0586647296864897E-008   2.0553593740903454E-009
  -5.3140401791403502E-010  -2.3085789277791566E-010
  -1.6266366121424681E-010  -2.7289945676097267E-010
          91  -1.1659237704829348E-008   2.6964179754823016E-009
  -4.0394747586960454E-010  -3.4454717404966868E-010
  -1.8262348715048796E-011  -3.9629373587214612E-010
          92  -1.3077997681671027E-008   3.5993860531361725E-009
  -2.1385446413530535E-010  -4.9995305187187194E-010
   1.9339942634773284E-010  -5.6534843959555572E-010
          93  -1.4960361353471824E-008   4.9385569846249754E-009
   5.7210228582649523E-011  -7.2703386182703358E-010
   4.9242173215576285E-010  -8.1251520104003179E-010
          94  -1.7470035958097123E-008   7.0456169446038899E-009
   4.3528121934658354E-010  -1.0839421127771557E-009
   9.0687282051893604E-010  -1.2006489251801757E-009
          95  -2.0790085676420951E-008   1.0601183227958442E-008
   9.4530517254863271E-010  -1.6939411267249201E-009
   1.4639386143497067E-009  -1.8624582847745680E-009
          96  -2.4878824726765569E-008   1.7096863570975103E-008
   1.5414791133788915E-009  -2.8286175033244713E-009
   2.1175631269985623E-009  -3.0898984895389435E-009
          97  -2.8084568994693459E-008   2.9720706739810832E-008
   1.7878609810014625E-009  -4.9370147127432785E-009
   2.4107840547486332E-009  -5.3780218403627195E-009
          98  -2.1301757598858087E-008   5.1665149385106128E-008
   3.5947279324368865E-010  -8.0681231173756925E-009
   8.8349913310289195E-010  -8.8277970552602636E-009
          99   1.0603094306853235E-008   6.4465925391647331E-008
  -4.4303715534579392E-009  -9.5810964832091377E-009
  -4.3745061925261056E-009  -1.0518440626387960E-008
         100   3.6292277727820522E-008   4.4520101359644584E-008
  -8.0390511671555297E-009  -6.4609614160929742E-009
  -8.3479225848552890E-009  -7.0977047177850427E-009
         101   3.8391150529253420E-008   2.4218651069890000E-008
  -8.2103500764290826E-009  -3.4589632212875563E-009
  -8.5386814337525264E-009  -3.7995041055767003E-009
         102   3.4249879961864513E-008   1.3426633797432368E-008
  -7.5200003033249805E-009  -1.8913875766749213E-009
  -7.7809848987780049E-009  -2.0771932949798117E-009
         103   3.0250504417110507E-008   7.8443783395025549E-009
  -6.8732116389886265E-009  -1.0929755052471829E-009
  -7.0708466590557401E-009  -1.1999077580828363E-009
         104   2.7280426360303768E-008   4.6918631430823557E-009
  -6.3837247846670413E-009  -6.5145227011100241E-010
  -6.5339824189166546E-009  -7.1447137976692797E-010
         105   2.5226707753965987E-008   2.7222763792343375E-009
  -6.0273964060692009E-009  -3.8440403535062255E-010
  -6.1438499948780328E-009  -4.2036742454407311E-010
         106   2.3887747371090273E-008   1.3622224691386230E-009
  -5.7701031127315309E-009  -2.0893048816881918E-010
  -5.8631292650917001E-009  -2.2647352264687721E-010
         107   2.3111476018357239E-008   3.2358840560770850E-010
  -5.5864066217699074E-009  -8.4215509519226537E-011
  -5.6638273199951994E-009  -8.7882255201441861E-011
         108   2.2804409435845745E-008  -5.5512338564607906E-010
  -5.4589098900621616E-009   1.1720145332741986E-011
  -5.5271472202729091E-009   1.9628973796523321E-011
         109   2.2915582126373343E-008  -1.3781413945180853E-009
  -5.3764913380945209E-009   9.1906926219556022E-011
  -5.4410351022172106E-009   1.1050922358806555E-010
         110   2.3430154382340327E-008  -2.2262827807450170E-009
  -5.3323742118267988E-009   1.6507006447445817E-010
  -5.3982497358534314E-009   1.9454702804899094E-010
         111   2.4364916729083483E-008  -3.1775208540910735E-009
  -5.3230208326544518E-009   2.3809023805888280E-010
  -5.3951762759058215E-009   2.7960822374911699E-010
         112   2.5769566703607716E-008  -4.3243756557083471E-009
  -5.3473988987319896E-009   3.1763436398551977E-010
  -5.4312265959360768E-009   3.7347545816168185E-010
         113   2.7728214821941651E-008  -5.7957297251134732E-009
  -5.4071291691252502E-009   4.1163295937063628E-010
  -5.5086824418970384E-009   4.8560250426171664E-010
         114   3.0374881099367491E-008  -7.7916321534417899E-009
  -5.5063192567922263E-009   5.3130239269110485E-010
  -5.6328547053975064E-009   6.2951657603454555E-010
         115   3.3898167058415687E-008  -1.0649884915792429E-008
  -5.6516524999950080E-009   6.9460463036195119E-010
  -5.8123150795376210E-009   8.2700155177038945E-010
         116   3.8548356958707362E-008  -1.4981900168121789E-008
  -5.8521999340467591E-009   9.3303944997972430E-010
  -6.0582334512078238E-009   1.1163966760499389E-009
         117   4.4565769613761496E-008  -2.1969613887698830E-008
  -6.1145971096684049E-009   1.3061351752479992E-009
  -6.3788331370329051E-009   1.5702252559741246E-009
         118   5.1779325819212300E-008  -3.4014154616463583E-008
  -6.4205082530996555E-009   1.9320931777825866E-009
  -6.7520343461070953E-009   2.3325238439330762E-009
         119   5.7705560366537897E-008  -5.5849803636016613E-008
  -6.6290618066612491E-009   3.0358143259399404E-009
  -7.0059939851688904E-009   3.6774382641432664E-009
         120   5.0498268304354561E-008  -9.3007701476086378E-008
  -6.1315680916453132E-009   4.8467927533129539E-009
  -6.3998730372767225E-009   5.8846562259462717E-009
         121   4.1458801103992131E-009  -1.2793204451947150E-007
  -3.7040663454732319E-009   6.3980195792478839E-009
  -3.4420045566737140E-009   7.7762426472448781E-009
         122  -5.7005792621576402E-008  -1.0936561786671675E-007
  -7.4090372414323542E-010   5.2388973752117704E-009
   1.6834698294996249E-010   6.3667126066744974E-009
         123  -7.6581511391457114E-008  -6.6636672813440657E-008
   7.6544783603497743E-011   3.0263501719745597E-009
   1.1633165788361097E-009   3.6757801202469639E-009
         124  -7.2878814801951525E-008  -3.8357694522518737E-008
  -2.0172628681460245E-010   1.5973234217668203E-009
   8.2233984706195675E-010   1.9430855821977601E-009
         125  -6.5285919335283477E-008  -2.2849119925874840E-008
  -6.2236897677438821E-010   7.8159956244862095E-010
   3.0702032026486982E-010   9.6426527990135528E-010
         126  -5.8751964614052708E-008  -1.4034511892551175E-008
  -9.7491225778948248E-010   2.2935310303200145E-010
  -1.2378165338069202E-010   3.1906987332035861E-010
         127  -5.3899886571328835E-008  -8.5930455765821372E-009
  -1.3011661931516942E-009  -2.7617159457334976E-010
  -5.0930143800418678E-010  -2.4683628315265706E-010
         128  -5.0504500026642674E-008  -4.9178222911413516E-009
  -1.8144352598145390E-009  -7.8857829195980337E-010
  -1.0712421380418717E-009  -8.0364493139946869E-010
         129  -4.8286008245462077E-008  -2.2331391171922378E-009
  -2.6156889190760027E-009  -9.2311929040132658E-010
  -1.9164404166335241E-009  -9.6482229602432275E-010
         130  -4.7095028956374672E-008  -9.9049850939318800E-011
  -3.1074146957689509E-009  -5.7492672519062076E-010
  -2.4353118074246885E-009  -6.2704889832371795E-010
         131  -4.6813622306151440E-008   1.8132108837766240E-009
  -3.2173341384191639E-009  -2.8506889733974366E-010
  -2.5551435207456850E-009  -3.4703931366648013E-010
         132  -4.7360965830436152E-008   3.7136204193248093E-009
  -3.2228663891488947E-009  -1.4861411793382054E-010
  -2.5613180227794425E-009  -2.2393306696554701E-010
         133  -4.8732644273976780E-008   5.7750547968027969E-009
  -3.2181421589908412E-009  -9.6769349782230802E-011
  -2.5503665103441283E-009  -1.8870901200134191E-010
         134  -5.0992705213416377E-008   8.1916375052343676E-009
  -3.2175728541386912E-009  -8.8283220464369194E-011
  -2.5372022812516298E-009  -2.0066727721523988E-010
         135  -5.4267541573186377E-008   1.1223707959779919E-008
  -3.2196879852233566E-009  -1.0691592931020237E-010
  -2.5199584026459464E-009  -2.4512354877066276E-010
         136  -5.8755765098555514E-008   1.5264255874650290E-008
  -3.2211580011899736E-009  -1.4929039954828588E-010
  -2.4943187696723354E-009  -3.2141236012276606E-010
         137  -6.4732121124757804E-008   2.0960089948505190E-008
  -3.2193047856799453E-009  -2.2048945793195430E-010
  -2.4563777036682824E-009  -4.3916321080042421E-010
         138  -7.2512699202841867E-008   2.9450872401414865E-008
  -3.2135899081894287E-009  -3.3491087232399638E-010
  -2.4046595717560157E-009  -6.2062718794393138E-010
