   262144.00000000000     
         256           1           3
   1.7567330116226543E-005  -13.358806178411999       -174.98568111320000     
   6.0401400154609997        12.000000000000000        6321.0000000000000     
           0   0.0000000000000000        0.0000000000000000     
   0.0000000000000000        0.0000000000000000     
   0.0000000000000000        0.0000000000000000     
           1   0.0000000000000000        0.0000000000000000     
   3.3649482459452147E-009  -1.9031392785169117E-010
   5.3766962317027732E-007  -1.1789881675711819E-008
           2   0.0000000000000000        0.0000000000000000     
   3.2513439106863021E-009  -5.1095430609301726E-010
   5.3247898022755473E-007  -1.1917971463613970E-008
           3   0.0000000000000000        0.0000000000000000     
   2.7695749838272739E-009  -3.4709245422852717E-010
   5.2909605901977795E-007  -1.1672664310391809E-008
           4   0.0000000000000000        0.0000000000000000     
   2.8136879518051813E-009  -1.4517777971909233E-010
   5.2706396431351753E-007  -1.1420851938141024E-008
           5   0.0000000000000000        0.0000000000000000     
   2.8566477150002936E-009  -9.6234846450418215E-011
   5.2550417112935154E-007  -1.1324457991449622E-008
           6   0.0000000000000000        0.0000000000000000     
   2.8767705980278773E-009  -7.9464080742283207E-011
   5.2422144416326101E-007  -1.1267186243734343E-008
           7   0.0000000000000000        0.0000000000000000     
   2.8860418093215830E-009  -7.2006142862447446E-011
   5.2313361703389613E-007  -1.1225079743801672E-008
           8   0.0000000000000000        0.0000000000000000     
   2.8899496689266557E-009  -6.8065198615897395E-011
   5.2219032095815794E-007  -1.1191032132242775E-008
           9   0.0000000000000000        0.0000000000000000     
   2.8909640370937687E-009  -6.5703683073446171E-011
   5.2135819699599002E-007  -1.1162112918593136E-008
          10   0.0000000000000000        0.0000000000000000     
   2.8902882348976737E-009  -6.4139460646057355E-011
   5.2061409036926519E-007  -1.1136819059275717E-008
          11   0.0000000000000000        0.0000000000000000     
   2.8885509894239080E-009  -6.3011358849580669E-011
   5.1994131624285011E-007  -1.1114260318873752E-008
          12   0.0000000000000000        0.0000000000000000     
   2.8860978006224980E-009  -6.2134649844766341E-011
   5.1932747333253124E-007  -1.1093855573138316E-008
          13   0.0000000000000000        0.0000000000000000     
   2.8831240952650994E-009  -6.1406663128300047E-011
   5.1876310116524617E-007  -1.1075198758200170E-008
          14   0.0000000000000000        0.0000000000000000     
   2.8797405945122175E-009  -6.0766012231716333E-011
   5.1824082142071229E-007  -1.1057991685587686E-008
          15   0.0000000000000000        0.0000000000000000     
   2.8760073240604467E-009  -6.0173336460005230E-011
   5.1775476929488528E-007  -1.1042006926689086E-008
          16   0.0000000000000000        0.0000000000000000     
   2.8719521126372870E-009  -5.9601502151627681E-011
   5.1730020529707447E-007  -1.1027065688294428E-008
          17   0.0000000000000000        0.0000000000000000     
   2.8675809495585619E-009  -5.9030275202227965E-011
   5.1687324306123308E-007  -1.1013023796330400E-008
          18   0.0000000000000000        0.0000000000000000     
   2.8628838278929078E-009  -5.8443229231471531E-011
   5.1647065395225498E-007  -1.0999762356674632E-008
          19   0.0000000000000000        0.0000000000000000     
   2.8578379390806240E-009  -5.7825815886124770E-011
   5.1608972379350524E-007  -1.0987181252813354E-008
          20   0.0000000000000000        0.0000000000000000     
   2.8524092084356394E-009  -5.7164047365017075E-011
   5.1572814576323123E-007  -1.0975194429114825E-008
          21   0.0000000000000000        0.0000000000000000     
   2.8465527000353805E-009  -5.6443489055883035E-011
   5.1538393886874774E-007  -1.0963726323472886E-008
          22   0.0000000000000000        0.0000000000000000     
   2.8402121609169985E-009  -5.5648380564617464E-011
   5.1505538478522675E-007  -1.0952709041669847E-008
          23   0.0000000000000000        0.0000000000000000     
   2.8333188173104557E-009  -5.4760760449802502E-011
   5.1474097804087539E-007  -1.0942079993743542E-008
          24   0.0000000000000000        0.0000000000000000     
   2.8257894265000030E-009  -5.3759492182320580E-011
   5.1443938595783675E-007  -1.0931779782989581E-008
          25   0.0000000000000000        0.0000000000000000     
   2.8175234983590307E-009  -5.2619088383897061E-011
   5.1414941571444993E-007  -1.0921750172647645E-008
          26   0.0000000000000000        0.0000000000000000     
   2.8083995102649166E-009  -5.1308210929520725E-011
   5.1386998651576560E-007  -1.0911931960519321E-008
          27   0.0000000000000000        0.0000000000000000     
   2.7982698318414297E-009  -4.9787683929150220E-011
   5.1360010525492547E-007  -1.0902262572680483E-008
          28   0.0000000000000000        0.0000000000000000     
   2.7869539331100251E-009  -4.8007787315370473E-011
   5.1333884427382553E-007  -1.0892673136544009E-008
          29   0.0000000000000000        0.0000000000000000     
   2.7742292459107235E-009  -4.5904485562954964E-011
   5.1308531989938828E-007  -1.0883084702671447E-008
          30   0.0000000000000000        0.0000000000000000     
   2.7598187456681905E-009  -4.3394061471565925E-011
   5.1283867034123461E-007  -1.0873403125261403E-008
          31   0.0000000000000000        0.0000000000000000     
   2.7433738563778072E-009  -4.0365319616340583E-011
   5.1259803126803482E-007  -1.0863511846721302E-008
          32   0.0000000000000000        0.0000000000000000     
   2.7244505523106838E-009  -3.6668008028046193E-011
   5.1236250682372175E-007  -1.0853261375616488E-008
          33   0.0000000000000000        0.0000000000000000     
   2.7024753545773844E-009  -3.2095211681676446E-011
   5.1213113288169946E-007  -1.0842453457373136E-008
          34   0.0000000000000000        0.0000000000000000     
   2.6766959791181228E-009  -2.6355874451326877E-011
   5.1190282767506081E-007  -1.0830816521768425E-008
          35   0.0000000000000000        0.0000000000000000     
   2.6461080955821912E-009  -1.9030671102909819E-011
   5.1167632204787471E-007  -1.0817966390109409E-008
          36   0.0000000000000000        0.0000000000000000     
   2.6093438745555075E-009  -9.4989056446632434E-012
   5.1145005649730859E-007  -1.0803341308485495E-008
          37   0.0000000000000000        0.0000000000000000     
   2.5644973663776728E-009   3.1865400539369390E-012
   5.1122202275403701E-007  -1.0786090926374640E-008
          38   0.0000000000000000        0.0000000000000000     
   2.5088399168143242E-009   2.0519265045167379E-011
   5.1098950831021874E-007  -1.0764881031914768E-008
          39   0.0000000000000000        0.0000000000000000     
   2.4383155302693611E-009   4.4932962959635891E-011
   5.1074864619160362E-007  -1.0737544380848129E-008
          40   0.0000000000000000        0.0000000000000000     
   2.3463730634122487E-009   8.0620599922230262E-011
   5.1049337692886303E-007  -1.0700354121209644E-008
          41   0.0000000000000000        0.0000000000000000     
   2.2218464343954531E-009   1.3735089885122679E-010
   5.1021356653449365E-007  -1.0644639049291800E-008
          42   0.0000000000000000        0.0000000000000000     
   2.0514177254803364E-009   2.3473250105246025E-010
   5.0989718908907361E-007  -1.0553001846339153E-008
          43   0.0000000000000000        0.0000000000000000     
   1.8094009293281223E-009   4.1260774486684881E-010
   5.0952126477257664E-007  -1.0390101237627918E-008
          44   0.0000000000000000        0.0000000000000000     
   1.4628117760868084E-009   7.8422476638446340E-010
   5.0905635460683324E-007  -1.0055495987416947E-008
          45   0.0000000000000000        0.0000000000000000     
   1.0758069917665872E-009   1.6844008201315211E-009
   5.0855918161285093E-007  -9.2522454617988137E-009
          46   0.0000000000000000        0.0000000000000000     
   1.7146467099794083E-009   3.6504876846210928E-009
   5.0897519999336503E-007  -7.5037904841871323E-009
          47   0.0000000000000000        0.0000000000000000     
   4.7526722473485232E-009   3.6390108182482678E-009
   5.1152221014226404E-007  -7.5092454884112742E-009
          48   0.0000000000000000        0.0000000000000000     
   5.3777519692739888E-009   1.6477529393465349E-009
   5.1193240396270084E-007  -9.2705709477731492E-009
          49   0.0000000000000000        0.0000000000000000     
   4.9772599408264750E-009   7.4329339869847336E-010
   5.1143604330067454E-007  -1.0068149849248566E-008
          50   0.0000000000000000        0.0000000000000000     
   4.6283059371344481E-009   3.7239057875039210E-010
   5.1098823737766474E-007  -1.0392621088111498E-008
          51   0.0000000000000000        0.0000000000000000     
   4.3910748158049872E-009   1.9504823326073839E-010
   5.1064223639010582E-007  -1.0545505529038937E-008
          52   0.0000000000000000        0.0000000000000000     
   4.2313620186794517E-009   9.7525658777079381E-011
   5.1036758570427704E-007  -1.0627667680248180E-008
          53   0.0000000000000000        0.0000000000000000     
   4.1226917173519779E-009   3.7517472873488004E-011
   5.1014068881021009E-007  -1.0676618517166819E-008
          54   0.0000000000000000        0.0000000000000000     
   4.0489893384921098E-009  -3.0912546694781337E-012
   5.0994717631929617E-007  -1.0708414483108297E-008
          55   0.0000000000000000        0.0000000000000000     
   4.0006771252665141E-009  -3.3062936195141899E-011
   5.0977844196704821E-007  -1.0730816106185042E-008
          56   0.0000000000000000        0.0000000000000000     
   3.9720198066401730E-009  -5.7118632532060992E-011
   5.0962928699610142E-007  -1.0747997555416021E-008
          57   0.0000000000000000        0.0000000000000000     
   3.9596429614545935E-009  -7.8091948860505624E-011
   5.0949660413056009E-007  -1.0762455854171036E-008
          58   0.0000000000000000        0.0000000000000000     
   3.9617336513517360E-009  -9.7909535197586860E-011
   5.0937866598556556E-007  -1.0775878998695809E-008
          59   0.0000000000000000        0.0000000000000000     
   3.9776256092180287E-009  -1.1809752332930338E-010
   5.0927475356924250E-007  -1.0789592937360867E-008
          60   0.0000000000000000        0.0000000000000000     
   4.0076180734869167E-009  -1.4009200523172833E-010
   5.0918499050472015E-007  -1.0804833670731853E-008
          61   0.0000000000000000        0.0000000000000000     
   4.0529642926333976E-009  -1.6547896197670165E-010
   5.0911032527911927E-007  -1.0822955206151103E-008
          62   0.0000000000000000        0.0000000000000000     
   4.1160390621081245E-009  -1.9622286374896776E-010
   5.0905266738362298E-007  -1.0845625576495898E-008
          63   0.0000000000000000        0.0000000000000000     
   4.2008920687647769E-009  -2.3491691270031895E-010
   5.0901535063457242E-007  -1.0875039832170119E-008
          64   0.0000000000000000        0.0000000000000000     
   4.3151643767406353E-009  -2.8586903536616324E-010
   5.0900474740036990E-007  -1.0914837262280794E-008
          65   0.0000000000000000        0.0000000000000000     
   4.4698213619902375E-009  -3.6178211941204069E-010
   5.0903004173659567E-007  -1.0975736910145637E-008
          66   0.0000000000000000        0.0000000000000000     
   4.6712015385232411E-009  -4.7859678485295803E-010
   5.0909652149550073E-007  -1.1071188005137229E-008
          67   0.0000000000000000        0.0000000000000000     
   4.9405465527539494E-009  -6.5934072031472746E-010
   5.0922205099780553E-007  -1.1220617231167817E-008
          68   0.0000000000000000        0.0000000000000000     
   5.3094847055488454E-009  -9.6430446915718560E-010
   5.0943326088336992E-007  -1.1474882117096969E-008
          69   0.0000000000000000        0.0000000000000000     
   5.8077133342971749E-009  -1.5330165959704936E-009
   5.0975515793947795E-007  -1.1951677088636274E-008
          70   0.0000000000000000        0.0000000000000000     
   6.3722079231420229E-009  -2.7089058896288548E-009
   5.1013454333847568E-007  -1.2940685544841349E-008
          71   0.0000000000000000        0.0000000000000000     
   6.2439112077155728E-009  -5.1495266258867937E-009
   5.0993112330517730E-007  -1.4996554458540818E-008
          72   0.0000000000000000        0.0000000000000000     
   2.8627608513804350E-009  -7.5401711759111258E-009
   5.0698547136670311E-007  -1.7010339845498048E-008
          73   0.0000000000000000        0.0000000000000000     
  -7.5639238336538594E-010  -5.3182216702815211E-009
   5.0384057369171702E-007  -1.5133504925746193E-008
          74   0.0000000000000000        0.0000000000000000     
  -9.7925229551464912E-010  -2.7532509037923184E-009
   5.0356192074162030E-007  -1.2967416933208795E-008
          75   0.0000000000000000        0.0000000000000000     
  -4.0390121929372608E-010  -1.5105545923106371E-009
   5.0395803335965282E-007  -1.1916752025633692E-008
          76   0.0000000000000000        0.0000000000000000     
   1.0664111331698717E-010  -9.1506114839678666E-010
   5.0430095504021665E-007  -1.1412102283760030E-008
          77   0.0000000000000000        0.0000000000000000     
   4.7721080808491335E-010  -5.9707421717629301E-010
   5.0452728970596182E-007  -1.1141645320819834E-008
          78   0.0000000000000000        0.0000000000000000     
   7.3830245332212534E-010  -4.0807379937310524E-010
   5.0466277389874428E-007  -1.0980124135394282E-008
          79   0.0000000000000000        0.0000000000000000     
   9.2063383592778839E-010  -2.8452562538966731E-010
   5.0473334515177640E-007  -1.0873972667134478E-008
          80   0.0000000000000000        0.0000000000000000     
   1.0451042876207383E-009  -1.9629117400528152E-010
   5.0475667526510764E-007  -1.0797802160822478E-008
          81   0.0000000000000000        0.0000000000000000     
   1.1248656185831318E-009  -1.2750613272234785E-010
   5.0474392180432162E-007  -1.0738275388947992E-008
          82   0.0000000000000000        0.0000000000000000     
   1.1677884331549874E-009  -6.8860861836341116E-011
   5.0470181512289340E-007  -1.0687599608276141E-008
          83   0.0000000000000000        0.0000000000000000     
   1.1780479140006612E-009  -1.4158257168813315E-011
   5.0463400618808548E-007  -1.0640628785234743E-008
          84   0.0000000000000000        0.0000000000000000     
   1.1569127575702266E-009   4.1374719916549980E-011
   5.0454175043138460E-007  -1.0593445603376714E-008
          85   0.0000000000000000        0.0000000000000000     
   1.1026452303178604E-009   1.0201777487088923E-010
   5.0442386973104859E-007  -1.0542584139644754E-008
          86   0.0000000000000000        0.0000000000000000     
   1.0085506032341670E-009   1.7327791714248688E-010
   5.0427524769180683E-007  -1.0483654803485758E-008
          87   0.0000000000000000        0.0000000000000000     
   8.6350379986252500E-010   2.7031504650103958E-010
   5.0408725972779169E-007  -1.0404719798284089E-008
          88   0.0000000000000000        0.0000000000000000     
   6.6644240315836828E-010   4.1309363185895195E-010
   5.0385915581001233E-007  -1.0290089320848219E-008
          89   0.0000000000000000        0.0000000000000000     
   4.0370257753971172E-010   6.1679337397972249E-010
   5.0358028673572455E-007  -1.0127841085297279E-008
          90   0.0000000000000000        0.0000000000000000     
   4.6376493497198728E-011   9.2584242223111736E-010
   5.0322803741836107E-007  -9.8831160120629739E-009
          91   0.0000000000000000        0.0000000000000000     
  -4.3600846996076944E-010   1.4342014620767496E-009
   5.0277856536991966E-007  -9.4822031589436153E-009
          92   0.0000000000000000        0.0000000000000000     
  -1.0520363427337269E-009   2.3417738031128513E-009
   5.0222520790909282E-007  -8.7682819115307505E-009
          93   0.0000000000000000        0.0000000000000000     
  -1.6386526764818762E-009   4.0805471238655907E-009
   5.0169598186509045E-007  -7.4024548147376273E-009
          94   0.0000000000000000        0.0000000000000000     
  -1.1701295418185789E-009   7.2763633685459701E-009
   5.0199577535958205E-007  -4.8937486489912739E-009
          95   0.0000000000000000        0.0000000000000000     
   2.9943290818946869E-009   1.0341246739956742E-008
   5.0519668473701193E-007  -2.4881761418745962E-009
          96   0.0000000000000000        0.0000000000000000     
   8.1763466158573546E-009   8.2556253898937829E-009
   5.0919744618544090E-007  -4.1242177588636573E-009
          97   0.0000000000000000        0.0000000000000000     
   9.3695324614741196E-009   4.6155160327813531E-009
   5.1007031036096306E-007  -6.9806681559888082E-009
          98   0.0000000000000000        0.0000000000000000     
   8.9144768052720218E-009   2.4694092609065702E-009
   5.0965204329172658E-007  -8.6660382962191331E-009
          99   0.0000000000000000        0.0000000000000000     
   8.3313551921641522E-009   1.3276725067850482E-009
   5.0913585860889310E-007  -9.5650641056911702E-009
         100   0.0000000000000000        0.0000000000000000     
   7.9105104664239448E-009   6.5358965958469210E-010
   5.0875024946117964E-007  -1.0099834500722942E-008
         101   0.0000000000000000        0.0000000000000000     
   7.6682765061201357E-009   1.8255600500871531E-010
   5.0850898507550766E-007  -1.0479735725882265E-008
         102   0.0000000000000000        0.0000000000000000     
   7.5846172645582127E-009  -2.2682117406668848E-010
   5.0839752378679354E-007  -1.0819111588388834E-008
         103   0.0000000000000000        0.0000000000000000     
   7.6402907697377091E-009  -6.8452999198769172E-010
   5.0840155212767401E-007  -1.1211184157941693E-008
         104   0.0000000000000000        0.0000000000000000     
   7.7951534476259153E-009  -1.3328488587712994E-009
   5.0848649120013906E-007  -1.1782124157974496E-008
         105   0.0000000000000000        0.0000000000000000     
   7.8641574561590180E-009  -2.3961723345108362E-009
   5.0848412179888895E-007  -1.2734851606282682E-008
         106   0.0000000000000000        0.0000000000000000     
   7.1585615310259051E-009  -3.9217250387579210E-009
   5.0776425917924750E-007  -1.4110859840460929E-008
         107   0.0000000000000000        0.0000000000000000     
   5.1232072248486062E-009  -4.5090990609572771E-009
   5.0581788744335258E-007  -1.4626716385481589E-008
         108   0.0000000000000000        0.0000000000000000     
   3.8359097024367216E-009  -3.3449707518605444E-009
   5.0454461335203435E-007  -1.3535213522208412E-008
         109   0.0000000000000000        0.0000000000000000     
   3.9143177440535672E-009  -2.2955769029179577E-009
   5.0450854359135009E-007  -1.2538978615898015E-008
         110   0.0000000000000000        0.0000000000000000     
   4.4304317905451438E-009  -1.8447871760637244E-009
   5.0486061072806629E-007  -1.2077222709352421E-008
         111   0.0000000000000000        0.0000000000000000     
   5.0485527799892767E-009  -1.7987483518408914E-009
   5.0528883042664572E-007  -1.1967157183620892E-008
         112   0.0000000000000000        0.0000000000000000     
   5.7349969852326452E-009  -2.0674849814030983E-009
   5.0575605609499891E-007  -1.2112599670708453E-008
         113   0.0000000000000000        0.0000000000000000     
   6.5131590618429346E-009  -2.7057126042677591E-009
   5.0627897980979294E-007  -1.2536678006989238E-008
         114   0.0000000000000000        0.0000000000000000     
   7.3626850475032066E-009  -3.9364101045421320E-009
   5.0684522647206026E-007  -1.3389966177151513E-008
         115   0.0000000000000000        0.0000000000000000     
   7.9964459316340460E-009  -6.2333554793851076E-009
   5.0725300474986989E-007  -1.5004580945912456E-008
         116   0.0000000000000000        0.0000000000000000     
   7.1291471924392047E-009  -1.0077319494529261E-008
   5.0659216735128628E-007  -1.7719337037711819E-008
         117   0.0000000000000000        0.0000000000000000     
   2.2512725403483224E-009  -1.3456559925636355E-008
   5.0308397925080647E-007  -2.0106348757563583E-008
         118   0.0000000000000000        0.0000000000000000     
  -3.8923268458143323E-009  -1.1455744719923808E-008
   4.9867550414475736E-007  -1.8679094111127442E-008
         119   0.0000000000000000        0.0000000000000000     
  -5.9393148271783389E-009  -7.1142039143708666E-009
   4.9716974002483332E-007  -1.5592306490817102E-008
         120   0.0000000000000000        0.0000000000000000     
  -5.6580057378790738E-009  -4.1576982189344881E-009
   4.9731278897458171E-007  -1.3487588157830014E-008
         121   0.0000000000000000        0.0000000000000000     
  -4.9546908322626522E-009  -2.4758642845204198E-009
   4.9775271834228107E-007  -1.2286150827537978E-008
         122   0.0000000000000000        0.0000000000000000     
  -4.3537831292132937E-009  -1.4779172058389841E-009
   4.9811735761180566E-007  -1.1568411487013872E-008
         123   0.0000000000000000        0.0000000000000000     
  -3.9380905967137423E-009  -8.2356893902491651E-010
   4.9834747652197676E-007  -1.1092197273989169E-008
         124   0.0000000000000000        0.0000000000000000     
  -3.6986705270211205E-009  -3.3824916457555719E-010
   4.9844863611543597E-007  -1.0732426457801353E-008
         125   0.0000000000000000        0.0000000000000000     
  -3.6176144248510765E-009   7.6061512938106154E-011
   4.9843241916840787E-007  -1.0417524320311307E-008
         126   0.0000000000000000        0.0000000000000000     
  -3.6850092199442184E-009   4.8733330671456648E-010
   4.9830437429495936E-007  -1.0095777118185076E-008
         127   0.0000000000000000        0.0000000000000000     
  -3.9006985322288727E-009   9.6069467743157119E-010
   4.9806297034213829E-007  -9.7147050313189042E-009
         128   0.0000000000000000        0.0000000000000000     
  -4.2698016712862597E-009   1.5840226756300123E-009
   4.9770395041226401E-007  -9.2002446245300856E-009
         129   0.0000000000000000        0.0000000000000000     
  -4.7798654880709759E-009   2.5092640767779715E-009
   4.9724118779279276E-007  -8.4225560860532265E-009
         130   0.0000000000000000        0.0000000000000000     
  -5.2919023766058109E-009   4.0091842894604060E-009
   4.9680002557728084E-007  -7.1491319293669109E-009
         131   0.0000000000000000        0.0000000000000000     
  -5.2212471332808661E-009   6.3672050474981385E-009
   4.9689663146308849E-007  -5.1364403981034819E-009
         132   0.0000000000000000        0.0000000000000000     
  -3.3462987764795609E-009   8.9192335000609056E-009
   4.9861822391410219E-007  -2.9800176957739854E-009
         133   0.0000000000000000        0.0000000000000000     
  -2.4308974352753542E-010   9.2147542993600182E-009
   5.0146198945512865E-007  -2.8709673838858525E-009
         134   0.0000000000000000        0.0000000000000000     
   9.6197248687909001E-010   7.7778093420541955E-009
   5.0266039662849282E-007  -4.3793687416847338E-009
         135   0.0000000000000000        0.0000000000000000     
   3.5162144423866668E-010   7.2505853544131335E-009
   5.0227828592670565E-007  -5.2265431297148449E-009
         136   0.0000000000000000        0.0000000000000000     
  -6.4300150399568221E-010   8.4574958105729003E-009
   5.0152059430397433E-007  -4.7967176331957663E-009
         137   0.0000000000000000        0.0000000000000000     
  -6.0828011146515645E-010   1.1626156917585782E-008
   5.0138567797933717E-007  -3.0276135113451261E-009
         138   0.0000000000000000        0.0000000000000000     
   2.8151617124385698E-009   1.5711106895983479E-008
   5.0335575585811429E-007  -6.2281302356519937E-010
