   262144.00000000000     
         256           1           3
   1.7567330116226543E-005   35.902873699465999        16.020003305100001     
   6.0401400154609997        12.000000000000000        600.00000000000000     
           0   0.0000000000000000        0.0000000000000000     
   0.0000000000000000        0.0000000000000000     
   0.0000000000000000        0.0000000000000000     
           1   3.6449093668708141E-009  -1.0877492056480230E-010
  -2.0659984977723778E-009   6.3297277294286359E-011
   0.0000000000000000        0.0000000000000000     
           2   3.6062007089465357E-009  -1.0808090040061375E-010
  -2.0445978108944909E-009   6.3412843007409325E-011
   0.0000000000000000        0.0000000000000000     
           3   3.5907226022266385E-009  -1.1008491962955168E-010
  -2.0372412327276771E-009   6.5110925747357508E-011
   0.0000000000000000        0.0000000000000000     
           4   3.5867981705122084E-009  -1.1298686139471225E-010
  -2.0371928488486756E-009   6.7360733026611490E-011
   0.0000000000000000        0.0000000000000000     
           5   3.5910525386729174E-009  -1.1645437000180501E-010
  -2.0425163973366792E-009   6.9976606837689340E-011
   0.0000000000000000        0.0000000000000000     
           6   3.6020637257194555E-009  -1.2040665337582501E-010
  -2.0524094989213443E-009   7.2918058655477248E-011
   0.0000000000000000        0.0000000000000000     
           7   3.6191553380163080E-009  -1.2483192900227223E-010
  -2.0665065158697345E-009   7.6184908554094111E-011
   0.0000000000000000        0.0000000000000000     
           8   3.6420149287010081E-009  -1.2974733189867020E-010
  -2.0846584350279267E-009   7.9794408207152018E-011
   0.0000000000000000        0.0000000000000000     
           9   3.6705414751162173E-009  -1.3518709488633503E-010
  -2.1068452604036501E-009   8.3774637571096074E-011
   0.0000000000000000        0.0000000000000000     
          10   3.7047761191423760E-009  -1.4119870583274385E-010
  -2.1331366704145178E-009   8.8162512895591498E-011
   0.0000000000000000        0.0000000000000000     
          11   3.7448688870851383E-009  -1.4784204737128816E-010
  -2.1636736748349230E-009   9.3003553289995103E-011
   0.0000000000000000        0.0000000000000000     
          12   3.7910633048105575E-009  -1.5519001182511656E-010
  -2.1986607789121054E-009   9.8352538968635935E-011
   0.0000000000000000        0.0000000000000000     
          13   3.8436910489790907E-009  -1.6333007010309754E-010
  -2.2383642500477430E-009   1.0427479766251633E-010
   0.0000000000000000        0.0000000000000000     
          14   3.9031731598803093E-009  -1.7236667333491383E-010
  -2.2831144649698306E-009   1.1084805693086204E-010
   0.0000000000000000        0.0000000000000000     
          15   3.9700262206704902E-009  -1.8242452413767444E-010
  -2.3333115141966648E-009   1.1816491705737981E-010
   0.0000000000000000        0.0000000000000000     
          16   4.0448729575172685E-009  -1.9365287506021690E-010
  -2.3894338386557101E-009   1.2633607145075596E-010
   0.0000000000000000        0.0000000000000000     
          17   4.1284573457768947E-009  -2.0623111696694389E-010
  -2.4520500719341304E-009   1.3549447593924365E-010
   0.0000000000000000        0.0000000000000000     
          18   4.2216647832917544E-009  -2.2037604459925085E-010
  -2.5218345769936388E-009   1.4580075849094213E-010
   0.0000000000000000        0.0000000000000000     
          19   4.3255483519518353E-009  -2.3635135115539986E-010
  -2.5995874871908023E-009   1.5745028215329001E-010
   0.0000000000000000        0.0000000000000000     
          20   4.4413627050826962E-009  -2.5448013562502317E-010
  -2.6862604362285995E-009   1.7068244596610222E-010
   0.0000000000000000        0.0000000000000000     
          21   4.5706077800864448E-009  -2.7516154298711250E-010
  -2.7829896512201377E-009   1.8579305883670227E-010
   0.0000000000000000        0.0000000000000000     
          22   4.7150854359000260E-009  -2.9889315690613591E-010
  -2.8911387554980967E-009   2.0315099347493174E-010
   0.0000000000000000        0.0000000000000000     
          23   4.8769733862752466E-009  -3.2630152070414179E-010
  -3.0123545820197070E-009   2.2322089119720798E-010
   0.0000000000000000        0.0000000000000000     
          24   5.0589226441593093E-009  -3.5818432934527481E-010
  -3.1486406853074478E-009   2.4659455883902323E-010
   0.0000000000000000        0.0000000000000000     
          25   5.2641874227143352E-009  -3.9556967292640028E-010
  -3.3024552955322026E-009   2.7403507038330431E-010
   0.0000000000000000        0.0000000000000000     
          26   5.4968005638321519E-009  -4.3980067045033833E-010
  -3.4768435657029019E-009   3.0653979430116662E-010
   0.0000000000000000        0.0000000000000000     
          27   5.7618139137197740E-009  -4.9265871009225729E-010
  -3.6756187474388683E-009   3.4543221006154383E-010
   0.0000000000000000        0.0000000000000000     
          28   6.0656330481858424E-009  -5.5654676886227613E-010
  -3.9036144556467593E-009   3.9249854574079149E-010
   0.0000000000000000        0.0000000000000000     
          29   6.4164917824437216E-009  -6.3476867724725261E-010
  -4.1670422712649098E-009   4.5019602556150812E-010
   0.0000000000000000        0.0000000000000000     
          30   6.8251382523237614E-009  -7.3196611647668952E-010
  -4.4740088085074413E-009   5.2197889795391080E-010
   0.0000000000000000        0.0000000000000000     
          31   7.3058487290071991E-009  -8.5482356824278117E-010
  -4.8352798598163862E-009   6.1282464267695090E-010
   0.0000000000000000        0.0000000000000000     
          32   7.8779619073872181E-009  -1.0132457565231443E-009
  -5.2654370543043913E-009   7.3011333961490344E-010
   0.0000000000000000        0.0000000000000000     
          33   8.5682616980206479E-009  -1.2224046761663034E-009
  -5.7846747029389213E-009   8.8515734799360255E-010
   0.0000000000000000        0.0000000000000000     
          34   9.4147799503037147E-009  -1.5064682234174338E-009
  -6.4216686598981373E-009   1.0959892522348402E-009
   0.0000000000000000        0.0000000000000000     
          35   1.0473029532238736E-008  -1.9057739405324205E-009
  -7.2182818397222728E-009   1.3927291630318485E-009
   0.0000000000000000        0.0000000000000000     
          36   1.1826434683250442E-008  -2.4915562332501200E-009
  -8.2374468437250184E-009   1.8286109505275235E-009
   0.0000000000000000        0.0000000000000000     
          37   1.3603746291252314E-008  -3.3986136828939211E-009
  -9.5763532985292474E-009   2.5044585755974835E-009
   0.0000000000000000        0.0000000000000000     
          38   1.6005586599386654E-008  -4.9047499864513892E-009
  -1.1386644971212516E-008   3.6282592865446482E-009
   0.0000000000000000        0.0000000000000000     
          39   1.9323775601074163E-008  -7.6452507691244336E-009
  -1.3889638928260414E-008   5.6761715345926220E-009
   0.0000000000000000        0.0000000000000000     
          40   2.3774427024282144E-008  -1.3247722370798359E-008
  -1.7253065035334456E-008   9.8698317766861619E-009
   0.0000000000000000        0.0000000000000000     
          41   2.7660409528290464E-008  -2.6016893880117177E-008
  -2.0216612926302817E-008   1.9447648931249797E-008
   0.0000000000000000        0.0000000000000000     
          42   1.6438557334636172E-008  -4.9584381361236253E-008
  -1.1870524462874976E-008   3.7184623832050623E-008
   0.0000000000000000        0.0000000000000000     
          43  -1.8974699991294496E-008  -4.7118929045893787E-008
   1.4727375072397829E-008   3.5450590332966004E-008
   0.0000000000000000        0.0000000000000000     
          44  -2.7071549803929496E-008  -2.3688693422534944E-008
   2.0878305079996814E-008   1.7883014529333163E-008
   0.0000000000000000        0.0000000000000000     
          45  -2.2574337627032139E-008  -1.1922228721867930E-008
   1.7531453850386283E-008   9.0340028281996518E-009
   0.0000000000000000        0.0000000000000000     
          46  -1.8084614079267566E-008  -6.7950584342992577E-009
   1.4166591373752501E-008   5.1716209839932270E-009
   0.0000000000000000        0.0000000000000000     
          47  -1.4808846949867241E-008  -4.2840662172646028E-009
   1.1702489628524493E-008   3.2786617300057336E-009
   0.0000000000000000        0.0000000000000000     
          48  -1.2459732665421890E-008  -2.9012113834115159E-009
   9.9276659118784929E-009   2.2369126029190127E-009
   0.0000000000000000        0.0000000000000000     
          49  -1.0737522638625400E-008  -2.0650338638971929E-009
   8.6181272231039029E-009   1.6090566866435169E-009
   0.0000000000000000        0.0000000000000000     
          50  -9.4436427048659846E-009  -1.5200278123440604E-009
   7.6245171520189473E-009   1.2030557828322985E-009
   0.0000000000000000        0.0000000000000000     
          51  -8.4531800406711546E-009  -1.1411086033145185E-009
   6.8519671109799708E-009   9.2531359088044913E-010
   0.0000000000000000        0.0000000000000000     
          52  -7.6873756982653661E-009  -8.6075825426074219E-010
   6.2394754791882208E-009   7.2604585690279648E-010
   0.0000000000000000        0.0000000000000000     
          53  -7.0966711111369166E-009  -6.3852918741817035E-010
   5.7469468422891842E-009   5.7664879383171624E-010
   0.0000000000000000        0.0000000000000000     
          54  -6.6513031066950230E-009  -4.4638100051376216E-010
   5.3476255011299526E-009   4.5930881909465646E-010
   0.0000000000000000        0.0000000000000000     
          55  -6.3367628185549900E-009  -2.5963638840082893E-010
   5.0237727864507985E-009   3.6159801964167326E-010
   0.0000000000000000        0.0000000000000000     
          56  -6.1527405630056183E-009  -4.7823984595798778E-011
   4.7643235523430050E-009   2.7288117982036158E-010
   0.0000000000000000        0.0000000000000000     
          57  -6.1144906755796243E-009   2.4205088102194039E-010
   4.5637495698858412E-009   1.8029787998322825E-010
   0.0000000000000000        0.0000000000000000     
          58  -6.2497984810942800E-009   7.2959067518154295E-010
   4.4205815571372941E-009   6.0450851464768826E-011
   0.0000000000000000        0.0000000000000000     
          59  -6.5301077446877146E-009   1.7331812017222229E-009
   4.3245792233996935E-009  -1.4388136177925860E-010
   0.0000000000000000        0.0000000000000000     
          60  -6.2570519568854574E-009   3.9707337725458415E-009
   4.1490255319819064E-009  -5.5779836098587316E-010
   0.0000000000000000        0.0000000000000000     
          61  -2.7247469512250499E-009   5.9553152795593966E-009
   3.4222607641833073E-009  -9.1789904604444249E-010
   0.0000000000000000        0.0000000000000000     
          62   1.1465403531641646E-010   3.5095970353865585E-009
   2.8389274949418409E-009  -5.0431237477026591E-010
   0.0000000000000000        0.0000000000000000     
          63   5.8366684258189086E-011   1.5936787377788453E-009
   2.7717122852080193E-009  -1.8641363739580210E-010
   0.0000000000000000        0.0000000000000000     
          64  -3.4450748785893399E-010   7.8937756103572474E-010
   2.7737167223456047E-009  -6.1185974387435967E-011
   0.0000000000000000        0.0000000000000000     
          65  -6.3141996079836568E-010   4.2863660755168428E-010
   2.7644211456827163E-009  -1.1645466115800563E-011
   0.0000000000000000        0.0000000000000000     
          66  -8.0808085791966348E-010   2.4666854206526490E-010
   2.7443822369744550E-009   8.0682321223447574E-012
   0.0000000000000000        0.0000000000000000     
          67  -9.1220525886629911E-010   1.4602188027817231E-010
   2.7195993932008262E-009   1.4635146826919362E-011
   0.0000000000000000        0.0000000000000000     
          68  -9.7037495756288066E-010   8.6540884257441521E-011
   2.6941749489493081E-009   1.4806157247401104E-011
   0.0000000000000000        0.0000000000000000     
          69  -9.9914923961047169E-010   4.9712412177035933E-011
   2.6705528797554669E-009   1.1606029224036529E-011
   0.0000000000000000        0.0000000000000000     
          70  -1.0088213833352700E-009   2.6180344757598950E-011
   2.6501802751794421E-009   6.4950798216449063E-012
   0.0000000000000000        0.0000000000000000     
          71  -1.0059311444617324E-009   1.0858107638610326E-011
   2.6339421214784365E-009   2.1020374734724470E-013
   0.0000000000000000        0.0000000000000000     
          72  -9.9474163791112750E-010   8.1470257944655303E-013
   2.6224141161058301E-009  -6.8746339080840474E-012
   0.0000000000000000        0.0000000000000000     
          73  -9.7810008792129528E-010  -5.7193559536957069E-012
   2.6160092441264578E-009  -1.4581370664933629E-011
   0.0000000000000000        0.0000000000000000     
          74  -9.5794959107224033E-010  -9.8530397373085522E-012
   2.6150655551113595E-009  -2.2845840968099163E-011
   0.0000000000000000        0.0000000000000000     
          75  -9.3564176369859673E-010  -1.2302298456240513E-011
   2.6199016260945900E-009  -3.1676117345085788E-011
   0.0000000000000000        0.0000000000000000     
          76  -9.1213316406656097E-010  -1.3539931321475568E-011
   2.6308544243401990E-009  -4.1131441358929509E-011
   0.0000000000000000        0.0000000000000000     
          77  -8.8811205852052318E-010  -1.3883006061812453E-011
   2.6483080200970533E-009  -5.1312534267209495E-011
   0.0000000000000000        0.0000000000000000     
          78  -8.6408235639213631E-010  -1.3545563196087184E-011
   2.6727183128411011E-009  -6.2358888125557961E-011
   0.0000000000000000        0.0000000000000000     
          79  -8.4042059700136912E-010  -1.2671216684070010E-011
   2.7046372561654058E-009  -7.4451018460003777E-011
   0.0000000000000000        0.0000000000000000     
          80  -8.1741566232685054E-010  -1.1353653295530715E-011
   2.7447393011610513E-009  -8.7816977703223908E-011
   0.0000000000000000        0.0000000000000000     
          81  -7.9529728045835196E-010  -9.6495490999342392E-012
   2.7938525900707674E-009  -1.0274330342339240E-010
   0.0000000000000000        0.0000000000000000     
          82  -7.7425724645977319E-010  -7.5865004760715639E-012
   2.8529976828886929E-009  -1.1959132941698375E-010
   0.0000000000000000        0.0000000000000000     
          83  -7.5446600611348496E-010  -5.1674524345018822E-012
   2.9234372757193489E-009  -1.3882063895140211E-010
   0.0000000000000000        0.0000000000000000     
          84  -7.3608648729314633E-010  -2.3724120605224732E-012
   3.0067415593506651E-009  -1.6102260249676918E-010
   0.0000000000000000        0.0000000000000000     
          85  -7.1928663820380928E-010   8.4225357288412643E-013
   3.1048757729860411E-009  -1.8696871022852720E-010
   0.0000000000000000        0.0000000000000000     
          86  -7.0425194501620364E-010   4.5470522773949264E-012
   3.2203194974659489E-009  -2.1768126066733057E-010
   0.0000000000000000        0.0000000000000000     
          87  -6.9119921352967175E-010   8.8457063875244784E-012
   3.3562319334979249E-009  -2.5453875144212705E-010
   0.0000000000000000        0.0000000000000000     
          88  -6.8039311570780572E-010   1.3885789098450897E-011
   3.5166848948001750E-009  -2.9943662500796349E-010
   0.0000000000000000        0.0000000000000000     
          89  -6.7216747181369437E-010   1.9875830859604190E-011
   3.7069973564238777E-009  -3.5503894244259593E-010
   0.0000000000000000        0.0000000000000000     
          90  -6.6695406655143811E-010   2.7112769083479700E-011
   3.9342253254435666E-009  -4.2518435405137148E-010
   0.0000000000000000        0.0000000000000000     
          91  -6.6532315917637590E-010   3.6026741668575751E-011
   4.2078940616104722E-009  -5.1556365593724007E-010
   0.0000000000000000        0.0000000000000000     
          92  -6.6804199126226932E-010   4.7256272707696454E-011
   4.5411155461003409E-009  -6.3489568719448975E-010
   0.0000000000000000        0.0000000000000000     
          93  -6.7616073591447044E-010   6.1779182780195809E-011
   4.9523266111605741E-009  -7.9706227117177673E-010
   0.0000000000000000        0.0000000000000000     
          94  -6.9113901700791177E-010   8.1150842969338949E-011
   5.4680253808611007E-009  -1.0251928332264714E-009
   0.0000000000000000        0.0000000000000000     
          95  -7.1502631735801853E-010   1.0796091741403191E-010
   6.1270412172357316E-009  -1.3599706922469530E-009
   0.0000000000000000        0.0000000000000000     
          96  -7.5068553707084458E-010   1.4676279944311009E-010
   6.9866961284569022E-009  -1.8777599796469571E-009
   0.0000000000000000        0.0000000000000000     
          97  -8.0190184778267264E-010   2.0609296680761296E-010
   8.1285419194994486E-009  -2.7334167200482198E-009
   0.0000000000000000        0.0000000000000000     
          98  -8.7246425711555581E-010   3.0313384829666555E-010
   9.6434092977631039E-009  -4.2694576481213789E-009
   0.0000000000000000        0.0000000000000000     
          99  -9.5944391915231548E-010   4.7455278788204158E-010
   1.1463832842072554E-008  -7.2994379705806916E-009
   0.0000000000000000        0.0000000000000000     
         100  -1.0172766915951386E-009   7.9373526249548900E-010
   1.2270063640789698E-008  -1.3567729716078668E-008
   0.0000000000000000        0.0000000000000000     
         101  -8.3979071547623428E-010   1.3067118340118363E-009
   5.7693199127401560E-009  -2.2677779858535458E-008
   0.0000000000000000        0.0000000000000000     
         102  -1.6327474382316375E-010   1.6832475238182863E-009
  -8.0184254622920282E-009  -2.0626272927755025E-008
   0.0000000000000000        0.0000000000000000     
         103   6.3406235600747365E-010   1.3573816271779587E-009
  -1.1661231525891359E-008  -1.1350224507598706E-008
   0.0000000000000000        0.0000000000000000     
         104   8.2344018152144755E-010   7.4928558544627064E-010
  -1.0149795838772299E-008  -6.1442099908540975E-009
   0.0000000000000000        0.0000000000000000     
         105   7.2035624151718674E-010   3.9428189517260460E-010
  -8.3326239223216178E-009  -3.6699329051906953E-009
   0.0000000000000000        0.0000000000000000     
         106   5.9682948334805794E-010   2.1860508895451128E-010
  -6.9093218104452100E-009  -2.3893899316885565E-009
   0.0000000000000000        0.0000000000000000     
         107   5.0124019647295458E-010   1.2670614165024837E-010
  -5.8449103364889013E-009  -1.6601304828537076E-009
   0.0000000000000000        0.0000000000000000     
         108   4.3234136705683449E-010   7.4555295301158603E-011
  -5.0407080814692690E-009  -1.2108922340564711E-009
   0.0000000000000000        0.0000000000000000     
         109   3.8324838934444004E-010   4.2765669667422367E-011
  -4.4202342780872017E-009  -9.1641966760465049E-010
   0.0000000000000000        0.0000000000000000     
         110   3.4832883964966278E-010   2.2220057685103718E-011
  -3.9312191641517088E-009  -7.1362148326951702E-010
   0.0000000000000000        0.0000000000000000     
         111   3.2363732866848703E-010   8.2904688168334377E-012
  -3.5384039467606988E-009  -5.6826988442883711E-010
   0.0000000000000000        0.0000000000000000     
         112   3.0647475735192849E-010  -1.5389000737523657E-012
  -3.2176601575684217E-009  -4.6061140660064435E-010
   0.0000000000000000        0.0000000000000000     
         113   2.9497853603778032E-010  -8.7177549729027083E-012
  -2.9521155663393865E-009  -3.7864303636023516E-010
   0.0000000000000000        0.0000000000000000     
         114   2.8784038239911024E-010  -1.4123598271454462E-011
  -2.7297032024052100E-009  -3.1474843947303038E-010
   0.0000000000000000        0.0000000000000000     
         115   2.8412339965067795E-010  -1.8310219559437011E-011
  -2.5416067989857824E-009  -2.6391371500252743E-010
   0.0000000000000000        0.0000000000000000     
         116   2.8314420278345688E-010  -2.1639856767213424E-011
  -2.3812586410434853E-009  -2.2273222442270579E-010
   0.0000000000000000        0.0000000000000000     
         117   2.8439606604302524E-010  -2.4356952555763427E-011
  -2.2436801131898116E-009  -1.8882495186402137E-010
   0.0000000000000000        0.0000000000000000     
         118   2.8749792348299046E-010  -2.6631073170529822E-011
  -2.1250384372853392E-009  -1.6048994017031553E-010
   0.0000000000000000        0.0000000000000000     
         119   2.9215986937556305E-010  -2.8582811583189090E-011
  -2.0223425498340339E-009  -1.3648316629363910E-010
   0.0000000000000000        0.0000000000000000     
         120   2.9815937653262944E-010  -3.0299931773538939E-011
  -1.9332304003473473E-009  -1.1587753048266157E-010
   0.0000000000000000        0.0000000000000000     
         121   3.0532460988663769E-010  -3.1847722392217099E-011
  -1.8558175373626710E-009  -9.7969731170018514E-011
   0.0000000000000000        0.0000000000000000     
         122   3.1352252773622733E-010  -3.3275809584902498E-011
  -1.7885875759070567E-009  -8.2217314349022166E-011
   0.0000000000000000        0.0000000000000000     
         123   3.2265027389105675E-010  -3.4622746218984688E-011
  -1.7303118064954278E-009  -6.8195208432827924E-011
   0.0000000000000000        0.0000000000000000     
         124   3.3262887246209617E-010  -3.5919171357362423E-011
  -1.6799894294574173E-009  -5.5565119145937086E-011
   0.0000000000000000        0.0000000000000000     
         125   3.4339856159137485E-010  -3.7190031036829553E-011
  -1.6368026252499403E-009  -4.4053576642840248E-011
   0.0000000000000000        0.0000000000000000     
         126   3.5491531324631198E-010  -3.8456171398674432E-011
  -1.6000824644108529E-009  -3.3435901671258872E-011
   0.0000000000000000        0.0000000000000000     
         127   3.6714822554293713E-010  -3.9735505511261680E-011
  -1.5692828607508508E-009  -2.3524277073570675E-011
   0.0000000000000000        0.0000000000000000     
         128   3.8007756765419429E-010  -4.1043886827230058E-011
  -1.5439605885062835E-009  -1.4158695196044492E-011
   0.0000000000000000        0.0000000000000000     
         129   3.9369332125779535E-010  -4.2395778636934800E-011
  -1.5237599506467958E-009  -5.1999285973154722E-012
   0.0000000000000000        0.0000000000000000     
         130   4.0799410669496849E-010  -4.3804780495809164E-011
  -1.5084010859068479E-009   3.4760835756944512E-012
   0.0000000000000000        0.0000000000000000     
         131   4.2298641304297728E-010  -4.5284053622114640E-011
  -1.4976711917485128E-009   1.1982882806151987E-011
   0.0000000000000000        0.0000000000000000     
         132   4.3868407320996568E-010  -4.6846674070532474E-011
  -1.4914181565831256E-009   2.0427522647041741E-011
   0.0000000000000000        0.0000000000000000     
         133   4.5510794072902278E-010  -4.8505932666475368E-011
  -1.4895462630987614E-009   2.8914281193498140E-011
   0.0000000000000000        0.0000000000000000     
         134   4.7228573569484987E-010  -5.0275592425133717E-011
  -1.4920137647396245E-009   3.7548336215171563E-011
   0.0000000000000000        0.0000000000000000     
         135   4.9025203433621352E-010  -5.2170105765799121E-011
  -1.4988322649155905E-009   4.6439709925590920E-011
   0.0000000000000000        0.0000000000000000     
         136   5.0904838035285957E-010  -5.4204783189933877E-011
  -1.5100679580228340E-009   5.5707868061841940E-011
   0.0000000000000000        0.0000000000000000     
         137   5.2872349633138800E-010  -5.6395889009833974E-011
  -1.5258449382389673E-009   6.5487515289558830E-011
   0.0000000000000000        0.0000000000000000     
         138   5.4933356943257952E-010  -5.8760612505030978E-011
  -1.5463509641449719E-009   7.5936421204194775E-011
   0.0000000000000000        0.0000000000000000     
