   262144.00000000000     
         256           1           3
   1.7567330116226543E-005  -9.2646085535570002        161.96561313430001     
   6.0401400154609997        12.000000000000000        600.00000000000000     
           0   0.0000000000000000        0.0000000000000000     
   0.0000000000000000        0.0000000000000000     
   0.0000000000000000        0.0000000000000000     
           1  -7.8806539834264799E-007   3.4741647147330918E-007
  -4.5874611115456485E-007   2.0055454283955104E-007
   0.0000000000000000        0.0000000000000000     
           2  -2.0921561766344935E-007   1.0785784742076965E-006
  -1.2468259454811114E-007   6.2249422455156602E-007
   0.0000000000000000        0.0000000000000000     
           3   3.8884440515717964E-007   3.8965354640742650E-007
   2.2045949475773425E-007   2.2493656618091804E-007
   0.0000000000000000        0.0000000000000000     
           4   2.4571862802042573E-007   1.2333656629897164E-007
   1.3787155109737045E-007   7.1252092299855802E-008
   0.0000000000000000        0.0000000000000000     
           5   1.5845411576100727E-007   5.3764547730614777E-008
   8.7513784455836534E-008   3.1104883383759882E-008
   0.0000000000000000        0.0000000000000000     
           6   1.1141911760397802E-007   2.8347068735680154E-008
   6.0367320562947199E-008   1.6438566007697256E-008
   0.0000000000000000        0.0000000000000000     
           7   8.3771887966477964E-008   1.6799040122070550E-008
   4.4405574298362317E-008   9.7762218195733471E-009
   0.0000000000000000        0.0000000000000000     
           8   6.6223808234283877E-008   1.0758984167424941E-008
   3.4268642209134684E-008   6.2925913987857982E-009
   0.0000000000000000        0.0000000000000000     
           9   5.4412226906540662E-008   7.2754401641086335E-009
   2.7439122036022545E-008   4.2844371589887071E-009
   0.0000000000000000        0.0000000000000000     
          10   4.6097538470299955E-008   5.1161715460568385E-009
   2.2624683416747774E-008   3.0406590223967355E-009
   0.0000000000000000        0.0000000000000000     
          11   4.0038099222335031E-008   3.7009488923834278E-009
   1.9108840038126695E-008   2.2264224417350220E-009
   0.0000000000000000        0.0000000000000000     
          12   3.5501092514946577E-008   2.7307210046124246E-009
   1.6468697315142823E-008   1.6691590515475718E-009
   0.0000000000000000        0.0000000000000000     
          13   3.2031453340707429E-008   2.0401009704364081E-009
   1.4441612987650660E-008   1.2734386339026751E-009
   0.0000000000000000        0.0000000000000000     
          14   2.9334558492274710E-008   1.5322868708872244E-009
   1.2857505006647224E-008   9.8341289813268538E-010
   0.0000000000000000        0.0000000000000000     
          15   2.7212954376730955E-008   1.1479023366706607E-009
   1.1602340944500823E-008   7.6483399606650821E-010
   0.0000000000000000        0.0000000000000000     
          16   2.5530446673061668E-008   8.4905293022169433E-010
   1.0597415718480082E-008   5.9585397799388251E-010
   0.0000000000000000        0.0000000000000000     
          17   2.4190820391918386E-008   6.1070566988374866E-010
   9.7870710271524515E-009   4.6205044719304077E-010
   0.0000000000000000        0.0000000000000000     
          18   2.3124756903110544E-008   4.1580532328065437E-010
   9.1311441177885195E-009   3.5360878366282759E-010
   0.0000000000000000        0.0000000000000000     
          19   2.2281533090208503E-008   2.5239386900318405E-010
   8.6001753339913086E-009   2.6366052409219953E-010
   0.0000000000000000        0.0000000000000000     
          20   2.1623611253091592E-008   1.1184987126959247E-010
   8.1722829578580259E-009   1.8726821833518662E-010
   0.0000000000000000        0.0000000000000000     
          21   2.1123032748379076E-008  -1.2223185146797657E-011
   7.8310779713727340E-009   1.2078503063399242E-010
   0.0000000000000000        0.0000000000000000     
          22   2.0758970301697560E-008  -1.2472099097636209E-010
   7.5642463282538079E-009   6.1438307090954811E-011
   0.0000000000000000        0.0000000000000000     
          23   2.0516045549304944E-008  -2.2952540447082329E-010
   7.3625714574585703E-009   7.0503695955412915E-012
   0.0000000000000000        0.0000000000000000     
          24   2.0383166388101127E-008  -3.2984402988668704E-010
   7.2192550468424963E-009  -4.4155097343744771E-011
   0.0000000000000000        0.0000000000000000     
          25   2.0352728566689893E-008  -4.2845784712079354E-010
   7.1294458887282666E-009  -9.3692901059759407E-011
   0.0000000000000000        0.0000000000000000     
          26   2.0420082309765891E-008  -5.2791275129646296E-010
   7.0899189329843893E-009  -1.4292288753754950E-010
   0.0000000000000000        0.0000000000000000     
          27   2.0583201523010573E-008  -6.3067967126545545E-010
   7.0988676841102198E-009  -1.9313707407235961E-010
   0.0000000000000000        0.0000000000000000     
          28   2.0842518410951212E-008  -7.3930189984749572E-010
   7.1557873620593277E-009  -2.4563763018659895E-010
   0.0000000000000000        0.0000000000000000     
          29   2.1200905187517985E-008  -8.5654572767216425E-010
   7.2614366840783207E-009  -3.0181428133707129E-010
   0.0000000000000000        0.0000000000000000     
          30   2.1663800377461509E-008  -9.8557074248860030E-010
   7.4178746171942489E-009  -3.6322952766210451E-010
   0.0000000000000000        0.0000000000000000     
          31   2.2239492678793297E-008  -1.1301392757132292E-009
   7.6285764430916686E-009  -4.3172134478355344E-010
   0.0000000000000000        0.0000000000000000     
          32   2.2939593106471934E-008  -1.2948912211153382E-009
   7.8986423177003898E-009  -5.0953609088050174E-010
   0.0000000000000000        0.0000000000000000     
          33   2.3779749379763521E-008  -1.4857225997637505E-009
   8.2351227804560052E-009  -5.9951000186980924E-010
   0.0000000000000000        0.0000000000000000     
          34   2.4780689912873962E-008  -1.7103272676143096E-009
   8.6475016109631266E-009  -7.0532753732639777E-010
   0.0000000000000000        0.0000000000000000     
          35   2.5969735814585390E-008  -1.9789976302628779E-009
   9.1484005944183248E-009  -8.3190203881912841E-010
   0.0000000000000000        0.0000000000000000     
          36   2.7383000797946162E-008  -2.3058447947588929E-009
   9.7546091715530518E-009  -9.8595464776998882E-010
   0.0000000000000000        0.0000000000000000     
          37   2.9068633619955940E-008  -2.7107163639554634E-009
   1.0488605316253252E-008  -1.1769230536129388E-009
   0.0000000000000000        0.0000000000000000     
          38   3.1091687492506785E-008  -3.2223129149059066E-009
   1.1380841959115576E-008  -1.4184368737572074E-009
   0.0000000000000000        0.0000000000000000     
          39   3.3541605131793873E-008  -3.8834442030034623E-009
   1.2473263044937559E-008  -1.7308041960235178E-009
   0.0000000000000000        0.0000000000000000     
          40   3.6544040741551351E-008  -4.7602788392790739E-009
   1.3824857027092616E-008  -2.1453845728362954E-009
   0.0000000000000000        0.0000000000000000     
          41   4.0280105106053036E-008  -5.9594455656840835E-009
   1.5520695452380279E-008  -2.7126693955376676E-009
   0.0000000000000000        0.0000000000000000     
          42   4.5018710384234342E-008  -7.6615481245421569E-009
   1.7687117339971042E-008  -3.5181089301516027E-009
   0.0000000000000000        0.0000000000000000     
          43   5.1172557251042578E-008  -1.0191587005367974E-008
   2.0517994327770603E-008  -4.7153496820283044E-009
   0.0000000000000000        0.0000000000000000     
          44   5.9396433488321879E-008  -1.4179933523882439E-008
   2.4320790935404417E-008  -6.6021659676096000E-009
   0.0000000000000000        0.0000000000000000     
          45   7.0751373516855083E-008  -2.0969845572985355E-008
   2.9593287690094254E-008  -9.8125620175229851E-009
   0.0000000000000000        0.0000000000000000     
          46   8.6879695772023230E-008  -3.3780769335358097E-008
   3.7104361083039800E-008  -1.5864729356540893E-008
   0.0000000000000000        0.0000000000000000     
          47   1.0921794650551322E-007  -6.1432759785242361E-008
   4.7518177861840323E-008  -2.8913471115276972E-008
   0.0000000000000000        0.0000000000000000     
          48   1.2741559105170705E-007  -1.2907883272393623E-007
   5.5926351668407857E-008  -6.0786849793617682E-008
   0.0000000000000000        0.0000000000000000     
          49   4.7797339881236548E-008  -2.4572246627302355E-007
   1.8212539530193945E-008  -1.1559175178323528E-007
   0.0000000000000000        0.0000000000000000     
          50  -1.1353793769137527E-007  -1.8741226458661308E-007
  -5.7726536354762944E-008  -8.7910545593739566E-008
   0.0000000000000000        0.0000000000000000     
          51  -1.2167059852265938E-007  -8.5627391725209471E-008
  -6.1470976938140315E-008  -3.9978402387391913E-008
   0.0000000000000000        0.0000000000000000     
          52  -9.7018824111910999E-008  -4.2935239576007412E-008
  -4.9859654001296596E-008  -1.9916426031672456E-008
   0.0000000000000000        0.0000000000000000     
          53  -7.7454286592905347E-008  -2.4717333348042942E-008
  -4.0672729544652289E-008  -1.1372761632125642E-008
   0.0000000000000000        0.0000000000000000     
          54  -6.3810542053072750E-008  -1.5721908456655480E-008
  -3.4278893763032109E-008  -7.1663753355083226E-009
   0.0000000000000000        0.0000000000000000     
          55  -5.4154928271827505E-008  -1.0707221592908077E-008
  -2.9757798287235426E-008  -4.8334636093220102E-009
   0.0000000000000000        0.0000000000000000     
          56  -4.7105981700684231E-008  -7.6405928668074503E-009
  -2.6452026343765115E-008  -3.4209602943023942E-009
   0.0000000000000000        0.0000000000000000     
          57  -4.1815088997695335E-008  -5.6236580308473035E-009
  -2.3955029403312929E-008  -2.5100895200108583E-009
   0.0000000000000000        0.0000000000000000     
          58  -3.7760534925094776E-008  -4.2135977179655429E-009
  -2.2012437957970360E-008  -1.8976961664952203E-009
   0.0000000000000000        0.0000000000000000     
          59  -3.4613829057068603E-008  -3.1710642395448913E-009
  -2.0457553819129829E-008  -1.4788683406395747E-009
   0.0000000000000000        0.0000000000000000     
          60  -3.2164254905808230E-008  -2.3548423929064209E-009
  -1.9173689806718593E-008  -1.1995683393454471E-009
   0.0000000000000000        0.0000000000000000     
          61  -3.0277120416080185E-008  -1.6724028529663352E-009
  -1.8071113713478327E-008  -1.0377067546686859E-009
   0.0000000000000000        0.0000000000000000     
          62  -2.8871246818486014E-008  -1.0525052493358675E-009
  -1.7070784987142171E-008  -9.9966131091695006E-010
   0.0000000000000000        0.0000000000000000     
          63  -2.7908261893332928E-008  -4.2369778600257946E-010
  -1.6090246782416956E-008  -1.1326166679143077E-009
   0.0000000000000000        0.0000000000000000     
          64  -2.7388849741208737E-008   3.1623611776429026E-010
  -1.5031828354831124E-008  -1.5698055242634697E-009
   0.0000000000000000        0.0000000000000000     
          65  -2.7340318836668712E-008   1.3727233986515482E-009
  -1.3803716088913670E-008  -2.6720141962356303E-009
   0.0000000000000000        0.0000000000000000     
          66  -2.7670836119838821E-008   3.2540703267733799E-009
  -1.2651363330747159E-008  -5.4416651351308007E-009
   0.0000000000000000        0.0000000000000000     
          67  -2.7084134563956054E-008   6.7763989960143439E-009
  -1.4568657894201019E-008  -1.1451947318991991E-008
   0.0000000000000000        0.0000000000000000     
          68  -2.3223490095780030E-008   8.5746434811239431E-009
  -2.4803100048497920E-008  -1.2857149620880484E-008
   0.0000000000000000        0.0000000000000000     
          69  -2.2503962001379696E-008   6.9489824928804508E-009
  -2.9398022747131072E-008  -5.6092319978248230E-009
   0.0000000000000000        0.0000000000000000     
          70  -2.4775389361504027E-008   7.5190400524441695E-009
  -2.9364785704216220E-008  -9.0676844229076849E-010
   0.0000000000000000        0.0000000000000000     
          71  -2.8015260358647716E-008   1.1161434478133450E-008
  -2.9404049568109314E-008   2.3021380793290781E-009
   0.0000000000000000        0.0000000000000000     
          72  -3.0832662595891471E-008   2.0054154200645778E-008
  -2.9728090987368435E-008   6.2479158281454750E-009
   0.0000000000000000        0.0000000000000000     
          73  -2.4892506281959763E-008   3.7047009012976909E-008
  -2.7531402364044334E-008   1.2403858431126917E-008
   0.0000000000000000        0.0000000000000000     
          74   1.3235527669207548E-009   4.2176693367161266E-008
  -1.9031905601379904E-008   1.4403846716927937E-008
   0.0000000000000000        0.0000000000000000     
          75   1.4326710234415521E-008   2.4536668022592916E-008
  -1.5185819246736283E-008   8.9140942871594751E-009
   0.0000000000000000        0.0000000000000000     
          76   1.2757062218927848E-008   1.2648498695961279E-008
  -1.6285775687671621E-008   5.3321762093683260E-009
   0.0000000000000000        0.0000000000000000     
          77   9.4706080252735276E-009   7.1368152575972886E-009
  -1.8103854952307877E-008   3.8370844332965437E-009
   0.0000000000000000        0.0000000000000000     
          78   6.8932533799087786E-009   4.4256330287410338E-009
  -1.9859293093099605E-008   3.2669630861966330E-009
   0.0000000000000000        0.0000000000000000     
          79   5.0626715865338958E-009   2.9494749306599011E-009
  -2.1555283752077302E-008   3.1252051292415997E-009
   0.0000000000000000        0.0000000000000000     
          80   3.7724082221814131E-009   2.0739096428186953E-009
  -2.3280272591068344E-008   3.2209478313516265E-009
   0.0000000000000000        0.0000000000000000     
          81   2.8568931361275018E-009   1.5189155559128473E-009
  -2.5117414442732202E-008   3.4813150762831513E-009
   0.0000000000000000        0.0000000000000000     
          82   2.2049484159260853E-009   1.1486742683972626E-009
  -2.7142581327119779E-008   3.8848281633511570E-009
   0.0000000000000000        0.0000000000000000     
          83   1.7435993624933652E-009   8.9175377363460141E-010
  -2.9432833639806144E-008   4.4382636507355739E-009
   0.0000000000000000        0.0000000000000000     
          84   1.4245060865302625E-009   7.0802533432121103E-010
  -3.2075514870702495E-008   5.1701548392724972E-009
   0.0000000000000000        0.0000000000000000     
          85   1.2152046061753106E-009   5.7374083941048941E-010
  -3.5178116233111318E-008   6.1327312739520633E-009
   0.0000000000000000        0.0000000000000000     
          86   1.0937251120056088E-009   4.7429703424877228E-010
  -3.8880693694385587E-008   7.4109803942884805E-009
   0.0000000000000000        0.0000000000000000     
          87   1.0453153374993511E-009   4.0051792276866111E-010
  -4.3373372885179268E-008   9.1415998515850310E-009
   0.0000000000000000        0.0000000000000000     
          88   1.0604797727865691E-009   3.4666304385778051E-010
  -4.8922571967265409E-008   1.1549855302968130E-008
   0.0000000000000000        0.0000000000000000     
          89   1.1339027085373288E-009   3.0932435219440135E-010
  -5.5910946171587785E-008   1.5023135843614403E-008
   0.0000000000000000        0.0000000000000000     
          90   1.2640568378439803E-009   2.8673703510322802E-010
  -6.4895402650599630E-008   2.0266285456806244E-008
   0.0000000000000000        0.0000000000000000     
          91   1.4533699872809217E-009   2.7800739557458647E-010
  -7.6671036478211770E-008   2.8653771276472023E-008
   0.0000000000000000        0.0000000000000000     
          92   1.7080419816823983E-009   2.8130585313737504E-010
  -9.2219389974856143E-008   4.3090042244095537E-008
   0.0000000000000000        0.0000000000000000     
          93   2.0308634372299332E-009   2.9192698897100544E-010
  -1.1177126496821702E-007   7.0206077041954152E-008
   0.0000000000000000        0.0000000000000000     
          94   2.3955402550624209E-009   3.4461466659329706E-010
  -1.2848695209637566E-007   1.2504407637174283E-007
   0.0000000000000000        0.0000000000000000     
          95   2.9964235047814660E-009   6.5670892380809030E-010
  -9.8891150709297949E-008   2.2377017181081158E-007
   0.0000000000000000        0.0000000000000000     
          96   4.3693093254544446E-009   5.4749841009647518E-010
   4.6612798520717445E-008   2.7167907665770477E-007
   0.0000000000000000        0.0000000000000000     
          97   5.2457609293617934E-009  -3.3408610349537155E-010
   1.4416282999276047E-007   1.7555825369924757E-007
   0.0000000000000000        0.0000000000000000     
          98   5.7730440031506050E-009  -8.7195845593799593E-010
   1.4278247300726461E-007   9.4148521420565015E-008
   0.0000000000000000        0.0000000000000000     
          99   6.5412802056960803E-009  -1.1872805874970294E-009
   1.2191286204458836E-007   5.3690464970454755E-008
   0.0000000000000000        0.0000000000000000     
         100   7.6726515156506228E-009  -1.4994743124426411E-009
   1.0347179410805860E-007   3.3368956621357858E-008
   0.0000000000000000        0.0000000000000000     
         101   9.2597703039206718E-009  -1.9291258367198087E-009
   8.9483570146781914E-008   2.2198317805440926E-008
   0.0000000000000000        0.0000000000000000     
         102   1.1486764389478484E-008  -2.6089484316143642E-009
   7.9026783477272801E-008   1.5508711805733924E-008
   0.0000000000000000        0.0000000000000000     
         103   1.4712249724129695E-008  -3.7953580192071828E-009
   7.1116652957918529E-008   1.1207991166851634E-008
   0.0000000000000000        0.0000000000000000     
         104   1.9650570835713563E-008  -6.1306927141140356E-009
   6.5040200853013890E-008   8.2763887178855695E-009
   0.0000000000000000        0.0000000000000000     
         105   2.7770294786407511E-008  -1.1633684961396990E-008
   6.0312649514185027E-008   6.1760167387871265E-009
   0.0000000000000000        0.0000000000000000     
         106   4.0957000154571046E-008  -2.8734924288150316E-008
   5.6605409695758962E-008   4.6029781945449502E-009
   0.0000000000000000        0.0000000000000000     
         107   2.8606489536432413E-008  -8.7105706288014103E-008
   5.3693301112610214E-008   3.3748379437876383E-009
   0.0000000000000000        0.0000000000000000     
         108  -5.2522709865735855E-008  -5.9114472628698751E-008
   5.1420312770309345E-008   2.3756268009706272E-009
   0.0000000000000000        0.0000000000000000     
         109  -4.3146687562503534E-008  -1.9648478451722335E-008
   4.9677952625759256E-008   1.5269770090612780E-009
   0.0000000000000000        0.0000000000000000     
         110  -3.1783581396685127E-008  -8.9961532616186798E-009
   4.8391508041638389E-008   7.7163899419517229E-010
   0.0000000000000000        0.0000000000000000     
         111  -2.4992359102015320E-008  -5.2393496272590220E-009
   4.7510862028212792E-008   6.2643127195959221E-011
   0.0000000000000000        0.0000000000000000     
         112  -2.0692984771331581E-008  -3.6631446712420226E-009
   4.7002083385602779E-008  -6.4568673562351221E-010
   0.0000000000000000        0.0000000000000000     
         113  -1.7832953034437153E-008  -3.0620606915041440E-009
   4.6830878941870957E-008  -1.4032196660195744E-009
   0.0000000000000000        0.0000000000000000     
         114  -1.6098663191424267E-008  -2.9348332220916260E-009
   4.6934925589269389E-008  -2.2290403216483081E-009
   0.0000000000000000        0.0000000000000000     
         115  -1.5181133554576374E-008  -2.5888952838585685E-009
   4.7334294794888024E-008  -3.0299339612128908E-009
   0.0000000000000000        0.0000000000000000     
         116  -1.4248991518016609E-008  -1.9689245857927529E-009
   4.8241084413308240E-008  -3.8646396245244488E-009
   0.0000000000000000        0.0000000000000000     
         117  -1.3222114431326514E-008  -1.5387929845260923E-009
   4.9713770787880855E-008  -4.9433984726796037E-009
   0.0000000000000000        0.0000000000000000     
         118  -1.2269027076706674E-008  -1.3302748309234214E-009
   5.1784760355516721E-008  -6.3995523162710949E-009
   0.0000000000000000        0.0000000000000000     
         119  -1.1409488970953239E-008  -1.2801174491958944E-009
   5.4572865690391953E-008  -8.4116705699997064E-009
   0.0000000000000000        0.0000000000000000     
         120  -1.0609595769450105E-008  -1.3687904250067840E-009
   5.8268355847306201E-008  -1.1306922218321250E-008
   0.0000000000000000        0.0000000000000000     
         121  -9.8272892549350617E-009  -1.6257078822039204E-009
   6.3118237445631613E-008  -1.5700581678365763E-008
   0.0000000000000000        0.0000000000000000     
         122  -9.0291674414015888E-009  -2.1447109875568143E-009
   6.9339957050380302E-008  -2.2802383028188189E-008
   0.0000000000000000        0.0000000000000000     
         123  -8.2347039209143491E-009  -3.1370980458022156E-009
   7.6648744799889990E-008  -3.5085085991795666E-008
   0.0000000000000000        0.0000000000000000     
         124  -7.7129509738355859E-009  -5.0166045504682976E-009
   8.2080124459618028E-008  -5.7312367166126804E-008
   0.0000000000000000        0.0000000000000000     
         125  -8.6508190936596468E-009  -8.1305472095678291E-009
   7.2475175322815762E-008  -9.3725967535214114E-008
   0.0000000000000000        0.0000000000000000     
         126  -1.3058931841088294E-008  -1.0377689667009333E-008
   2.4950097352580022E-008  -1.2150441252930540E-007
   0.0000000000000000        0.0000000000000000     
         127  -1.7784294773943397E-008  -7.9875478414794813E-009
  -2.6219115342043873E-008  -9.8010085809207056E-008
   0.0000000000000000        0.0000000000000000     
         128  -1.9079503096378972E-008  -4.3609925608620298E-009
  -3.8340756979411796E-008  -6.0399958093566335E-008
   0.0000000000000000        0.0000000000000000     
         129  -1.8919551737827731E-008  -1.9780046014567356E-009
  -3.2620461334904620E-008  -3.7067548664370821E-008
   0.0000000000000000        0.0000000000000000     
         130  -1.8680628662968229E-008  -4.6122579301399364E-010
  -2.4210923152126773E-008  -2.4633550106980195E-008
   0.0000000000000000        0.0000000000000000     
         131  -1.8695928221275149E-008   7.3317993610831280E-010
  -1.6640542256467001E-008  -1.7994830154271420E-008
   0.0000000000000000        0.0000000000000000     
         132  -1.9002488811511443E-008   1.9806364843202174E-009
  -1.0243164114081556E-008  -1.4559010471389450E-008
   0.0000000000000000        0.0000000000000000     
         133  -1.9523239791747741E-008   3.6094756599667063E-009
  -4.7833831442736737E-009  -1.3261198074944137E-008
   0.0000000000000000        0.0000000000000000     
         134  -2.0070668462604905E-008   6.0081736420731587E-009
  -1.7943787501597870E-010  -1.3934373291124225E-008
   0.0000000000000000        0.0000000000000000     
         135  -1.9939331387372202E-008   9.8753993941364614E-009
   2.8178292099286776E-009  -1.6936406830938726E-008
   0.0000000000000000        0.0000000000000000     
         136  -1.6614046439603787E-008   1.4926243725187667E-008
   1.6249601371107431E-009  -2.1460516599785440E-008
   0.0000000000000000        0.0000000000000000     
         137  -9.1514080399772599E-009   1.6136424878618640E-008
  -4.3376546354217147E-009  -2.1793665580267539E-008
   0.0000000000000000        0.0000000000000000     
         138  -4.2960961063392062E-009   1.1810357858019895E-008
  -7.4716458256565405E-009  -1.6348412893741134E-008
   0.0000000000000000        0.0000000000000000     
