   262144.00000000000     
         256           1           3
   1.7567330116226543E-005   7.4134639136039997        32.166201293400000     
   6.0401400154609997        12.000000000000000        5733.8999999999996     
           0   0.0000000000000000        0.0000000000000000     
   0.0000000000000000        0.0000000000000000     
   0.0000000000000000        0.0000000000000000     
           1   0.0000000000000000        0.0000000000000000     
  -8.6898114290863420E-009   1.1585589336583400E-010
   6.4167716796340895E-008   1.2277000789643355E-009
           2   0.0000000000000000        0.0000000000000000     
  -8.6726840620936092E-009   2.8404936843052412E-011
   6.4361605959786612E-008   2.9108621659278178E-010
           3   0.0000000000000000        0.0000000000000000     
  -8.6876736156759163E-009   1.0706399246281335E-011
   6.4221308281338243E-008   9.7016358845807139E-011
           4   0.0000000000000000        0.0000000000000000     
  -8.6971929963900981E-009   6.3932467882705404E-012
   6.4146971726128695E-008   4.5429374421028953E-011
           5   0.0000000000000000        0.0000000000000000     
  -8.7045156889075728E-009   5.2247219979474785E-012
   6.4103766969002146E-008   2.7302934788621342E-011
           6   0.0000000000000000        0.0000000000000000     
  -8.7113186526203039E-009   5.0710685678156946E-012
   6.4073866043602118E-008   1.9960573600734349E-011
           7   0.0000000000000000        0.0000000000000000     
  -8.7183136170531900E-009   5.3249769622744407E-012
   6.4049721988840081E-008   1.6932981964424661E-011
           8   0.0000000000000000        0.0000000000000000     
  -8.7258340716405874E-009   5.7714317696539551E-012
   6.4027820183906065E-008   1.5926905629907462E-011
           9   0.0000000000000000        0.0000000000000000     
  -8.7340555696502571E-009   6.3221267355488732E-012
   6.4006333284023727E-008   1.5997825092071213E-011
          10   0.0000000000000000        0.0000000000000000     
  -8.7430819748885260E-009   6.9369040693220138E-012
   6.3984203303934064E-008   1.6713606438761784E-011
          11   0.0000000000000000        0.0000000000000000     
  -8.7529824625287994E-009   7.5962962951976084E-012
   6.3960747991077989E-008   1.7862162920113299E-011
          12   0.0000000000000000        0.0000000000000000     
  -8.7638088458332292E-009   8.2906474045761135E-012
   6.3935476685792817E-008   1.9335608169074459E-011
          13   0.0000000000000000        0.0000000000000000     
  -8.7756043591377574E-009   9.0153650235206607E-012
   6.3907997185671893E-008   2.1079672650975007E-011
          14   0.0000000000000000        0.0000000000000000     
  -8.7884084561821719E-009   9.7686868525922793E-012
   6.3877965087254972E-008   2.3069880177417962E-011
          15   0.0000000000000000        0.0000000000000000     
  -8.8022596407978465E-009   1.0550569273324916E-011
   6.3845054141361988E-008   2.5299663548572461E-011
          16   0.0000000000000000        0.0000000000000000     
  -8.8171972855506193E-009   1.1362114383972961E-011
   6.3808937459646196E-008   2.7774203623312013E-011
          17   0.0000000000000000        0.0000000000000000     
  -8.8332629204966669E-009   1.2205273005323908E-011
   6.3769274452155751E-008   3.0507195934719323E-011
          18   0.0000000000000000        0.0000000000000000     
  -8.8505012508275264E-009   1.3082698894358454E-011
   6.3725700756551705E-008   3.3519214366322566E-011
          19   0.0000000000000000        0.0000000000000000     
  -8.8689610521679360E-009   1.3997692414892393E-011
   6.3677819594311153E-008   3.6837011600792503E-011
          20   0.0000000000000000        0.0000000000000000     
  -8.8886957117435543E-009   1.4954202553723032E-011
   6.3625112186355585E-008   4.0493423869713521E-011
          21   0.0000000000000000        0.0000000000000000     
  -8.9097654296363160E-009   1.5956872116824601E-011
   6.3567254961719552E-008   4.4527699445757024E-011
          22   0.0000000000000000        0.0000000000000000     
  -8.9322362593785393E-009   1.7011119654534872E-011
   6.3503622055807020E-008   4.8986211868637600E-011
          23   0.0000000000000000        0.0000000000000000     
  -8.9561825330105560E-009   1.8123257566651640E-011
   6.3433600602115345E-008   5.3923497009236391E-011
          24   0.0000000000000000        0.0000000000000000     
  -8.9816878480419869E-009   1.9300649637835122E-011
   6.3356497370659928E-008   5.9403673452440295E-011
          25   0.0000000000000000        0.0000000000000000     
  -9.0088466227511401E-009   2.0551915126217005E-011
   6.3271524601085330E-008   6.5502294623436631E-011
          26   0.0000000000000000        0.0000000000000000     
  -9.0377659644650201E-009   2.1887190415214244E-011
   6.3177782988030847E-008   7.2308734236053048E-011
          27   0.0000000000000000        0.0000000000000000     
  -9.0685679381951719E-009   2.3318464064651269E-011
   6.3074241010834280E-008   7.9929249564272165E-011
          28   0.0000000000000000        0.0000000000000000     
  -9.1013923482627553E-009   2.4860007441347544E-011
   6.2959709568463934E-008   8.8490925969642408E-011
          29   0.0000000000000000        0.0000000000000000     
  -9.1364001807113393E-009   2.6528931849441049E-011
   6.2832810557614696E-008   9.8146786972923475E-011
          30   0.0000000000000000        0.0000000000000000     
  -9.1737779033364383E-009   2.8345915460366208E-011
   6.2691937580698577E-008   1.0908246847684118E-010
          31   0.0000000000000000        0.0000000000000000     
  -9.2137428890267558E-009   3.0336161247611394E-011
   6.2535206336364780E-008   1.2152502095598829E-010
          32   0.0000000000000000        0.0000000000000000     
  -9.2565503258495980E-009   3.2530673494261842E-011
   6.2360391344545169E-008   1.3575464659830222E-010
          33   0.0000000000000000        0.0000000000000000     
  -9.3025017166543509E-009   3.4967979924523039E-011
   6.2164823367155425E-008   1.5212054369649727E-010
          34   0.0000000000000000        0.0000000000000000     
  -9.3519580845517005E-009   3.7696486903794925E-011
   6.1945366961773388E-008   1.7106257941734532E-010
          35   0.0000000000000000        0.0000000000000000     
  -9.4053528796144453E-009   4.0777748474793108E-011
   6.1698153902750814E-008   1.9314139711318086E-010
          36   0.0000000000000000        0.0000000000000000     
  -9.4632140837789192E-009   4.4291079470141555E-011
   6.1418478788564342E-008   2.1908090249380604E-010
          37   0.0000000000000000        0.0000000000000000     
  -9.5261916771257697E-009   4.8340184052979762E-011
   6.1100521808866286E-008   2.4982933699976790E-010
          38   0.0000000000000000        0.0000000000000000     
  -9.5950961688209125E-009   5.3062874198332876E-011
   6.0736994247055610E-008   2.8664884115697524E-010
          39   0.0000000000000000        0.0000000000000000     
  -9.6709524499539194E-009   5.8645642474741679E-011
   6.0318695652371797E-008   3.3124977846491467E-010
          40   0.0000000000000000        0.0000000000000000     
  -9.7550796631480574E-009   6.5346073179550887E-011
   5.9833566763136483E-008   3.8599735999503551E-010
          41   0.0000000000000000        0.0000000000000000     
  -9.8492037078029021E-009   7.3528307622482804E-011
   5.9265970359932853E-008   4.5423863271188767E-010
          42   0.0000000000000000        0.0000000000000000     
  -9.9556328537911139E-009   8.3721031682275129E-011
   5.8595002435955791E-008   5.4083721167395832E-010
          43   0.0000000000000000        0.0000000000000000     
  -1.0077531068479575E-008   9.6715924442848682E-011
   5.7791461486767106E-008   6.5308122592932590E-010
          44   0.0000000000000000        0.0000000000000000     
  -1.0219355799008905E-008   1.1374236380310160E-010
   5.6814658593920477E-008   8.0229454159204773E-010
          45   0.0000000000000000        0.0000000000000000     
  -1.0387601456019004E-008   1.3679393597480707E-010
   5.5605226941886555E-008   1.0068482486406593E-009
          46   0.0000000000000000        0.0000000000000000     
  -1.0592115083299516E-008   1.6927757749613184E-010
   5.4072517257696240E-008   1.2981480606736211E-009
          47   0.0000000000000000        0.0000000000000000     
  -1.0848562901965262E-008   2.1740851531129224E-010
   5.2072007418311777E-008   1.7335008255819746E-009
          48   0.0000000000000000        0.0000000000000000     
  -1.1183399077868915E-008   2.9350696547903516E-010
   4.9360736028093227E-008   2.4265226188866671E-009
          49   0.0000000000000000        0.0000000000000000     
  -1.1644739138343468E-008   4.2482170048392011E-010
   4.5495288420192495E-008   3.6285265374697285E-009
          50   0.0000000000000000        0.0000000000000000     
  -1.2328473117600622E-008   6.8142369501568100E-010
   3.9590867117991320E-008   5.9858118172998797E-009
          51   0.0000000000000000        0.0000000000000000     
  -1.3444840938291342E-008   1.2875100885254565E-009
   2.9708540913274577E-008   1.1566325697778645E-008
          52   0.0000000000000000        0.0000000000000000     
  -1.5407773934356206E-008   3.2353137651912485E-009
   1.2029633215070453E-008   2.9522336859606092E-008
          53   0.0000000000000000        0.0000000000000000     
  -1.5174308564750254E-008   1.1482269339218060E-008
   1.4625025880245008E-008   1.0558094873431018E-007
          54   0.0000000000000000        0.0000000000000000     
  -2.5354569421866113E-009   8.1393311685860782E-009
   1.3166420391532665E-007   7.4734352845802439E-008
          55   0.0000000000000000        0.0000000000000000     
  -4.3392399453515076E-009   2.4201985944558434E-009
   1.1550652601799499E-007   2.1969227553136069E-008
          56   0.0000000000000000        0.0000000000000000     
  -6.0391834357975778E-009   1.0689012350161858E-009
   1.0031726264118527E-007   9.4921175159494014E-009
          57   0.0000000000000000        0.0000000000000000     
  -7.0234625284765525E-009   6.0722226188385249E-010
   9.1747858424128200E-008   5.2200094778727212E-009
          58   0.0000000000000000        0.0000000000000000     
  -7.6578902267177679E-009   4.0221999705503744E-010
   8.6425279605043550E-008   3.3145600238254703E-009
          59   0.0000000000000000        0.0000000000000000     
  -8.1108303092384886E-009   2.9572524798546708E-010
   8.2797207941332801E-008   2.3166796704832409E-009
          60   0.0000000000000000        0.0000000000000000     
  -8.4611896985016348E-009   2.3481631948375867E-010
   8.0137504295234035E-008   1.7380431996824930E-009
          61   0.0000000000000000        0.0000000000000000     
  -8.7499758967426417E-009   1.9799143366241544E-010
   7.8069456739696001E-008   1.3800969241492473E-009
          62   0.0000000000000000        0.0000000000000000     
  -9.0006384068105448E-009   1.7527572970958913E-010
   7.6379068769955219E-008   1.1505517646825343E-009
          63   0.0000000000000000        0.0000000000000000     
  -9.2277877287201362E-009   1.6160395300507725E-010
   7.4934162736510454E-008   1.0023246871265689E-009
          64   0.0000000000000000        0.0000000000000000     
  -9.4413119146467400E-009   1.5426258205134186E-010
   7.3646905438810048E-008   9.0991489243257407E-010
          65   0.0000000000000000        0.0000000000000000     
  -9.6485134785598835E-009   1.5178994673530637E-010
   7.2453352549594588E-008   8.5921431672151946E-010
          66   0.0000000000000000        0.0000000000000000     
  -9.8553310406703441E-009   1.5347252721002189E-010
   7.1303804394612233E-008   8.4279448957341126E-010
          67   0.0000000000000000        0.0000000000000000     
  -1.0067135629639887E-008   1.5911776107335870E-010
   7.0155202954598522E-008   8.5770730287252488E-010
          68   0.0000000000000000        0.0000000000000000     
  -1.0289346448453034E-008   1.6897896004171980E-010
   6.8964988711448547E-008   9.0462701034039312E-010
          69   0.0000000000000000        0.0000000000000000     
  -1.0528023973698935E-008   1.8379172673100010E-010
   6.7688265112047952E-008   9.8791244578995478E-010
          70   0.0000000000000000        0.0000000000000000     
  -1.0790584931439582E-008   2.0493264683897828E-010
   6.6271604156312591E-008   1.1165987864379841E-009
          71   0.0000000000000000        0.0000000000000000     
  -1.1086821203392747E-008   2.3476251347070353E-010
   6.4644612961889188E-008   1.3067187099904637E-009
          72   0.0000000000000000        0.0000000000000000     
  -1.1430541906167549E-008   2.7732299926084227E-010
   6.2710818006446291E-008   1.5861116190195395E-009
          73   0.0000000000000000        0.0000000000000000     
  -1.1842449784946941E-008   3.3977975279372121E-010
   6.0324980933476338E-008   2.0044503353325733E-009
          74   0.0000000000000000        0.0000000000000000     
  -1.2355601849269344E-008   4.3563130390840045E-010
   5.7256440796384203E-008   2.6555824030545294E-009
          75   0.0000000000000000        0.0000000000000000     
  -1.3026637005022771E-008   5.9259235063074656E-010
   5.3110479172195301E-008   3.7324524621877001E-009
          76   0.0000000000000000        0.0000000000000000     
  -1.3961046273769229E-008   8.7474730897436864E-010
   4.7151824234361094E-008   5.6814754735704569E-009
          77   0.0000000000000000        0.0000000000000000     
  -1.5375568662274563E-008   1.4574091564112137E-009
   3.7870294470875749E-008   9.7242068707381745E-009
          78   0.0000000000000000        0.0000000000000000     
  -1.7753027454861023E-008   2.9555105884621689E-009
   2.1901566829331322E-008   2.0145840438656039E-008
          79   0.0000000000000000        0.0000000000000000     
  -2.1700744063392619E-008   8.4395111963414640E-009
  -4.9811344343836712E-009   5.8343737440481533E-008
          80   0.0000000000000000        0.0000000000000000     
  -1.1291222164271880E-008   2.5167967192989297E-008
   6.8225849193225129E-008   1.7490142261998966E-007
          81   0.0000000000000000        0.0000000000000000     
   2.0540166547030790E-009   9.3357542040869714E-009
   1.6189851217495237E-007   6.4547707194507034E-008
          82   0.0000000000000000        0.0000000000000000     
  -1.9462578354265293E-009   3.1731683903169940E-009
   1.3473741095980485E-007   2.1578558169884242E-008
          83   0.0000000000000000        0.0000000000000000     
  -4.4544817974329172E-009   1.5471680135013614E-009
   1.1800571262784863E-007   1.0222307678735801E-008
          84   0.0000000000000000        0.0000000000000000     
  -5.9540749422473380E-009   9.3325630480634453E-010
   1.0833562114467337E-007   5.9169120440553700E-009
          85   0.0000000000000000        0.0000000000000000     
  -6.9587783472727509E-009   6.4427611294705594E-010
   1.0215325638662784E-007   3.8732038129494362E-009
          86   0.0000000000000000        0.0000000000000000     
  -7.6995321316146387E-009   4.8908833365921761E-010
   9.7854025134745944E-008   2.7585602970305119E-009
          87   0.0000000000000000        0.0000000000000000     
  -8.2884916927229620E-009   3.9907677874245578E-010
   9.4660039761076703E-008   2.0940275119353197E-009
          88   0.0000000000000000        0.0000000000000000     
  -8.7862345836777533E-009   3.4507342443271073E-010
   9.2155628384763851E-008   1.6753156964739743E-009
          89   0.0000000000000000        0.0000000000000000     
  -9.2288813496851905E-009   3.1321321235243221E-010
   9.0097190221293039E-008   1.4044324233849489E-009
          90   0.0000000000000000        0.0000000000000000     
  -9.6401567290350662E-009   2.9647975005949043E-010
   8.8328587855118718E-008   1.2306088668581485E-009
          91   0.0000000000000000        0.0000000000000000     
  -1.0037361090491595E-008   2.9134503158932918E-010
   8.6742472760252068E-008   1.1266354494487037E-009
          92   0.0000000000000000        0.0000000000000000     
  -1.0434713591811959E-008   2.9634815607239393E-010
   8.5257156761097065E-008   1.0785573014691431E-009
          93   0.0000000000000000        0.0000000000000000     
  -1.0845571641956109E-008   3.1154735789520135E-010
   8.3801954972708751E-008   1.0811821200434188E-009
          94   0.0000000000000000        0.0000000000000000     
  -1.1284316874245575E-008   3.3848855899105517E-010
   8.2309563325708431E-008   1.1366747449418086E-009
          95   0.0000000000000000        0.0000000000000000     
  -1.1768488747663017E-008   3.8065004407161525E-010
   8.0703783119046947E-008   1.2554890506174172E-009
          96   0.0000000000000000        0.0000000000000000     
  -1.2321871566123966E-008   4.4462575069797142E-010
   7.8888359155074478E-008   1.4603286806767584E-009
          97   0.0000000000000000        0.0000000000000000     
  -1.2979761103343086E-008   5.4279766375899961E-010
   7.6726523872500263E-008   1.7957743109807348E-009
          98   0.0000000000000000        0.0000000000000000     
  -1.3799084497336256E-008   6.9963611307759197E-010
   7.4002327186458883E-008   2.3514092103228083E-009
          99   0.0000000000000000        0.0000000000000000     
  -1.4879840794202330E-008   9.6813591898570467E-010
   7.0342541302269225E-008   3.3224494031650826E-009
         100   0.0000000000000000        0.0000000000000000     
  -1.6415378012248437E-008   1.4796893620085975E-009
   6.5028222446629531E-008   5.1939472087193685E-009
         101   0.0000000000000000        0.0000000000000000     
  -1.8819991578011167E-008   2.6315493795011561E-009
   5.6526640293814353E-008   9.4333649701991952E-009
         102   0.0000000000000000        0.0000000000000000     
  -2.2984218539133161E-008   6.0416535167693134E-009
   4.1547132184817193E-008   2.2018294816360607E-008
         103   0.0000000000000000        0.0000000000000000     
  -2.6793237848076072E-008   2.0589965851594385E-008
   2.7908769207719204E-008   7.5757088544567232E-008
         104   0.0000000000000000        0.0000000000000000     
   3.7515604840962467E-009   2.5675974843775288E-008
   1.4119925162354921E-007   9.4538230661024760E-008
         105   0.0000000000000000        0.0000000000000000     
   2.9203744111484604E-009   7.2906602997151420E-009
   1.3856587882219181E-007   2.6603599098219809E-008
         106   0.0000000000000000        0.0000000000000000     
  -1.6973068184937483E-009   3.0111498034032703E-009
   1.2196541330240337E-007   1.0787955652335131E-008
         107   0.0000000000000000        0.0000000000000000     
  -4.3861627843960427E-009   1.6656294681032084E-009
   1.1249570527261141E-007   5.8161093729101136E-009
         108   0.0000000000000000        0.0000000000000000     
  -6.1133520534706030E-009   1.1009318873987899E-009
   1.0657424205913566E-007   3.7339608078707795E-009
         109   0.0000000000000000        0.0000000000000000     
  -7.3587853970277078E-009   8.2183630238038229E-010
   1.0242269415256746E-007   2.7134714177886446E-009
         110   0.0000000000000000        0.0000000000000000     
  -8.3451394446067247E-009   6.7220331666249696E-010
   9.9209470285913254E-008   2.1801966280480089E-009
         111   0.0000000000000000        0.0000000000000000     
  -9.1883785053035157E-009   5.9168192443161118E-010
   9.6491717146910738E-008   1.9148656007315795E-009
         112   0.0000000000000000        0.0000000000000000     
  -9.9572137396938099E-009   5.5405683654082160E-010
   9.3994670314766902E-008   1.8263947739756435E-009
         113   0.0000000000000000        0.0000000000000000     
  -1.0698644404103062E-008   5.4782448919431639E-010
   9.1515611511114850E-008   1.8815607365187685E-009
         114   0.0000000000000000        0.0000000000000000     
  -1.1450738511041609E-008   5.6934852510541895E-010
   8.8867957903265587E-008   2.0824290667842047E-009
         115   0.0000000000000000        0.0000000000000000     
  -1.2250775689268946E-008   6.2080947391273270E-010
   8.5842882514275583E-008   2.4642155012823804E-009
         116   0.0000000000000000        0.0000000000000000     
  -1.3142706945431343E-008   7.1097509289736812E-010
   8.2159207718661383E-008   3.1098008787277014E-009
         117   0.0000000000000000        0.0000000000000000     
  -1.4187311893580572E-008   8.5942244568675373E-010
   7.7386079195661736E-008   4.1926541951189161E-009
         118   0.0000000000000000        0.0000000000000000     
  -1.5480540912617786E-008   1.1084072592591248E-009
   7.0782969998904101E-008   6.0922844989203802E-009
         119   0.0000000000000000        0.0000000000000000     
  -1.7193107587707641E-008   1.5579374111723870E-009
   6.0937888654752184E-008   9.7407972189256451E-009
         120   0.0000000000000000        0.0000000000000000     
  -1.9666593681825169E-008   2.4906640835563081E-009
   4.4852057887930899E-008   1.7890143558372175E-008
         121   0.0000000000000000        0.0000000000000000     
  -2.3624469165181752E-008   4.9681361453774432E-009
   1.5913532275620285E-008   4.1302711217087000E-008
         122   0.0000000000000000        0.0000000000000000     
  -2.8749582510876453E-008   1.4641544403838244E-008
  -2.0452903371776247E-008   1.3886801406448893E-007
         123   0.0000000000000000        0.0000000000000000     
  -9.5420645527125505E-009   2.4813994664295711E-008
   2.1142801392636372E-007   2.3572468623739639E-007
         124   0.0000000000000000        0.0000000000000000     
  -1.1100226604590199E-008   1.1391973485346286E-008
   2.4086964882667626E-007   6.2363978345310174E-008
         125   0.0000000000000000        0.0000000000000000     
  -2.0823392288990390E-008   1.7598958323213619E-008
   2.0867318485364159E-007   1.1121141619202981E-008
         126   0.0000000000000000        0.0000000000000000     
   1.5655249740135522E-010   3.9246120687111775E-008
   1.6606536216636245E-007  -2.2837645379908053E-008
         127   0.0000000000000000        0.0000000000000000     
   1.2063041808478231E-008   1.2903710646767767E-008
   1.4153092546202825E-007  -3.9132227604956745E-009
         128   0.0000000000000000        0.0000000000000000     
   5.2625367012737755E-009   4.8751935206373583E-009
   1.3937112225661655E-007   7.0338055352603818E-010
         129   0.0000000000000000        0.0000000000000000     
   1.1066755710766509E-009   2.5750305011381758E-009
   1.3751928284064983E-007   1.1860261052973539E-009
         130   0.0000000000000000        0.0000000000000000     
  -1.5017528805174570E-009   1.6441914806426557E-009
   1.3593827044359357E-007   9.9874244063494231E-010
         131   0.0000000000000000        0.0000000000000000     
  -3.3235964916006299E-009   1.1819438248294680E-009
   1.3476496267718473E-007   7.0918688206681567E-010
         132   0.0000000000000000        0.0000000000000000     
  -4.7090975688556655E-009   9.2309828259216643E-010
   1.3399695491455277E-007   4.2684178085767604E-010
         133   0.0000000000000000        0.0000000000000000     
  -5.8351800230283742E-009   7.6807707801569982E-010
   1.3359938518927523E-007   1.6799226532368825E-010
         134   0.0000000000000000        0.0000000000000000     
  -6.8013925642048569E-009   6.7304907417215793E-010
   1.3353909297276538E-007  -7.2979678663867641E-011
         135   0.0000000000000000        0.0000000000000000     
  -7.6697125058926522E-009   6.1671057563724445E-010
   1.3379878877960880E-007  -3.0742263231918457E-010
         136   0.0000000000000000        0.0000000000000000     
  -8.4828899803055429E-009   5.8830870098011422E-010
   1.3437770351326649E-007  -5.4922517033223127E-010
         137   0.0000000000000000        0.0000000000000000     
  -9.2740117680713855E-009   5.8283767107684480E-010
   1.3529627259510370E-007  -8.1554503331477858E-010
         138   0.0000000000000000        0.0000000000000000     
  -1.0072328043696494E-008   5.9913295625462796E-010
   1.3660073361864028E-007  -1.1296473751753595E-009
