   262144.00000000000     
         256           1           3
   1.7567330116226543E-005   35.902873699465999        16.020003305100001     
   6.0401400154609997        12.000000000000000        5733.8999999999996     
           0   0.0000000000000000        0.0000000000000000     
   0.0000000000000000        0.0000000000000000     
   0.0000000000000000        0.0000000000000000     
           1   4.6416423078597722E-011   1.6709113834324769E-011
   2.5123927948876004E-008   2.7359549959693998E-011
  -5.3818502083335486E-009   3.8799314925738096E-012
           2   1.1908260652715645E-011   3.7053171155214573E-011
   2.5067383543568592E-008   6.1147446769687103E-011
  -5.3898637756128670E-009   8.6113772224932235E-012
           3  -5.3809720327368462E-011   6.7085013363362925E-011
   2.4958633612302956E-008   1.1207074108293402E-010
  -5.4051416541681184E-009   1.5612530985391973E-011
           4  -1.6832772690339602E-010   1.2118614819975631E-010
   2.4766564361691780E-008   2.0557489269276092E-010
  -5.4318050633244976E-009   2.8253568409203280E-011
           5  -3.7225897201514683E-010   2.4502460881331011E-010
   2.4419326039334225E-008   4.2247009539044331E-010
  -5.4793705483898355E-009   5.7237269365610019E-011
           6  -7.4366932120677602E-010   6.4395509667361270E-010
   2.3778798257877076E-008   1.1261488133459203E-009
  -5.5661318404810883E-009   1.5069210850807142E-010
           7  -5.6221592016219995E-010   2.2879778069668806E-009
   2.4119734746644530E-008   4.0331240321413967E-009
  -5.5232593282477721E-009   5.3595622396897201E-010
           8   1.7293768009439424E-009   1.4276290905372936E-009
   2.8197935779386581E-008   2.5083209126126607E-009
  -4.9857711856574291E-009   3.3426878220061700E-010
           9   1.3561626311626654E-009   4.3446547842902559E-010
   2.7563675402898289E-008   7.4845350609138576E-010
  -5.0727653795930678E-009   1.0145011811115671E-010
          10   1.0418447668549871E-009   1.9790919887460309E-010
   2.7036883045815425E-008   3.2744312826648027E-010
  -5.1458835920941737E-009   4.5953289925025919E-011
          11   8.5525612717825090E-010   1.1677955080978324E-010
   2.6739422711840207E-008   1.8143220345521882E-010
  -5.1889877606510452E-009   2.6879287086078932E-011
          12   7.2983391853920456E-010   8.1281609539851279E-011
   2.6553568552840407E-008   1.1612172229276479E-010
  -5.2176717422369443E-009   1.8494970372973766E-011
          13   6.3526383235325051E-010   6.3461163174778209E-011
   2.6425747698008571E-008   8.2038137234548380E-011
  -5.2390330877138562E-009   1.4248146194475435E-011
          14   5.5731897958646212E-010   5.3846376542423133E-011
   2.6330863546673518E-008   6.2414082276515440E-011
  -5.2563981375955379E-009   1.1918292918002963E-011
          15   4.8861900988332364E-010   4.8551924292474542E-011
   2.6255943534051996E-008   5.0367735330046241E-011
  -5.2714877519709841E-009   1.0594156530267759E-011
          16   4.2497898191809703E-010   4.5756775083873721E-011
   2.6193678613999343E-008   4.2669836889301982E-011
  -5.2852729655132786E-009   9.8482447755233492E-012
          17   3.6384238240967960E-010   4.4520364386491619E-011
   2.6139650934129053E-008   3.7648727129513151E-011
  -5.2983421734544337E-009   9.4593678640189737E-012
          18   3.0354434342549535E-010   4.4320204417024124E-011
   2.6091030715220001E-008   3.4372034630718882E-011
  -5.3110737354013813E-009   9.3042613227354765E-012
          19   2.4293671670911214E-010   4.4849610211369682E-011
   2.6045913566606473E-008   3.2288659413433556E-011
  -5.3237237607577236E-009   9.3101712173197209E-012
          20   1.8118418656482672E-010   4.5921039425551429E-011
   2.6002960576728649E-008   3.1057640493029632E-011
  -5.3364737964132310E-009   9.4321909030172800E-012
          21   1.1764697748109104E-010   4.7416519703803222E-011
   2.5961191761553851E-008   3.0460337919809582E-011
  -5.3494582061039205E-009   9.6416323450775747E-012
          22   5.1810002471566537E-011   4.9260721412595579E-011
   2.5919861831739882E-008   3.0352674050222649E-011
  -5.3627806503663403E-009   9.9197032516374473E-012
          23  -1.6761854431662276E-011   5.1405626126022532E-011
   2.5878382364780692E-008   3.0637877923902628E-011
  -5.3765244240018529E-009   1.0253900025597381E-011
          24  -8.8453150252681910E-011   5.3821456889911821E-011
   2.5836271244567238E-008   3.1250290475643342E-011
  -5.3907591861870899E-009   1.0635866049791195E-011
          25  -1.6361803792507917E-010   5.6491149547720771E-011
   2.5793118695081205E-008   3.2145412026455906E-011
  -5.4055454974356041E-009   1.1060077206728362E-011
          26  -2.4259468495296508E-010   5.9406911138523800E-011
   2.5748563713173807E-008   3.3293614205904054E-011
  -5.4209379846277130E-009   1.1523013314674314E-011
          27  -3.2571608571313642E-010   6.2568057179712387E-011
   2.5702277174440185E-008   3.4676080141056727E-011
  -5.4369876284689249E-009   1.2022625390193258E-011
          28  -4.1331860518071411E-010   6.5979663845919983E-011
   2.5653949296877232E-008   3.6282144408835846E-011
  -5.4537434810755027E-009   1.2557989154311691E-011
          29  -5.0561378972801661E-010   6.9651759497456753E-011
   2.5603314623148360E-008   3.8107539586708409E-011
  -5.4712541272956216E-009   1.3129079761701770E-011
          30  -6.0323607137080066E-010   7.3598908053880386E-011
   2.5550005673339304E-008   4.0153254720011076E-011
  -5.4895683264515622E-009   1.3736628264158314E-011
          31  -7.0643673635444924E-010   7.7840049453982591E-011
   2.5493754261803108E-008   4.2424807452325362E-011
  -5.5087366622611488E-009   1.4382035534566001E-011
          32  -8.1563123131926705E-010   8.2398592580995813E-011
   2.5434247119004894E-008   4.4931830421371733E-011
  -5.5288119504097413E-009   1.5067328584311688E-011
          33  -9.3127004567290628E-010   8.7302695775684248E-011
   2.5371155121387265E-008   4.7687887650458173E-011
  -5.5498501907455971E-009   1.5795150244468769E-011
          34  -1.0538454463924797E-009   9.2585742938468262E-011
   2.5304127985220417E-008   5.0710483148717736E-011
  -5.5719114101400830E-009   1.6568777109941266E-011
          35  -1.1838989944878730E-009   9.8287022357381888E-011
   2.5232788828356930E-008   5.4021238587940678E-011
  -5.5950605479657620E-009   1.7392163530119481E-011
          36  -1.3220301312516756E-009   1.0445263335648655E-010
   2.5156728378823466E-008   5.7646233185909650E-011
  -5.6193684190137180E-009   1.8270011689942019E-011
          37  -1.4689061671222444E-009   1.1113666229886563E-010
   2.5075498609279436E-008   6.1616511919363635E-011
  -5.6449127901345905E-009   1.9207869837695511E-011
          38  -1.6252740745140781E-009   1.1840268883520215E-010
   2.4988605559519157E-008   6.5968780545216907E-011
  -5.6717796110378240E-009   2.0212262746680941E-011
          39  -1.7919745834065164E-009   1.2632570776788216E-010
   2.4895501075633471E-008   7.0746319163816402E-011
  -5.7000644466756989E-009   2.1290860791973483E-011
          40  -1.9699592136082082E-009   1.3499458433340662E-010
   2.4795573141545431E-008   7.6000161754488153E-011
  -5.7298741690369202E-009   2.2452696846011763E-011
          41  -2.1603110634422328E-009   1.4451520501754274E-010
   2.4688134402271046E-008   8.1790609075225542E-011
  -5.7613289808552183E-009   2.3708443877264903E-011
          42  -2.3642704303400285E-009   1.5501454792019259E-010
   2.4572408371043250E-008   8.8189168963717415E-011
  -5.7945648641530059E-009   2.5070771129179306E-011
          43  -2.5832666931395357E-009   1.6664598471730727E-010
   2.4447512663505678E-008   9.5281054846014928E-011
  -5.8297365748183519E-009   2.6554803718108562E-011
          44  -2.8189583812415255E-009   1.7959625350831144E-010
   2.4312438394881119E-008   1.0316842527914075E-010
  -5.8670213437776884E-009   2.8178720408785170E-011
          45  -3.0732840562559773E-009   1.9409472868475393E-010
   2.4166024585546386E-008   1.1197462248414322E-010
  -5.9066235005931856E-009   2.9964538729227754E-011
          46  -3.3485276352502516E-009   2.1042589285421732E-010
   2.4006926008765683E-008   1.2184977842930716E-010
  -5.9487803138560812E-009   3.1939157882694584E-011
          47  -3.6474032435301558E-009   2.2894633941173221E-010
   2.3833572323083786E-008   1.3297832297016774E-010
  -5.9937694559257787E-009   3.4135761984871384E-011
          48  -3.9731668392695423E-009   2.5010828967007075E-010
   2.3644115469182902E-008   1.4558918249890454E-010
  -6.0419186652612707E-009   3.6595735395307988E-011
          49  -4.3297650909051410E-009   2.7449264306790125E-010
   2.3436361029888995E-008   1.5996985447246295E-010
  -6.0936184265269657E-009   3.9371319110622251E-011
          50  -4.7218795058137484E-009   3.0285624373071275E-010
   2.3207662031012851E-008   1.7648617857301126E-010
  -6.1493390036463270E-009   4.2529360997768474E-011
          51  -5.1558336825097646E-009   3.3620084500110886E-010
   2.2954857622937937E-008   1.9561066190316413E-010
  -6.2096527655187065E-009   4.6156716166943093E-011
          52  -5.6390377047188798E-009   3.7587583809245009E-010
   2.2674013429347765E-008   2.1796398386042368E-010
  -6.2752666053879689E-009   5.0368197949411498E-011
          53  -6.1811746217308390E-009   4.2373521031785314E-010
   2.2360247413954913E-008   2.4437733730258251E-010
  -6.3470658777024748E-009   5.5318579343483263E-011
          54  -6.7947218370744762E-009   4.8238390045423904E-010
   2.2007303679204010E-008   2.7598878270756727E-010
  -6.4261788381968505E-009   6.1221226490267655E-011
          55  -7.4967213924255797E-009   5.5557687842189016E-010
   2.1607350247857641E-008   3.1439704459463062E-010
  -6.5140711936205010E-009   6.8377973464464603E-011
          56  -8.3098579438964012E-009   6.4888921851160477E-010
   2.1149783331629732E-008   3.6191638159262272E-010
  -6.6126919606270131E-009   7.7228821988820324E-011
          57  -9.2659703328878877E-009   7.7088947515343544E-010
   2.0620212782568731E-008   4.2201751962636388E-010
  -6.7247024547998207E-009   8.8438243883265482E-011
          58  -1.0411253316037074E-008   9.3529811866357119E-010
   1.9998938314321128E-008   5.0013031915314850E-010
  -6.8538539253943996E-009   1.0305278905507643E-010
          59  -1.1814696278813450E-008   1.1651991894991442E-009
   1.9256723917341307E-008   6.0519625985507561E-010
  -7.0056403840313721E-009   1.2280674212269995E-010
          60  -1.3584663153134300E-008   1.5018702747005618E-009
   1.8349664091251406E-008   7.5289979720436237E-010
  -7.1884908322897501E-009   1.5075976554278045E-010
          61  -1.5900750434774442E-008   2.0250270400017859E-009
   1.7206777451465025E-008   9.7303578749172973E-010
  -7.4161015692134528E-009   1.9275321797098009E-010
          62  -1.9082276886902471E-008   2.9048711449229512E-009
   1.5705050798216566E-008   1.3283741795742977E-009
  -7.7123806446655499E-009   2.6114387177925610E-010
          63  -2.3748321534867331E-008   4.5578551690085149E-009
   1.3611431768368000E-008   1.9709649736719788E-009
  -8.1229534679695114E-009   3.8595724041083496E-010
          64  -3.1222217088903896E-008   8.2217597421345690E-009
   1.0435263744259351E-008   3.3496854591611163E-009
  -8.7442452891852612E-009   6.5602052358651226E-010
          65  -4.4395748882569541E-008   1.8814126674241041E-008
   5.1150647883550992E-009   7.2410650998596061E-009
  -9.7853316393924991E-009   1.4233069266952576E-009
          66  -5.9155452380025250E-008   6.3335675015918175E-008
  -8.8432905670775864E-010   2.3384257055481845E-008
  -1.0955102411911716E-008   4.6183217697216033E-009
          67   4.1051602074711762E-008   9.3887889330700292E-008
   3.4415854377537125E-008   3.4520225807933625E-008
  -3.9282783989258662E-009   6.8188447537110183E-009
          68   4.5119712658498439E-008   2.6384216564168167E-008
   3.4867982619443181E-008   1.0348803563084120E-008
  -3.7987352918599867E-009   2.0168894503661059E-009
          69   2.9422444344840447E-008   1.0331793790690408E-008
   2.7939931807994623E-008   4.7874427471190108E-009
  -5.1169856521974045E-009   9.0063541427101002E-010
          70   2.0576572106283509E-008   5.3653326381028297E-009
   2.3124874921313396E-008   3.3197258257531943E-009
  -5.9947108377712411E-009   5.8992779283673446E-010
          71   1.5271915924365023E-008   3.2453878156777024E-009
   1.9067994428328511E-008   3.0390851946126469E-009
  -6.6903609758723351E-009   5.0455555300158356E-010
          72   1.1833615801967057E-008   2.1080840540544176E-009
   1.4893152405722634E-008   3.3988718677351167E-009
  -7.3606988112457666E-009   5.2834493143110652E-010
          73   9.5513860588774302E-009   1.3391738224237365E-009
   9.8524430354932002E-009   4.4514166748018246E-009
  -8.1234228164204849E-009   6.5463065922025146E-010
          74   8.1764052426579507E-009   6.1307963663618170E-010
   2.8820967049086403E-009   6.7711190368893691E-009
  -9.1287043120625386E-009   9.5423230520008977E-010
          75   7.8045011081665085E-009  -4.9380201936218977E-010
  -8.1019833710959867E-009   1.2360803175090363E-008
  -1.0657761707111631E-008   1.6900524072338011E-009
          76   8.9627421829543018E-009  -3.4121782033924810E-009
  -2.7301599852868223E-008   2.9885555934122235E-008
  -1.3270814986734016E-008   4.0085417704642656E-009
          77   8.4834200093810260E-009  -1.5535506420814275E-008
  -3.5394484628012827E-008   1.0564167483671635E-007
  -1.4409854195665891E-008   1.4040644337289895E-008
          78  -1.5003720552152356E-008  -1.4131087698493417E-008
   1.0152500052581543E-007   9.6655266036195372E-008
   3.6572216104414041E-009   1.2850309825360949E-008
          79  -1.4600353410464907E-008  -3.1403151817474387E-009
   8.8316674961215468E-008   2.7650324245404414E-008
   1.8404886085116797E-009   3.7118522682736080E-009
          80  -1.3423089340285068E-008  -5.4038565705740406E-010
   7.0009993123452925E-008   1.1598454027579417E-008
  -6.5288639875007260E-010   1.5873584024143337E-009
          81  -1.3604706433418541E-008   3.8650173774255081E-010
   5.9693161134027988E-008   6.2805796667492900E-009
  -2.0902755067338103E-009   8.8526779456207961E-010
          82  -1.4549942650846924E-008   8.7725245705713493E-010
   5.3337276736531251E-008   3.9479520248316133E-009
  -3.0068032439761778E-009   5.7940504802453909E-010
          83  -1.6014878316354096E-008   1.2370128215988080E-009
   4.9039738351583375E-008   2.7335502722249559E-009
  -3.6554734476468211E-009   4.2266682644563938E-010
          84  -1.7929458560315142E-008   1.5764838211003801E-009
   4.5919743518044164E-008   2.0274770142475611E-009
  -4.1545638861191257E-009   3.3456192928706900E-010
          85  -2.0315890566962360E-008   1.9567461929282447E-009
   4.3525141273589402E-008   1.5856248162585642E-009
  -4.5659430185331290E-009   2.8322299615693423E-010
          86  -2.3264865476690638E-008   2.4322541052067370E-009
   4.1601794156731441E-008   1.2957461958343404E-009
  -4.9260904415094373E-009   2.5454261470101215E-010
          87  -2.6944536710461023E-008   3.0744282114177237E-009
   3.9994437455572043E-008   1.1011438434442743E-009
  -5.2596482591401274E-009   2.4230107095116412E-010
          88  -3.1637885910569188E-008   4.0004464890155182E-009
   3.8600475612205825E-008   9.7179068273209727E-010
  -5.5864773885657818E-009   2.4483624198634702E-010
          89  -3.7826947254440986E-008   5.4308849896469947E-009
   3.7345512675972340E-008   8.9263249327641875E-010
  -5.9267027481459610E-009   2.6463424069868158E-010
          90  -4.6378348895065729E-008   7.8345264283013725E-009
   3.6168025611047875E-008   8.5998714472461353E-010
  -6.3066238471101898E-009   3.1079838787760216E-010
          91  -5.8982658855000652E-008   1.2362593890585799E-008
   3.5003964200136662E-008   8.8558779528557391E-010
  -6.7696383058661946E-009   4.0846340213375468E-010
          92  -7.9272141872990939E-008   2.2467242070024637E-008
   3.3764646016619400E-008   1.0212458076252994E-009
  -7.4021135991472956E-009   6.3517935207380339E-010
          93  -1.1511651716995072E-007   5.2062433331301971E-008
   3.2301901435238243E-008   1.4903307263391909E-009
  -8.3857522027653874E-009   1.3053208171033578E-009
          94  -1.5103722945550694E-007   1.7760830406639187E-007
   3.0837056386001839E-008   3.5318433875429887E-009
  -9.3744027396891393E-009   4.1476627622785402E-009
          95   1.2121938245683449E-007   2.3779915949221873E-007
   3.4352324052960854E-008   4.5311309813105859E-009
  -3.4021827071868280E-009   5.5153592208301346E-009
          96   1.2117284696614332E-007   6.6872476218950603E-008
   3.3410798353853998E-008   1.8028327655694808E-009
  -3.5981854683870072E-009   1.6610765946588511E-009
          97   8.0127134572458439E-008   2.6823838425661095E-008
   3.1728184279451552E-008   1.2205001764285036E-009
  -4.7379939943153771E-009   7.7041303737073438E-010
          98   5.6730553121644479E-008   1.4330447033365849E-008
   3.0223310415008026E-008   1.1160611067786799E-009
  -5.5022939606992459E-009   5.0874096816730900E-010
          99   4.2237099579935220E-008   9.0775150230903824E-009
   2.8704126651583841E-008   1.1719389489988557E-009
  -6.0983402123377176E-009   4.1915725527331666E-010
         100   3.2253009166349149E-008   6.4362180384812806E-009
   2.7032806254354305E-008   1.3328089021896082E-009
  -6.6388250741509628E-009   4.0101006414463303E-010
         101   2.4771913515564458E-008   4.9485374439657604E-009
   2.5074475407636226E-008   1.6093120975458779E-009
  -7.1893148545142432E-009   4.2827923147502617E-010
         102   1.8789500807771932E-008   4.0378106235583474E-009
   2.2652307421012520E-008   2.0552546623974304E-009
  -7.8046156977516248E-009   5.0071936869981951E-010
         103   1.3770910622173170E-008   3.4244316261580905E-009
   1.9487294132575220E-008   2.7921113397382250E-009
  -8.5511857009204266E-009   6.3754894504851972E-010
         104   9.4471645775975284E-009   2.9205918018981991E-009
   1.5082229338694878E-008   4.0969393094429978E-009
  -9.5344173524221398E-009   8.9134504407438932E-010
         105   5.7737519363526635E-009   2.2891140321001811E-009
   8.4528149629106195E-009   6.6896404310082750E-009
  -1.0954259696580126E-008   1.4036908595338190E-009
         106   3.0467691035374502E-009   9.1784558268034585E-010
  -2.5545805407870520E-009   1.2888912119191625E-008
  -1.3242103091797063E-008   2.6338315753884493E-009
         107   2.0915979591027871E-009  -3.8552325686475123E-009
  -2.2140639163201610E-008   3.3029738152749019E-008
  -1.7233902722404125E-008   6.6307997873368498E-009
         108  -6.0636088785150581E-009  -2.5181148101621960E-008
  -1.7130741871735359E-008   1.1794498086532916E-007
  -1.6357368894858241E-008   2.3473112502564087E-008
         109  -4.7207162228307910E-008  -1.4135244623525041E-008
   1.0989789710980037E-007   8.0017147554218870E-008
   8.6990221099767141E-009   1.5965827946911393E-008
         110  -5.2538035070000336E-008   2.4317336770997171E-009
   9.1723941961270884E-008   2.3522331802438142E-008
   4.9465452003340223E-009   4.7851208776764384E-009
         111  -6.1496051787686586E-008   9.0648655138109572E-009
   7.5509962600427391E-008   1.0014251044729170E-008
   1.5502023008605271E-009   2.1403021864731738E-009
         112  -7.7628925120119667E-008   1.5954836141473389E-008
   6.6657495023125821E-008   5.2124571201804069E-009
  -4.4299314463837172E-010   1.2488132877916887E-009
         113  -1.0437901910118697E-007   2.8223716300287557E-008
   6.1640265952784134E-008   2.7738705269724252E-009
  -1.7792414617909830E-009   8.9058906025568481E-010
         114  -1.5106731063545785E-007   5.8436350451290664E-008
   5.9080741295786524E-008   7.5690988715558866E-010
  -2.8364799338813858E-009   8.1098829877559907E-010
         115  -2.3090718790904347E-007   1.6669516399485209E-007
   5.8598465033287137E-008  -3.2079620572677999E-009
  -3.8325286432253724E-009   1.1830312707026067E-009
         116  -4.0353957833637070E-008   5.1763855966502635E-007
   5.0470599937104800E-008  -1.4392498673363973E-008
  -3.4434298474271762E-009   2.7258548346950113E-009
         117   2.6386471234414713E-007   2.0178356128560731E-007
   3.9283510123174901E-008  -4.9542723292570532E-009
  -2.4402746465689629E-009   1.2093310944555233E-009
         118   1.8191089512116993E-007   6.7122372638900418E-008
   4.0251886257588733E-008  -9.9769822950819620E-010
  -3.1647880023572885E-009   5.4843282320787030E-010
         119   1.2977233829945080E-007   3.2132344972391398E-008
   4.0500509083650564E-008  -4.6522662716698528E-011
  -3.7091491138432033E-009   3.5999746844219432E-010
         120   9.8971454941802764E-008   1.9116049523074995E-008
   4.0233669159325149E-008   2.6996367450166602E-010
  -4.1248285321492328E-009   2.8094614031853569E-010
         121   7.8532096492003093E-008   1.3100112151378129E-008
   3.9738347145145670E-008   4.0216705215064716E-010
  -4.4712709235961470E-009   2.3986474141766149E-010
         122   6.3495911840909240E-008   9.9743088928795612E-009
   3.9129212563023429E-008   4.7095038748497223E-010
  -4.7779171173460849E-009   2.1639439396743502E-010
         123   5.1420925451703600E-008   8.2870485665809659E-009
   3.8450320792533715E-008   5.1845323397690170E-010
  -5.0611263991859430E-009   2.0295537144933116E-010
         124   4.0934911313701852E-008   7.4434704532371617E-009
   3.7713842116092746E-008   5.6298598019197571E-010
  -5.3313815460209791E-009   1.9623215364613102E-010
         125   3.1141990025391519E-008   7.1910443052787645E-009
   3.6914678737075028E-008   6.1498694213983444E-010
  -5.5963581719514322E-009   1.9467743117059472E-010
         126   2.1339526107137153E-008   7.4500457397375070E-009
   3.6036665280055472E-008   6.8311942819671086E-010
  -5.8624188689530894E-009   1.9762832645711293E-010
         127   1.0842903172236504E-008   8.2652339259837068E-009
   3.5051794815612865E-008   7.7788977688762122E-010
  -6.1354644227325370E-009   2.0494985762391526E-010
         128  -1.1710064556478029E-009   9.8257584036901525E-009
   3.3915449473493162E-008   9.1578487873352531E-010
  -6.4215070104850424E-009   2.1686202387669918E-010
         129  -1.5891467383843194E-008   1.2570963989181426E-008
   3.2556327388030768E-008   1.1271275193571793E-009
  -6.7270735468198817E-009   2.3376834963828824E-010
         130  -3.5300658139583813E-008   1.7498217668734307E-008
   3.0850431405751073E-008   1.4754509636465644E-009
  -7.0593629307886339E-009   2.5578472569395384E-010
         131  -6.3149250780634325E-008   2.7117158174781220E-008
   2.8562133323462292E-008   2.1153516400584974E-009
  -7.4256068441893079E-009   2.8088822502207192E-010
         132  -1.0741391825326315E-007   4.9054834873963544E-008
   2.5190760795089628E-008   3.5086770218195755E-009
  -7.8297729628264636E-009   2.9645409952911788E-010
         133  -1.8518578614404184E-007   1.1446360686184558E-007
   1.9693998918100180E-008   7.5234991090515869E-009
  -8.2656450866301279E-009   2.3073247241114153E-010
         134  -2.5453260761677929E-007   3.9426686625288180E-007
   1.4497901154542285E-008   2.4361957537623891E-008
  -8.9260424900743690E-009  -3.6946642419160778E-010
         135   3.3203211043141905E-007   4.8523127430944027E-007
   4.8062915086391836E-008   3.0077623849250793E-008
  -1.1798317422346706E-008  -2.6876702688471172E-010
         136   3.1610911265994327E-007   1.3656164805376787E-007
   4.5265493447281734E-008   9.9003613926813727E-009
  -1.3562361794147160E-008   1.4746256194258275E-009
         137   2.3065975179717262E-007   5.5616744996552631E-008
   3.7367216974736223E-008   6.5001408144955351E-009
  -1.6362805802067035E-008   3.6233018097569815E-009
         138   1.8181554032731232E-007   3.0947869563499668E-008
   3.0117935344967305E-008   1.0058161346126091E-008
  -2.1306341344675542E-008   1.0689447876038906E-008
