   262144.00000000000     
         256           1           3
   1.7567330116226543E-005   35.902873699465999        16.020003305100001     
   6.0401400154609997        12.000000000000000        5733.8999999999996     
           0   0.0000000000000000        0.0000000000000000     
   0.0000000000000000        0.0000000000000000     
   0.0000000000000000        0.0000000000000000     
           1   0.0000000000000000        0.0000000000000000     
  -4.9716966459108140E-008   1.3073920282212599E-009
   4.7280467411648949E-009   1.2941024168905455E-010
           2   0.0000000000000000        0.0000000000000000     
  -4.9518793453014533E-008   3.1662174536457428E-010
   4.7489552512122405E-009   3.0305989859732006E-011
           3   0.0000000000000000        0.0000000000000000     
  -4.9680617595552862E-008   1.1432170843883948E-010
   4.7348720239507785E-009   9.6004920015464182E-012
           4   0.0000000000000000        0.0000000000000000     
  -4.9777551130819319E-008   6.3322531498411954E-011
   4.7280474596408724E-009   3.9371943475094478E-012
           5   0.0000000000000000        0.0000000000000000     
  -4.9846587322231364E-008   4.7861599793127709E-011
   4.7248066098416755E-009   1.8047084636825016E-012
           6   0.0000000000000000        0.0000000000000000     
  -4.9906669553453626E-008   4.3862195612033402E-011
   4.7232702959250433E-009   8.0825610047346568E-013
           7   0.0000000000000000        0.0000000000000000     
  -4.9965827354954808E-008   4.4457126246456088E-011
   4.7226455786577458E-009   2.6423513936403017E-013
           8   0.0000000000000000        0.0000000000000000     
  -5.0027811585360739E-008   4.7213577388412616E-011
   4.7225660356162806E-009  -7.0060435681164602E-014
           9   0.0000000000000000        0.0000000000000000     
  -5.0094584612394345E-008   5.1130951705442964E-011
   4.7228441972916852E-009  -2.9496122016279453E-013
          10   0.0000000000000000        0.0000000000000000     
  -5.0167295102259826E-008   5.5752809479511658E-011
   4.7233746720341425E-009  -4.5673161292335323E-013
          11   0.0000000000000000        0.0000000000000000     
  -5.0246696113949088E-008   6.0856465348014030E-011
   4.7240926344560351E-009  -5.7844156428475405E-013
          12   0.0000000000000000        0.0000000000000000     
  -5.0333340771944218E-008   6.6329993437210560E-011
   4.7249544405120842E-009  -6.7220461968979506E-013
          13   0.0000000000000000        0.0000000000000000     
  -5.0427681330321311E-008   7.2118533997781397E-011
   4.7259278606507509E-009  -7.4452621231498265E-013
          14   0.0000000000000000        0.0000000000000000     
  -5.0530123159353783E-008   7.8199017628204959E-011
   4.7269868088139319E-009  -7.9882766747649568E-013
          15   0.0000000000000000        0.0000000000000000     
  -5.0641056449516925E-008   8.4567570108994479E-011
   4.7281083027489892E-009  -8.3671099218362117E-013
          16   0.0000000000000000        0.0000000000000000     
  -5.0760876428496267E-008   9.1232998415917996E-011
   4.7292705846806307E-009  -8.5862101504807677E-013
          17   0.0000000000000000        0.0000000000000000     
  -5.0889997533722174E-008   9.8213389954385521E-011
   4.7304518642029568E-009  -8.6420043864051732E-013
          18   0.0000000000000000        0.0000000000000000     
  -5.1028864456137495E-008   1.0553441328699533E-010
   4.7316293971788095E-009  -8.5247873677279707E-013
          19   0.0000000000000000        0.0000000000000000     
  -5.1177961725152676E-008   1.1322862053605251E-010
   4.7327787391562551E-009  -8.2196518513045392E-013
          20   0.0000000000000000        0.0000000000000000     
  -5.1337823135545103E-008   1.2133539761997812E-010
   4.7338906784832161E-009  -7.7068260237371875E-013
          21   0.0000000000000000        0.0000000000000000     
  -5.1509040156175929E-008   1.2990138733273851E-010
   4.7349001689364169E-009  -6.9615734424292645E-013
          22   0.0000000000000000        0.0000000000000000     
  -5.1692273831625836E-008   1.3898131027830139E-010
   4.7357912520425015E-009  -5.9538188664579234E-013
          23   0.0000000000000000        0.0000000000000000     
  -5.1888265432538873E-008   1.4863917044488231E-010
   4.7365258806912726E-009  -4.6474339391330146E-013
          24   0.0000000000000000        0.0000000000000000     
  -5.2097850331444501E-008   1.5894987749199289E-010
   4.7370606394381815E-009  -2.9992484833182457E-013
          25   0.0000000000000000        0.0000000000000000     
  -5.2321974129231355E-008   1.7000135732510417E-010
   4.7373457061079933E-009  -9.5771988580918357E-014
          26   0.0000000000000000        0.0000000000000000     
  -5.2561712022748676E-008   1.8189726448330554E-010
   4.7373236071947444E-009   1.5388041999403177E-013
          27   0.0000000000000000        0.0000000000000000     
  -5.2818292326015144E-008   1.9476046052192808E-010
   4.7369277058262746E-009   4.5643348651823607E-013
          28   0.0000000000000000        0.0000000000000000     
  -5.3093125319842547E-008   2.0873748898603423E-010
   4.7360803440889352E-009   8.2081529176219324E-013
          29   0.0000000000000000        0.0000000000000000     
  -5.3387838970527634E-008   2.2400436885922847E-010
   4.7346905375551203E-009   1.2578593340283776E-012
          30   0.0000000000000000        0.0000000000000000     
  -5.3704323568921017E-008   2.4077415754963823E-010
   4.7326510862060491E-009   1.7808000928384727E-012
          31   0.0000000000000000        0.0000000000000000     
  -5.4044788058668285E-008   2.5930692122476946E-010
   4.7298349185400618E-009   2.4059279006553496E-012
          32   0.0000000000000000        0.0000000000000000     
  -5.4411831841085214E-008   2.7992302522116957E-010
   4.7260904182145786E-009   3.1534635760534062E-012
          33   0.0000000000000000        0.0000000000000000     
  -5.4808538852259163E-008   3.0302106922960184E-010
   4.7212513079123196E-009   4.0487398696833357E-012
          34   0.0000000000000000        0.0000000000000000     
  -5.5238592045002031E-008   3.2910241980229614E-010
   4.7150650675122172E-009   5.1238237520354762E-012
          35   0.0000000000000000        0.0000000000000000     
  -5.5706441984439844E-008   3.5880527147129193E-010
   4.7072780175739175E-009   6.4197627527396110E-012
          36   0.0000000000000000        0.0000000000000000     
  -5.6217514052057948E-008   3.9295271700383446E-010
   4.6975576123564568E-009   7.9897676580046474E-012
          37   0.0000000000000000        0.0000000000000000     
  -5.6778500141457726E-008   4.3262183082613633E-010
   4.6854892603182682E-009   9.9037853375514006E-012
          38   0.0000000000000000        0.0000000000000000     
  -5.7397759952558808E-008   4.7924496807465937E-010
   4.6705498629848940E-009   1.2255209887950057E-011
          39   0.0000000000000000        0.0000000000000000     
  -5.8085889215219567E-008   5.3476167749257647E-010
   4.6520793713019461E-009   1.5170952491815259E-011
          40   0.0000000000000000        0.0000000000000000     
  -5.8856523045021362E-008   6.0185234197593547E-010
   4.6291913541509257E-009   1.8826939228708727E-011
          41   0.0000000000000000        0.0000000000000000     
  -5.9727551720030630E-008   6.8430794126815144E-010
   4.6007470036414399E-009   2.3472641702219365E-011
          42   0.0000000000000000        0.0000000000000000     
  -6.0722929829145809E-008   7.8763466045520998E-010
   4.5651966455291108E-009   2.9471207596443216E-011
          43   0.0000000000000000        0.0000000000000000     
  -6.1875502504391852E-008   9.2008041021336354E-010
   4.5204107630379872E-009   3.7367607562764088E-011
          44   0.0000000000000000        0.0000000000000000     
  -6.3231614898926748E-008   1.0944565385062866E-009
   4.4633602911258483E-009   4.8009597299304232E-011
          45   0.0000000000000000        0.0000000000000000     
  -6.4858840002450110E-008   1.3315425221464613E-009
   4.3895973888311863E-009   6.2773819623260811E-011
          46   0.0000000000000000        0.0000000000000000     
  -6.6859682498505520E-008   1.6668550330385493E-009
   4.2923788651472458E-009   8.4015371037254878E-011
          47   0.0000000000000000        0.0000000000000000     
  -6.9397322679218779E-008   2.1651941312891635E-009
   4.1609721199048303E-009   1.1603394977098050E-010
          48   0.0000000000000000        0.0000000000000000     
  -7.2747422193099218E-008   2.9550208913090336E-009
   3.9770799113589017E-009   1.6735729628019181E-010
          49   0.0000000000000000        0.0000000000000000     
  -7.7411488421654670E-008   4.3204689790819429E-009
   3.7074905634763709E-009   2.5685291364711861E-010
          50   0.0000000000000000        0.0000000000000000     
  -8.4389232957149940E-008   6.9922183219499356E-009
   3.2859553686903294E-009   4.3304914542512982E-010
          51   0.0000000000000000        0.0000000000000000     
  -9.5872727352669291E-008   1.3308168733348931E-008
   2.5670545147253182E-009   8.5123248659923199E-010
          52   0.0000000000000000        0.0000000000000000     
  -1.1617822126446656E-007   3.3615268354140974E-008
   1.2639952070978376E-009   2.1986874075397504E-009
          53   0.0000000000000000        0.0000000000000000     
  -1.1357348031204666E-007   1.1960945505331856E-007
   1.4842504488668474E-009   7.9092942096216501E-009
          54   0.0000000000000000        0.0000000000000000     
   1.8401094343014618E-008   8.4744314558367383E-008
   1.0300642768401468E-008   5.5917363583270701E-009
          55   0.0000000000000000        0.0000000000000000     
  -2.2446670301657106E-010   2.5099963061194700E-008
   9.1156845404762493E-009   1.6280990039147120E-009
          56   0.0000000000000000        0.0000000000000000     
  -1.7759665001157577E-008   1.1002874458504401E-008
   8.0056439148921260E-009   6.8978439631368390E-010
          57   0.0000000000000000        0.0000000000000000     
  -2.7823674407234820E-008   6.1822624714086507E-009
   7.3945952855178991E-009   3.6749202517628084E-010
          58   0.0000000000000000        0.0000000000000000     
  -3.4230634384039921E-008   4.0377651434417621E-009
   7.0293841810524302E-009   2.2276801265415039E-010
          59   0.0000000000000000        0.0000000000000000     
  -3.8735485415899260E-008   2.9199174243959245E-009
   6.7937660526848332E-009   1.4601472503399656E-010
          60   0.0000000000000000        0.0000000000000000     
  -4.2160216538069889E-008   2.2767522714958751E-009
   6.6334682262445508E-009   1.0052785406337048E-010
          61   0.0000000000000000        0.0000000000000000     
  -4.4931427001990535E-008   1.8839229678116102E-009
   6.5205492133759964E-009   7.1355029743996441E-011
          62   0.0000000000000000        0.0000000000000000     
  -4.7292451831918748E-008   1.6372510893358275E-009
   6.4393101096037780E-009   5.1512482196022718E-011
          63   0.0000000000000000        0.0000000000000000     
  -4.9394199838919886E-008   1.4837093864844237E-009
   6.3802911639031261E-009   3.7395799127895732E-011
          64   0.0000000000000000        0.0000000000000000     
  -5.1338022559334627E-008   1.3947310243428438E-009
   6.3374349640005385E-009   2.7000076319952345E-011
          65   0.0000000000000000        0.0000000000000000     
  -5.3197872235043354E-008   1.3547144782469204E-009
   6.3067175395676733E-009   1.9146142951814619E-011
          66   0.0000000000000000        0.0000000000000000     
  -5.5032937374588473E-008   1.3557323607075922E-009
   6.2852711690158881E-009   1.3113693533202865E-011
          67   0.0000000000000000        0.0000000000000000     
  -5.6895719445904469E-008   1.3951024385476714E-009
   6.2709652335602345E-009   8.4560511152175746E-012
          68   0.0000000000000000        0.0000000000000000     
  -5.8838142817605288E-008   1.4745091369593269E-009
   6.2622158342448168E-009   4.9036522794416526E-012
          69   0.0000000000000000        0.0000000000000000     
  -6.0917295566648776E-008   1.6002254421006081E-009
   6.2576250634231297E-009   2.3157562486406346E-012
          70   0.0000000000000000        0.0000000000000000     
  -6.3202139301111703E-008   1.7844952605530782E-009
   6.2559036815395082E-009   6.6342637400662359E-013
          71   0.0000000000000000        0.0000000000000000     
  -6.5782946068260748E-008   2.0486249108649092E-009
   6.2558282793823162E-009   4.0085481061798968E-014
          72   0.0000000000000000        0.0000000000000000     
  -6.8786359375723377E-008   2.4293148764334540E-009
   6.2558280920444098E-009   7.0938479792042835E-013
          73   0.0000000000000000        0.0000000000000000     
  -7.2401722068833047E-008   2.9918123933843953E-009
   6.2539467641127498E-009   3.2214613637850556E-012
          74   0.0000000000000000        0.0000000000000000     
  -7.6930943221376158E-008   3.8591846122033924E-009
   6.2472104130107748E-009   8.6839564301925145E-012
          75   0.0000000000000000        0.0000000000000000     
  -8.2890991764266597E-008   5.2842545560634254E-009
   6.2306775689356162E-009   1.9437466935154951E-011
          76   0.0000000000000000        0.0000000000000000     
  -9.1244524961730130E-008   7.8517726472122881E-009
   6.1953136682435297E-009   4.0961872859203819E-011
          77   0.0000000000000000        0.0000000000000000     
  -1.0396938679582956E-007   1.3161589211114555E-008
   6.1223832835337200E-009   8.8325708883119643E-011
          78   0.0000000000000000        0.0000000000000000     
  -1.2547162670358132E-007   2.6825617291370802E-008
   5.9701588716396537E-009   2.1448649386304151E-010
          79   0.0000000000000000        0.0000000000000000     
  -1.6129327762045861E-007   7.6865424517109045E-008
   5.6865994214718811E-009   6.8402945318443091E-010
          80   0.0000000000000000        0.0000000000000000     
  -6.6075985730780323E-008   2.2952402725053607E-007
   6.6458355768900520E-009   2.1224867757543382E-009
          81   0.0000000000000000        0.0000000000000000     
   5.5945675448338730E-008   8.5026459212658958E-008
   7.8610658484887463E-009   7.5447042568529134E-010
          82   0.0000000000000000        0.0000000000000000     
   1.9681951845515403E-008   2.8775213659190583E-008
   7.5876308252498599E-009   2.1953296084287615E-010
          83   0.0000000000000000        0.0000000000000000     
  -2.9506972343161052E-009   1.3924899767251715E-008
   7.4475357630549309E-009   7.5214734457282759E-011
          84   0.0000000000000000        0.0000000000000000     
  -1.6362556596044091E-008   8.3100132349571214E-009
   7.4006254691865413E-009   1.7672889587970874E-011
          85   0.0000000000000000        0.0000000000000000     
  -2.5240444478424725E-008   5.6591639621525402E-009
   7.4030419795852010E-009  -1.2420056690020213E-011
          86   0.0000000000000000        0.0000000000000000     
  -3.1689970926327253E-008   4.2276616360161796E-009
   7.4356111487557811E-009  -3.1670340217889378E-011
          87   0.0000000000000000        0.0000000000000000     
  -3.6732163462091754E-008   3.3888949888795731E-009
   7.4898230801588366E-009  -4.6163241762027785E-011
          88   0.0000000000000000        0.0000000000000000     
  -4.0916726567907494E-008   2.8761376852407822E-009
   7.5617333398150959E-009  -5.8638310572773406E-011
          89   0.0000000000000000        0.0000000000000000     
  -4.4569333701455761E-008   2.5621400717812980E-009
   7.6498499503006801E-009  -7.0593366987939781E-011
          90   0.0000000000000000        0.0000000000000000     
  -4.7901417025716129E-008   2.3818909613171231E-009
   7.7543239725275371E-009  -8.3048312550486754E-011
          91   0.0000000000000000        0.0000000000000000     
  -5.1064230844823370E-008   2.3018214799897825E-009
   7.8764155037245286E-009  -9.6889933432052830E-011
          92   0.0000000000000000        0.0000000000000000     
  -5.4178717917592404E-008   2.3066242056897165E-009
   8.0185827229008839E-009  -1.1308393017655324E-010
          93   0.0000000000000000        0.0000000000000000     
  -5.7354791597897995E-008   2.3938986889665440E-009
   8.1848032366353466E-009  -1.3287295298221494E-010
          94   0.0000000000000000        0.0000000000000000     
  -6.0706905815080299E-008   2.5732418252842787E-009
   8.3808916717566816E-009  -1.5804484293003467E-010
          95   0.0000000000000000        0.0000000000000000     
  -6.4370910515180227E-008   2.8691681008739702E-009
   8.6156487283775126E-009  -1.9137973437575073E-010
          96   0.0000000000000000        0.0000000000000000     
  -6.8527526727388767E-008   3.3296584149366908E-009
   8.9024644753894859E-009  -2.3750791808654743E-010
          97   0.0000000000000000        0.0000000000000000     
  -7.3441793000326723E-008   4.0458248506475830E-009
   9.2625248018814544E-009  -3.0469480781346306E-010
          98   0.0000000000000000        0.0000000000000000     
  -7.9538246537475849E-008   5.1984961053007129E-009
   9.7314939298381847E-009  -4.0895337437574738E-010
          99   0.0000000000000000        0.0000000000000000     
  -8.7560055617895856E-008   7.1799065683228310E-009
   1.0372796101801104E-008  -5.8470549107211366E-010
         100   0.0000000000000000        0.0000000000000000     
  -9.8941453310661789E-008   1.0963062736941058E-008
   1.1310604175011578E-008  -9.1708183910488928E-010
         101   0.0000000000000000        0.0000000000000000     
  -1.1675297893889775E-007   1.9490220257729354E-008
   1.2812029422512186E-008  -1.6632900361213742E-009
         102   0.0000000000000000        0.0000000000000000     
  -1.4759247264473126E-007   4.4745028408489921E-008
   1.5452717873363501E-008  -3.8707564672261766E-009
         103   0.0000000000000000        0.0000000000000000     
  -1.7579780591638182E-007   1.5249930879902847E-007
   1.7863772412950168E-008  -1.3288198847136748E-008
         104   0.0000000000000000        0.0000000000000000     
   5.0448589595096519E-008   1.9017010267654347E-007
  -1.9678549020926213E-009  -1.6579087463040626E-008
         105   0.0000000000000000        0.0000000000000000     
   4.4299520420732288E-008   5.3996149333575882E-008
  -1.4908687780769298E-009  -4.6740790483739231E-009
         106   0.0000000000000000        0.0000000000000000     
   1.0101280119119250E-008   2.2302610140212718E-008
   1.4344007876073728E-009  -1.8998576274027361E-009
         107   0.0000000000000000        0.0000000000000000     
  -9.8173653384374967E-009   1.2343010343627648E-008
   3.1044998314051657E-009  -1.0237096402414977E-009
         108   0.0000000000000000        0.0000000000000000     
  -2.2623824309540850E-008   8.1700623413004213E-009
   4.1441500474954721E-009  -6.5134801306302857E-010
         109   0.0000000000000000        0.0000000000000000     
  -3.1877648772580124E-008   6.1168176156033677E-009
   4.8614997360837426E-009  -4.6165811276071829E-010
         110   0.0000000000000000        0.0000000000000000     
  -3.9234872304384273E-008   5.0283104091613943E-009
   5.3970839960363132E-009  -3.5280593644474619E-010
         111   0.0000000000000000        0.0000000000000000     
  -4.5563605779973217E-008   4.4598180280872839E-009
   5.8213378390406458E-009  -2.8460414315939352E-010
         112   0.0000000000000000        0.0000000000000000     
  -5.1385700960889109E-008   4.2206838408433202E-009
   6.1723290930820690E-009  -2.3837706639815890E-010
         113   0.0000000000000000        0.0000000000000000     
  -5.7067969314005971E-008   4.2312885665009770E-009
   6.4711546541767535E-009  -2.0399083930375872E-010
         114   0.0000000000000000        0.0000000000000000     
  -6.2920433974521272E-008   4.4739319286673386E-009
   6.7287385673543746E-009  -1.7468433909555171E-010
         115   0.0000000000000000        0.0000000000000000     
  -6.9262858834726979E-008   4.9807847146268570E-009
   6.9480075564079775E-009  -1.4428039398673153E-010
         116   0.0000000000000000        0.0000000000000000     
  -7.6491967246871267E-008   5.8462925639335130E-009
   7.1232169333333140E-009  -1.0457948773625109E-010
         117   0.0000000000000000        0.0000000000000000     
  -8.5180485888267780E-008   7.2740511171380872E-009
   7.2354271024900854E-009  -4.0890868812049816E-011
         118   0.0000000000000000        0.0000000000000000     
  -9.6265083073270433E-008   9.7054005253411233E-009
   7.2402702095628249E-009   7.8983104078036326E-011
         119   0.0000000000000000        0.0000000000000000     
  -1.1146326759443331E-007   1.4201971625423172E-008
   7.0363615789549780E-009   3.3827483151863135E-010
         120   0.0000000000000000        0.0000000000000000     
  -1.3430359762740602E-007   2.3825006433613072E-008
   6.3813255995100458E-009   9.9784827732047353E-010
         121   0.0000000000000000        0.0000000000000000     
  -1.7239629113781197E-007   5.0293599071874784E-008
   4.7034292953760425E-009   3.1316193704656116E-009
         122   0.0000000000000000        0.0000000000000000     
  -2.2109302513036863E-007   1.5682598545485601E-007
   2.8127600037633853E-009   1.2809846262786897E-008
         123   0.0000000000000000        0.0000000000000000     
   1.0060219707423421E-008   2.6586025228966895E-007
   3.0307006636264637E-008   2.1713995040118799E-008
         124   0.0000000000000000        0.0000000000000000     
   1.6186391544430674E-008   9.8257208836333721E-008
   3.8584759852267098E-008  -1.2355287488028072E-010
         125   0.0000000000000000        0.0000000000000000     
  -5.6823318280418748E-008   1.0726012783579084E-007
   4.3279447948642133E-008  -1.9153737671844795E-008
         126   0.0000000000000000        0.0000000000000000     
   4.1386788981735840E-008   2.1411011422735711E-007
   7.6967955380478105E-009  -5.3441840207430625E-008
         127   0.0000000000000000        0.0000000000000000     
   9.6798877522413257E-008   7.2425074678695808E-008
  -1.2668604290350355E-008  -1.6668494769658432E-008
         128   0.0000000000000000        0.0000000000000000     
   5.6238033522980222E-008   2.8649802342275947E-008
  -4.9524990613186570E-009  -5.7107765178506219E-009
         129   0.0000000000000000        0.0000000000000000     
   3.1034909817450474E-008   1.5678047262337964E-008
  -4.4987288709083662E-010  -2.7516935599160050E-009
         130   0.0000000000000000        0.0000000000000000     
   1.4860868946365197E-008   1.0236408923915169E-008
   2.1874064264411282E-009  -1.6334194122176090E-009
         131   0.0000000000000000        0.0000000000000000     
   3.4097702428042040E-009   7.4387298856327558E-009
   3.9304498844100052E-009  -1.1162087059461161E-009
         132   0.0000000000000000        0.0000000000000000     
  -5.3376245848453760E-009   5.8166373055056921E-009
   5.2098661281806765E-009  -8.4764872782324092E-010
         133   0.0000000000000000        0.0000000000000000     
  -1.2420518407667530E-008   4.8061131854160025E-009
   6.2343393215212224E-009  -7.0067516812930788E-010
         134   0.0000000000000000        0.0000000000000000     
  -1.8431389609462748E-008   4.1526046044540356E-009
   7.1175024513990071E-009  -6.2188763499809978E-010
         135   0.0000000000000000        0.0000000000000000     
  -2.3739969369016884E-008   3.7284018337776137E-009
   7.9289038917459206E-009  -5.8683195299910495E-010
         136   0.0000000000000000        0.0000000000000000     
  -2.8597540942264406E-008   3.4655108640953254E-009
   8.7171971775936206E-009  -5.8438990099436173E-010
         137   0.0000000000000000        0.0000000000000000     
  -3.3190831510352543E-008   3.3278312004986626E-009
   9.5222263099816449E-009  -6.1084233276624807E-010
         138   0.0000000000000000        0.0000000000000000     
  -3.7673582808758668E-008   3.2990535364268516E-009
   1.0382630348294362E-008  -6.6786369999374843E-010
