   262144.00000000000     
         256           1           3
   1.7567330116226543E-005   35.902873699465999        16.020003305100001     
   6.0401400154609997        12.000000000000000        5733.8999999999996     
           0   0.0000000000000000        0.0000000000000000     
   0.0000000000000000        0.0000000000000000     
   0.0000000000000000        0.0000000000000000     
           1  -1.5794681197670765E-009  -1.0701385365739658E-010
  -2.4201856860720240E-008   6.5855761627625508E-011
   0.0000000000000000        0.0000000000000000     
           2  -1.3582369006315219E-009  -2.3992441545520287E-010
  -2.4337939783452778E-008   1.4692761927164565E-010
   0.0000000000000000        0.0000000000000000     
           3  -9.3106757031112290E-010  -4.4187132176928275E-010
  -2.4599088471566627E-008   2.6856102486570249E-010
   0.0000000000000000        0.0000000000000000     
           4  -1.7261933138276255E-010  -8.1538920861188113E-010
  -2.5059013001737914E-008   4.9099299973682463E-010
   0.0000000000000000        0.0000000000000000     
           5   1.2065788200615539E-009  -1.6861298306395112E-009
  -2.5887732300978593E-008   1.0055305799295336E-009
   0.0000000000000000        0.0000000000000000     
           6   3.7628204725144147E-009  -4.5185379277819144E-009
  -2.7412037214012204E-008   2.6724639214606353E-009
   0.0000000000000000        0.0000000000000000     
           7   2.3602047182108982E-009  -1.6230069657703808E-008
  -2.6614251776873013E-008   9.5554506575894325E-009
   0.0000000000000000        0.0000000000000000     
           8  -1.4109322563612831E-008  -1.0081677283545510E-008
  -1.6970717000541548E-008   5.9466607983622308E-009
   0.0000000000000000        0.0000000000000000     
           9  -1.1591873014543221E-008  -2.9859092207310088E-009
  -1.8484391760231348E-008   1.7813614890788551E-009
   0.0000000000000000        0.0000000000000000     
          10  -9.5127695829928406E-009  -1.2855828985668413E-009
  -1.9745121722170402E-008   7.8563952886744526E-010
   0.0000000000000000        0.0000000000000000     
          11  -8.3629407796504118E-009  -6.9339121963005503E-010
  -2.0464246271564913E-008   4.4092322153874768E-010
   0.0000000000000000        0.0000000000000000     
          12  -7.6681015882253542E-009  -4.2630640892030765E-010
  -2.0920431028623301E-008   2.8722722759371357E-010
   0.0000000000000000        0.0000000000000000     
          13  -7.2125171670291505E-009  -2.8493983732088174E-010
  -2.1240461692394779E-008   2.0742472094625575E-010
   0.0000000000000000        0.0000000000000000     
          14  -6.8952282922572535E-009  -2.0170654843081820E-010
  -2.1483704496997615E-008   1.6181700020619492E-010
   0.0000000000000000        0.0000000000000000     
          15  -6.6641536277409894E-009  -1.4885908020672624E-010
  -2.1680818009977700E-008   1.3410804588153599E-010
   0.0000000000000000        0.0000000000000000     
          16  -6.4900552737001051E-009  -1.1336874716338804E-010
  -2.1849047304582752E-008   1.1664856929373641E-010
   0.0000000000000000        0.0000000000000000     
          17  -6.3553676961386335E-009  -8.8482930250756597E-011
  -2.1998786679721231E-008   1.0547637148717927E-010
   0.0000000000000000        0.0000000000000000     
          18  -6.2489476366266022E-009  -7.0427200116471834E-011
  -2.2136664136692682E-008   9.8379032816802207E-011
   0.0000000000000000        0.0000000000000000     
          19  -6.1634051225025217E-009  -5.6962390362143562E-011
  -2.2267109625821487E-008   9.4046294032324106E-011
   0.0000000000000000        0.0000000000000000     
          20  -6.0936548418848038E-009  -4.6694790085750119E-011
  -2.2393206429809184E-008   9.1664859616125237E-011
   0.0000000000000000        0.0000000000000000     
          21  -6.0360857627791690E-009  -3.8722070672306322E-011
  -2.2517179403380489E-008   9.0710431280289543E-011
   0.0000000000000000        0.0000000000000000     
          22  -5.9880627399738891E-009  -3.2440627079537022E-011
  -2.2640688235121285E-008   9.0834568114053044E-011
   0.0000000000000000        0.0000000000000000     
          23  -5.9476154120035814E-009  -2.7435519668455318E-011
  -2.2765010739678932E-008   9.1800074766927962E-011
   0.0000000000000000        0.0000000000000000     
          24  -5.9132373026916351E-009  -2.3414960268557259E-011
  -2.2891161470551490E-008   9.3442562195522615E-011
   0.0000000000000000        0.0000000000000000     
          25  -5.8837521591640266E-009  -2.0169918671097749E-011
  -2.3019970902514638E-008   9.5646771270377933E-011
   0.0000000000000000        0.0000000000000000     
          26  -5.8582226132568581E-009  -1.7548454680099482E-011
  -2.3152139827439516E-008   9.8331553722746614E-011
   0.0000000000000000        0.0000000000000000     
          27  -5.8358862124753356E-009  -1.5438980478901964E-011
  -2.3288277758141944E-008   1.0144010713102148E-010
   0.0000000000000000        0.0000000000000000     
          28  -5.8161095631314227E-009  -1.3759105349993856E-011
  -2.3428930790128253E-008   1.0493349850766999E-010
   0.0000000000000000        0.0000000000000000     
          29  -5.7983546924453518E-009  -1.2448067625865573E-011
  -2.3574602396805865E-008   1.0878630602630915E-010
   0.0000000000000000        0.0000000000000000     
          30  -5.7821537790109648E-009  -1.1461532453708395E-011
  -2.3725769436112564E-008   1.1298366325190940E-010
   0.0000000000000000        0.0000000000000000     
          31  -5.7670896717338381E-009  -1.0767990310095135E-011
  -2.3882894902856709E-008   1.1751925870420385E-010
   0.0000000000000000        0.0000000000000000     
          32  -5.7527804238759329E-009  -1.0346268213674318E-011
  -2.4046438490638954E-008   1.2239400678772919E-010
   0.0000000000000000        0.0000000000000000     
          33  -5.7388665881695196E-009  -1.0183838491411288E-011
  -2.4216865726242192E-008   1.2761520828462341E-010
   0.0000000000000000        0.0000000000000000     
          34  -5.7250003562298389E-009  -1.0275721134064770E-011
  -2.4394656246230410E-008   1.3319608465427645E-010
   0.0000000000000000        0.0000000000000000     
          35  -5.7108358428704364E-009  -1.0623849778294242E-011
  -2.4580311663889795E-008   1.3915561478162240E-010
   0.0000000000000000        0.0000000000000000     
          36  -5.6960199519706014E-009  -1.1236822922086866E-011
  -2.4774363402254031E-008   1.4551863428185454E-010
   0.0000000000000000        0.0000000000000000     
          37  -5.6801833377912600E-009  -1.2130000334682439E-011
  -2.4977380832830373E-008   1.5231618149499996E-010
   0.0000000000000000        0.0000000000000000     
          38  -5.6629310072927307E-009  -1.3325935863939146E-011
  -2.5189980052674054E-008   1.5958609457680384E-010
   0.0000000000000000        0.0000000000000000     
          39  -5.6438321011775009E-009  -1.4855166469511088E-011
  -2.5412833651520760E-008   1.6737388339498266E-010
   0.0000000000000000        0.0000000000000000     
          40  -5.6224083451564573E-009  -1.6757407080448789E-011
  -2.5646681866262371E-008   1.7573392067823145E-010
   0.0000000000000000        0.0000000000000000     
          41  -5.5981205740742466E-009  -1.9083235601841582E-011
  -2.5892345595585716E-008   1.8473102155136681E-010
   0.0000000000000000        0.0000000000000000     
          42  -5.5703525906868127E-009  -2.1896396610591254E-011
  -2.6150741860384589E-008   1.9444251227615813E-010
   0.0000000000000000        0.0000000000000000     
          43  -5.5383914117086303E-009  -2.5276912069130091E-011
  -2.6422902457375775E-008   2.0496093183962387E-010
   0.0000000000000000        0.0000000000000000     
          44  -5.5014026501899216E-009  -2.9325271620825844E-011
  -2.6709996782687885E-008   2.1639757001959782E-010
   0.0000000000000000        0.0000000000000000     
          45  -5.4583993449369812E-009  -3.4168097225557312E-011
  -2.7013360127227708E-008   2.2888713186979011E-010
   0.0000000000000000        0.0000000000000000     
          46  -5.4082019117459905E-009  -3.9965858333847651E-011
  -2.7334529209781128E-008   2.4259394555215183E-010
   0.0000000000000000        0.0000000000000000     
          47  -5.3493859596764335E-009  -4.6923488882489658E-011
  -2.7675287384132714E-008   2.5772032116383324E-010
   0.0000000000000000        0.0000000000000000     
          48  -5.2802133321258108E-009  -5.5305183010724770E-011
  -2.8037722938950551E-008   2.7451796058398172E-010
   0.0000000000000000        0.0000000000000000     
          49  -5.1985396449840971E-009  -6.5455318908822807E-011
  -2.8424305373757022E-008   2.9330377631353544E-010
   0.0000000000000000        0.0000000000000000     
          50  -5.1016883855515195E-009  -7.7828546958439951E-011
  -2.8837986759861731E-008   3.1448221124892775E-010
   0.0000000000000000        0.0000000000000000     
          51  -4.9862766015331135E-009  -9.3033877941643226E-011
  -2.9282338750324710E-008   3.3857735758258907E-010
   0.0000000000000000        0.0000000000000000     
          52  -4.8479691258873310E-009  -1.1190066869453460E-010
  -2.9761741296888458E-008   3.6628021106071247E-010
   0.0000000000000000        0.0000000000000000     
          53  -4.6811249664705614E-009  -1.3557976985327454E-010
  -3.0281648101535871E-008   3.9851994766919846E-010
   0.0000000000000000        0.0000000000000000     
          54  -4.4782769108910010E-009  -1.6570283209281916E-010
  -3.0848968915681471E-008   4.3657451301789754E-010
   0.0000000000000000        0.0000000000000000     
          55  -4.2293458570597305E-009  -2.0464109800622012E-010
  -3.1472635027288417E-008   4.8224781879313229E-010
   0.0000000000000000        0.0000000000000000     
          56  -3.9204343114360019E-009  -2.5594106917286251E-010
  -3.2164521193645913E-008   5.3816436462023728E-010
   0.0000000000000000        0.0000000000000000     
          57  -3.5318042077919180E-009  -3.2508903776508436E-010
  -3.2940569399854465E-008   6.0828057873136084E-010
   0.0000000000000000        0.0000000000000000     
          58  -3.0347490781051982E-009  -4.2092005531687916E-010
  -3.3823439878728876E-008   6.9881829012491410E-010
   0.0000000000000000        0.0000000000000000     
          59  -2.3856359570891984E-009  -5.5837139562456005E-010
  -3.4845957326295828E-008   8.2007438200702669E-010
   0.0000000000000000        0.0000000000000000     
          60  -1.5153933235465176E-009  -7.6426225907465119E-010
  -3.6058429187750509E-008   9.9019500245929007E-010
   0.0000000000000000        0.0000000000000000     
          61  -3.0853950741330928E-010  -1.0905570654850639E-009
  -3.7542401092933773E-008   1.2437937018941130E-009
   0.0000000000000000        0.0000000000000000     
          62   1.4415827611179247E-009  -1.6484870562699615E-009
  -3.9439929037351779E-008   1.6540434098471661E-009
   0.0000000000000000        0.0000000000000000     
          63   4.1376588274818706E-009  -2.7107103086143976E-009
  -4.2021575267858431E-008   2.3986630186633686E-009
   0.0000000000000000        0.0000000000000000     
          64   8.6441322638215407E-009  -5.0885752704823762E-009
  -4.5859016279789401E-008   4.0032592430545510E-009
   0.0000000000000000        0.0000000000000000     
          65   1.6851216564027175E-008  -1.2007540718491993E-008
  -5.2190360974887722E-008   8.5501918159889649E-009
   0.0000000000000000        0.0000000000000000     
          66   2.6052716023065439E-008  -4.1182168861574212E-008
  -5.9293082093065766E-008   2.7460095298708660E-008
   0.0000000000000000        0.0000000000000000     
          67  -4.0235219902963932E-008  -6.1182099293667262E-008
  -1.7921014784862952E-008   4.0488320351640210E-008
   0.0000000000000000        0.0000000000000000     
          68  -4.3514190051474704E-008  -1.6831395494514276E-008
  -1.7366816755870007E-008   1.2093650632226818E-008
   0.0000000000000000        0.0000000000000000     
          69  -3.3915807210962991E-008  -6.2213750243723833E-009
  -2.5395461603636112E-008   5.5055591611474002E-009
   0.0000000000000000        0.0000000000000000     
          70  -2.8931812831782407E-008  -2.8570218051228593E-009
  -3.0841684333915394E-008   3.6872010086282698E-009
   0.0000000000000000        0.0000000000000000     
          71  -2.6438344500158687E-008  -1.3143618297370024E-009
  -3.5241302361494737E-008   3.2087660055037362E-009
   0.0000000000000000        0.0000000000000000     
          72  -2.5413766660981876E-008  -3.3567366654282582E-010
  -3.9533253400747419E-008   3.3880167546759778E-009
   0.0000000000000000        0.0000000000000000     
          73  -2.5530885135662304E-008   5.5778673790840718E-010
  -4.4433779329280338E-008   4.1964261235797803E-009
   0.0000000000000000        0.0000000000000000     
          74  -2.6896206541325450E-008   1.7705380090196832E-009
  -5.0869965041580686E-008   6.0803983899984444E-009
   0.0000000000000000        0.0000000000000000     
          75  -3.0159941954381679E-008   4.1745933978183529E-009
  -6.0592177035854770E-008   1.0680580445340756E-008
   0.0000000000000000        0.0000000000000000     
          76  -3.6889774290707169E-008   1.1237461818011122E-008
  -7.7088488065473786E-008   2.5142437384593194E-008
   0.0000000000000000        0.0000000000000000     
          77  -3.9366392648957657E-008   4.1293661873976788E-008
  -8.4419972178082657E-008   8.7672350415116731E-008
   0.0000000000000000        0.0000000000000000     
          78   1.5417866248777666E-008   3.7800977968485612E-008
   2.7916569662936334E-008   8.0268749658851600E-008
   0.0000000000000000        0.0000000000000000     
          79   1.0745447617691400E-008   1.0546404631675274E-008
   1.6327625701737847E-008   2.3336267400470094E-008
   0.0000000000000000        0.0000000000000000     
          80   4.0176297918204330E-009   4.2209523549164521E-009
   4.9958046805633687E-010   1.0113127371735477E-008
   0.0000000000000000        0.0000000000000000     
          81   4.2471609103967407E-010   2.1265708645847256E-009
  -8.7709590526605890E-009   5.7552574068063409E-009
   0.0000000000000000        0.0000000000000000     
          82  -1.6024219117926466E-009   1.1986386079724103E-009
  -1.4820952315006456E-008   3.8683216937444254E-009
   0.0000000000000000        0.0000000000000000     
          83  -2.7983893258562846E-009   6.9758476540272241E-010
  -1.9228225215487856E-008   2.9129375540855225E-009
   0.0000000000000000        0.0000000000000000     
          84  -3.4900010623817461E-009   3.7932908484750897E-010
  -2.2734012986108234E-008   2.3881182405371569E-009
   0.0000000000000000        0.0000000000000000     
          85  -3.8278579428286566E-009   1.4199817090410114E-010
  -2.5728835993999862E-008   2.0960987808233489E-009
   0.0000000000000000        0.0000000000000000     
          86  -3.8759937107995203E-009  -6.8086867048678495E-011
  -2.8445444881427842E-008   1.9501465015962390E-009
   0.0000000000000000        0.0000000000000000     
          87  -3.6429564523354734E-009  -2.8961039505231545E-010
  -3.1044774801102730E-008   1.9133070922422161E-009
   0.0000000000000000        0.0000000000000000     
          88  -3.0890684912275746E-009  -5.6411520302485809E-010
  -3.3660955761767211E-008   1.9781953380592018E-009
   0.0000000000000000        0.0000000000000000     
          89  -2.1117340490621606E-009  -9.5549760171947163E-010
  -3.6435191441086134E-008   2.1656675782189519E-009
   0.0000000000000000        0.0000000000000000     
          90  -5.0140227946614815E-010  -1.5899167984033911E-009
  -3.9556219120832870E-008   2.5433260634079800E-009
   0.0000000000000000        0.0000000000000000     
          91   2.1698533434160226E-009  -2.7702658242084065E-009
  -4.3338413154629004E-008   3.2935075735686316E-009
   0.0000000000000000        0.0000000000000000     
          92   6.8387173764303513E-009  -5.3994822615817759E-009
  -4.8406767693379086E-008   4.9746370967279266E-009
   0.0000000000000000        0.0000000000000000     
          93   1.5551179728491946E-008  -1.3112528440916297E-008
  -5.6071719566533044E-008   9.8446440523085648E-009
   0.0000000000000000        0.0000000000000000     
          94   2.4255873827634385E-008  -4.5881432857509810E-008
  -6.3864682760736074E-008   3.0310569288865146E-008
   0.0000000000000000        0.0000000000000000     
          95  -4.7578220252461943E-008  -6.1571110114436512E-008
  -2.1815578482184897E-008   4.0209100409076598E-008
   0.0000000000000000        0.0000000000000000     
          96  -4.8332825970197110E-008  -1.6881721498901379E-008
  -2.4150964114982265E-008   1.2657223093042386E-008
   0.0000000000000000        0.0000000000000000     
          97  -3.8440633599209184E-008  -6.3678591245076179E-009
  -3.3414081967187648E-008   6.3952436483647436E-009
   0.0000000000000000        0.0000000000000000     
          98  -3.3241013430281495E-008  -3.0376631599529823E-009
  -4.0178412330441347E-008   4.6820630192292423E-009
   0.0000000000000000        0.0000000000000000     
          99  -3.0468190171708024E-008  -1.5800298907597525E-009
  -4.5987925849376390E-008   4.2552878055496737E-009
   0.0000000000000000        0.0000000000000000     
         100  -2.9004823808590702E-008  -7.7834926085382732E-010
  -5.1734616237646961E-008   4.4185912620208998E-009
   0.0000000000000000        0.0000000000000000     
         101  -2.8368339796460715E-008  -2.3919077628055574E-010
  -5.8015340384517822E-008   5.0294778438630205E-009
   0.0000000000000000        0.0000000000000000     
         102  -2.8359869569633914E-008   2.1049453435735560E-010
  -6.5425683706921397E-008   6.1668769439264540E-009
   0.0000000000000000        0.0000000000000000     
         103  -2.8940417463479882E-008   6.8719057114357093E-010
  -7.4784593920163082E-008   8.1288446841687372E-009
   0.0000000000000000        0.0000000000000000     
         104  -3.0217290808824335E-008   1.3342165630453756E-009
  -8.7473795115831812E-008   1.1647576663085047E-008
   0.0000000000000000        0.0000000000000000     
         105  -3.2525109495979309E-008   2.4525197273441038E-009
  -1.0617437041912309E-007   1.8654444143735749E-008
   0.0000000000000000        0.0000000000000000     
         106  -3.6671291850494719E-008   4.9608932989763520E-009
  -1.3671339391772323E-007   3.5387073449233001E-008
   0.0000000000000000        0.0000000000000000     
         107  -4.4270100872671772E-008   1.2911425469730602E-008
  -1.9042397084193445E-007   8.9654464841743470E-008
   0.0000000000000000        0.0000000000000000     
         108  -4.2326445060007531E-008   4.6204767640970740E-008
  -1.7809158984595250E-007   3.1822731419910802E-007
   0.0000000000000000        0.0000000000000000     
         109   7.2969148919080702E-009   3.1408790192816846E-008
   1.6235753641304046E-007   2.1635118701857016E-007
   0.0000000000000000        0.0000000000000000     
         110   3.3999562419488445E-011   9.3388255437773799E-009
   1.1186210923704080E-007   6.4606007568823456E-008
   0.0000000000000000        0.0000000000000000     
         111  -6.5233972488123035E-009   4.0860726803696923E-009
   6.6241165645580528E-008   2.8665153869024697E-008
   0.0000000000000000        0.0000000000000000     
         112  -1.0233874763624457E-008   2.2263419755427639E-009
   3.9753692561304886E-008   1.6455583700200588E-008
   0.0000000000000000        0.0000000000000000     
         113  -1.2463249416137310E-008   1.2540491856121550E-009
   2.2382191610234146E-008   1.1335904222985318E-008
   0.0000000000000000        0.0000000000000000     
         114  -1.3687966116342859E-008   3.2012879888334881E-010
   9.2323484679962578E-009   9.5552444637251163E-009
   0.0000000000000000        0.0000000000000000     
         115  -1.3982806795141601E-008  -1.9688184389501414E-009
  -2.3274247502287035E-009   1.2002673165803887E-008
   0.0000000000000000        0.0000000000000000     
         116  -1.9646795737801284E-008  -8.9650764681251881E-009
  -1.7148607534291877E-009   2.4432024725823139E-008
   0.0000000000000000        0.0000000000000000     
         117  -2.7758803087370162E-008  -2.3814002277320437E-009
   4.4144413629763916E-009   1.1576317283122032E-008
   0.0000000000000000        0.0000000000000000     
         118  -2.8589815709370496E-008   1.0046331630471972E-009
  -3.5515918967791968E-009   5.9250094867423452E-009
   0.0000000000000000        0.0000000000000000     
         119  -3.1061440043720562E-008   3.8740681208906927E-009
  -9.8577303256544654E-009   4.2638956937180935E-009
   0.0000000000000000        0.0000000000000000     
         120  -3.3008031440026741E-008   1.3488430273529618E-008
  -1.4999502047846296E-008   3.5583993709405014E-009
   0.0000000000000000        0.0000000000000000     
         121  -1.5972734707347514E-008   1.3802111468248465E-008
  -1.9528033023603898E-008   3.2056254622320045E-009
   0.0000000000000000        0.0000000000000000     
         122  -1.8283257822341594E-008   4.4987235107963529E-009
  -2.3733580899983989E-008   3.0316204378448982E-009
   0.0000000000000000        0.0000000000000000     
         123  -2.1836464917263122E-008   2.4407748835008061E-009
  -2.7794094650414006E-008   2.9718843702898454E-009
   0.0000000000000000        0.0000000000000000     
         124  -2.4514369903675085E-008   1.8730901860918686E-009
  -3.1838898083275871E-008   3.0000408973228971E-009
   0.0000000000000000        0.0000000000000000     
         125  -2.6881637074623006E-008   1.7415346179212215E-009
  -3.5977165805401756E-008   3.1070650457776017E-009
   0.0000000000000000        0.0000000000000000     
         126  -2.9247567137303759E-008   1.8123256684450188E-009
  -4.0314231388106437E-008   3.2943851300236465E-009
   0.0000000000000000        0.0000000000000000     
         127  -3.1816893676380923E-008   2.0345959851739373E-009
  -4.4963363362445607E-008   3.5719342974614925E-009
   0.0000000000000000        0.0000000000000000     
         128  -3.4789104872302807E-008   2.4300842511043470E-009
  -5.0057015758425318E-008   3.9585646144852521E-009
   0.0000000000000000        0.0000000000000000     
         129  -3.8430803136937198E-008   3.0882857772170126E-009
  -5.5759916393199554E-008   4.4838545008180615E-009
   0.0000000000000000        0.0000000000000000     
         130  -4.3178480732427701E-008   4.2255538388012212E-009
  -6.2285487332412175E-008   5.1898222002438810E-009
   0.0000000000000000        0.0000000000000000     
         131  -4.9853919771677106E-008   6.3914101376808339E-009
  -6.9915610115505043E-008   6.1252356308843309E-009
   0.0000000000000000        0.0000000000000000     
         132  -6.0205326704628121E-008   1.1257851072266154E-008
  -7.9018354242346423E-008   7.2899681184133771E-009
   0.0000000000000000        0.0000000000000000     
         133  -7.7982197523489578E-008   2.5655241687373101E-008
  -9.0066083458111805E-008   8.2321395038946694E-009
   0.0000000000000000        0.0000000000000000     
         134  -9.3977973357563779E-008   8.7063585039490696E-008
  -1.0578897343382341E-007   5.1519542108763661E-009
   0.0000000000000000        0.0000000000000000     
         135   3.3806730138491852E-008   1.0704268056772404E-007
  -1.4655170865281237E-007   1.0688372853790110E-008
   0.0000000000000000        0.0000000000000000     
         136   2.9436066385681921E-008   3.0561418290923424E-008
  -1.8472653326324115E-007   3.6533418663009595E-008
   0.0000000000000000        0.0000000000000000     
         137   9.8676977209535659E-009   1.2630105846469813E-008
  -2.4832809782609729E-007   8.1052811128404087E-008
   0.0000000000000000        0.0000000000000000     
         138  -1.5250709560848788E-009   6.2957413281694066E-009
  -3.5792570198972814E-007   2.3623113984748211E-007
   0.0000000000000000        0.0000000000000000     
