   262144.00000000000     
         256           1           3
   1.7567330116226543E-005  -3.8553127350719998        56.028443713300000     
   6.0401400154609997        12.000000000000000        5733.8999999999996     
           0   0.0000000000000000        0.0000000000000000     
   0.0000000000000000        0.0000000000000000     
   0.0000000000000000        0.0000000000000000     
           1   5.5101935833032039E-010  -8.6980057664760462E-011
  -1.3727937535060454E-008   9.1637968312044460E-011
   0.0000000000000000        0.0000000000000000     
           2   7.3083997681442204E-010  -1.9507408045097123E-010
  -1.3917330218703150E-008   2.0484593953499068E-010
   0.0000000000000000        0.0000000000000000     
           3   1.0781966460794536E-009  -3.5945509042335038E-010
  -1.4281669710813812E-008   3.7555383446142537E-010
   0.0000000000000000        0.0000000000000000     
           4   1.6953729854747168E-009  -6.6372395281690792E-010
  -1.4925374990929571E-008   6.8915573722015344E-010
   0.0000000000000000        0.0000000000000000     
           5   2.8183033631534720E-009  -1.3734005889474220E-009
  -1.6089587088950326E-008   1.4168576423621208E-009
   0.0000000000000000        0.0000000000000000     
           6   4.9004808657419041E-009  -3.6825224664455233E-009
  -1.8237752322645336E-008   3.7782520716368818E-009
   0.0000000000000000        0.0000000000000000     
           7   3.7541683769866417E-009  -1.3231252854428907E-008
  -1.7091727332630749E-008   1.3534197977530060E-008
   0.0000000000000000        0.0000000000000000     
           8  -9.6769539441924449E-009  -8.2178444754748273E-009
  -3.4023687846159363E-009   8.4164274352846857E-009
   0.0000000000000000        0.0000000000000000     
           9  -7.6279201360613010E-009  -2.4319827655863320E-009
  -5.5281219928918326E-009   2.5097095767049453E-009
   0.0000000000000000        0.0000000000000000     
          10  -5.9364602624356072E-009  -1.0452978151432968E-009
  -7.2928484389752508E-009   1.0963446649669632E-009
   0.0000000000000000        0.0000000000000000     
          11  -5.0031299230149194E-009  -5.6212233067657703E-010
  -8.2873352434791336E-009   6.0586836388446656E-010
   0.0000000000000000        0.0000000000000000     
          12  -4.4412352444151904E-009  -3.4401143442016290E-010
  -8.9066163979668828E-009   3.8617931005164495E-010
   0.0000000000000000        0.0000000000000000     
          13  -4.0748937012248768E-009  -2.2839173770447285E-010
  -9.3304108664092344E-009   2.7123081233892111E-010
   0.0000000000000000        0.0000000000000000     
          14  -3.8218073009354007E-009  -1.6015620244168726E-010
  -9.6428582210483752E-009   2.0474241653021314E-010
   0.0000000000000000        0.0000000000000000     
          15  -3.6395328398010304E-009  -1.1667928706578259E-010
  -9.8873985066252940E-009   1.6361051889597143E-010
   0.0000000000000000        0.0000000000000000     
          16  -3.5042547949368097E-009  -8.7336327120265972E-011
  -1.0088454006892362E-008   1.3698952789329693E-010
   0.0000000000000000        0.0000000000000000     
          17  -3.4016771280573217E-009  -6.6619736809823172E-011
  -1.0260732824325249E-008   1.1926080241987509E-010
   0.0000000000000000        0.0000000000000000     
          18  -3.3227427957775115E-009  -5.1450060862645745E-011
  -1.0413601504476799E-008   1.0728620820747938E-010
   0.0000000000000000        0.0000000000000000     
          19  -3.2614577901634007E-009  -3.9999462142146287E-011
  -1.0553308159429988E-008   9.9206478721514075E-011
   0.0000000000000000        0.0000000000000000     
          20  -3.2137102336047779E-009  -3.1129264350599871E-011
  -1.0684189314503625E-008   9.3866776636605600E-011
   0.0000000000000000        0.0000000000000000     
          21  -3.1765935911689164E-009  -2.4101233501972536E-011
  -1.0809361928591399E-008   9.0521858173651513E-011
   0.0000000000000000        0.0000000000000000     
          22  -3.1480006050452236E-009  -1.8420465613356091E-011
  -1.0931138987337842E-008   8.8675667346572441E-011
   0.0000000000000000        0.0000000000000000     
          23  -3.1263699765295432E-009  -1.3745618842708578E-011
  -1.1051289179167260E-008   8.7989724446794997E-011
   0.0000000000000000        0.0000000000000000     
          24  -3.1105229498306110E-009  -9.8354600086631011E-012
  -1.1171204857490408E-008   8.8228616130690017E-011
   0.0000000000000000        0.0000000000000000     
          25  -3.0995547707139992E-009  -6.5158873229149746E-012
  -1.1292014080488267E-008   8.9226411720877087E-011
   0.0000000000000000        0.0000000000000000     
          26  -3.0927607156500407E-009  -3.6589527287841799E-012
  -1.1414657484683140E-008   9.0865349747375522E-011
   0.0000000000000000        0.0000000000000000     
          27  -3.0895845090783711E-009  -1.1691573049323151E-012
  -1.1539942455788661E-008   9.3061969464783589E-011
   0.0000000000000000        0.0000000000000000     
          28  -3.0895815931109802E-009   1.0257117286832724E-012
  -1.1668582317754022E-008   9.5757900342676491E-011
   0.0000000000000000        0.0000000000000000     
          29  -3.0923924594939289E-009   2.9808312265544782E-012
  -1.1801225461019383E-008   9.8913649368429777E-011
   0.0000000000000000        0.0000000000000000     
          30  -3.0977229223235480E-009   4.7386780489524596E-012
  -1.1938477631895615E-008   1.0250437057668631E-010
   0.0000000000000000        0.0000000000000000     
          31  -3.1053292499576279E-009   6.3320777700546512E-012
  -1.2080919549131205E-008   1.0651698154788302E-010
   0.0000000000000000        0.0000000000000000     
          32  -3.1150067371696038E-009   7.7863682087731328E-012
  -1.2229121344830035E-008   1.1094822264194927E-010
   0.0000000000000000        0.0000000000000000     
          33  -3.1265807283040166E-009   9.1209399470860831E-012
  -1.2383654897634789E-008   1.1580339912056855E-010
   0.0000000000000000        0.0000000000000000     
          34  -3.1398993850287527E-009   1.0350326788029649E-011
  -1.2545104849085010E-008   1.2109563936375906E-010
   0.0000000000000000        0.0000000000000000     
          35  -3.1548276798601444E-009   1.1484960664884380E-011
  -1.2714078917520634E-008   1.2684556456142721E-010
   0.0000000000000000        0.0000000000000000     
          36  -3.1712422204884670E-009   1.2531665985463751E-011
  -1.2891218015978791E-008   1.3308130885151518E-010
   0.0000000000000000        0.0000000000000000     
          37  -3.1890265901394445E-009   1.3493940501496029E-011
  -1.3077206622424795E-008   1.3983886157312443E-010
   0.0000000000000000        0.0000000000000000     
          38  -3.2080669371811104E-009   1.4372048888111939E-011
  -1.3272783831759659E-008   1.4716273020002491E-010
   0.0000000000000000        0.0000000000000000     
          39  -3.2282475704147016E-009   1.5162938118364297E-011
  -1.3478755534169216E-008   1.5510694736717174E-010
   0.0000000000000000        0.0000000000000000     
          40  -3.2494463180344968E-009   1.5859968052421413E-011
  -1.3696008213078419E-008   1.6373647133019595E-010
   0.0000000000000000        0.0000000000000000     
          41  -3.2715293887360698E-009   1.6452434353430302E-011
  -1.3925524941744491E-008   1.7312905935121314E-010
   0.0000000000000000        0.0000000000000000     
          42  -3.2943454306493194E-009   1.6924841735998960E-011
  -1.4168404288307573E-008   1.8337773158976688E-010
   0.0000000000000000        0.0000000000000000     
          43  -3.3177184122337485E-009   1.7255861016520117E-011
  -1.4425883028579016E-008   1.9459399401940304E-010
   0.0000000000000000        0.0000000000000000     
          44  -3.3414388396871584E-009   1.7416869821120980E-011
  -1.4699363835317889E-008   2.0691205978936410E-010
   0.0000000000000000        0.0000000000000000     
          45  -3.3652526624763331E-009   1.7369928705154984E-011
  -1.4990449495102432E-008   2.2049441002990320E-010
   0.0000000000000000        0.0000000000000000     
          46  -3.3888469781232638E-009   1.7064973413085046E-011
  -1.5300985749719408E-008   2.3553918410209341E-010
   0.0000000000000000        0.0000000000000000     
          47  -3.4118312914156484E-009   1.6435896481895970E-011
  -1.5633115646530705E-008   2.5229011257595601E-010
   0.0000000000000000        0.0000000000000000     
          48  -3.4337125505359954E-009   1.5395024931070445E-011
  -1.5989349434925085E-008   2.7105004788822250E-010
   0.0000000000000000        0.0000000000000000     
          49  -3.4538613745620723E-009   1.3825237373330971E-011
  -1.6372655761656870E-008   2.9219968193113519E-010
   0.0000000000000000        0.0000000000000000     
          50  -3.4714656393284268E-009   1.1568537454476423E-011
  -1.6786582520918257E-008   3.1622389495363074E-010
   0.0000000000000000        0.0000000000000000     
          51  -3.4854656242969864E-009   8.4091930703131367E-012
  -1.7235419750012605E-008   3.4374958374517362E-010
   0.0000000000000000        0.0000000000000000     
          52  -3.4944617592928527E-009   4.0483451116713191E-012
  -1.7724423367638319E-008   3.7560118579640110E-010
   0.0000000000000000        0.0000000000000000     
          53  -3.4965807841353903E-009  -1.9351276243304085E-012
  -1.8260128996323759E-008   4.1288423886461984E-010
   0.0000000000000000        0.0000000000000000     
          54  -3.4892772530779144E-009  -1.0146544879676605E-011
  -1.8850802653382387E-008   4.5711474306740663E-010
   0.0000000000000000        0.0000000000000000     
          55  -3.4690317323158439E-009  -2.1476470068858661E-011
  -1.9507105558677671E-008   5.1042600626281006E-010
   0.0000000000000000        0.0000000000000000     
          56  -3.4308005503817852E-009  -3.7271451706142319E-011
  -2.0243117129479775E-008   5.7591189853264292E-010
   0.0000000000000000        0.0000000000000000     
          57  -3.3675651082656402E-009  -5.9634589806283069E-011
  -2.1077880348433796E-008   6.5822157470251433E-010
   0.0000000000000000        0.0000000000000000     
          58  -3.2685357840394643E-009  -9.1980979999682736E-011
  -2.2038135914904720E-008   7.6464346362613571E-010
   0.0000000000000000        0.0000000000000000     
          59  -3.1174149420575551E-009  -1.4012551287897813E-010
  -2.3162645419127496E-008   9.0720400862229275E-010
   0.0000000000000000        0.0000000000000000     
          60  -2.8878644073817479E-009  -2.1457026285954630E-010
  -2.4510494093676932E-008   1.1070400688652433E-009
   0.0000000000000000        0.0000000000000000     
          61  -2.5353031106543132E-009  -3.3576046753576217E-010
  -2.6177122621635937E-008   1.4043746753181035E-009
   0.0000000000000000        0.0000000000000000     
          62  -1.9792148876948729E-009  -5.4761889375146078E-010
  -2.8328261739134265E-008   1.8840736240043405E-009
   0.0000000000000000        0.0000000000000000     
          63  -1.0615567039246287E-009  -9.5809249846475870E-010
  -3.1278705933971582E-008   2.7519496455520742E-009
   0.0000000000000000        0.0000000000000000     
          64   5.5818144649447575E-010  -1.8889389978942281E-009
  -3.5691875722827996E-008   4.6160859839381616E-009
   0.0000000000000000        0.0000000000000000     
          65   3.6276582675990183E-009  -4.6204603344470057E-009
  -4.3001089056815993E-008   9.8842239690981681E-009
   0.0000000000000000        0.0000000000000000     
          66   7.0668070443384138E-009  -1.6186792465155519E-008
  -5.1223005482316389E-008   3.1758450065012767E-008
   0.0000000000000000        0.0000000000000000     
          67  -1.9502162932131760E-008  -2.4104534896465529E-008
  -3.4378011606177911E-009   4.6839903038279927E-008
   0.0000000000000000        0.0000000000000000     
          68  -2.1086244802994920E-008  -6.4594002980053577E-009
  -2.8693874980712574E-009   1.4049537617284797E-008
   0.0000000000000000        0.0000000000000000     
          69  -1.7605197793630737E-008  -2.2034298694794082E-009
  -1.2270085190187056E-008   6.4777232581551973E-009
   0.0000000000000000        0.0000000000000000     
          70  -1.6023096867784981E-008  -8.0896030277819358E-010
  -1.8754842317506185E-008   4.4389589548121425E-009
   0.0000000000000000        0.0000000000000000     
          71  -1.5522754556529429E-008  -1.1185193223470894E-010
  -2.4131865481812782E-008   3.9817869067312703E-009
   0.0000000000000000        0.0000000000000000     
          72  -1.5742440891993298E-008   4.0713293935643387E-010
  -2.9541444984298298E-008   4.3432097988055887E-009
   0.0000000000000000        0.0000000000000000     
          73  -1.6629620725494756E-008   9.8114162631248860E-010
  -3.5912039034192338E-008   5.5461865814016211E-009
   0.0000000000000000        0.0000000000000000     
          74  -1.8381542835824450E-008   1.8792887417823523E-009
  -4.4516106181529756E-008   8.2480517270732811E-009
   0.0000000000000000        0.0000000000000000     
          75  -2.1591781606786056E-008   3.7854208298539118E-009
  -5.7805634021567236E-008   1.4785630728969619E-008
   0.0000000000000000        0.0000000000000000     
          76  -2.7570492690865916E-008   9.5133765233416652E-009
  -8.0714083869952495E-008   3.5294136843973248E-008
   0.0000000000000000        0.0000000000000000     
          77  -3.0052746193855219E-008   3.4005238493058880E-008
  -9.0629080363356828E-008   1.2393984234864108E-007
   0.0000000000000000        0.0000000000000000     
          78   1.4159638414912668E-008   3.1155484811086641E-008
   6.9103301019882788E-008   1.1343888033706068E-007
   0.0000000000000000        0.0000000000000000     
          79   9.8932511377007386E-009   8.9422076632137528E-009
   5.3158933061362920E-008   3.2718715183356238E-008
   0.0000000000000000        0.0000000000000000     
          80   3.9285888906299541E-009   3.8038794764763203E-009
   3.1224572691039097E-008   1.3959137002823204E-008
   0.0000000000000000        0.0000000000000000     
          81   4.9046042784954551E-010   2.1263243798383282E-009
   1.8607914279845243E-008   7.7631783644739679E-009
   0.0000000000000000        0.0000000000000000     
          82  -1.7230792073338863E-009   1.4125036008293141E-009
   1.0586168125502177E-008   5.0653774574058958E-009
   0.0000000000000000        0.0000000000000000     
          83  -3.3257904596670304E-009   1.0624573421582658E-009
   4.9257708351501942E-009   3.6824768593313526E-009
   0.0000000000000000        0.0000000000000000     
          84  -4.6080439114496733E-009   8.8213759266136742E-010
   5.8670191994630701E-010   2.9027020771799726E-009
   0.0000000000000000        0.0000000000000000     
          85  -5.7263341607940106E-009   7.9644192319165868E-010
  -2.9731536778772652E-009   2.4432187999651387E-009
   0.0000000000000000        0.0000000000000000     
          86  -6.7780386290716972E-009   7.7461812362921726E-010
  -6.0688759300044983E-009   2.1770627356602041E-009
   0.0000000000000000        0.0000000000000000     
          87  -7.8374519773611298E-009   8.0726126615377583E-010
  -8.9068074070662133E-009   2.0450934434705149E-009
   0.0000000000000000        0.0000000000000000     
          88  -8.9774582891208664E-009   9.0033953258519945E-010
  -1.1643612457685148E-008   2.0247964409721268E-009
   0.0000000000000000        0.0000000000000000     
          89  -1.0288587667956416E-008   1.0790774963750073E-009
  -1.4425062341458871E-008   2.1225381324945167E-009
   0.0000000000000000        0.0000000000000000     
          90  -1.1909943477760165E-008   1.4065568301049158E-009
  -1.7423869616122997E-008   2.3846574799008184E-009
   0.0000000000000000        0.0000000000000000     
          91  -1.4094790134431885E-008   2.0445755127135900E-009
  -2.0903349243009842E-008   2.9482359111865310E-009
   0.0000000000000000        0.0000000000000000     
          92  -1.7369622843943571E-008   3.4837654185081067E-009
  -2.5362506506085383E-008   4.2415052769307321E-009
   0.0000000000000000        0.0000000000000000     
          93  -2.2863275999459553E-008   7.7063500085965345E-009
  -3.1829750384808531E-008   8.0023465144451385E-009
   0.0000000000000000        0.0000000000000000     
          94  -2.8378881030659592E-008   2.5608813433293945E-008
  -3.8417574988124175E-008   2.3783479682063218E-008
   0.0000000000000000        0.0000000000000000     
          95   1.0007620280116150E-008   3.4202776723618063E-008
  -6.6756731323868967E-009   3.1443512720415256E-008
   0.0000000000000000        0.0000000000000000     
          96   9.5626448919430097E-009   9.8651158853583951E-009
  -9.1692832138325148E-009   1.0288329921179693E-008
   0.0000000000000000        0.0000000000000000     
          97   3.2385698492139281E-009   4.1868304797741034E-009
  -1.7087805789080142E-008   5.5469270010740070E-009
   0.0000000000000000        0.0000000000000000     
          98  -6.1468127908218449E-010   2.4446129274370002E-009
  -2.3208328756808179E-008   4.3382369706462403E-009
   0.0000000000000000        0.0000000000000000     
          99  -3.2585856779974522E-009   1.7461198560270070E-009
  -2.8767902772163257E-008   4.1631343830890737E-009
   0.0000000000000000        0.0000000000000000     
         100  -5.3374165736997996E-009   1.4362266831361194E-009
  -3.4522108370367119E-008   4.5062583930662044E-009
   0.0000000000000000        0.0000000000000000     
         101  -7.1627532194827000E-009   1.3147703954666178E-009
  -4.1035256175881698E-008   5.2936817648868501E-009
   0.0000000000000000        0.0000000000000000     
         102  -8.9166915506514327E-009   1.3131264107072791E-009
  -4.8931478217695385E-008   6.6518290189242437E-009
   0.0000000000000000        0.0000000000000000     
         103  -1.0739080627569660E-008   1.4176279141627943E-009
  -5.9121588590833518E-008   8.9408787117459513E-009
   0.0000000000000000        0.0000000000000000     
         104  -1.2775802812664016E-008   1.6580878566808282E-009
  -7.3176026958862215E-008   1.3014704578120369E-008
   0.0000000000000000        0.0000000000000000     
         105  -1.5238193988434532E-008   2.1436549400892319E-009
  -9.4179412412344200E-008   2.1109380717238889E-008
   0.0000000000000000        0.0000000000000000     
         106  -1.8527287238217766E-008   3.2398140742724821E-009
  -1.2885569790082095E-007   4.0436287620824217E-008
   0.0000000000000000        0.0000000000000000     
         107  -2.3366731248714314E-008   6.5665234389068409E-009
  -1.9028689392610191E-007   1.0313922908335109E-007
   0.0000000000000000        0.0000000000000000     
         108  -2.4699069464257727E-008   2.0050959219562509E-008
  -1.7534487457985512E-007   3.6730773505868526E-007
   0.0000000000000000        0.0000000000000000     
         109  -7.5197107604368407E-009   1.4576700793277172E-008
   2.1891990955701574E-007   2.4949792780196381E-007
   0.0000000000000000        0.0000000000000000     
         110  -1.3597962192413260E-008   6.4415824822751606E-009
   1.6138900838380092E-007   7.4019432386111288E-008
   0.0000000000000000        0.0000000000000000     
         111  -2.0436494918710504E-008   5.3960542035426176E-009
   1.0961682666375370E-007   3.2352746186176370E-008
   0.0000000000000000        0.0000000000000000     
         112  -2.7894998334701375E-008   6.5309154285069321E-009
   8.0164536108711849E-008   1.8027080352875890E-008
   0.0000000000000000        0.0000000000000000     
         113  -3.7957795412502047E-008   9.9972984445195663E-009
   6.1605457913634120E-008   1.1685187940322379E-008
   0.0000000000000000        0.0000000000000000     
         114  -5.4011116228403655E-008   1.9433911131659005E-008
   4.8627470313545723E-008   8.5690544726988870E-009
   0.0000000000000000        0.0000000000000000     
         115  -8.0481998335305773E-008   5.3884670600622027E-008
   3.8656067594125509E-008   7.6230546549272286E-009
   0.0000000000000000        0.0000000000000000     
         116  -2.0792642372922972E-008   1.6580028882306218E-007
   3.3381991830618138E-008   9.7803291717524252E-009
   0.0000000000000000        0.0000000000000000     
         117   7.4946260160246171E-008   6.5392021310466405E-008
   3.0565017281362148E-008   5.8716454727223775E-009
   0.0000000000000000        0.0000000000000000     
         118   4.7147259262741823E-008   2.3149028299484744E-008
   2.4900373153798338E-008   3.9927707938102400E-009
   0.0000000000000000        0.0000000000000000     
         119   2.7835972738480354E-008   1.4139409033261746E-008
   2.0156564175528550E-008   3.2604282997462871E-009
   0.0000000000000000        0.0000000000000000     
         120   1.6322801498520519E-008   1.9305413692874091E-008
   1.6055679337483759E-008   2.8659293847321468E-009
   0.0000000000000000        0.0000000000000000     
         121   2.7364039184018740E-008   1.7528601699275653E-008
   1.2349291362933604E-008   2.6322418408867595E-009
   0.0000000000000000        0.0000000000000000     
         122   2.0970897288475606E-008   7.0982868201203839E-009
   8.8788296374192090E-009   2.5006947032695346E-009
   0.0000000000000000        0.0000000000000000     
         123   1.4442157282670234E-008   4.3816880529816286E-009
   5.5291443495642412E-009   2.4467568192511268E-009
   0.0000000000000000        0.0000000000000000     
         124   9.4600112074711270E-009   3.4163366519336422E-009
   2.2049921496465413E-009   2.4602863282883677E-009
   0.0000000000000000        0.0000000000000000     
         125   5.1948527919007005E-009   3.0533277011028037E-009
  -1.1818759695777982E-009   2.5396124488707066E-009
   0.0000000000000000        0.0000000000000000     
         126   1.1532378086010885E-009   3.0168672203285687E-009
  -4.7222395054947907E-009   2.6899500159822273E-009
   0.0000000000000000        0.0000000000000000     
         127  -3.0218369858587124E-009   3.2458269872208305E-009
  -8.5185645051288277E-009   2.9239800973150723E-009
   0.0000000000000000        0.0000000000000000     
         128  -7.6861540787733374E-009   3.7803601056935607E-009
  -1.2696155117256700E-008   3.2644309564725778E-009
   0.0000000000000000        0.0000000000000000     
         129  -1.3307399255939672E-008   4.7701869160539518E-009
  -1.7419218349897004E-008   3.7497222343287585E-009
   0.0000000000000000        0.0000000000000000     
         130  -2.0636497106201421E-008   6.5789954950504613E-009
  -2.2917025876605747E-008   4.4458331781257508E-009
   0.0000000000000000        0.0000000000000000     
         131  -3.1076813209797836E-008   1.0135072113996560E-008
  -2.9531142628712591E-008   5.4736429559525326E-009
   0.0000000000000000        0.0000000000000000     
         132  -4.7594993430582937E-008   1.8268389934851216E-008
  -3.7805448612088954E-008   7.0852794979816653E-009
   0.0000000000000000        0.0000000000000000     
         133  -7.6537013893822544E-008   4.2544993458547430E-008
  -4.8672402797709911E-008   9.9620412660610492E-009
   0.0000000000000000        0.0000000000000000     
         134  -1.0234084591201366E-007   1.4643012107829780E-007
  -6.2847051434613181E-008   1.6824336298054126E-008
   0.0000000000000000        0.0000000000000000     
         135   1.1541836902499233E-007   1.8019861545924143E-007
  -7.4623501059256635E-008   2.4083729076024610E-008
   0.0000000000000000        0.0000000000000000     
         136   1.0947626198702284E-007   5.0728862321911655E-008
  -1.0430255443572206E-007   3.2457300771157768E-008
   0.0000000000000000        0.0000000000000000     
         137   7.7717435083303014E-008   2.0678458543419267E-008
  -1.5583941607466158E-007   6.4048241723888286E-008
   0.0000000000000000        0.0000000000000000     
         138   5.9556148332011956E-008   1.1571903543795293E-008
  -2.4157616700635718E-007   1.8267293364184179E-007
   0.0000000000000000        0.0000000000000000     
