   262144.00000000000     
         256           1           3
   1.7567330116226543E-005   7.4134639136039997        32.166201293400000     
   6.0401400154609997        12.000000000000000        5733.8999999999996     
           0   0.0000000000000000        0.0000000000000000     
   0.0000000000000000        0.0000000000000000     
   0.0000000000000000        0.0000000000000000     
           1  -3.4326017170346387E-008   1.0624059984949050E-009
  -5.1427523304741218E-008   1.3975985146170711E-009
   0.0000000000000000        0.0000000000000000     
           2  -3.3996391863994303E-008   9.7007526648068176E-010
  -5.0796193256453723E-008   1.4191859573625920E-009
   0.0000000000000000        0.0000000000000000     
           3  -3.3873536702765026E-008   9.7270548577169054E-010
  -5.0432988578821118E-008   1.4175580531529960E-009
   0.0000000000000000        0.0000000000000000     
           4  -3.3843867588269103E-008   9.9454209844856880E-010
  -5.0184825959942329E-008   1.4141278934076006E-009
   0.0000000000000000        0.0000000000000000     
           5  -3.3883337287382210E-008   1.0240021922180557E-009
  -5.0000288273549287E-008   1.4112763101518429E-009
   0.0000000000000000        0.0000000000000000     
           6  -3.3982402018099574E-008   1.0588276143578733E-009
  -4.9856501427216933E-008   1.4090938525369982E-009
   0.0000000000000000        0.0000000000000000     
           7  -3.4137185533132257E-008   1.0987568629318824E-009
  -4.9741233015280785E-008   1.4073725528610544E-009
   0.0000000000000000        0.0000000000000000     
           8  -3.4346929989241908E-008   1.1442005765366785E-009
  -4.9647045134123232E-008   1.4058752216866865E-009
   0.0000000000000000        0.0000000000000000     
           9  -3.4613017051526757E-008   1.1959401887139785E-009
  -4.9568932876089099E-008   1.4043652267429422E-009
   0.0000000000000000        0.0000000000000000     
          10  -3.4938598065022977E-008   1.2550752780838639E-009
  -4.9503210351569598E-008   1.4025959463496745E-009
   0.0000000000000000        0.0000000000000000     
          11  -3.5328533548988118E-008   1.3230605866507485E-009
  -4.9446913663461553E-008   1.4002918648456039E-009
   0.0000000000000000        0.0000000000000000     
          12  -3.5789538150277121E-008   1.4017984771818888E-009
  -4.9397438392446951E-008   1.3971252946401952E-009
   0.0000000000000000        0.0000000000000000     
          13  -3.6330507127386722E-008   1.4937885329482923E-009
  -4.9352285628479752E-008   1.3926866917067174E-009
   0.0000000000000000        0.0000000000000000     
          14  -3.6963046523199307E-008   1.6023544886387522E-009
  -4.9308851077545890E-008   1.3864440685452511E-009
   0.0000000000000000        0.0000000000000000     
          15  -3.7702269966328980E-008   1.7319880056680245E-009
  -4.9264215220122544E-008   1.3776842467572043E-009
   0.0000000000000000        0.0000000000000000     
          16  -3.8567976727283331E-008   1.8888786717623417E-009
  -4.9214898442986844E-008   1.3654239968116301E-009
   0.0000000000000000        0.0000000000000000     
          17  -3.9586405323884244E-008   2.0817525471896052E-009
  -4.9156539327420946E-008   1.3482704604909120E-009
   0.0000000000000000        0.0000000000000000     
          18  -4.0792891803194944E-008   2.3232415411172726E-009
  -4.9083436027935534E-008   1.3241937019015893E-009
   0.0000000000000000        0.0000000000000000     
          19  -4.2236002922760527E-008   2.6322043982776299E-009
  -4.8987853146251883E-008   1.2901412370477068E-009
   0.0000000000000000        0.0000000000000000     
          20  -4.3984165131257306E-008   3.0378357201895099E-009
  -4.8858923446518732E-008   1.2413552244979552E-009
   0.0000000000000000        0.0000000000000000     
          21  -4.6136689764725758E-008   3.5873240989733142E-009
  -4.8680829404363761E-008   1.1700991112836696E-009
   0.0000000000000000        0.0000000000000000     
          22  -4.8842887489511778E-008   4.3610287035453939E-009
  -4.8429654329271855E-008   1.0631331064220255E-009
   0.0000000000000000        0.0000000000000000     
          23  -5.2336695552313147E-008   5.5048851343849568E-009
  -4.8067717266331031E-008   8.9632365383710111E-010
   0.0000000000000000        0.0000000000000000     
          24  -5.7002932545232622E-008   7.3062527665137234E-009
  -4.7532573147947571E-008   6.2202565878814398E-010
   0.0000000000000000        0.0000000000000000     
          25  -6.3506948367699515E-008   1.0393314474244253E-008
  -4.6715975819223626E-008   1.3593659151585077E-010
   0.0000000000000000        0.0000000000000000     
          26  -7.3036039747313600E-008   1.6342249118475393E-008
  -4.5423351024375496E-008  -8.2379767722205060E-010
   0.0000000000000000        0.0000000000000000     
          27  -8.7448535912110540E-008   2.9886521757597198E-008
  -4.3350871894061875E-008  -3.0432013098376871E-009
   0.0000000000000000        0.0000000000000000     
          28  -1.0447258178371774E-007   6.7841146045841375E-008
  -4.0889463087003395E-008  -9.3098923177461334E-009
   0.0000000000000000        0.0000000000000000     
          29  -5.7488323314726002E-008   1.5163953876310145E-007
  -4.9114047859858162E-008  -2.3135725516702960E-008
   0.0000000000000000        0.0000000000000000     
          30   4.7993316977199849E-008   9.8850072478309154E-008
  -6.6987695651900693E-008  -1.4256041314069505E-008
   0.0000000000000000        0.0000000000000000     
          31   3.8760400396472663E-008   3.9153427312478144E-008
  -6.5864300241232260E-008  -4.2966833556462277E-009
   0.0000000000000000        0.0000000000000000     
          32   2.1046623660445531E-008   1.9281119947674600E-008
  -6.3410954128497085E-008  -9.3978896334632281E-010
   0.0000000000000000        0.0000000000000000     
          33   9.0515946129171933E-009   1.1543594409203270E-008
  -6.1970676979750829E-008   4.2080285535828593E-010
   0.0000000000000000        0.0000000000000000     
          34   8.5735803925352872E-010   7.9348311409123832E-009
  -6.1230823921443595E-008   1.1166822332647697E-009
   0.0000000000000000        0.0000000000000000     
          35  -5.1345991396332297E-009   6.0447895622558169E-009
  -6.0940487883005783E-008   1.5536871654505129E-009
   0.0000000000000000        0.0000000000000000     
          36  -9.8239573340936837E-009   4.9938129468012693E-009
  -6.0971724606568899E-008   1.8884896616753663E-009
   0.0000000000000000        0.0000000000000000     
          37  -1.3728416164800959E-008   4.4082090333378322E-009
  -6.1270200125795738E-008   2.2021766216298657E-009
   0.0000000000000000        0.0000000000000000     
          38  -1.7167980275418032E-008   4.1094486690365143E-009
  -6.1831089187863965E-008   2.5602728570756628E-009
   0.0000000000000000        0.0000000000000000     
          39  -2.0357991351537500E-008   3.9985713228493976E-009
  -6.2695472483981389E-008   3.0533280677846781E-009
   0.0000000000000000        0.0000000000000000     
          40  -2.3457458366636385E-008   3.9917463366367686E-009
  -6.3957865547549714E-008   3.8688525248829295E-009
   0.0000000000000000        0.0000000000000000     
          41  -2.6618922536376566E-008   3.9260672829945958E-009
  -6.5744648964170501E-008   5.5086477546267480E-009
   0.0000000000000000        0.0000000000000000     
          42  -3.0254153625594004E-008   3.2947757454609402E-009
  -6.7655954454970300E-008   9.4965478686294751E-009
   0.0000000000000000        0.0000000000000000     
          43  -3.6911923361823992E-008   1.7726510730982328E-009
  -6.4200236713517647E-008   1.7308733272868812E-008
   0.0000000000000000        0.0000000000000000     
          44  -4.7361895664300260E-008   5.6257306949185910E-009
  -5.4284194956214548E-008   1.4490437477170644E-008
   0.0000000000000000        0.0000000000000000     
          45  -5.5699573064025932E-008   1.2740261166971845E-008
  -5.4655863828453388E-008   8.2357728027001943E-009
   0.0000000000000000        0.0000000000000000     
          46  -6.6353287045158418E-008   2.2603118287919501E-008
  -5.7405300491053057E-008   6.0438038932744225E-009
   0.0000000000000000        0.0000000000000000     
          47  -8.0903160882643487E-008   4.3132044949013298E-008
  -6.0120026229554280E-008   5.6913701497705459E-009
   0.0000000000000000        0.0000000000000000     
          48  -8.6897473758963195E-008   9.3991589005801597E-008
  -6.2789548669969878E-008   6.5861512632613981E-009
   0.0000000000000000        0.0000000000000000     
          49  -9.3923046199042239E-009   1.5149356385852329E-007
  -6.4851791377582049E-008   8.5850358571263176E-009
   0.0000000000000000        0.0000000000000000     
          50   5.8172253804369053E-008   8.7917811777412936E-008
  -6.7497497829752220E-008   1.0977290292754255E-008
   0.0000000000000000        0.0000000000000000     
          51   4.7902295847514710E-008   4.2905385679244482E-008
  -7.0759283706796134E-008   1.8048298923085329E-008
   0.0000000000000000        0.0000000000000000     
          52   3.5049832958523691E-008   2.8977213443304944E-008
  -6.3676212927390455E-008   3.2291784856886812E-008
   0.0000000000000000        0.0000000000000000     
          53   3.0380772021757351E-008   1.9805563522368297E-008
  -4.3560658098604454E-008   2.7154147268764285E-008
   0.0000000000000000        0.0000000000000000     
          54   2.3409511516327593E-008   1.1919379555613742E-008
  -4.2467629796397937E-008   1.3786224495023498E-008
   0.0000000000000000        0.0000000000000000     
          55   1.6893843061778482E-008   7.9874233810825117E-009
  -4.6405858450715919E-008   8.1416136834718166E-009
   0.0000000000000000        0.0000000000000000     
          56   1.1806717220305428E-008   5.9241065884000582E-009
  -4.9755379626356879E-008   5.8245665556555737E-009
   0.0000000000000000        0.0000000000000000     
          57   7.7763020648366828E-009   4.7313498771355311E-009
  -5.2356582193979322E-008   4.7481601754469694E-009
   0.0000000000000000        0.0000000000000000     
          58   4.4529707085267870E-009   4.0085057780733777E-009
  -5.4476257663843031E-008   4.2074596648949662E-009
   0.0000000000000000        0.0000000000000000     
          59   1.5960512423073432E-009   3.5762950302776954E-009
  -5.6309855352137983E-008   3.9358270277286657E-009
   0.0000000000000000        0.0000000000000000     
          60  -9.6443899252313980E-010   3.3494664503886894E-009
  -5.7982183259073998E-008   3.8197277386530347E-009
   0.0000000000000000        0.0000000000000000     
          61  -3.3596427238971997E-009   3.2909317683202362E-009
  -5.9577250640308467E-008   3.8075569452450196E-009
   0.0000000000000000        0.0000000000000000     
          62  -5.7029434847875745E-009   3.3951989103223712E-009
  -6.1156900451145171E-008   3.8770453095504678E-009
   0.0000000000000000        0.0000000000000000     
          63  -8.1074378876507229E-009   3.6858063331404165E-009
  -6.2773348529504298E-008   4.0232111281192813E-009
   0.0000000000000000        0.0000000000000000     
          64  -1.0703093501380023E-008   4.2241223936597975E-009
  -6.4477781730304174E-008   4.2553571519863398E-009
   0.0000000000000000        0.0000000000000000     
          65  -1.3658128979436294E-008   5.1350990735793602E-009
  -6.6327738993647071E-008   4.6005465223970189E-009
   0.0000000000000000        0.0000000000000000     
          66  -1.7210612914873186E-008   6.6693186299653256E-009
  -6.8396901590965026E-008   5.1164339913889608E-009
   0.0000000000000000        0.0000000000000000     
          67  -2.1708062009815370E-008   9.3575889324412078E-009
  -7.0785618412540157E-008   5.9253049093553338E-009
   0.0000000000000000        0.0000000000000000     
          68  -2.7603029936683647E-008   1.4429661702044561E-008
  -7.3622422231126497E-008   7.3073225809460575E-009
   0.0000000000000000        0.0000000000000000     
          69  -3.4954775629008144E-008   2.5019743211784054E-008
  -7.6957841960725785E-008   9.9698663120467239E-009
   0.0000000000000000        0.0000000000000000     
          70  -3.9117660324474742E-008   4.8780540778599684E-008
  -7.9818156488406189E-008   1.5638205357049428E-008
   0.0000000000000000        0.0000000000000000     
          71  -1.2048191831271000E-008   8.5403363209228765E-008
  -7.6038668782669240E-008   2.4331599804969037E-008
   0.0000000000000000        0.0000000000000000     
          72   4.2478437749661423E-008   7.0900416659528672E-008
  -6.6384403127534641E-008   2.1895004010642198E-008
   0.0000000000000000        0.0000000000000000     
          73   5.1427262127386819E-008   3.4652873185129839E-008
  -6.7208195401692016E-008   1.4750987410480220E-008
   0.0000000000000000        0.0000000000000000     
          74   4.4915517915870724E-008   1.6574957537568081E-008
  -7.2056098855686254E-008   1.1920508342584046E-008
   0.0000000000000000        0.0000000000000000     
          75   3.9186524422525312E-008   7.8740426650719498E-009
  -7.7501628369753667E-008   1.1670286391583732E-008
   0.0000000000000000        0.0000000000000000     
          76   3.5851026722681426E-008   2.6711179486923614E-009
  -8.3465565432277201E-008   1.3031096052585404E-008
   0.0000000000000000        0.0000000000000000     
          77   3.4672876775111898E-008  -1.5341797423202884E-009
  -9.0425191324952248E-008   1.6097426900839748E-008
   0.0000000000000000        0.0000000000000000     
          78   3.5479990769866559E-008  -6.3175696004578916E-009
  -9.8997536923868254E-008   2.1910153945500635E-008
   0.0000000000000000        0.0000000000000000     
          79   3.8141844623067677E-008  -1.3712417079169355E-008
  -1.0959823597598868E-007   3.3282194814231956E-008
   0.0000000000000000        0.0000000000000000     
          80   4.1090178937769237E-008  -2.7876545559522128E-008
  -1.1991499944170589E-007   5.7200419529621651E-008
   0.0000000000000000        0.0000000000000000     
          81   3.3229577502635182E-008  -5.4423957384148051E-008
  -1.1066236454883643E-007   1.0353746983275404E-007
   0.0000000000000000        0.0000000000000000     
          82  -7.2974400156725824E-009  -6.8746434115762893E-008
  -4.3062937213175624E-008   1.2896738117594086E-007
   0.0000000000000000        0.0000000000000000     
          83  -3.4237038123383865E-008  -4.2102058054347124E-008
   1.3353812998389901E-009   8.1984110470157340E-008
   0.0000000000000000        0.0000000000000000     
          84  -3.3758245342982704E-008  -2.0934561382472388E-008
  -2.6414451233506911E-009   4.4490725700190713E-008
   0.0000000000000000        0.0000000000000000     
          85  -2.8879316622442057E-008  -1.0974171172878246E-008
  -1.4491158495980264E-008   2.6928296204018503E-008
   0.0000000000000000        0.0000000000000000     
          86  -2.4980038362719392E-008  -6.0673969989619882E-009
  -2.4724740830578526E-008   1.8511948661449994E-008
   0.0000000000000000        0.0000000000000000     
          87  -2.2372820265035441E-008  -3.3002746393648169E-009
  -3.2860596081817734E-008   1.4149103953025022E-008
   0.0000000000000000        0.0000000000000000     
          88  -2.0785169031193135E-008  -1.4592381195072602E-009
  -3.9502279526979482E-008   1.1799686494522924E-008
   0.0000000000000000        0.0000000000000000     
          89  -2.0007529253651055E-008   5.2128562109981490E-011
  -4.5198002988531289E-008   1.0616018330466748E-008
   0.0000000000000000        0.0000000000000000     
          90  -1.9945704802299080E-008   1.6525275886835206E-009
  -5.0358928221745018E-008   1.0273436866712450E-008
   0.0000000000000000        0.0000000000000000     
          91  -2.0584323769693821E-008   3.8416286695944393E-009
  -5.5293747574663819E-008   1.0773013043604049E-008
   0.0000000000000000        0.0000000000000000     
          92  -2.1832560199242494E-008   7.5375898533014186E-009
  -6.0171500870872587E-008   1.2498736975923031E-008
   0.0000000000000000        0.0000000000000000     
          93  -2.2666218548365222E-008   1.4661480777352428E-008
  -6.4552357625268862E-008   1.6504095480545158E-008
   0.0000000000000000        0.0000000000000000     
          94  -1.7424299495506079E-008   2.6990532697804088E-008
  -6.5207894101432364E-008   2.3817851365349147E-008
   0.0000000000000000        0.0000000000000000     
          95   1.9563690490095695E-009   3.2304329225468661E-008
  -5.7404797794948873E-008   2.7201857783709894E-008
   0.0000000000000000        0.0000000000000000     
          96   1.4987278927637482E-008   2.0043100914155383E-008
  -5.3338433412889314E-008   2.0295044371210864E-008
   0.0000000000000000        0.0000000000000000     
          97   1.5985884660221198E-008   9.6212735709865276E-009
  -5.6552834841950012E-008   1.4596432446073773E-008
   0.0000000000000000        0.0000000000000000     
          98   1.4678772036064956E-008   4.1776197500731193E-009
  -6.1383341529359283E-008   1.2034572960584140E-008
   0.0000000000000000        0.0000000000000000     
          99   1.3835517129367081E-008   1.1433374669423850E-009
  -6.6278816529974448E-008   1.1141096230563587E-008
   0.0000000000000000        0.0000000000000000     
         100   1.3782276122461149E-008  -8.8635093332274228E-010
  -7.1165399796659309E-008   1.1154236033841032E-008
   0.0000000000000000        0.0000000000000000     
         101   1.4485191423217269E-008  -2.5571941720668151E-009
  -7.6218596052641277E-008   1.1802053831084906E-008
   0.0000000000000000        0.0000000000000000     
         102   1.5924413816526851E-008  -4.2268712848393203E-009
  -8.1656979449961283E-008   1.3051118909060907E-008
   0.0000000000000000        0.0000000000000000     
         103   1.8150733140029845E-008  -6.1783665877969206E-009
  -8.7731330839869006E-008   1.5030133400042321E-008
   0.0000000000000000        0.0000000000000000     
         104   2.1297096968793476E-008  -8.7455310892113137E-009
  -9.4748388156812586E-008   1.8054567153280521E-008
   0.0000000000000000        0.0000000000000000     
         105   2.5582252171553204E-008  -1.2451909701832560E-008
  -1.0309584913477010E-007   2.2752112714938689E-008
   0.0000000000000000        0.0000000000000000     
         106   3.1282717041849630E-008  -1.8263528809881562E-008
  -1.1321695983579026E-007   3.0373840666735261E-008
   0.0000000000000000        0.0000000000000000     
         107   3.8502238672597529E-008  -2.8142872654423516E-008
  -1.2531428080425298E-007   4.3523833240173905E-008
   0.0000000000000000        0.0000000000000000     
         108   4.5938809584028113E-008  -4.6191938073841084E-008
  -1.3770665453648334E-007   6.7688320554683853E-008
   0.0000000000000000        0.0000000000000000     
         109   4.5384421890392157E-008  -7.9096362715040463E-008
  -1.3947003474315643E-007   1.1185084204836433E-007
   0.0000000000000000        0.0000000000000000     
         110   1.0857142448178496E-008  -1.1983517547199239E-007
  -9.5828715971776101E-008   1.6672871240491920E-007
   0.0000000000000000        0.0000000000000000     
         111  -5.3631176114272668E-008  -1.1408983977196974E-007
  -1.1986857971706358E-008   1.5960222862786636E-007
   0.0000000000000000        0.0000000000000000     
         112  -8.0063275557870469E-008  -7.1114536941412028E-008
   2.0905272490568010E-008   1.0261032892640274E-007
   0.0000000000000000        0.0000000000000000     
         113  -7.7382512229191990E-008  -4.0665295614204923E-008
   1.4551905026468654E-008   6.2473584008915704E-008
   0.0000000000000000        0.0000000000000000     
         114  -6.9315434460045267E-008  -2.4299588840144862E-008
   6.1617727379901212E-010   4.1510979647278481E-008
   0.0000000000000000        0.0000000000000000     
         115  -6.2222020375582965E-008  -1.5163821818579230E-008
  -1.2444483623648282E-008   3.0842339198420708E-008
   0.0000000000000000        0.0000000000000000     
         116  -5.6907606432284352E-008  -9.3579198478210957E-009
  -2.3478309377134176E-008   2.5797159711535880E-008
   0.0000000000000000        0.0000000000000000     
         117  -5.3004779987271477E-008  -4.8403854524383517E-009
  -3.2177565505722268E-008   2.4523281561363662E-008
   0.0000000000000000        0.0000000000000000     
         118  -4.9724789824649280E-008  -6.9540642413104395E-010
  -3.7109603211266675E-008   2.5241717529138515E-008
   0.0000000000000000        0.0000000000000000     
         119  -4.7514869263035071E-008   3.2821270217966376E-009
  -3.9238749255225547E-008   2.3429146841201014E-008
   0.0000000000000000        0.0000000000000000     
         120  -4.5020959364245383E-008   1.3489379779506525E-008
  -4.3795080265563783E-008   1.9729195314324887E-008
   0.0000000000000000        0.0000000000000000     
         121  -2.5527147500984838E-008   1.3305325073811905E-008
  -5.0338981073067791E-008   1.7667098106710270E-008
   0.0000000000000000        0.0000000000000000     
         122  -2.5922193141569703E-008   4.9941130073190408E-009
  -5.7385478735664242E-008   1.7519987253872596E-008
   0.0000000000000000        0.0000000000000000     
         123  -2.8245756563366059E-008   5.9915728803165809E-009
  -6.4563588988354527E-008   1.9335797293618085E-008
   0.0000000000000000        0.0000000000000000     
         124  -2.7915633672942499E-008   1.2890128376368417E-008
  -7.0986469894032905E-008   2.4077552866629781E-008
   0.0000000000000000        0.0000000000000000     
         125  -1.6402021672539356E-008   2.3454357126575539E-008
  -7.2286236482719073E-008   3.1091378597050130E-008
   0.0000000000000000        0.0000000000000000     
         126   4.3903179110577566E-009   1.7727110858670676E-008
  -6.9865429120319195E-008   3.0505944952687619E-008
   0.0000000000000000        0.0000000000000000     
         127   1.1926330405144076E-008   3.3856774397267215E-009
  -7.5412920672589545E-008   2.6990876633466424E-008
   0.0000000000000000        0.0000000000000000     
         128   1.4360686585970492E-008  -6.5516796244505045E-009
  -8.4923718436768088E-008   2.7802320460263105E-008
   0.0000000000000000        0.0000000000000000     
         129   1.7653981194133103E-008  -1.4987270319946186E-008
  -9.5773943042731276E-008   3.2670168160228234E-008
   0.0000000000000000        0.0000000000000000     
         130   2.2631816641189182E-008  -2.5364867384295807E-008
  -1.0771259104116742E-007   4.2310692708444959E-008
   0.0000000000000000        0.0000000000000000     
         131   2.8358979797949836E-008  -4.1402874187871580E-008
  -1.1988143378469754E-007   5.9645874462941711E-008
   0.0000000000000000        0.0000000000000000     
         132   3.0026078824904237E-008  -6.8291053258770424E-008
  -1.2712551004213901E-007   9.0053628505642824E-008
   0.0000000000000000        0.0000000000000000     
         133   1.1718743792779825E-008  -1.0713349943330789E-007
  -1.1165083497301294E-007   1.3459309727373320E-007
   0.0000000000000000        0.0000000000000000     
         134  -4.3517266772081017E-008  -1.2855069747415725E-007
  -5.4512241574546100E-008   1.5991182741614328E-007
   0.0000000000000000        0.0000000000000000     
         135  -9.4615088145782370E-008  -1.0017868228285200E-007
  -2.6322710264282009E-009   1.2952892577824094E-007
   0.0000000000000000        0.0000000000000000     
         136  -1.0869609648962762E-007  -6.0645534420581666E-008
   6.4445431999740538E-009   8.7787809149751839E-008
   0.0000000000000000        0.0000000000000000     
         137  -1.0600513906053607E-007  -3.3746410078375080E-008
  -4.5549996090738735E-009   6.2646661066843479E-008
   0.0000000000000000        0.0000000000000000     
         138  -1.0059530414879445E-007  -1.5889250408503729E-008
  -1.9583622566657181E-008   5.2157786197815453E-008
   0.0000000000000000        0.0000000000000000     
