   262144.00000000000     
         256           1           3
   1.7567330116226543E-005  -3.8553127350719998        56.028443713300000     
   6.0401400154609997        12.000000000000000        5733.8999999999996     
           0   0.0000000000000000        0.0000000000000000     
   0.0000000000000000        0.0000000000000000     
   0.0000000000000000        0.0000000000000000     
           1   1.3477670377872559E-009  -3.7498877229902112E-011
  -4.2183764235624690E-009   9.3379135180931325E-011
  -2.7625847374331457E-008   6.1647632173987089E-010
           2   1.3413924285990484E-009  -4.0662564091524380E-011
  -4.1768049878396896E-009   9.2509781136672592E-011
  -2.7372478585094108E-008   6.0979590417587898E-010
           3   1.3461085014978809E-009  -4.4780330461861765E-011
  -4.1526464865356601E-009   9.1728976824345005E-011
  -2.7237176669508835E-008   6.1043034440298934E-010
           4   1.3584953919305601E-009  -4.9377340604048983E-011
  -4.1355062979779781E-009   9.1122893745454820E-011
  -2.7153885153790534E-008   6.1331788450373578E-010
           5   1.3776699018587768E-009  -5.4447823812085400E-011
  -4.1221253351265786E-009   9.0629129368568542E-011
  -2.7102412015941543E-008   6.1755574289752552E-010
           6   1.4034252123003913E-009  -6.0052761921580092E-011
  -4.1110634521385340E-009   9.0206762663413931E-011
  -2.7073949090606501E-008   6.2288257123442117E-010
           7   1.4358698857123226E-009  -6.6280213563045677E-011
  -4.1015545346994057E-009   8.9831161530112311E-011
  -2.7064010694104609E-008   6.2922786020494743E-010
           8   1.4753206012603979E-009  -7.3241980568839069E-011
  -4.0931397371023622E-009   8.9486508162453044E-011
  -2.7070164051944848E-008   6.3661116279419092E-010
           9   1.5222711181003747E-009  -8.1077491556555200E-011
  -4.0855199815018007E-009   8.9161829684640896E-011
  -2.7091120546706530E-008   6.4511222644864776E-010
          10   1.5773938624123956E-009  -8.9961218308683187E-011
  -4.0784871017840697E-009   8.8848932241975558E-011
  -2.7126324666260375E-008   6.5486373102743703E-010
          11   1.6415614350074241E-009  -1.0011364371723613E-010
  -4.0718880910875093E-009   8.8541265061512587E-011
  -2.7175760041171860E-008   6.6605483665011554E-010
          12   1.7158682125077652E-009  -1.1181814496688511E-010
  -4.0656006758886934E-009   8.8233208400649239E-011
  -2.7239867011582420E-008   6.7894268759174856E-010
          13   1.8017577990882756E-009  -1.2543891773403074E-010
  -4.0595384181547224E-009   8.7919836729868178E-011
  -2.7319524277872725E-008   6.9387234079535730E-010
          14   1.9010038839237195E-009  -1.4146120415314116E-010
  -4.0536172500313045E-009   8.7596367550110847E-011
  -2.7416089764224641E-008   7.1130803064476093E-010
          15   2.0158996578499485E-009  -1.6053617461258297E-010
  -4.0477675618221567E-009   8.7258143834656657E-011
  -2.7531485400399210E-008   7.3188110129880674E-010
          16   2.1494150354648649E-009  -1.8355825368698899E-010
  -4.0419263409825406E-009   8.6900440586138386E-011
  -2.7668347641249626E-008   7.5646443488321109E-010
          17   2.3054535231166198E-009  -2.1178536942322045E-010
  -4.0360345826973428E-009   8.6518353348414408E-011
  -2.7830263800970650E-008   7.8629053147667400E-010
          18   2.4892394731500914E-009  -2.4703519354162977E-010
  -4.0300353328738467E-009   8.6106722902683224E-011
  -2.8022139607895640E-008   8.2314456378264830E-010
          19   2.7079184215918312E-009  -2.9201770452131586E-010
  -4.0238721686622749E-009   8.5660112416405543E-011
  -2.8250777372310812E-008   8.6969172414005689E-010
          20   2.9715069847833878E-009  -3.5092453903628369E-010
  -4.0174692143574429E-009   8.5172544612405154E-011
  -2.8525808631709617E-008   9.3005680683000272E-010
          21   3.2945356838930609E-009  -4.3052475969632864E-010
  -4.0108055742552727E-009   8.4639142310545897E-011
  -2.8861246223411225E-008   1.0109042958060194E-009
          22   3.6987552259248850E-009  -5.4234432788357813E-010
  -4.0037769220607794E-009   8.4054267097108326E-011
  -2.9278183415708072E-008   1.1235787778146903E-009
          23   4.2181825974072483E-009  -7.0731479519542645E-010
  -3.9963722705833384E-009   8.3417145704264347E-011
  -2.9809689886920374E-008   1.2886744757931025E-009
          24   4.9087195353065255E-009  -9.6666552839743028E-010
  -3.9884908155689122E-009   8.2732481306056050E-011
  -3.0510126859064640E-008   1.5467320682779260E-009
          25   5.8668877194365510E-009  -1.4105837258494639E-009
  -3.9801201943825008E-009   8.2028437980105082E-011
  -3.1473467061403814E-008   1.9863555972510315E-009
          26   7.2650256039630231E-009  -2.2655681247941498E-009
  -3.9712323585733971E-009   8.1396461936655011E-011
  -3.2867356445925895E-008   2.8298346173636917E-009
          27   9.3741650740389512E-009  -4.2127221906099981E-009
  -3.9618231717424888E-009   8.1150393998721909E-011
  -3.4954384031710551E-008   4.7447204363475344E-009
          28   1.1878433200216708E-008  -9.6767660427500600E-009
  -3.9513608308104927E-009   8.2462513175293881E-011
  -3.7415605298330250E-008   1.0102646183999499E-008
          29   5.1893449216988145E-009  -2.1787072869030944E-008
  -3.9353366901350647E-009   8.6857616822163625E-011
  -3.0856093149991478E-008   2.1929465163209825E-008
          30  -1.0007294490157295E-008  -1.4250426142817815E-008
  -3.9132217416614863E-009   8.1046272316949297E-011
  -1.6046419083366129E-008   1.4496873380360264E-008
          31  -8.6717602136398405E-009  -5.6499780828191673E-009
  -3.8979317765485927E-009   7.4349210042791452E-011
  -1.7420416908387210E-008   6.0862526361798065E-009
          32  -6.0833297822425240E-009  -2.7851283780734216E-009
  -3.8809015352301146E-009   7.0011426161370292E-011
  -1.9999328753539950E-008   3.2933728674649329E-009
          33  -4.3032889095020090E-009  -1.6746782213008939E-009
  -3.8609470403279445E-009   6.5871133085326539E-011
  -2.1781240663176878E-008   2.2145691100371500E-009
          34  -3.0584028232656001E-009  -1.1644039348138133E-009
  -3.8373991649734147E-009   6.1090623441882827E-011
  -2.3038331631688691E-008   1.7218708953872602E-009
          35  -2.1174074079367289E-009  -9.0702616298124669E-010
  -3.8095338412761299E-009   5.5101819791164702E-011
  -2.3999236602068611E-008   1.4773633412144969E-009
          36  -1.3478030682721374E-009  -7.7674458943490631E-010
  -3.7761693283204742E-009   4.7193782983939675E-011
  -2.4796107252468728E-008   1.3605856361832660E-009
          37  -6.7054283784271976E-010  -7.2179609977107355E-010
  -3.7354817086084684E-009   3.6207008349292628E-011
  -2.5510494719417663E-008   1.3256738503851891E-009
          38  -3.2939027985145490E-011  -7.2034584505877170E-010
  -3.6847209463364199E-009   1.9986046191785779E-011
  -2.6201910026380338E-008   1.3613586543758515E-009
          39   6.0590209252751514E-010  -7.6561432787821634E-010
  -3.6193449941498672E-009  -5.9673514174025012E-012
  -2.6925563405011883E-008   1.4846456670018870E-009
          40   1.2837749063379481E-009  -8.6149816142212814E-010
  -3.5321440947396688E-009  -5.2343462586020453E-011
  -2.7746017517299857E-008   1.7611307124624780E-009
          41   2.0421958049820163E-009  -1.0243569981724382E-009
  -3.4140850855479613E-009  -1.4879581046317096E-010
  -2.8733771268829908E-008   2.3905556999456558E-009
          42   2.9286969289092137E-009  -1.2933311984722083E-009
  -3.2869771096254509E-009  -3.8628194738857554E-010
  -2.9740357805892241E-008   3.9988413249839347E-009
          43   3.9679246606791982E-009  -1.7316028772313040E-009
  -3.4754078550587693E-009  -8.5583730809333434E-010
  -2.8510429382063796E-008   7.2112540092365700E-009
          44   5.2654030103552455E-009  -2.3167808727411519E-009
  -4.0501321166755366E-009  -6.9912779828396943E-010
  -2.4544219676713446E-008   6.0589051046964646E-009
          45   7.1490737874248169E-009  -3.3479507282622552E-009
  -4.0084798576652306E-009  -3.3754311904112959E-010
  -2.4783101317467138E-008   3.4441157540937199E-009
          46   9.8267707393719068E-009  -5.4787740829368767E-009
  -3.8132878535654552E-009  -2.2623116735354347E-010
  -2.5982607136933393E-008   2.4692082058964725E-009
          47   1.3426610214788138E-008  -1.0400861931522451E-008
  -3.6050535193157604E-009  -2.4840775693222955E-010
  -2.7137826674173969E-008   2.1531196149757460E-009
          48   1.4877299258960666E-008  -2.2887236119571933E-008
  -3.4001537382052863E-009  -4.1004625463123137E-010
  -2.8388445963931460E-008   2.0264789030818362E-009
          49  -4.4373866086182015E-009  -3.7101631791628901E-008
  -3.3693247575981729E-009  -6.8261158314484834E-010
  -3.0475260906032058E-008   2.2808399907700166E-009
          50  -2.1529517954018168E-008  -2.1164496073645875E-008
  -3.2910492705451029E-009  -7.9450720133667136E-010
  -3.2961095074518558E-008   4.4540937034834592E-009
          51  -1.9311736538953541E-008  -9.3623989856121738E-009
  -3.0331035905739234E-009  -1.3073683732849271E-009
  -3.4707034447313876E-008   9.1908553407334765E-009
          52  -1.5595190229469473E-008  -4.6703674784650065E-009
  -3.6152023890489497E-009  -2.4656351129738029E-009
  -3.0385274857721668E-008   1.7701407373325478E-008
          53  -1.2772191810642809E-008  -2.7146003964049012E-009
  -5.2940810155918015E-009  -2.0376320338352898E-009
  -1.8505862756327206E-008   1.4929531357044066E-008
          54  -1.0905275953458889E-008  -1.8253936398530606E-009
  -5.3991714084851477E-009  -9.2201770738436714E-010
  -1.7593062300478646E-008   7.2722485214375067E-009
          55  -9.5904106079925884E-009  -1.3092367378531190E-009
  -5.0829008633987879E-009  -4.4885057397384299E-010
  -1.9621668005417628E-008   4.0176546699451666E-009
          56  -8.5945639884820793E-009  -9.8620045907868018E-010
  -4.8129541643993120E-009  -2.5489852078826155E-010
  -2.1323618817039448E-008   2.6656339899388526E-009
          57  -7.8052986061305154E-009  -7.7719073019736636E-010
  -4.6024176505457436E-009  -1.6653246194532494E-010
  -2.2590406742662778E-008   2.0187248897253197E-009
          58  -7.1552804434996246E-009  -6.4033712341694867E-010
  -4.4282088253631414E-009  -1.2515390938470842E-010
  -2.3565828428084035E-008   1.6713920252854453E-009
          59  -6.5997807707608495E-009  -5.5281306129816387E-010
  -4.2726885395649110E-009  -1.0896380272297063E-010
  -2.4354768017233713E-008   1.4692182519614860E-009
          60  -6.1066567697138509E-009  -5.0236137093422204E-010
  -4.1235569021102589E-009  -1.0929985101445053E-010
  -2.5021727020819431E-008   1.3448892190599863E-009
          61  -5.6507860034689383E-009  -4.8329438008429008E-010
  -3.9712496301412247E-009  -1.2318947403856451E-010
  -2.5606361696176555E-008   1.2654158523919690E-009
          62  -5.2101753382696364E-009  -4.9487686088847699E-010
  -3.8068983309610366E-009  -1.5093637160142765E-010
  -2.6133564599736498E-008   1.2127396754594269E-009
          63  -4.7629560719969670E-009  -5.4132979325596914E-010
  -3.6209739691862783E-009  -1.9568239664870616E-010
  -2.6619004724126418E-008   1.1755398657746172E-009
          64  -4.2843313734161243E-009  -6.3355822969918937E-010
  -3.4013903459509688E-009  -2.6429896793340620E-010
  -2.7071950441874341E-008   1.1450460677416157E-009
          65  -3.7425695003068163E-009  -7.9378248716552537E-010
  -3.1314499788066153E-009  -3.7003737829092285E-010
  -2.7496379189883729E-008   1.1119529616773337E-009
          66  -3.0931654767928033E-009  -1.0665721608561564E-009
  -2.7867788797202051E-009  -5.3889929582043633E-010
  -2.7890792639948060E-008   1.0624331142904099E-009
          67  -2.2717632585902998E-009  -1.5462859488574940E-009
  -2.3307937653052521E-009  -8.2552467847183409E-010
  -2.8247112069673463E-008   9.6998543291147060E-010
          68  -1.1945005333439029E-009  -2.4514473307398098E-009
  -1.7145796987215220E-009  -1.3563038365735665E-009
  -2.8551358980795974E-008   7.7426828552126210E-010
          69   1.5616623132605696E-010  -4.3394123585022801E-009
  -9.2505810188818804E-010  -2.4542970801018990E-009
  -2.8808456766225434E-008   3.2021556716684526E-010
          70   9.6958858949639516E-010  -8.5756734054189895E-009
  -4.2621796146545516E-010  -4.9153625486791665E-009
  -2.9257364195451515E-008  -7.7655140352330520E-010
          71  -3.7256996907678628E-009  -1.5142790712882835E-008
  -3.0981268203572132E-009  -8.7573051955758145E-009
  -3.1322062841022137E-008  -2.5176347813035344E-009
          72  -1.3332060784560091E-008  -1.2686971193630606E-008
  -8.6604107889179186E-009  -7.3968201644438248E-009
  -3.4885269539653235E-008  -1.6751619778375619E-009
          73  -1.4843682724168395E-008  -6.3389323501386335E-009
  -9.5482066358610789E-009  -3.7335037430582535E-009
  -3.6278195485767501E-008   3.5138605259477397E-010
          74  -1.3542540885194375E-008  -3.2295061434383046E-009
  -8.7825132252840810E-009  -1.9282558930871888E-009
  -3.7015533934816198E-008   1.5573498711571517E-009
          75  -1.2299022780693656E-008  -1.8389583295478890E-009
  -8.0379468265714767E-009  -1.1142482598116351E-009
  -3.7970776100667217E-008   2.4154545101929581E-009
          76  -1.1375900537850964E-008  -1.1635781422985385E-009
  -7.4751448421477115E-009  -7.0688544553519372E-010
  -3.9303554707121351E-008   3.3011363635162968E-009
          77  -1.0686704768277096E-008  -8.3348094757263569E-010
  -7.0514359839118547E-009  -4.8219973162271452E-010
  -4.1112797600634309E-008   4.5002964397892527E-009
          78  -1.0139114053390702E-008  -7.2814934085533812E-010
  -6.7204394429107778E-009  -3.4960615179056407E-010
  -4.3539029203534159E-008   6.4356741985699413E-009
          79  -9.6717186055882934E-009  -8.6161743834845257E-010
  -6.4500971522007382E-009  -2.6823936926133716E-010
  -4.6681960496986915E-008   1.0017370822876344E-008
          80  -9.3225510721245256E-009  -1.4045460937591939E-009
  -6.2184346510474773E-009  -2.1737698258045322E-010
  -4.9826699142165692E-008   1.7420361685357988E-008
          81  -9.6416466334659138E-009  -2.6276677107427025E-009
  -6.0070024408177803E-009  -1.8549948804503993E-010
  -4.7060893429844209E-008   3.1736501011685903E-008
          82  -1.1762661181231300E-008  -3.2421247737147067E-009
  -5.7982809628760897E-009  -1.7448570039382259E-010
  -2.6357774592505755E-008   3.9761486165058118E-008
          83  -1.3281986495079761E-008  -1.7200331844887804E-009
  -5.5953160677504717E-009  -1.9073704168754061E-010
  -1.2630357226608295E-008   2.5482836596141991E-008
          84  -1.3460699761201458E-008  -4.6295894780734556E-010
  -5.3928388606014964E-009  -2.2189514593603289E-010
  -1.3807726901257708E-008   1.3996506929381648E-008
          85  -1.3499729542436114E-008   2.3312609989733758E-010
  -5.1748150348881578E-009  -2.6908640812793997E-010
  -1.7474634803027741E-008   8.6105150813558232E-009
          86  -1.3694002217695080E-008   7.0187360073070963E-010
  -4.9282977194837895E-009  -3.3982499556809549E-010
  -2.0688324516010775E-008   6.0382596947298347E-009
          87  -1.4081549814095491E-008   1.1177997371750077E-009
  -4.6385082084147932E-009  -4.4542990882705892E-010
  -2.3289020270562765E-008   4.7199273750495298E-009
          88  -1.4680676101374207E-008   1.5816662617269503E-009
  -4.2855586507729765E-009  -6.0500525830276325E-010
  -2.5459512247438147E-008   4.0319132575854635E-009
          89  -1.5529114951064408E-008   2.1911607793325565E-009
  -3.8415722730300068E-009  -8.5340958247600422E-010
  -2.7370601721682635E-008   3.7199754837470255E-009
          90  -1.6691620987579913E-008   3.0963098379770017E-009
  -3.2674292555903615E-009  -1.2588520223906013E-009
  -2.9154413881931046E-008   3.6974661574457936E-009
          91  -1.8251349383010039E-008   4.5917521525050969E-009
  -2.5159782590476748E-009  -1.9654847115020812E-009
  -3.0914120641089525E-008   3.9934144706536117E-009
          92  -2.0207662853074846E-008   7.3323611038808047E-009
  -1.5822651956310337E-009  -3.3007376492094651E-009
  -3.2702512061039783E-008   4.7922410581520534E-009
          93  -2.1841310943497516E-008   1.2766893184317324E-008
  -8.2292809134614809E-010  -5.9953371720867944E-009
  -3.4313344560792259E-008   6.5683371644652246E-009
          94  -1.8880140394392936E-008   2.2281924965824599E-008
  -2.3819077166333450E-009  -1.0762500035752863E-008
  -3.4316913404688431E-008   9.7932144838345194E-009
          95  -5.1095072001099894E-009   2.6606359525525097E-008
  -9.4264321211425312E-009  -1.2954537744286875E-008
  -3.0585396526448585E-008   1.1304224005881643E-008
          96   3.8855018708099295E-009   1.7523315013640849E-008
  -1.4136021143424714E-008  -8.3733162373276648E-009
  -2.8445482437341903E-008   8.2475085928379586E-009
          97   3.5901168824637233E-009   9.8129457471170804E-009
  -1.4182989847734201E-008  -4.4454712920916016E-009
  -2.9495272546150173E-008   5.6645849103385630E-009
          98   1.3692385769668501E-009   5.9565260191300045E-009
  -1.3269040582038697E-008  -2.4471224959070844E-009
  -3.1237175635364354E-008   4.4235496088109086E-009
          99  -6.7954797723798251E-010   4.0324475789552445E-009
  -1.2460605224942442E-008  -1.4165848987954205E-009
  -3.2965250072315476E-008   3.8758951191378441E-009
         100  -2.3448991943899099E-009   2.9989035214051429E-009
  -1.1870625881544377E-008  -8.2778959970036320E-010
  -3.4621948071341364E-008   3.6722215779086066E-009
         101  -3.7089071127482537E-009   2.4061021186474064E-009
  -1.1464236762498472E-008  -4.5087281725561006E-010
  -3.6254785827069403E-008   3.6691811312313107E-009
         102  -4.8646217117664277E-009   2.0495835488688021E-009
  -1.1201030236689977E-008  -1.7813649289737814E-010
  -3.7920793744361479E-008   3.8141398477925380E-009
         103  -5.8810697552181669E-009   1.8264937680386737E-009
  -1.1054048572546714E-008   4.9190716663694626E-011
  -3.9676475216860002E-008   4.1009248757968415E-009
         104  -6.8057963624604480E-009   1.6767720141192003E-009
  -1.1010021914145038E-008   2.7247132345281863E-010
  -4.1581830440943164E-008   4.5593038786731668E-009
         105  -7.6710894583302523E-009   1.5545144279656429E-009
  -1.1066764819237756E-008   5.3390432864742698E-010
  -4.3705553058193269E-008   5.2653451186260580E-009
         106  -8.5007377063363824E-009   1.4063112220570649E-009
  -1.1229501483892125E-008   8.9576222225232966E-010
  -4.6124048243865913E-008   6.3788294324102795E-009
         107  -9.3253778720494170E-009   1.1405739906686373E-009
  -1.1496471177873046E-008   1.4747317958692392E-009
  -4.8886011167289972E-008   8.2359182825321628E-009
         108  -1.0246152919343844E-008   5.7100418087448821E-010
  -1.1787582724761705E-008   2.5098512881555421E-009
  -5.1806716956440333E-008   1.1546422708513499E-008
         109  -1.1706878513271567E-008  -6.0503445795864392E-010
  -1.1625734205590779E-008   4.3925733606253423E-009
  -5.3532151610973373E-008   1.7482627837358715E-008
         110  -1.5036522329429448E-008  -2.0109795597654642E-009
  -9.4965484857021771E-009   6.7337790021680040E-009
  -4.9650957770647061E-008   2.4925662149821853E-008
         111  -2.0142226501384476E-008  -9.1729274177662715E-010
  -5.5821372949296044E-009   6.3869184696348342E-009
  -4.0778854455095513E-008   2.4632128791370336E-008
         112  -2.3806540145433408E-008   2.3953235159883183E-009
  -3.8060888741864200E-009   3.8241840075526114E-009
  -3.8608179015015384E-008   1.8090635562022553E-008
         113  -2.6576726479618860E-008   5.7487355772225818E-009
  -3.6741811284136807E-009   1.9051556182120255E-009
  -4.1805964705358474E-008   1.3917572065289477E-008
         114  -2.9759968756630394E-008   9.5441088218832774E-009
  -3.8010224151941226E-009   6.9721280924048030E-010
  -4.6429178408082913E-008   1.2627078867855235E-008
         115  -3.3710710097477184E-008   1.5112744990818195E-008
  -3.8061081597775330E-009  -2.7251792081514311E-010
  -5.1458071461554172E-008   1.3452063481006015E-008
         116  -3.7743762648904365E-008   2.4704453578937632E-008
  -3.6899471404744639E-009  -1.3958738636682520E-009
  -5.6585561124671388E-008   1.6513213749407217E-008
         117  -3.7554169136035329E-008   4.1581224493908987E-008
  -3.8033936079135078E-009  -3.0480231758770635E-009
  -6.0503867542309686E-008   2.2682880768352206E-008
         118  -2.0489265774816524E-008   6.1603397196990823E-008
  -5.1882401276071334E-009  -4.9589542500467302E-009
  -5.9109643676093063E-008   3.0555932796098948E-008
         119   1.0218952351108590E-008   5.8651350096084399E-008
  -7.5780714970908386E-009  -5.0337962510454779E-009
  -5.3711824950661018E-008   3.1387536536837313E-008
         120   2.2281822946978785E-008   3.8122139476305079E-008
  -8.2817555846535571E-009  -3.7708033133296976E-009
  -5.5671448935202943E-008   2.7329491417301042E-008
         121   1.9964237688892510E-008   2.3691838743152978E-008
  -7.5844940797162135E-009  -3.2497320594291227E-009
  -6.4081332767112096E-008   2.7309355976942126E-008
         122   1.4521030245601237E-008   1.6555563291497200E-008
  -6.3476861618347138E-009  -3.8549005109904197E-009
  -7.5645977481808656E-008   3.3720169093545463E-008
         123   9.1506678565492301E-009   1.4023531180853288E-008
  -4.9097570000950034E-009  -6.0329813822784635E-009
  -8.8841584822962450E-008   5.0390912266352736E-008
         124   5.1285706471526859E-009   1.5386937123273023E-008
  -4.5312791489311791E-009  -1.1156814004926667E-008
  -9.5107285678036978E-008   8.7287999478554455E-008
         125   6.4231655665497033E-009   1.9376441372447728E-008
  -1.0891672875849912E-008  -1.8428963933163324E-008
  -5.5082070471977405E-008   1.3911724194791234E-007
         126   1.2104349151259191E-008   1.6655626520515736E-008
  -2.2568504369455015E-008  -1.5372986559573646E-008
   2.1279334393948226E-008   1.1944711092180348E-007
         127   1.1703360886583094E-008   1.0619881412334451E-008
  -2.5260480106422282E-008  -7.4144412475796036E-009
   3.4613113208361198E-008   6.6112706876649279E-008
         128   8.7407809007330656E-009   7.3253485442924708E-009
  -2.4293285593686017E-008  -3.0101951094242659E-009
   2.1743889046846190E-008   3.8056781534405422E-008
         129   5.7736677282961366E-009   5.7529701529968355E-009
  -2.3334049129649574E-008  -6.7884756487036828E-010
   7.9666202252174108E-009   2.5391729699045144E-008
         130   3.0883277463061136E-009   4.9696421391826159E-009
  -2.2861731980974022E-008   9.1969401797043448E-010
  -3.5267997389166010E-009   1.9533361490503726E-008
         131   5.6515032249992297E-010   4.5552184936176020E-009
  -2.2775665454362949E-008   2.4719759756056512E-009
  -1.3214451857320885E-008   1.7067898208030754E-008
         132  -2.0223834175704838E-009   4.2889425484699693E-009
  -2.2727280825716462E-008   4.4813854050816320E-009
  -2.1726447490140795E-008   1.6746230240931782E-008
         133  -5.1121604274592956E-009   4.1380348675698472E-009
  -2.1755516659953109E-008   7.1222358809159117E-009
  -2.9249056725570928E-008   1.8076630215226170E-008
         134  -9.1725390564785000E-009   4.7407602430056252E-009
  -1.8848082123416380E-008   8.7859478168718540E-009
  -3.5836072051223901E-008   2.0160187065253433E-008
         135  -1.3568181736407021E-008   6.9047164463146136E-009
  -1.6336280453557739E-008   7.6556809700606875E-009
  -4.3145274408093924E-008   2.2356356219433877E-008
         136  -1.7828103327720934E-008   1.0229779307301530E-008
  -1.6135049582828661E-008   6.0059856625283722E-009
  -5.2652482984049396E-008   2.6499548805894798E-008
         137  -2.2495844751996832E-008   1.4911566148809301E-008
  -1.7111263567542175E-008   5.3414110767157062E-009
  -6.4302019547808465E-008   3.4942453834523096E-008
         138  -2.7776790620904387E-008   2.2331352834979711E-008
  -1.8435584568725423E-008   5.7070318869939486E-009
  -7.7521232131024871E-008   5.1259338500211586E-008
