   262144.00000000000     
         256           1           3
   1.7567330116226543E-005  -80.975516620684004       -160.04670018210001     
   6.0401400154609997        12.000000000000000        5733.8999999999996     
           0   0.0000000000000000        0.0000000000000000     
   0.0000000000000000        0.0000000000000000     
   0.0000000000000000        0.0000000000000000     
           1  -4.8131155647019462E-009   1.1654913172109302E-010
  -8.1648988262891133E-009   1.8617193661566127E-010
   1.2597885300848542E-010  -2.7599846937245394E-012
           2  -4.7805441497623984E-009   1.2829582985063059E-010
  -8.0949932240607089E-009   1.8733587453896884E-010
   1.2484607168679351E-010  -2.6320159944344946E-012
           3  -4.7814752950333000E-009   1.3809979158825692E-010
  -8.0640608712541468E-009   1.9077888947911380E-010
   1.2417824040652135E-010  -2.5956992294963308E-012
           4  -4.8035034922335674E-009   1.4864453639600108E-010
  -8.0524604912839113E-009   1.9515278709437441E-010
   1.2369310534964580E-010  -2.5728922745034009E-012
           5  -4.8429748173399541E-009   1.6028694482753120E-010
  -8.0543349300223083E-009   2.0026168054599228E-010
   1.2330625610229975E-010  -2.5532450242421255E-012
           6  -4.8987873523775882E-009   1.7322377893314730E-010
  -8.0672921585211118E-009   2.0610051440333639E-010
   1.2297816721290234E-010  -2.5339027701682938E-012
           7  -4.9709183154511167E-009   1.8767606146082975E-010
  -8.0903056444925428E-009   2.1273254379911835E-010
   1.2268617241353616E-010  -2.5133809272674568E-012
           8  -5.0599850383336619E-009   2.0391755141583987E-010
  -8.1230489958552032E-009   2.2026497030604476E-010
   1.2241516721523827E-010  -2.4905015755381412E-012
           9  -5.1671047083527717E-009   2.2229049412984805E-010
  -8.1656414470634468E-009   2.2884603376129347E-010
   1.2215365056364727E-010  -2.4640828368167898E-012
          10  -5.2938712292674513E-009   2.4322515258003351E-010
  -8.2185478267741263E-009   2.3867058450562091E-010
   1.2189171356717495E-010  -2.4327833116753090E-012
          11  -5.4423957666684872E-009   2.6726729207064372E-010
  -8.2825512772494309E-009   2.4999168547699514E-010
   1.2161982474783031E-010  -2.3949737197432421E-012
          12  -5.6153515537459425E-009   2.9512046247213337E-010
  -8.3588332665541435E-009   2.6313947265558746E-010
   1.2132793147527690E-010  -2.3485912518583744E-012
          13  -5.8162972488872223E-009   3.2769016514747001E-010
  -8.4487729599872543E-009   2.7854557762972630E-010
   1.2100467854066174E-010  -2.2909473923536322E-012
          14  -6.0496138128123557E-009   3.6618531479626011E-010
  -8.5544169959626710E-009   2.9678735587460590E-010
   1.2063649179553631E-010  -2.2184538784818596E-012
          15  -6.3209854533951979E-009   4.1222991084185903E-010
  -8.6783644817761842E-009   3.1864581696948276E-010
   1.2020651408251314E-010  -2.1262169491777801E-012
          16  -6.6377899410191782E-009   4.6805663314191126E-010
  -8.8240361168722479E-009   3.4519958858605835E-010
   1.1969312438372324E-010  -2.0074145891880749E-012
          17  -7.0097407274630197E-009   5.3680768551562206E-010
  -8.9959817675700722E-009   3.7797252406163770E-010
   1.1906782768720405E-010  -1.8523110276049408E-012
          18  -7.4498555151227153E-009   6.2302574195410616E-010
  -9.2003476900401148E-009   4.1917482783024649E-010
   1.1829210648662263E-010  -1.6466438848365616E-012
          19  -7.9759580682162331E-009   7.3348589389894002E-010
  -9.4456039005690028E-009   4.7211189665293217E-010
   1.1731254955668710E-010  -1.3688834585078134E-012
          20  -8.6131703463665658E-009   8.7866472045788488E-010
  -9.7437463751995450E-009   5.4190898939737565E-010
   1.1605305243570004E-010  -9.8536910631124505E-013
          21  -9.3975594015347817E-009   1.0755018874259064E-009
  -1.0112101530331668E-008   6.3685853722446000E-010
   1.1440175362539975E-010  -4.4122488524779187E-013
          22  -1.0383598481305617E-008   1.3528203967288812E-009
  -1.0576793807816764E-008   7.7109687993863345E-010
   1.1218849250870995E-010   3.5766967788898543E-013
          23  -1.1656337805786571E-008   1.7629739550806343E-009
  -1.1179168705763503E-008   9.7032564583233771E-010
   1.0914360597877647E-010   1.5832245186240601E-012
          24  -1.3355366480133713E-008   2.4090880471157471E-009
  -1.1986830557063474E-008   1.2851746151510388E-009
   1.0481950395227862E-010   3.5754491535831226E-012
          25  -1.5722438617062725E-008   3.5167236783840606E-009
  -1.3117043170038572E-008   1.8263802849286408E-009
   9.8436353954677650E-011   7.0799725827691308E-012
          26  -1.9188517283615267E-008   5.6523691744397288E-009
  -1.4778683258155467E-008   2.8718630321111991E-009
   8.8594604777662010E-011   1.3971608825905517E-011
          27  -2.4431577333196465E-008   1.0519475286628997E-008
  -1.7300077475333109E-008   5.2565019393369839E-009
   7.3096056711437232E-011   2.9887843634701735E-011
          28  -3.0660955188969756E-008   2.4182215124606213E-008
  -2.0281066173085739E-008   1.1946691258473500E-008
   5.4663128903803831E-011   7.4869349033098742E-011
          29  -1.3897383963948376E-008   5.4467127758648108E-008
  -1.1969041043272661E-008   2.6727132211918807E-008
   1.1274513560484394E-010   1.7448475301632009E-010
          30   2.4145090209556872E-008   3.5615745707926130E-008
   6.6727254181075003E-009   1.7414561253026459E-008
   2.4086958240687794E-010   1.1123765966452393E-010
          31   2.0841804986723337E-008   1.4104069300922456E-008
   5.0827774513718618E-009   6.8761845006869941E-009
   2.3254769462816043E-010   3.9645454285861619E-011
          32   1.4405322231328105E-008   6.9372927504509791E-009
   1.9992095787058407E-009   3.3617938431157370E-009
   2.1446513034597003E-010   1.5438860651282085E-011
          33   9.9905336480171051E-009   4.1587144056324458E-009
  -7.1122439600323397E-011   1.9873408356716189E-009
   2.0363525422873198E-010   5.5849143842751762E-012
          34   6.9138059631784671E-009   2.8818540704763610E-009
  -1.4650397190824804E-009   1.3402982555337368E-009
   1.9788077426969600E-010   4.9622915008880490E-013
          35   4.5957618795544507E-009   2.2383841452269978E-009
  -2.4636488620122531E-009   9.9549128126752479E-010
   1.9544142170858637E-010  -2.7662024331932993E-012
          36   2.7040133969548222E-009   1.9138644453748349E-009
  -3.2250217913457079E-009   7.9810024023093083E-010
   1.9544867330973466E-010  -5.3573207611393522E-012
          37   1.0396413543423268E-009   1.7788361276873244E-009
  -3.8401364972180010E-009   6.8341412449946618E-010
   1.9758535337237628E-010  -7.9058132574611514E-012
          38  -5.3050044153055997E-010   1.7780493834477943E-009
  -4.3664576482623900E-009   6.2325716749014065E-010
   2.0192919833400044E-010  -1.0966760545239827E-011
          39  -2.1097783354971069E-009   1.8918909195646252E-009
  -4.8448640244807736E-009   6.0903920252469425E-010
   2.0895455730129289E-010  -1.5365686574158612E-011
          40  -3.7941523384537759E-009   2.1209425668885845E-009
  -5.3102940030302690E-009   6.5100998033349216E-010
   2.1964022743282317E-010  -2.2866724288302994E-011
          41  -5.6916589082903799E-009   2.4745544210584853E-009
  -5.7947111447668837E-009   7.9822428537087193E-010
   2.3528183724712981E-010  -3.8238562034720233E-011
          42  -7.9786807174229969E-009   2.9427956003791751E-009
  -6.2693676424831504E-009   1.2145705839964356E-009
   2.5224327572932185E-010  -7.6043220258690243E-011
          43  -1.1204284939641357E-008   3.6007059947729026E-009
  -6.1493748767342687E-009   2.0661010991249298E-009
   2.1835387247617765E-010  -1.5081747309355923E-010
          44  -1.5760290044146580E-008   5.6358020363286009E-009
  -5.3147709653617802E-009   1.7816644471760836E-009
   1.2205823726047362E-010  -1.2492225341232596E-010
          45  -2.1205897037912727E-008   9.3121865225196969E-009
  -5.6130249863731979E-009   1.1396870230015361E-009
   1.2367106598832195E-010  -6.5589876685510871E-011
          46  -2.8872062372056081E-008   1.5987290245148546E-008
  -6.2115495401676490E-009   9.9265593598728757E-010
   1.4855574798470843E-010  -4.5005151913322614E-011
          47  -3.9363894303036036E-008   3.1014893380534196E-008
  -6.8668925611765923E-009   1.1840604534801528E-009
   1.7377251837675309E-010  -4.2226804800688644E-011
          48  -4.3354210358340279E-008   6.8991768386027264E-008
  -7.4618010409569418E-009   1.8986492466066922E-009
   1.9992291753531915E-010  -5.1507884881286521E-011
          49   1.5707385523075968E-008   1.1224565334663067E-007
  -7.0293681218789705E-009   2.9506177670938987E-009
   2.2492267040309164E-010  -7.3391272423965105E-011
          50   6.7985401296587192E-008   6.4024059436659825E-008
  -6.6479652808107497E-009   2.6721955662331372E-009
   2.5823418751325830E-010  -1.0928239618305732E-010
          51   6.1653966779128844E-008   2.8741678440086708E-008
  -7.2688584894749812E-009   3.2040658179533795E-009
   2.9406775940778335E-010  -2.0645767872422283E-010
          52   5.1723345647017955E-008   1.5680869339857108E-008
  -6.4205133121334926E-009   5.1597364416932967E-009
   1.9189793383528447E-010  -3.9768487711383955E-010
          53   4.5814793665182928E-008   9.2443796040159769E-009
  -3.5364030388737549E-009   4.3011141310261757E-009
  -8.5595489512121871E-011  -3.3110194346050801E-010
          54   4.1267649086364578E-008   5.2082930302547150E-009
  -3.5118322858525862E-009   2.2199810004894534E-009
  -1.1081523084063040E-010  -1.5276065355056858E-010
          55   3.8041826588011312E-008   2.9254211125539464E-009
  -4.2445645243914290E-009   1.3340017549180682E-009
  -6.8809822897876050E-011  -7.6469765011721558E-011
          56   3.5969039475088457E-008   1.4783782197855556E-009
  -4.8834448749956802E-009   9.6960549595359533E-010
  -3.4898086419509537E-011  -4.4280897555851137E-011
          57   3.4763898474231757E-008   4.3224559887303505E-010
  -5.4091352215769251E-009   8.0503411041947587E-010
  -1.1533817923623049E-011  -2.8436438094974286E-011
          58   3.4243315071464496E-008  -4.2005767344321742E-010
  -5.8669344746959366E-009   7.3117368045275764E-010
   4.6107696183082081E-012  -1.9507767921550213E-011
          59   3.4309683264508361E-008  -1.1961135174323361E-009
  -6.2916993568685888E-009   7.0726817453066797E-010
   1.5935579722622459E-011  -1.3883191909390295E-011
          60   3.4926757121486175E-008  -1.9785339541972710E-009
  -6.7083717640709732E-009   7.1716158551915102E-010
   2.3884009128056616E-011  -9.9682749235701302E-012
          61   3.6108107688812638E-008  -2.8415253134430795E-009
  -7.1363466371889656E-009   7.5546530440607838E-010
   2.9302036742676866E-011  -6.9591172888833239E-012
          62   3.7916318749998271E-008  -3.8697354835300309E-009
  -7.5944465252538341E-009   8.2311399665855769E-010
   3.2667723545063174E-011  -4.3871238089312817E-012
          63   4.0471467239306474E-008  -5.1795113839078692E-009
  -8.1027073589747790E-009   9.2655539830451584E-010
   3.4211645100835459E-011  -1.9201246814913439E-012
          64   4.3971998690935189E-008  -6.9529795779111224E-009
  -8.6867389905133069E-009   1.0795004152219155E-009
   3.3968822596847245E-011   7.5051150530462552E-013
          65   4.8733579211094897E-008  -9.5043839316036449E-009
  -9.3802314113300430E-009   1.3079308330756087E-009
   3.1782389926024587E-011   4.0124594304427472E-012
          66   5.5254685113163347E-008  -1.3425708983400443E-008
  -1.0233824925068598E-008   1.6623127595853688E-009
   2.7264160448517848E-011   8.4921697772699767E-012
          67   6.4302321474043367E-008  -1.9941025503646741E-008
  -1.1320875266895255E-008   2.2475718374424765E-009
   1.9720478135777247E-011   1.5405452872429738E-011
          68   7.6911353663046886E-008  -3.1861776702674153E-008
  -1.2740433550579258E-008   3.3046467030192237E-009
   8.1548451396555403E-012   2.7479916255393076E-011
          69   9.3263129447768957E-008  -5.6339450945057109E-008
  -1.4523163558185667E-008   5.4460413289472603E-009
  -7.6849715042837198E-012   5.1606565243440919E-011
          70   1.0292973957870211E-007  -1.1088324811345670E-007
  -1.5808710865274708E-008   1.0176935707618650E-008
  -1.8024661086985100E-011   1.0469667842703456E-010
          71   4.2136980612855848E-008  -1.9526655350531219E-007
  -1.1183699100301839E-008   1.7539411574552286E-008
   3.8094624960033905E-011   1.8719851262664784E-010
          72  -8.1487643800172302E-008  -1.6390774660513785E-007
  -1.1989519914276857E-009   1.5145058738100804E-008
   1.5459059123604635E-010   1.5980665581030967E-010
          73  -1.0124010390289820E-007  -8.2571207957402811E-008
  -1.3453520569408190E-010   8.4771581587524315E-009
   1.7110275736881374E-010   8.4074574246375581E-011
          74  -8.4875365477586833E-008  -4.2650585497969855E-008
  -2.3390422227882867E-009   5.4085827228039343E-009
   1.5133227482856057E-010   4.8356976033088576E-011
          75  -6.9285261162673136E-008  -2.4595593192906741E-008
  -4.7221764610477151E-009   4.3664501009039343E-009
   1.3032569051541090E-010   3.4713039219926418E-011
          76  -5.7928721893573334E-008  -1.5414414003763557E-008
  -7.0754047012602449E-009   4.3598525880779434E-009
   1.1083927871947981E-010   3.1520176669083175E-011
          77  -4.9858750913274811E-008  -1.0115342330252461E-008
  -9.6205385289140775E-009   5.1851507610950263E-009
   9.1002341635974735E-011   3.5523223974919797E-011
          78  -4.4094892405071389E-008  -6.6096536403845975E-009
  -1.2638033926230114E-008   7.1420424242629186E-009
   6.8511223502938575E-011   4.7997971110518943E-011
          79  -3.9971716887847883E-008  -3.7863031716333288E-009
  -1.6320255099815671E-008   1.1263446486260756E-008
   4.1768072376712805E-011   7.5600765209095024E-011
          80  -3.6866559381108363E-008  -6.8415529931283800E-010
  -1.9812059511758528E-008   2.0214785192239571E-008
   1.6334910645401551E-011   1.3620060129554306E-010
          81  -3.3060447890628813E-008   3.6621588009933489E-009
  -1.5735658830269589E-008   3.7830160733208177E-008
   4.1883080310188351E-011   2.5565360142314501E-010
          82  -2.5493121529860819E-008   6.1964283595482457E-009
   1.0948365995107833E-008   4.7568504182613006E-008
   2.1988002980376939E-010   3.2217922477999217E-010
          83  -2.0024123854704456E-008   3.2012524531652106E-009
   2.9085037036516713E-008   2.9378661651579750E-008
   3.3960841024748652E-010   2.0031983827019902E-010
          84  -1.8400428698616364E-008   7.5237749275047235E-010
   2.8775336564406206E-008   1.4629033547157427E-008
   3.3396618229840790E-010   1.0214418259123062E-010
          85  -1.7552566345098722E-008  -3.5860470255441788E-010
   2.5582643669094562E-008   7.4272306931958985E-009
   3.0785906004661153E-010   5.5561997406791576E-011
          86  -1.6705002413844734E-008  -9.2243462998006509E-010
   2.3237985234954139E-008   3.6184188723820408E-009
   2.8614883264398930E-010   3.2744170241850122E-011
          87  -1.5747257055443671E-008  -1.3306811691088883E-009
   2.2015699502645610E-008   1.1829276225833867E-009
   2.7019756861058259E-010   2.0455120090375825E-011
          88  -1.4642556997667281E-008  -1.7783711654253915E-009
   2.1795286812953549E-008  -7.7443069138652382E-010
   2.5849796311899208E-010   1.3357907596237994E-011
          89  -1.3332747670638326E-008  -2.4221884219266243E-009
   2.2524009973846564E-008  -2.7789989705727673E-009
   2.4967483108157710E-010   9.2015274281170443E-012
          90  -1.1721184813453829E-008  -3.4801558849722798E-009
   2.4262476759306313E-008  -5.3409005721647076E-009
   2.4271599146313618E-010   7.0705543463789850E-012
          91  -9.6886367450101231E-009  -5.3699541516980675E-009
   2.7156415827440303E-008  -9.2687289054721602E-009
   2.3688092668649280E-010   6.8395323192660419E-012
          92  -7.2336929823812351E-009  -9.0175184271281298E-009
   3.1172322890871316E-008  -1.6246468143142767E-008
   2.3175793961323437E-010   9.2410235136528969E-012
          93  -5.3783792286688024E-009  -1.6472560591374885E-008
   3.4495006191442821E-008  -2.9949253094456320E-008
   2.2823421087202997E-010   1.6455453688419888E-011
          94  -1.0179474097091991E-008  -2.9695933982281926E-008
   2.6404312328001478E-008  -5.3954160863842355E-008
   2.3309589565392910E-010   3.0681965350619561E-011
          95  -3.0451205988232865E-008  -3.5543734522935747E-008
  -8.8967745699176078E-009  -6.5104817115553437E-008
   2.5650052896570621E-010   3.6731047207540193E-011
          96  -4.4117782878770876E-008  -2.2365127151102349E-008
  -3.2437022944534289E-008  -4.2482804702693002E-008
   2.7291841126916707E-010   2.0904090918502537E-011
          97  -4.4789137372852679E-008  -1.1099423091373648E-008
  -3.2602861741791409E-008  -2.3128959512602742E-008
   2.7469376839739102E-010   7.3293783288957487E-012
          98  -4.2922486621356181E-008  -5.2542602570932058E-009
  -2.7851093203786567E-008  -1.3419476737729847E-008
   2.7380131877042938E-010   1.5093151258572531E-013
          99  -4.1511047133264156E-008  -2.0954937199440398E-009
  -2.3480856709939064E-008  -8.5770972149874548E-009
   2.7364175754919075E-010  -3.7451800684339878E-012
         100  -4.0881185494941332E-008  -1.3268841377692062E-010
  -2.0038504242722012E-008  -6.0023727535243662E-009
   2.7451571496207050E-010  -6.0315377286164497E-012
         101  -4.0952882403884922E-008   1.2901433090515031E-009
  -1.7315972439165667E-008  -4.5839149841757182E-009
   2.7622317351875168E-010  -7.3800903444506489E-012
         102  -4.1637509966518013E-008   2.4879055814105151E-009
  -1.5060634686021243E-008  -3.8386217117731143E-009
   2.7851590540766774E-010  -8.0042311279971972E-012
         103  -4.2894230037646003E-008   3.6418267325772046E-009
  -1.3068841677639970E-008  -3.5614845925440138E-009
   2.8113925779947012E-010  -7.8498067983999361E-012
         104  -4.4729310600982048E-008   4.8891262850116632E-009
  -1.1170088911637995E-008  -3.6987562313317423E-009
   2.8380392698991656E-010  -6.6019770780882740E-012
         105  -4.7193281501389233E-008   6.3755831964673819E-009
  -9.2102752894612172E-009  -4.3197815248696754E-009
   2.8615578345790483E-010  -3.5413002057220251E-012
         106  -5.0373939651335781E-008   8.3104818686884885E-009
  -7.0440973519699220E-009  -5.6613431039880937E-009
   2.8781009389208904E-010   2.8497898543419026E-012
         107  -5.4365156193347930E-008   1.1062088946259841E-008
  -4.5931506262087820E-009  -8.2796373593926885E-009
   2.8874219011879561E-010   1.5831397872746190E-011
         108  -5.9093463784763880E-008   1.5342957234300980E-008
  -2.2083831646425911E-009  -1.3390862579736063E-008
   2.9143296973009856E-010   4.2409781096403249E-011
         109  -6.3513227191502076E-008   2.2303963965167260E-008
  -2.3205552367970859E-009  -2.3021545418711295E-008
   3.1052175541415738E-010   9.4207689564200374E-011
         110  -6.3992880453835949E-008   3.1171059856593637E-008
  -1.2774949690198473E-008  -3.5142162173295996E-008
   3.9225297434025525E-010   1.5911566535896789E-010
         111  -6.1366163813259273E-008   3.4262075010540339E-008
  -3.2572774343954249E-008  -3.3362469019891733E-008
   5.3154958879411131E-010   1.4125916753056365E-010
         112  -6.6166226551679359E-008   3.3480744721502173E-008
  -4.1205077818020863E-008  -2.0180085199288628E-008
   6.1000808955818796E-010   5.4353692157165981E-011
         113  -7.7733042717737833E-008   3.7355325402023562E-008
  -4.1184016719653888E-008  -1.0577013406782160E-008
   6.4348799936984492E-010  -1.5832649877168894E-011
         114  -9.3233651710134282E-008   4.8361310207728549E-008
  -3.9664846342249190E-008  -5.0523537567960967E-009
   6.7513671201892405E-010  -6.8997840435227763E-011
         115  -1.1190383280787117E-007   7.0011049551600504E-008
  -3.8595201481669101E-008  -1.4459205685849992E-009
   7.1762502066359611E-010  -1.2279636412497479E-010
         116  -1.3036682043753900E-007   1.1102876463066231E-007
  -3.8147566137244741E-008   1.6557402522590195E-009
   7.7038965801897036E-010  -1.9559065092543286E-010
         117  -1.2943141291321102E-007   1.8540328289388308E-007
  -3.7711502215404271E-008   5.2311869353177342E-009
   8.1337511463212444E-010  -3.0880853179154810E-010
         118  -5.2528587382329375E-008   2.7430325709294283E-007
  -3.5539511484920412E-008   9.0261727733508807E-009
   7.8411937516318183E-010  -4.4590665675218955E-010
         119   8.5725959241946008E-008   2.6059655988114487E-007
  -3.2021378482124636E-008   9.7408283604450595E-009
   7.0294871453155211E-010  -4.7823159641758014E-010
         120   1.4055360598724369E-007   1.6847117864009415E-007
  -3.1508375509514713E-008   8.2531432225335766E-009
   7.4354793842655297E-010  -4.4294222405754930E-010
         121   1.3093457102539387E-007   1.0415396200979874E-007
  -3.3537241750076797E-008   8.0037618635406946E-009
   8.9516213311010441E-010  -4.8305468753508419E-010
         122   1.0714919239058450E-007   7.3441334661564161E-008
  -3.6717614958047654E-008   9.7031928140197315E-009
   1.1114121520211929E-009  -6.5133081224668371E-010
         123   8.3637219506995776E-008   6.5430847293179609E-008
  -4.0492268212664227E-008   1.4244745131952239E-008
   1.3649794935061105E-009  -1.0449225655870287E-009
         124   6.8119864855924001E-008   7.9519666313858694E-008
  -4.2573042392184169E-008   2.4194435150150087E-008
   1.4587578480317713E-009  -1.8988420810182711E-009
         125   8.8003413940312411E-008   1.0902663996235490E-007
  -3.2572954974158036E-008   3.8126370291390867E-008
   4.8322506112664431E-010  -3.0931812550571650E-009
         126   1.3740108828839249E-007   9.1119665492820008E-008
  -1.3132008332030854E-008   3.3209879613924572E-008
  -1.3330792310028858E-009  -2.6339413444101241E-009
         127   1.4525098069144497E-007   4.9405263379325043E-008
  -1.0494672072663835E-008   1.9420410425831553E-008
  -1.6979446560762058E-009  -1.3947684175974334E-009
         128   1.3599342358428914E-007   2.5382404590559992E-008
  -1.4964314810962961E-008   1.2295957316210652E-008
  -1.4627317909684021E-009  -7.3614886483795562E-010
         129   1.2746189881035574E-007   1.2036690632488972E-008
  -1.9896222092913499E-008   9.1763883554835849E-009
  -1.2129061309328155E-009  -4.2962928884638242E-010
         130   1.2198625866425608E-007   2.7372873138153552E-009
  -2.4520657637645762E-008   7.6815970672244567E-009
  -1.0242364258335125E-009  -2.7676001828931410E-010
         131   1.1906462556351179E-007  -5.9305102118328233E-009
  -2.9166177680793796E-008   6.6616198935181614E-009
  -8.8889207614045455E-010  -1.9854696026189299E-010
         132   1.1711993497673262E-007  -1.6408731796671245E-008
  -3.4680513608909240E-008   5.3569377794747568E-009
  -7.9858081382413097E-010  -1.6599597333833692E-010
         133   1.1197131002612238E-007  -2.9660349560943064E-008
  -4.3139730291815775E-008   3.7252100178255584E-009
  -7.6290901344627942E-010  -1.6361367653649145E-010
         134   9.9266990243046034E-008  -3.8953270477986342E-008
  -5.6819219361997411E-008   5.2637418626879452E-009
  -7.9721432510190050E-010  -1.4599845389274144E-010
         135   8.9163614097966077E-008  -3.6716528519417000E-008
  -7.1838502146295500E-008   1.4205207916140774E-008
  -8.4955217781020416E-010  -6.5518133029729245E-011
         136   9.0097663274298583E-008  -3.3256920436596448E-008
  -8.5248948843635360E-008   2.7758164564995396E-008
  -8.7942857028447927E-010   4.0595634965613509E-011
         137   9.7331830585569791E-008  -3.5985199400837274E-008
  -9.9836709230917870E-008   4.6024830705677557E-008
  -9.1201996868219467E-010   1.5847596418497209E-010
         138   1.0714711641146949E-007  -4.6901668783324322E-008
  -1.1675318644885656E-007   7.5006905081968004E-008
  -9.6077063359697142E-010   3.2260535705876918E-010
