   262144.00000000000     
         256           1           3
   1.7567330116226543E-005   4.4367741432200001        174.97364918450000     
   6.0401400154609997        12.000000000000000        5733.8999999999996     
           0   0.0000000000000000        0.0000000000000000     
   0.0000000000000000        0.0000000000000000     
   0.0000000000000000        0.0000000000000000     
           1   0.0000000000000000        0.0000000000000000     
  -1.2204748011573083E-009   3.5379070146976364E-011
   2.1203885415534924E-009  -5.9993111478327591E-011
           2   0.0000000000000000        0.0000000000000000     
  -1.2078209671217796E-009   2.6923344492973806E-011
   2.0988045081281116E-009  -4.6860775544817885E-011
           3   0.0000000000000000        0.0000000000000000     
  -1.1999241919343796E-009   2.4471205088550455E-011
   2.0856520025321098E-009  -4.3121677896777270E-011
           4   0.0000000000000000        0.0000000000000000     
  -1.1924939618692964E-009   2.3062070256349584E-011
   2.0737251198336687E-009  -4.1028189656931767E-011
           5   0.0000000000000000        0.0000000000000000     
  -1.1849261798085740E-009   2.1882562490088718E-011
   2.0619243051452106E-009  -3.9308722467841758E-011
           6   0.0000000000000000        0.0000000000000000     
  -1.1769320665684302E-009   2.0739028097684219E-011
   2.0497331345278980E-009  -3.7660690647438841E-011
           7   0.0000000000000000        0.0000000000000000     
  -1.1683179509900009E-009   1.9563457217359419E-011
   2.0368186438901644E-009  -3.5978604555778831E-011
           8   0.0000000000000000        0.0000000000000000     
  -1.1589335790627447E-009   1.8321729792797497E-011
   2.0229327058685489E-009  -3.4210516410830991E-011
           9   0.0000000000000000        0.0000000000000000     
  -1.1486489325855916E-009   1.6990378815650383E-011
   2.0078687190955100E-009  -3.2321617620845579E-011
          10   0.0000000000000000        0.0000000000000000     
  -1.1373412978976033E-009   1.5549078272853498E-011
   1.9914382270450020E-009  -3.0282479279341155E-011
          11   0.0000000000000000        0.0000000000000000     
  -1.1248870850694118E-009   1.3977608604004736E-011
   1.9734566468473728E-009  -2.8064335548935934E-011
          12   0.0000000000000000        0.0000000000000000     
  -1.1111559936266860E-009   1.2254291328367340E-011
   1.9537335015002371E-009  -2.5636696519880288E-011
          13   0.0000000000000000        0.0000000000000000     
  -1.0960062997276252E-009   1.0354927285235727E-011
   1.9320648798293959E-009  -2.2965777678347315E-011
          14   0.0000000000000000        0.0000000000000000     
  -1.0792805678114799E-009   8.2518713165000948E-012
   1.9082268730269141E-009  -2.0013173237069114E-011
          15   0.0000000000000000        0.0000000000000000     
  -1.0608013374725534E-009   5.9130725566636671E-012
   1.8819692152792378E-009  -1.6734510970617979E-011
          16   0.0000000000000000        0.0000000000000000     
  -1.0403664520425214E-009   3.3009754371095184E-012
   1.8530085846749873E-009  -1.3077932466081123E-011
          17   0.0000000000000000        0.0000000000000000     
  -1.0177437356763352E-009   3.7119370028837990E-013
   1.8210211129372900E-009  -8.9822731238925268E-012
          18   0.0000000000000000        0.0000000000000000     
  -9.9266471636600625E-010  -2.9291361433081064E-012
   1.7856336605428722E-009  -4.3748115819639590E-012
          19   0.0000000000000000        0.0000000000000000     
  -9.6481705313543853E-010  -6.6634371106854235E-012
   1.7464133729922139E-009   8.3156958817577246E-013
          20   0.0000000000000000        0.0000000000000000     
  -9.3383524394472037E-010  -1.0908360881158806E-011
   1.7028549303914370E-009   6.7420178108456302E-012
          21   0.0000000000000000        0.0000000000000000     
  -8.9928907218574370E-010  -1.5757249589067523E-011
   1.6543647460304495E-009   1.3484418708337649E-011
          22   0.0000000000000000        0.0000000000000000     
  -8.6066675651210405E-010  -2.1324725986057064E-011
   1.6002631651841490E-009   2.1215097299424656E-011
          23   0.0000000000000000        0.0000000000000000     
  -8.1736576156712363E-010  -2.7752520050523341E-011
   1.5396711784805294E-009   3.0128879201757051E-011
          24   0.0000000000000000        0.0000000000000000     
  -7.6865513708017525E-010  -3.5217856410315562E-011
   1.4716103174025464E-009   4.0467254645341855E-011
          25   0.0000000000000000        0.0000000000000000     
  -7.1365396665236947E-010  -4.3944262999013876E-011
   1.3948725810563829E-009   5.2535193033713514E-011
          26   0.0000000000000000        0.0000000000000000     
  -6.5128851114726354E-010  -5.4216806530985368E-011
   1.3079873991041755E-009   6.6721271149516017E-011
          27   0.0000000000000000        0.0000000000000000     
  -5.8023825171703961E-010  -6.6403369209704384E-011
   1.2091483616588696E-009   8.3526523266302175E-011
          28   0.0000000000000000        0.0000000000000000     
  -4.9886307737756422E-010  -8.0984967250409122E-011
   1.0961143944890763E-009   1.0360553953539537E-010
          29   0.0000000000000000        0.0000000000000000     
  -4.0510354795961956E-010  -9.8599769155072871E-011
   9.6607444980085454E-010   1.2782611993622088E-010
          30   0.0000000000000000        0.0000000000000000     
  -2.9634201041763800E-010  -1.2010834769215826E-010
   8.1545915988401343E-010   1.5735768481643235E-010
          31   0.0000000000000000        0.0000000000000000     
  -1.6920565264717673E-010  -1.4669268744249258E-010
   6.3967383786176290E-010   1.9380539580219225E-010
          32   0.0000000000000000        0.0000000000000000     
  -1.9281526482170344E-011  -1.8001040380777267E-010
   4.3271224615585759E-010   2.3941903575837974E-010
          33   0.0000000000000000        0.0000000000000000     
   1.5930517965133520E-010  -2.2244222249864346E-010
   1.8658516696217025E-010   2.9742815989154788E-010
          34   0.0000000000000000        0.0000000000000000     
   3.7453107692341866E-010  -2.7750287785716922E-010
  -1.0954651345386849E-010   3.7259849849215125E-010
          35   0.0000000000000000        0.0000000000000000     
   6.3747057737935458E-010  -3.5055064815798597E-010
  -4.7068122329026942E-010   4.7219182295745756E-010
          36   0.0000000000000000        0.0000000000000000     
   9.6391298981966068E-010  -4.5007047331665300E-010
  -9.1832517465137365E-010   6.0770654749508845E-010
          37   0.0000000000000000        0.0000000000000000     
   1.3770214747557674E-009  -5.9012192486715161E-010
  -1.4838551182695465E-009   7.9818684097582910E-010
          38   0.0000000000000000        0.0000000000000000     
   1.9119514223888090E-009  -7.9532337365057047E-010
  -2.2150439644731240E-009   1.0769759953718580E-009
          39   0.0000000000000000        0.0000000000000000     
   2.6240075461711691E-009  -1.1118206629653695E-009
  -3.1866097222878153E-009   1.5065549494973137E-009
          40   0.0000000000000000        0.0000000000000000     
   3.6032051465130380E-009  -1.6338412257227060E-009
  -4.5204233470502849E-009   2.2145004820372865E-009
          41   0.0000000000000000        0.0000000000000000     
   4.9973948128106993E-009  -2.5758732298530963E-009
  -6.4173710160661508E-009   3.4912088876708242E-009
          42   0.0000000000000000        0.0000000000000000     
   7.0186550054871414E-009  -4.4965748629997404E-009
  -9.1639821562194373E-009   6.0929666955621583E-009
          43   0.0000000000000000        0.0000000000000000     
   9.5967718286116148E-009  -9.0544010101586316E-009
  -1.2665300211285325E-008   1.2264909244467134E-008
          44   0.0000000000000000        0.0000000000000000     
   8.5201332437389722E-009  -2.0135094593760099E-008
  -1.1220692421935559E-008   2.7267342701000783E-008
          45   0.0000000000000000        0.0000000000000000     
  -9.5465846248850729E-009  -2.5655224588686749E-008
   1.3222343374092458E-008   3.4742587916677154E-008
          46   0.0000000000000000        0.0000000000000000     
  -1.7146942162333811E-008  -1.2587702510999503E-008
   2.3495208248483269E-008   1.7055516844681718E-008
          47   0.0000000000000000        0.0000000000000000     
  -1.4867058126949067E-008  -5.7052302187623458E-009
   2.0390682070878273E-008   7.7418016217233680E-009
          48   0.0000000000000000        0.0000000000000000     
  -1.2505611852266059E-008  -2.9763540255353674E-009
   1.7173494356405504E-008   4.0514842954011222E-009
          49   0.0000000000000000        0.0000000000000000     
  -1.0887705035608056E-008  -1.7214010575586627E-009
   1.4960154707399089E-008   2.3571219022516762E-009
          50   0.0000000000000000        0.0000000000000000     
  -9.8024162965693340E-009  -1.0521965735830079E-009
   1.3464671228196246E-008   1.4565070102836771E-009
          51   0.0000000000000000        0.0000000000000000     
  -9.0641962156547411E-009  -6.5075494908942260E-010
   1.2435298683486599E-008   9.1935406126694067E-010
          52   0.0000000000000000        0.0000000000000000     
  -8.5597969059493063E-009  -3.8532894511320898E-010
   1.1718041256754635E-008   5.6754614983848800E-010
          53   0.0000000000000000        0.0000000000000000     
  -8.2220459194287311E-009  -1.9392104571074979E-010
   1.1220999533443668E-008   3.1746140709589820E-010
          54   0.0000000000000000        0.0000000000000000     
  -8.0107281958269193E-009  -4.3976743773345688E-011
   1.0888894563310585E-008   1.2542514761372652E-010
          55   0.0000000000000000        0.0000000000000000     
  -7.9018642735691028E-009   8.3492057264064065E-011
   1.0687804829144493E-008  -3.3729903926413424E-011
          56   0.0000000000000000        0.0000000000000000     
  -7.8819439193168405E-009   2.0093782827087639E-010
   1.0597720091532548E-008  -1.7613388908012338E-010
          57   0.0000000000000000        0.0000000000000000     
  -7.9448775491398687E-009   3.1779380372707811E-010
   1.0608167601174132E-008  -3.1355039851385546E-010
          58   0.0000000000000000        0.0000000000000000     
  -8.0905520262046771E-009   4.4254611480012369E-010
   1.0716253120530986E-008  -4.5604895235724504E-010
          59   0.0000000000000000        0.0000000000000000     
  -8.3244511189780284E-009   5.8430318463660235E-010
   1.0925109718266531E-008  -6.1389296944592344E-010
          60   0.0000000000000000        0.0000000000000000     
  -8.6581968521377420E-009   7.5443450194137039E-010
   1.1245335154108700E-008  -7.9941418015261104E-010
          61   0.0000000000000000        0.0000000000000000     
  -9.1110554446634178E-009   9.6883747380281567E-010
   1.1695365881256391E-008  -1.0294206439510980E-009
          62   0.0000000000000000        0.0000000000000000     
  -9.7127917194490499E-009   1.2516971647297334E-009
   1.2305510880800239E-008  -1.3291506193137840E-009
          63   0.0000000000000000        0.0000000000000000     
  -1.0508545012945101E-008   1.6424540340313139E-009
   1.3121667458472433E-008  -1.7394533990017219E-009
          64   0.0000000000000000        0.0000000000000000     
  -1.1566922392578220E-008   2.2098518398070979E-009
   1.4213424576355579E-008  -2.3312638314210681E-009
          65   0.0000000000000000        0.0000000000000000     
  -1.2992692446455829E-008   3.0826484810643388E-009
   1.5688312732126084E-008  -3.2372416273051311E-009
          66   0.0000000000000000        0.0000000000000000     
  -1.4942588856312793E-008   4.5228701836356396E-009
   1.7708358163914647E-008  -4.7271550007311554E-009
          67   0.0000000000000000        0.0000000000000000     
  -1.7617898135257212E-008   7.1170305305467526E-009
   2.0479595064179440E-008  -7.4045555386547031E-009
          68   0.0000000000000000        0.0000000000000000     
  -2.1033736834297523E-008   1.2302784668351630E-008
   2.4018531290583107E-008  -1.2748687958837637E-008
          69   0.0000000000000000        0.0000000000000000     
  -2.3219879191082464E-008   2.3474805651133640E-008
   2.6298110046156930E-008  -2.4252152493738933E-008
          70   0.0000000000000000        0.0000000000000000     
  -1.2360168605087029E-008   4.1584377224623603E-008
   1.5162187564584028E-008  -4.2893831835453116E-008
          71   0.0000000000000000        0.0000000000000000     
   1.4975644991987535E-008   3.8995137971887066E-008
  -1.2917919656477802E-008  -4.0241844857083219E-008
          72   0.0000000000000000        0.0000000000000000     
   2.2437585912633031E-008   2.0844444409030867E-008
  -2.0544962880624147E-008  -2.1581759385420701E-008
          73   0.0000000000000000        0.0000000000000000     
   1.9551693579247190E-008   1.0807486010471987E-008
  -1.7517670812075950E-008  -1.1270831235757297E-008
          74   0.0000000000000000        0.0000000000000000     
   1.6164146807828403E-008   6.1580853392861172E-009
  -1.3965445340505935E-008  -6.5048005598125163E-009
          75   0.0000000000000000        0.0000000000000000     
   1.3626952266152896E-008   3.7927376292564108E-009
  -1.1277762896856104E-008  -4.0913459295704970E-009
          76   0.0000000000000000        0.0000000000000000     
   1.1833381657925367E-008   2.4464573128373528E-009
  -9.3432252061404747E-009  -2.7297497850518297E-009
          77   0.0000000000000000        0.0000000000000000     
   1.0576099521835783E-008   1.6002377148026183E-009
  -7.9465211796294957E-009  -1.8869592667271475E-009
          78   0.0000000000000000        0.0000000000000000     
   9.7051726270513160E-009   1.0187736840398259E-009
  -6.9311211059437947E-009  -1.3220727369262524E-009
          79   0.0000000000000000        0.0000000000000000     
   9.1244659196612138E-009   5.8362399818806566E-010
  -6.1943887690961020E-009  -9.1483757271069284E-010
          80   0.0000000000000000        0.0000000000000000     
   8.7747701412684017E-009   2.2861798339084249E-010
  -5.6715183273480078E-009  -5.9934090594515510E-010
          81   0.0000000000000000        0.0000000000000000     
   8.6217672411359611E-009  -8.7830990637637744E-011
  -5.3218126311910646E-009  -3.3581939366846682E-010
          82   0.0000000000000000        0.0000000000000000     
   8.6490221914114638E-009  -3.9608330187224087E-010
  -5.1209626906364715E-009  -9.7347687935302665E-011
          83   0.0000000000000000        0.0000000000000000     
   8.8545114998532651E-009  -7.2290395786435254E-010
  -5.0579827307885094E-009   1.3733606067383801E-010
          84   0.0000000000000000        0.0000000000000000     
   9.2497201152080334E-009  -1.0972031527742451E-009
  -5.1317882982217242E-009   3.8851889146437333E-010
          85   0.0000000000000000        0.0000000000000000     
   9.8609538706559332E-009  -1.5562477137193918E-009
  -5.3509759687544419E-009   6.7981690619755146E-010
          86   0.0000000000000000        0.0000000000000000     
   1.0732979122380645E-008  -2.1548488848542418E-009
  -5.7365317461338918E-009   1.0438136893027794E-009
          87   0.0000000000000000        0.0000000000000000     
   1.1935437493237659E-008  -2.9818181081764655E-009
  -6.3248860709004888E-009   1.5315291623149234E-009
          88   0.0000000000000000        0.0000000000000000     
   1.3572011553846494E-008  -4.1929972829113244E-009
  -7.1716189057430147E-009   2.2310005928659374E-009
          89   0.0000000000000000        0.0000000000000000     
   1.5787821213069938E-008  -6.0833723699708153E-009
  -8.3556640205084354E-009   3.3076254816302475E-009
          90   0.0000000000000000        0.0000000000000000     
   1.8745993506777323E-008  -9.2557280947156126E-009
  -9.9674651104044500E-009   5.0983282870575094E-009
          91   0.0000000000000000        0.0000000000000000     
   2.2416471561390271E-008  -1.5024790708116255E-008
  -1.1988695904984317E-008   8.3369499598267272E-009
          92   0.0000000000000000        0.0000000000000000     
   2.5369360609478513E-008  -2.6187244276594350E-008
  -1.3622736693020340E-008   1.4583789420759078E-008
          93   0.0000000000000000        0.0000000000000000     
   1.9760822878067768E-008  -4.5612784526355773E-008
  -1.0495165489565845E-008   2.5439836029248414E-008
          94   0.0000000000000000        0.0000000000000000     
  -7.9104502137891775E-009  -5.7784611452193498E-008
   4.9232384181766392E-009   3.2252374607734556E-008
          95   0.0000000000000000        0.0000000000000000     
  -3.1461191687618538E-008  -4.1014726695449955E-008
   1.8029084067587709E-008   2.2927248756346507E-008
          96   0.0000000000000000        0.0000000000000000     
  -3.4011316173964177E-008  -2.2817053804577683E-008
   1.9409371862134331E-008   1.2809184991203632E-008
          97   0.0000000000000000        0.0000000000000000     
  -3.0494881071789822E-008  -1.2941074344287952E-008
   1.7388987187028442E-008   7.3363322171841101E-009
          98   0.0000000000000000        0.0000000000000000     
  -2.6896474194716275E-008  -7.8088913978288948E-009
   1.5304186037839373E-008   4.5146461525497618E-009
          99   0.0000000000000000        0.0000000000000000     
  -2.4134285131725304E-008  -4.9262768918853552E-009
   1.3664205417564209E-008   2.9547900964987450E-009
         100   0.0000000000000000        0.0000000000000000     
  -2.2142725221536177E-008  -3.1543165940304105E-009
   1.2428203004536124E-008   2.0237578661563252E-009
         101   0.0000000000000000        0.0000000000000000     
  -2.0748755128876097E-008  -1.9670280515442765E-009
   1.1495229361269610E-008   1.4310328615080713E-009
         102   0.0000000000000000        0.0000000000000000     
  -1.9814551002661591E-008  -1.1019141533363150E-009
   1.0781974452090032E-008   1.0340389059440065E-009
         103   0.0000000000000000        0.0000000000000000     
  -1.9247452425407923E-008  -4.1528045533394646E-010
   1.0229384393043471E-008   7.5787195036901136E-010
         104   0.0000000000000000        0.0000000000000000     
  -1.8990590858448919E-008   1.8057380051207828E-010
   9.7949432065696168E-009   5.6101403210990838E-010
         105   0.0000000000000000        0.0000000000000000     
  -1.9014302501566742E-008   7.4733431320153009E-010
   9.4484623914116796E-009   4.1970626960419932E-010
         106   0.0000000000000000        0.0000000000000000     
  -1.9311071379434364E-008   1.3373085065022242E-009
   9.1665228538477377E-009   3.2055957649331794E-010
         107   0.0000000000000000        0.0000000000000000     
  -1.9893705909814336E-008   2.0054064260443859E-009
   8.9309899345071883E-009   2.5702820479950549E-010
         108   0.0000000000000000        0.0000000000000000     
  -2.0796359409353585E-008   2.8216337254251434E-009
   8.7265299123203507E-009   2.2813779875799839E-010
         109   0.0000000000000000        0.0000000000000000     
  -2.2078027821480904E-008   3.8893378160362497E-009
   8.5380785261154174E-009   2.3895356496599372E-010
         110   0.0000000000000000        0.0000000000000000     
  -2.3827183589255087E-008   5.3779534554908219E-009
   8.3500713895573294E-009   3.0316996412846467E-010
         111   0.0000000000000000        0.0000000000000000     
  -2.6161127335475094E-008   7.5887474055253215E-009
   8.1453672555092974E-009   4.4959247709015369E-010
         112   0.0000000000000000        0.0000000000000000     
  -2.9191858179685608E-008   1.1095443845793338E-008
   7.9105816665891555E-009   7.3676702820841668E-010
         113   0.0000000000000000        0.0000000000000000     
  -3.2834476314378165E-008   1.7045780921077042E-008
   7.6522982964233079E-009   1.2850690054364368E-009
         114   0.0000000000000000        0.0000000000000000     
  -3.5938735360070715E-008   2.7669616036450431E-008
   7.4928185168750914E-009   2.3308007926451113E-009
         115   0.0000000000000000        0.0000000000000000     
  -3.3125573601915054E-008   4.5648964879263347E-008
   8.0102314723666813E-009   4.1586239754524486E-009
         116   0.0000000000000000        0.0000000000000000     
  -1.2097494400821135E-008   6.3779465801361312E-008
   1.0520688065127957E-008   5.9957187635338544E-009
         117   0.0000000000000000        0.0000000000000000     
   1.8538294226118818E-008   5.7387370370054032E-008
   1.4106108787184839E-008   5.2004856538236816E-009
         118   0.0000000000000000        0.0000000000000000     
   3.0211080331001878E-008   3.6593460833307357E-008
   1.5715623388919706E-008   2.8526265339970210E-009
         119   0.0000000000000000        0.0000000000000000     
   2.9079130460193748E-008   2.1826883956009043E-008
   1.6011246461426064E-008   1.1339953062021518E-009
         120   0.0000000000000000        0.0000000000000000     
   2.5256040987640910E-008   1.3570776889654258E-008
   1.6083621668715927E-008   9.2177242539567674E-011
         121   0.0000000000000000        0.0000000000000000     
   2.1691058314972154E-008   8.8983863296884307E-009
   1.6255237261774240E-008  -5.9089088516479157E-010
         122   0.0000000000000000        0.0000000000000000     
   1.8857958780990264E-008   6.0778231463086732E-009
   1.6588398993972974E-008  -1.1068989007730400E-009
         123   0.0000000000000000        0.0000000000000000     
   1.6695918342908328E-008   4.2501093880564675E-009
   1.7090140218045969E-008  -1.5560665993112488E-009
         124   0.0000000000000000        0.0000000000000000     
   1.5072225967063134E-008   2.9797519019813093E-009
   1.7762805553007134E-008  -1.9960000892747044E-009
         125   0.0000000000000000        0.0000000000000000     
   1.3875546437893465E-008   2.0308304549334200E-009
   1.8616442032190135E-008  -2.4668270089746227E-009
         126   0.0000000000000000        0.0000000000000000     
   1.3027495283235055E-008   1.2639729421513332E-009
   1.9670197605516861E-008  -3.0039505588441245E-009
         127   0.0000000000000000        0.0000000000000000     
   1.2478595183731093E-008   5.8668978451772831E-010
   2.0954913137730009E-008  -3.6461469273554097E-009
         128   0.0000000000000000        0.0000000000000000     
   1.2203228249310738E-008  -7.3426965848290195E-011
   2.2514232258509794E-008  -4.4428764818235828E-009
         129   0.0000000000000000        0.0000000000000000     
   1.2196518016101382E-008  -7.8667434416722822E-010
   2.4408485389490239E-008  -5.4636962407950912E-009
         130   0.0000000000000000        0.0000000000000000     
   1.2473177938248404E-008  -1.6383636171047515E-009
   2.6719610448966947E-008  -6.8131057410357760E-009
         131   0.0000000000000000        0.0000000000000000     
   1.3066983446804283E-008  -2.7523798485274881E-009
   2.9555301630908721E-008  -8.6566314587922104E-009
         132   0.0000000000000000        0.0000000000000000     
   1.4026395674990857E-008  -4.3322379481711410E-009
   3.3053032741936873E-008  -1.1269904042099460E-008
         133   0.0000000000000000        0.0000000000000000     
   1.5390906928585500E-008  -6.7410679079155997E-009
   3.7357439903233788E-008  -1.5134719344858406E-008
         134   0.0000000000000000        0.0000000000000000     
   1.7090400013572311E-008  -1.0661179374475962E-008
   4.2530752419344472E-008  -2.1129343524224840E-008
         135   0.0000000000000000        0.0000000000000000     
   1.8558008264753018E-008  -1.7371994025198664E-008
   4.8144652070572787E-008  -3.0861560142696412E-008
         136   0.0000000000000000        0.0000000000000000     
   1.7383818197626531E-008  -2.8836766990322368E-008
   5.1874030860468850E-008  -4.6835584919550055E-008
         137   0.0000000000000000        0.0000000000000000     
   6.3439057614099699E-009  -4.4826560134301713E-008
   4.6346402121052231E-008  -6.9563626490995029E-008
         138   0.0000000000000000        0.0000000000000000     
  -2.1786958771285036E-008  -5.1909682635011565E-008
   2.4118111496642969E-008  -8.6238949262535356E-008
