   262144.00000000000     
         256           1           3
   1.7567330116226543E-005  -6.2812290861650002       -178.01823173560001     
   6.0401400154609997        12.000000000000000        5733.8999999999996     
           0   0.0000000000000000        0.0000000000000000     
   0.0000000000000000        0.0000000000000000     
   0.0000000000000000        0.0000000000000000     
           1  -1.9549210814313239E-011   5.6131326663288719E-013
  -7.3832394568387507E-011   1.4650037085463348E-012
  -2.1572992188420235E-009   4.2446100979265779E-011
           2  -1.9501331906036771E-011   6.7518906850392704E-013
  -7.3062786873603149E-011   1.2112923927042124E-012
  -2.1346935587441284E-009   3.4630594871109901E-011
           3  -1.9675827892637946E-011   7.8040569465957913E-013
  -7.2395058987014080E-011   1.0686130951091504E-012
  -2.1145108259329049E-009   3.0174071464526164E-011
           4  -2.0017761751837551E-011   8.9559504292551743E-013
  -7.1679452941378969E-011   9.3029563717904250E-013
  -2.0925641609679469E-009   2.5834024237549236E-011
           5  -2.0516525932994811E-011   1.0249475273198817E-012
  -7.0871266254763309E-011   7.8191292690020039E-013
  -2.0675550512966324E-009   2.1170589597167657E-011
           6  -2.1175588623542783E-011   1.1719417646818257E-012
  -6.9942139180158897E-011   6.1810077175064675E-013
  -2.0386405343298422E-009   1.6018265178434019E-011
           7  -2.2006091860669028E-011   1.3406554669216936E-012
  -6.8868252184554104E-011   4.3447906592882928E-013
  -2.0050979398994657E-009   1.0240462612807616E-011
           8  -2.3025380334408063E-011   1.5361325223531435E-012
  -6.7625796763088067E-011   2.2625550341895872E-013
  -1.9661943041374511E-009   3.6870287497577391E-012
           9  -2.4257109027197667E-011   1.7647170898670251E-012
  -6.6188446398253254E-011  -1.2301736915334227E-014
  -1.9211117759521365E-009  -3.8219753716600604E-012
          10  -2.5732156165278873E-011   2.0344894358837673E-012
  -6.4525431589502311E-011  -2.8829775506750175E-013
  -1.8688894476079376E-009  -1.2509789528300196E-011
          11  -2.7490193323153139E-011   2.3558709737129061E-012
  -6.2599642252283659E-011  -6.1073138049015832E-013
  -1.8083649326087916E-009  -2.2659264179857420E-011
          12  -2.9585390043578310E-011   2.7422510798766721E-012
  -6.0370458112367976E-011  -9.9114707666021510E-013
  -1.7381090520526173E-009  -3.4634961233708504E-011
          13  -3.2076103767542926E-011   3.2121528579868297E-012
  -5.7770736760362762E-011  -1.4448479870129620E-012
  -1.6563228571872543E-009  -4.8914740512139905E-011
          14  -3.5049854037414818E-011   3.7896635666709717E-012
  -5.4733263378695645E-011  -1.9920378244151647E-012
  -1.5607392163321221E-009  -6.6135442177183415E-011
          15  -3.8616365743533556E-011   4.5081121334802087E-012
  -5.1165239014838568E-011  -2.6602206769725545E-012
  -1.4484411817333984E-009  -8.7161783590486811E-011
          16  -4.2920523030076995E-011   5.4140721663338765E-012
  -4.6945696833833336E-011  -3.4875098136120779E-012
  -1.3156258173050726E-009  -1.1319199116853751E-010
          17  -4.8156530378315362E-011   6.5740846151789157E-012
  -4.1914294500134748E-011  -4.5279464218235892E-012
  -1.1572519752301013E-009  -1.4592497274122044E-010
          18  -5.4589377598167929E-011   8.0856731313044318E-012
  -3.5854410521203981E-011  -5.8601927998229885E-012
  -9.6650901654742400E-010  -1.8783354785564651E-010
          19  -6.2588289572490980E-011   1.0096073951778643E-011
  -2.8466897358375097E-011  -7.6022824537265787E-012
  -7.3399185458374478E-010  -2.4262804144996637E-010
          20  -7.2677459645988575E-011   1.2835626025671442E-011
  -1.9321269109567733E-011  -9.9378804530684502E-012
  -4.4637435683357931E-010  -3.1607789341579965E-010
          21  -8.5638128403595411E-011   1.6679343327279373E-011
  -7.8124375721327650E-012  -1.3164559349410433E-011
  -8.4219048050563122E-011  -4.1754387674920144E-010
          22  -1.0264844259321611E-010   2.2271037639794721E-011
   6.9927446972768102E-012  -1.7791021034774248E-011
   3.8186261487077188E-010  -5.6301735499588663E-010
          23  -1.2557093161224932E-010   3.0786872106756629E-011
   2.6583371715377770E-011  -2.4743957765156103E-011
   9.9815304204905026E-010  -7.8161199580474597E-010
          24  -1.5750369536784654E-010   4.4553642034177416E-011
   5.3391518922576083E-011  -3.5850995119841788E-011
   1.8410445926627691E-009  -1.1307662849210037E-009
          25  -2.0384155245986233E-010   6.8676930398136673E-011
   9.1601806566099852E-011  -5.5111851164616302E-011
   3.0430602275992208E-009  -1.7362149022568023E-009
          26  -2.7427586111376718E-010   1.1600468548783395E-010
   1.4880225256609519E-010  -9.2575260221941912E-011
   4.8412444652993667E-009  -2.9137293311174343E-009
          27  -3.8406794113050518E-010   2.2521506545987314E-010
   2.3677122421339061E-010  -1.7843075934246979E-010
   7.6073740607831025E-009  -5.6121648296929919E-009
          28  -5.1510545769685055E-010   5.3407085010047335E-010
   3.4105761360488569E-010  -4.1997180731188159E-010
   1.0885887241155944E-008  -1.3203498933516458E-008
          29  -1.2231084525703718E-010   1.2203731082821382E-009
   3.6474536573059399E-011  -9.5408581790326315E-010
   1.3144364873094970E-009  -2.9989854459598091E-008
          30   7.5561433451127235E-010   7.8977775803209481E-010
  -6.4224198262594253E-010  -6.1661256484674469E-010
  -2.0014310742327554E-008  -1.9384030991623155E-008
          31   6.9586004207127182E-010   2.9831762514140263E-010
  -5.8963536684621716E-010  -2.3468877598888860E-010
  -1.8358920542424276E-008  -7.3812765777721380E-009
          32   5.6714839536581115E-010   1.3231147431946777E-010
  -4.8360325935846230E-010  -1.0669443436493448E-010
  -1.5024705780234089E-008  -3.3590975572368693E-009
          33   4.8705737259527497E-010   6.5369646370619067E-011
  -4.1498054425897355E-010  -5.5913471481248056E-011
  -1.2865311777397721E-008  -1.7637282529281190E-009
          34   4.4060191458132109E-010   3.1717484759583364E-011
  -3.7173709278163755E-010  -3.1179904472358418E-011
  -1.1503022761145369E-008  -9.8716000298910413E-010
          35   4.1534383446716624E-010   1.1374206317379758E-011
  -3.4394915526107257E-010  -1.7000768104319902E-011
  -1.0625722021321483E-008  -5.4256846222886162E-010
          36   4.0467320933311524E-010  -3.1517676797515483E-012
  -3.2624259214611401E-010  -7.5888359430114530E-012
  -1.0064249654719645E-008  -2.4821594491199184E-010
          37   4.0531754248184661E-010  -1.5293533198242109E-011
  -3.1584327895569616E-010  -2.7399569094736025E-013
  -9.7307661353343726E-009  -2.0445123627212201E-011
          38   4.1594108658182347E-010  -2.7018877621131472E-011
  -3.1146051363463159E-010   6.5903032403524792E-012
  -9.5846125409201005E-009   1.9202204232921988E-010
          39   4.3651306622106415E-010  -3.9830120619989076E-011
  -3.1289830832908999E-010   1.4636827366622940E-011
  -9.6186826201127358E-009   4.3948988859986470E-010
          40   4.6813731983874026E-010  -5.5309681225614654E-011
  -3.2099362707611530E-010   2.6657762186282514E-011
  -9.8570337152263728E-009   8.0728076651694783E-010
          41   5.1317674260259221E-010  -7.5655110107769699E-011
  -3.3717701737628813E-010   4.9686922068430492E-011
  -1.0342547996134749E-008   1.5097549680275007E-009
          42   5.7549491716040501E-010  -1.0459763263122413E-010
  -3.5575605092787259E-010   1.0487971239139885E-010
  -1.0902347965655910E-008   3.1912868515527469E-009
          43   6.5980172381233715E-010  -1.4830316047185803E-010
  -3.0070543307222738E-010   2.1326353536741959E-010
  -9.2186722739659042E-009   6.4920929010789795E-009
          44   7.7685764109082704E-010  -2.1278131070709522E-010
  -1.5474465289776060E-010   1.7491519342695164E-010
  -4.7659666558830835E-009   5.3224443153036269E-009
          45   9.5116239876164713E-010  -3.2535407287156634E-010
  -1.4985192883327875E-010   8.6806659980264692E-011
  -4.6072486546679772E-009   2.6346137542280008E-009
          46   1.2085916310819881E-009  -5.5061550878435362E-010
  -1.7671537034255257E-010   5.2111174362039881E-011
  -5.4113002653178168E-009   1.5676914818717014E-009
          47   1.5635318122315340E-009  -1.0675423637741220E-009
  -2.0109045689807974E-010   3.5679227055060715E-011
  -6.1332807757885819E-009   1.0407895120501669E-009
          48   1.6933629996999319E-009  -2.3777134758848743E-009
  -2.3109801482990029E-010   1.4814410302470838E-011
  -7.0359522403500016E-009   3.3155798601156042E-010
          49  -3.5601093341415210E-010  -3.8689894853100744E-009
  -3.1778810726560508E-010   1.3138618183826212E-012
  -9.7940201781953897E-009  -1.7675090411291666E-010
          50  -2.1724140132352798E-009  -2.1962126502754477E-009
  -4.1955168406378651E-010   9.3761053548019035E-011
  -1.3016253786562122E-008   2.7271739388739454E-009
          51  -1.9633796094649788E-009  -9.5936853833775210E-010
  -4.6981831066089845E-010   2.6905402895291816E-010
  -1.4550838948882064E-008   8.1414607525140256E-009
          52  -1.6044622752585270E-009  -4.7220899218030439E-010
  -3.1428921585465591E-010   5.6107528487508784E-010
  -9.8063279592264782E-009   1.7068631871545469E-008
          53  -1.3494909315223205E-009  -2.6058429286715201E-010
   9.2952053069575818E-011   4.7161335425076135E-010
   2.5974994359207867E-009   1.4360787668200739E-008
          54  -1.1869224476228523E-009  -1.5465066250141948E-010
   1.3158200935972321E-010   2.1713508205200829E-010
   3.7677701618923374E-009   6.6209808712974050E-009
          55  -1.0826767039069343E-009  -9.0942839035036723E-011
   7.0627621305867192E-011   1.0951434007960734E-010
   1.8994711451437461E-009   3.3519697264152182E-009
          56  -1.0165343793510928E-009  -4.7925310394572477E-011
   1.9715007030829520E-011   6.5392307601966151E-011
   3.3084305295166633E-010   2.0165083525714820E-009
          57  -9.7794733892369912E-010  -1.5700823976220773E-011
  -1.7528932709182126E-011   4.4879825810609484E-011
  -8.2675067115742735E-010   1.4006001189174685E-009
          58  -9.6111599265244191E-010   1.1105118802127046E-011
  -4.5977722779636858E-011   3.4558360133234477E-011
  -1.7227440415273385E-009   1.0963357002575305E-009
          59  -9.6306130204843150E-010   3.5856122087282783E-011
  -6.9309332346061821E-011   2.9422632706815443E-011
  -2.4702736096430808E-009   9.5208012434429923E-010
          60  -9.8275471766015242E-010   6.1084325339786673E-011
  -8.9973350846089763E-011   2.7426146417421400E-011
  -3.1452657312775437E-009   9.0651513030262652E-010
          61  -1.0207783656997804E-009   8.9176676932622336E-011
  -1.0968975755257547E-010   2.7756176603070988E-011
  -3.8035836044186889E-009   9.3635781396731706E-010
          62  -1.0793052582538133E-009   1.2293709942959817E-010
  -1.2996950009103225E-010   3.0256023686435578E-011
  -4.4935672902139254E-009   1.0389650018765449E-009
          63  -1.1624418348865753E-009   1.6627754472189585E-010
  -1.5230075189614205E-010   3.5267737732202297E-011
  -5.2655083532455848E-009   1.2282007568177489E-009
          64  -1.2769732325565081E-009   2.2536364155989592E-010
  -1.7841961029760592E-010   4.3723535955202881E-011
  -6.1809063958683991E-009   1.5382948537345992E-009
          65  -1.4336092401384962E-009   3.1086485373997518E-010
  -2.1077223883394899E-010   5.7527503419055560E-011
  -7.3241897058712130E-009   2.0375305191179346E-009
          66  -1.6492357033139871E-009   4.4290554728051372E-010
  -2.5287635876966999E-010   8.0496065960699522E-011
  -8.8199836535460549E-009   2.8619362656087747E-009
          67  -1.9500002740407436E-009   6.6312421806421948E-010
  -3.1000080105295575E-010   1.2073511505995210E-010
  -1.0856041648897703E-008   4.2996915356586847E-009
          68  -2.3710518905163741E-009   1.0671742559872216E-009
  -3.8926116750829718E-010   1.9711323047548691E-010
  -1.3684354911263211E-008   7.0207612813694843E-009
          69  -2.9184483808928420E-009   1.8983873418835099E-009
  -4.9212209219786909E-010   3.5801817531044523E-010
  -1.7357888435198318E-008   1.2742490143688894E-008
          70  -3.2373347533655592E-009   3.7525366814201869E-009
  -5.4848356239814465E-010   7.2286906606857495E-010
  -1.9391560445227349E-008   2.5702358868744221E-008
          71  -1.1577282677104417E-009   6.6219436693727609E-009
  -1.2437270253355349E-010   1.2939721311376103E-009
  -4.3921857792100116E-009   4.5983566864406153E-008
          72   3.0606492720735094E-009   5.5531723873446194E-009
   7.3875684001665738E-010   1.0809446923739252E-009
   2.6165842265489011E-008   3.8453584718305268E-008
          73   3.7459305921591139E-009   2.7840214329784768E-009
   9.0468102514723933E-010   5.1894006522675094E-010
   3.1974679903754946E-008   1.8552788142243311E-008
          74   3.2031623448342321E-009   1.4244898064408487E-009
   8.2961092473832987E-010   2.3224123698976170E-010
   2.9205995204010812E-008   8.4335163757992589E-009
          75   2.6873813662764580E-009   8.0987229727294716E-010
   7.6779636726829076E-010   8.8244142936818333E-011
   2.6875100136248505E-008   3.4002221413331708E-009
          76   2.3158694518850979E-009   4.9912775934904325E-010
   7.4719341127577025E-010  -5.0714385935105654E-012
   2.5957674749346393E-008   2.0476965797748839E-010
          77   2.0554130212548787E-009   3.2455032494225926E-010
   7.6692837902472788E-010  -8.9433289410806327E-011
   2.6402117291275547E-008  -2.6011032806284775E-009
          78   1.8714261224509325E-009   2.1987526848758216E-010
   8.2765729678112113E-010  -1.9566744258791735E-010
   2.8202489367869635E-008  -6.0419617886322163E-009
          79   1.7409145688740747E-009   1.5894716218303530E-010
   9.2999936329294257E-010  -3.7027087820323591E-010
   3.1362481287144365E-008  -1.1604768377210005E-008
          80   1.6538981685400293E-009   1.3781060329907269E-010
   1.0392298289260884E-009  -7.1435553829532199E-010
   3.4779416391495799E-008  -2.2480530310270551E-008
          81   1.6344052397952232E-009   1.6412602028463113E-010
   8.8634481228856058E-010  -1.3693468598130532E-009
   2.9994136434993513E-008  -4.3121916719225860E-008
          82   1.7428388975527750E-009   1.5968005075848688E-010
  -7.3679724064347718E-011  -1.7387726730887545E-009
  -1.2415441600446230E-010  -5.4788603865521100E-008
          83   1.8409337377121064E-009   3.3882312053556953E-011
  -7.1398983177876485E-010  -1.0988608777675362E-009
  -2.0159768621210749E-008  -3.4738747452756957E-008
          84   1.8869681034008488E-009  -8.0254612990306802E-011
  -6.7579988880795871E-010  -5.8581825876880251E-010
  -1.8833833041595976E-008  -1.8686298344890890E-008
          85   1.9514043764876494E-009  -1.6983759565615688E-010
  -5.2051075252456529E-010  -3.5010654830237840E-010
  -1.3782638960385928E-008  -1.1366683411008973E-008
          86   2.0553742321221676E-009  -2.5907757781782002E-010
  -3.8045120964119136E-010  -2.4407429735099161E-010
  -9.1547375597142683E-009  -8.1491289494018339E-009
          87   2.2082052070338599E-009  -3.6581353759139259E-010
  -2.6141301698826511E-010  -1.9875480409927177E-010
  -5.1177922488904545E-009  -6.8812101367601187E-009
          88   2.4221646856022027E-009  -5.0886514001339514E-010
  -1.5294602430123225E-010  -1.8860880299074726E-010
  -1.3188795076186341E-009  -6.7857947858863113E-009
          89   2.7162459660459878E-009  -7.1718942610622793E-010
  -4.3913025290442062E-011  -2.0695097503255508E-010
   2.6259982907475652E-009  -7.6987381480695607E-009
          90   3.1182933791984320E-009  -1.0445581709780307E-009
   7.6619194232628485E-011  -2.5922283083302516E-010
   7.1094145755461712E-009  -9.8803980169167329E-009
          91   3.6620931147598583E-009  -1.6027189146860223E-009
   2.1929244718117416E-010  -3.6647704704535573E-010
   1.2526355675742942E-008  -1.4180708641312513E-008
          92   4.3487958817634427E-009  -2.6438283046747151E-009
   3.8687277754453488E-010  -5.8189435369626927E-010
   1.8966611882398666E-008  -2.2698074718728261E-008
          93   4.8997416812739036E-009  -4.7277893701713585E-009
   5.2071028664626456E-010  -1.0270082728391782E-009
   2.4124373231104520E-008  -4.0205060752958372E-008
          94   3.6619439901556279E-009  -8.3907330060878621E-009
   2.6171659028261149E-010  -1.8207859622705432E-009
   1.3916047519245661E-008  -7.1370484595108228E-008
          95  -1.7709651502491671E-009  -1.0043455050691413E-008
  -9.2068437427041328E-010  -2.1831059824293556E-009
  -3.2461728244592472E-008  -8.5617643831855925E-008
          96  -5.3668222281474133E-009  -6.5049115489828269E-009
  -1.7145921307990653E-009  -1.4093566878860119E-009
  -6.3587088705009306E-008  -5.5328876696683003E-008
          97  -5.3780520149373047E-009  -3.4959495170350204E-009
  -1.7292403094763366E-009  -7.4511178530947320E-010
  -6.4141289448609515E-008  -2.9332674444897515E-008
          98  -4.6571997925843200E-009  -1.9766799846410496E-009
  -1.5859009016328766E-009  -4.0416983630137136E-010
  -5.8478122299586158E-008  -1.6012278306421283E-008
          99  -4.0168093931322628E-009  -1.2030104461181085E-009
  -1.4635201678844542E-009  -2.2492829415392123E-010
  -5.3610775476573347E-008  -9.0357158393271121E-009
         100  -3.5400755632090117E-009  -7.7147709457193464E-010
  -1.3815114408312072E-009  -1.1880130610223460E-010
  -5.0299324224370203E-008  -4.9339450096676581E-009
         101  -3.1967474112304067E-009  -5.0797072102100026E-010
  -1.3345336297954643E-009  -4.6803457925672686E-011
  -4.8328605168140400E-008  -2.1838392276361724E-009
         102  -2.9521884077925863E-009  -3.3376406788644091E-010
  -1.3165461897487201E-009   9.7221958070571228E-012
  -4.7454934999724092E-008  -6.1721709446564445E-011
         103  -2.7811623539843026E-009  -2.1032825335178221E-010
  -1.3241215267508027E-009   6.1513027709469437E-011
  -4.7533286969126895E-008   1.8408423203195188E-009
         104  -2.6668023003055471E-009  -1.1755987019353666E-010
  -1.3564087369219832E-009   1.1689293998041199E-010
  -4.8517201244638764E-008   3.8287460748320348E-009
         105  -2.5980292442085964E-009  -4.4920002254082257E-011
  -1.4149629163419112E-009   1.8529441647187250E-010
  -5.0445861376143502E-008   6.2323164309630693E-009
         106  -2.5680974981391008E-009   1.1778980031542375E-011
  -1.5030095691891433E-009   2.8146579985962891E-010
  -5.3421580696121830E-008   9.5525741108977335E-009
         107  -2.5747607045466902E-009   4.9952959296691515E-011
  -1.6222685375772084E-009   4.3345602166476305E-010
  -5.7503886775979886E-008   1.4728451985219581E-008
         108  -2.6259887581093470E-009   5.5958440855030573E-011
  -1.7564798034367821E-009   6.9864386548471991E-010
  -6.2161561799973511E-008   2.3668679791829949E-008
         109  -2.7683429220184445E-009   4.0576154910937529E-012
  -1.7967424749549791E-009   1.1710168515625926E-009
  -6.3811356569011226E-008   3.9495158403475735E-008
         110  -3.1439694239935322E-009  -5.8793326252917612E-011
  -1.3913332272902770E-009   1.7624107508309730E-009
  -5.0859099161423086E-008   5.9322260483897532E-008
         111  -3.7487539290079266E-009   1.6459734730595540E-010
  -5.8856257536599596E-010   1.7389178400633988E-009
  -2.4931195004532406E-008   5.8953279970418700E-008
         112  -4.2542781879757318E-009   6.6215261285944331E-010
  -3.1773821640618914E-010   1.2206411790534088E-009
  -1.6764435510186288E-008   4.2425188928734071E-008
         113  -4.7315037604417693E-009   1.2361107979586775E-009
  -4.7268692415655267E-010   8.9592572770268652E-010
  -2.2915326545432167E-008   3.2599294159919457E-008
         114  -5.3334287675803680E-009   1.9876521937949776E-009
  -7.3964922319012777E-010   8.1217431867087814E-010
  -3.3089838420379542E-008   3.1289110091649843E-008
         115  -6.0994877660400930E-009   3.1770911417191054E-009
  -1.0348129339416166E-009   9.2232969877354061E-010
  -4.4536792598575357E-008   3.7450450550490047E-008
         116  -6.8670892284521153E-009   5.2888682376785174E-009
  -1.3182731515334237E-009   1.2656508659401668E-009
  -5.5558765836322536E-008   5.3434790907124913E-008
         117  -6.6640618031156196E-009   9.0465481572523529E-009
  -1.4136975998299873E-009   1.9572784979962480E-009
  -5.8127037645822458E-008   8.4675875493245159E-008
         118  -2.6350184666316410E-009   1.3509359848642383E-008
  -7.8960040781604084E-010   2.8151190657282990E-009
  -2.8173058338301031E-008   1.2304349562048945E-007
         119   4.4955660887607190E-009   1.2782217052098482E-008
   4.1408144441123787E-010   2.7253676590063451E-009
   2.8147308476244138E-008   1.1831617337303957E-007
         120   7.4562151830066545E-009   8.0716449645542027E-009
   8.0845437494414802E-010   1.9175026611107322E-009
   4.8450154395627467E-008   8.0653802441371437E-008
         121   7.2193701441933895E-009   4.6963150004798167E-009
   5.5345697493131541E-010   1.4256005160092247E-009
   4.0188625585536677E-008   5.6220274924089326E-008
         122   6.3340721821832390E-009   2.8860814130092151E-009
   1.1278053170499290E-010   1.3615839569632920E-009
   2.4517882281390979E-008   4.9077097246879986E-008
         123   5.5172933818863674E-009   1.9399882541509217E-009
  -3.6199050817826607E-010   1.7532135135612558E-009
   8.0439433503231845E-009   5.8087238109752553E-008
         124   4.9041054884229954E-009   1.4915883676528363E-009
  -5.6839678958198706E-010   2.8759198803086674E-009
   2.6602872070440017E-010   9.0499360749067953E-008
         125   4.6397855853596261E-009   1.3278940669829069E-009
   8.1100632935660151E-010   4.5233583998053498E-009
   4.1262769865692083E-008   1.3947753326211286E-007
         126   4.6596740105631762E-009   9.8931410948297394E-010
   3.4407842264451146E-009   3.7851327815285976E-009
   1.2074041618159381E-007   1.1609839389424467E-007
         127   4.5153847580205240E-009   5.7345253385060777E-010
   3.9934196800243785E-009   1.9175577452575761E-009
   1.3728167357842001E-007   5.8470698534313589E-008
         128   4.3359849512385095E-009   3.0557713916380019E-010
   3.7040444119526355E-009   8.8471404179197507E-010
   1.2847666981275872E-007   2.6311475307027171E-008
         129   4.2171323025703941E-009   1.3408937430888500E-010
   3.4239328847088330E-009   3.4305405335483008E-010
   1.2023611464607841E-007   9.0649960496762448E-009
         130   4.1683595880664210E-009   2.0932537838460564E-011
   3.2644606057692662E-009  -1.4484470345023392E-011
   1.1595055019331896E-007  -2.7327568957853405E-009
         131   4.1958945827035668E-009  -3.7696170527784072E-011
   3.2078316466598552E-009  -3.3672228950662938E-010
   1.1505226088770435E-007  -1.3786160666356609E-008
         132   4.3412896249948358E-009  -2.1720435662310562E-011
   3.1978067562931574E-009  -7.2161094642126455E-010
   1.1565455291527163E-007  -2.7343700420382425E-008
         133   4.7464568584623952E-009   5.5776610249182293E-011
   3.0901506353691001E-009  -1.2104840355089765E-009
   1.1272667612182358E-007  -4.4784877246225699E-008
         134   5.5717354802064285E-009  -8.2499746777787288E-011
   2.7376686001332370E-009  -1.5771012646275992E-009
   1.0111119119083610E-007  -5.8063084095691683E-008
         135   6.4962332935651277E-009  -7.6124832026354439E-010
   2.5008518753194798E-009  -1.5707987453401148E-009
   9.3650658569644824E-008  -5.8308374904556551E-008
         136   7.2685738459736697E-009  -1.7400454216680191E-009
   2.6826001084875996E-009  -1.5730332270451185E-009
   1.0113409324846091E-007  -5.9116548209910071E-008
         137   8.0838702450891137E-009  -2.9669851658908642E-009
   3.1283387683423367E-009  -1.8877719783865831E-009
   1.1809925769549103E-007  -7.1382270755512027E-008
         138   9.0392868691103822E-009  -4.7598154621816151E-009
   3.7002888979141416E-009  -2.6863391809873796E-009
   1.3966405573852976E-007  -1.0134447533325392E-007
