   262144.00000000000     
         256           1           3
   1.7567330116226543E-005  -3.0585390767470000       -32.142679775600001     
   6.0401400154609997        12.000000000000000        5733.8999999999996     
           0   0.0000000000000000        0.0000000000000000     
   0.0000000000000000        0.0000000000000000     
   0.0000000000000000        0.0000000000000000     
           1  -1.2362641773703794E-010  -2.5693660875356930E-011
  -3.4180685669989887E-009  -2.5356696719576340E-011
   2.3944468648559833E-008  -1.9833531729320132E-010
           2  -1.5124720097646516E-010  -1.0310583362872026E-010
  -3.4465712607493366E-009  -1.0255422703541809E-010
   2.3730771174075927E-008  -7.9620279238610631E-010
           3  -2.3753181092092799E-010  -4.9752384105715139E-011
  -3.5344255955413195E-009  -4.8669902180558089E-011
   2.3063648589138038E-008  -3.8385343824362868E-010
           4  -2.2151303370296055E-010  -1.5702096478891575E-011
  -3.5202841454034846E-009  -1.4130304289225312E-011
   2.3186590752185393E-008  -1.2060253244535380E-010
           5  -2.0954590520435021E-010  -7.7083172507072116E-012
  -3.5107640932059997E-009  -5.7033208140348014E-012
   2.3277937013127877E-008  -5.8613156518633666E-011
           6  -2.0176672156462465E-010  -5.1543113605844420E-012
  -3.5060117797097085E-009  -2.7211439410761002E-012
   2.3336584533223445E-008  -3.8606446206558289E-011
           7  -1.9571271251373254E-010  -4.2300783157774866E-012
  -3.5035706283788367E-009  -1.3628598971596442E-012
   2.3381496662079646E-008  -3.1139756595950651E-011
           8  -1.9028837185032036E-010  -3.9426984125790907E-012
  -3.5023571093493005E-009  -6.3127150614581730E-013
   2.3421061141359037E-008  -2.8532541188846805E-011
           9  -1.8497778334947216E-010  -3.9547101049939792E-012
  -3.5018713452383597E-009  -1.8607481628613371E-013
   2.3459174144515975E-008  -2.8167070818031517E-011
          10  -1.7950760656751653E-010  -4.1296359852689411E-012
  -3.5018594908665500E-009   1.1173046444200894E-013
   2.3497842639858127E-008  -2.8977335956113774E-011
          11  -1.7371467246660868E-010  -4.4055891899072648E-012
  -3.5021812521603861E-009   3.2656817320270712E-013
   2.3538205855602454E-008  -3.0472440076909682E-011
          12  -1.6748931242242640E-010  -4.7524924454048476E-012
  -3.5027533647971945E-009   4.9120462999151348E-013
   2.3580971420210407E-008  -3.2405896810438778E-011
          13  -1.6074875170323827E-010  -5.1553890663502109E-012
  -3.5035232612439444E-009   6.2351879338699430E-013
   2.3626618942069294E-008  -3.4646461234442835E-011
          14  -1.5342350714936453E-010  -5.6072061081877504E-012
  -3.5044558335558410E-009   7.3380456670005194E-013
   2.3675502773581767E-008  -3.7121940560874809E-011
          15  -1.4544984227134432E-010  -6.1053579718080750E-012
  -3.5055263389519368E-009   8.2823198580732970E-013
   2.3727907563609671E-008  -3.9792622788386993E-011
          16  -1.3676521048765763E-010  -6.6500613221619005E-012
  -3.5067163843692169E-009   9.1060350511061604E-013
   2.3784080233182763E-008  -4.2637863356096169E-011
          17  -1.2730522706541312E-010  -7.2434750292441556E-012
  -3.5080115428878894E-009   9.8329628056114327E-013
   2.3844249555107543E-008  -4.5648968157237603E-011
          18  -1.1700142649178634E-010  -7.8892681407122631E-012
  -3.5093998765902554E-009   1.0477915316110239E-012
   2.3908638962930093E-008  -4.8825287346388099E-011
          19  -1.0577939908025362E-010  -8.5924279245098967E-012
  -3.5108709830628076E-009   1.1049833927172373E-012
   2.3977475582368479E-008  -5.2172044059621947E-011
          20  -9.3557065620022809E-011  -9.3592159431436811E-012
  -3.5124153542934892E-009   1.1553646423145313E-012
   2.4050997167008385E-008  -5.5699156453312769E-011
          21  -8.0242930770903403E-011  -1.0197227300754775E-011
  -3.5140239266402527E-009   1.1991409050385794E-012
   2.4129457940659351E-008  -5.9420666984521477E-011
          22  -6.5734194656372669E-011  -1.1115533323334750E-011
  -3.5156877496224719E-009   1.2363017510893543E-012
   2.4213133988479408E-008  -6.3354574917678860E-011
          23  -4.9914616429828974E-011  -1.2124902842399939E-011
  -3.5173977289612132E-009   1.2666648801525538E-012
   2.4302328648750555E-008  -6.7522967041742820E-011
          24  -3.2652022124892559E-011  -1.3238107632376910E-011
  -3.5191444154101400E-009   1.2899028622322702E-012
   2.4397378263690272E-008  -7.1952399721740820E-011
          25  -1.3795335279785653E-011  -1.4470326420700367E-011
  -3.5209178204635753E-009   1.3055580934562645E-012
   2.4498658614659990E-008  -7.6674523585405515E-011
          26   6.8290167142360869E-012  -1.5839671165437917E-011
  -3.5227072458160109E-009   1.3130493820048885E-012
   2.4606592377033187E-008  -8.1726971627543701E-011
          27   2.9421506618288580E-011  -1.7367870550132731E-011
  -3.5245011169378080E-009   1.3116722156338827E-012
   2.4721657976924445E-008  -8.7154559160148286E-011
          28   5.4214963968147157E-011  -1.9081160585121274E-011
  -3.5262868132044372E-009   1.3005938984819384E-012
   2.4844400317118778E-008  -9.3010875055886563E-011
          29   8.1481406247720738E-011  -2.1011453069057505E-011
  -3.5280504881677676E-009   1.2788441707942125E-012
   2.4975443970807409E-008  -9.9360383255208575E-011
          30   1.1154067951469227E-010  -2.3197882731998484E-011
  -3.5297768740763267E-009   1.2453015164706584E-012
   2.5115509634401000E-008  -1.0628120793324470E-010
          31   1.4477150481920269E-010  -2.5688878207778412E-011
  -3.5314490647829318E-009   1.1986750462600148E-012
   2.5265434910011777E-008  -1.1386885421076329E-010
          32   1.8162576026848911E-010  -2.8544968638608569E-011
  -3.5330482708420925E-009   1.1374815696184419E-012
   2.5426200894270545E-008  -1.2224123306616712E-010
          33   2.2264717119950997E-010  -3.1842639896122538E-011
  -3.5345535398757269E-009   1.0600172027506120E-012
   2.5598966646879732E-008  -1.3154553711265283E-010
          34   2.6849609201013560E-010  -3.5679714225106292E-011
  -3.5359414342300718E-009   9.6432257453070197E-013
   2.5785114501961739E-008  -1.4196779145735894E-010
          35   3.1998283970102007E-010  -4.0182982543875782E-011
  -3.5371856564475603E-009   8.4814036215848767E-013
   2.5986310535516793E-008  -1.5374634655725830E-010
          36   3.7810345716127265E-010  -4.5519236425844341E-011
  -3.5382402130440655E-009   7.0886323836720145E-013
   2.6204586871542569E-008  -1.6719130337505861E-010
          37   4.4414219559758504E-010  -5.1911549820153346E-011
  -3.5391044906252789E-009   5.4347151007670813E-013
   2.6442453870262649E-008  -1.8271307466252595E-010
          38   5.1970260377450741E-010  -5.9663870340546021E-011
  -3.5397242576241080E-009   3.4845394192482987E-013
   2.6703061467359164E-008  -2.0086538220646607E-010
          39   6.0688741095851642E-010  -6.9199151627348574E-011
  -3.5400392440663467E-009   1.1971256975041461E-013
   2.6990427856585599E-008  -2.2241172897260654E-010
          40   7.0843961196424129E-010  -8.1120260861013897E-011
  -3.5400350061882364E-009  -1.4755539545834917E-013
   2.7309781040109026E-008  -2.4843130442595916E-010
          41   8.2810129181835497E-010  -9.6310639437946383E-011
  -3.5396381729487706E-009  -4.5900805678728033E-013
   2.7668074149837032E-008  -2.8049362646489597E-010
          42   9.7106364295246283E-010  -1.1610734020464663E-010
  -3.5387767719140913E-009  -8.2134568970090159E-013
   2.8074798458047936E-008  -3.2095821652160402E-010
          43   1.1446607512185970E-009  -1.4261252849606362E-010
  -3.5373995408008943E-009  -1.2425502380953319E-012
   2.8543311249784516E-008  -3.7351329372990825E-010
          44   1.3597206030223824E-009  -1.7928583800014923E-010
  -3.5353966604495363E-009  -1.7321980268287054E-012
   2.9093095521645083E-008  -4.4419900649775230E-010
          45   1.6329854726956328E-009  -2.3214789695196217E-010
  -3.5326961233602733E-009  -2.3018715974048491E-012
   2.9753819365226156E-008  -5.4348465370512364E-010
          46   1.9914536367386008E-009  -3.1243361996353537E-010
  -3.5291608445037845E-009  -2.9657330204789618E-012
   3.0573102466714053E-008  -6.9084542278503028E-010
          47   2.4817192329134737E-009  -4.4307810316149660E-010
  -3.5246284300808564E-009  -3.7413705457677217E-012
   3.1632491757122097E-008  -9.2594569718507415E-010
          48   3.1909316602714379E-009  -6.7686056701133879E-010
  -3.5189034994211773E-009  -4.6512395154183869E-012
   3.3083359679889786E-008  -1.3399163397257380E-009
          49   4.2978573746154506E-009  -1.1573666534353428E-009
  -3.5119234405342830E-009  -5.7258213629218414E-012
   3.5235390143746239E-008  -2.1804306575997639E-009
          50   6.2004428069756908E-009  -2.3843055718368281E-009
  -3.5033166460467554E-009  -7.0140875636638082E-012
   3.8777038322350196E-008  -4.3089843874200775E-009
          51   9.4353008294754195E-009  -6.8299892635118759E-009
  -3.4928925541029220E-009  -8.6401588783852229E-012
   4.4634782358705886E-008  -1.1986876961615295E-008
          52   1.4051602131687551E-009  -2.1047634293765912E-008
  -3.4806774013553367E-009  -1.0877392685669847E-011
   3.1100436072682614E-008  -3.6508844459751269E-008
          53  -1.0713554405920153E-008  -8.0786133954814398E-009
  -3.4658481289004666E-009  -1.2543571674978906E-011
   1.0546049860012140E-008  -1.4178073243643650E-008
          54  -7.4190395857280304E-009  -2.6772303736609931E-009
  -3.4473372140685664E-009  -1.4901471026409312E-011
   1.6587152238180795E-008  -4.8935212912184830E-009
          55  -5.3533798561344437E-009  -1.2651942873573535E-009
  -3.4251960528517111E-009  -1.7947285926659369E-011
   2.0546439022557459E-008  -2.4890270698349911E-009
          56  -4.1560348928096462E-009  -7.3459568440633975E-010
  -3.3984208356989523E-009  -2.1734601272444742E-011
   2.3052488171512211E-008  -1.6094550975155966E-009
          57  -3.3858434612513891E-009  -4.8445665270626455E-010
  -3.3659264233440761E-009  -2.6462013590784666E-011
   2.4874275100596303E-008  -1.2207957704975193E-009
          58  -2.8449730419625731E-009  -3.4886195128574269E-010
  -3.3262647668791811E-009  -3.2432562021804226E-011
   2.6364531203851936E-008  -1.0395855788934975E-009
          59  -2.4380392113309125E-009  -2.6844660734233020E-010
  -3.2774912551080074E-009  -4.0090237041907718E-011
   2.7703252930314607E-008  -9.6711031768969712E-010
          60  -2.1143087114372401E-009  -2.1789601109408489E-010
  -3.2169740363823121E-009  -5.0097224275276066E-011
   2.8999383139394300E-008  -9.6510165024526610E-010
          61  -1.8444201554121538E-009  -1.8495391670050336E-010
  -3.1409540018264136E-009  -6.3472124193371175E-011
   3.0333786039858806E-008  -1.0206899335677977E-009
          62  -1.6101604037575931E-009  -1.6303095994302198E-010
  -3.0440422993444094E-009  -8.1843733079646832E-011
   3.1781623326520132E-008  -1.1357378954178241E-009
          63  -1.3998967510776163E-009  -1.4814297541646888E-010
  -2.9180857085868644E-009  -1.0794269283987689E-010
   3.3429049210148305E-008  -1.3255810714072773E-009
          64  -1.2061257309637914E-009  -1.3735008010481016E-010
  -2.7502503171015259E-009  -1.4662157072365164E-010
   3.5392592593045929E-008  -1.6246800844657458E-009
          65  -1.0250317883393125E-009  -1.2753880234212353E-010
  -2.5193770146515614E-009  -2.0716086889792334E-010
   3.7850764348594884E-008  -2.1033975832462004E-009
          66  -8.5741469780475374E-010  -1.1356055975130300E-010
  -2.1881500421586845E-009  -3.0908517226010399E-010
   4.1106769030478616E-008  -2.9124335521297563E-009
          67  -7.1296389796963751E-010  -8.3419823663974403E-011
  -1.6847449105699122E-009  -4.9911135983462551E-010
   4.5730316608389932E-008  -4.4134447375741787E-009
          68  -6.2158219481764627E-010  -1.2779849154540084E-012
  -8.5697862376402585E-010  -9.1137191410482905E-010
   5.2911869299075415E-008  -7.6435562201406349E-009
          69  -6.6188964114134983E-010   2.7339205481281479E-010
   6.3367510396028374E-010  -2.0509770484804628E-009
   6.5288435646802245E-008  -1.6501657505773095E-008
          70  -8.1774986867804713E-010   1.5098171694304643E-009
   2.8235390732432264E-009  -6.6205260473951881E-009
   8.3173142333089948E-008  -5.1826976505165828E-008
          71   2.9604374370140082E-009   3.5428370454507718E-009
  -8.2151133866437852E-009  -1.4099307918484903E-008
  -7.1903236817164677E-010  -1.0962618373307687E-007
          72   4.7226389895122335E-009   4.7295287490167624E-010
  -1.1572438766520621E-008  -4.0883366704828462E-009
  -2.5146482878555702E-008  -3.2726372209998960E-008
          73   5.2448450107719829E-009  -6.2656717741746167E-010
  -9.5225194265643455E-009  -1.3936647856663629E-009
  -7.4835048597708158E-009  -1.2386275632456532E-008
          74   6.6071688160292507E-009  -1.4862745491440096E-009
  -8.4830666764044897E-009  -5.5320163621254799E-010
   3.1125994693261225E-009  -6.7149429755323020E-009
          75   9.2047923651046930E-009  -3.0115051311219382E-009
  -8.0849379152289089E-009  -8.0862644247419150E-011
   1.0135770566111724E-008  -4.8739033235626485E-009
          76   1.4085524880997152E-008  -7.2842727825046290E-009
  -8.1971353156405037E-009   5.5055583419987219E-010
   1.5988978737098488E-008  -5.2829159943730821E-009
          77   1.8912766388961371E-008  -2.5293576294116023E-008
  -8.4439595279695636E-009   2.6697168800363566E-009
   2.0707837041050449E-008  -1.1344399854844889E-008
          78  -2.0053685208226812E-008  -3.3406543609358658E-008
  -3.8263385769066734E-009   3.6384147005865959E-009
   8.4087372127983370E-009  -1.3971041949711877E-008
          79  -2.0017246504858757E-008  -9.3035345618844015E-009
  -3.6716156815428291E-009   9.4862999301022235E-010
   1.0249913374870373E-008  -4.7131135148846771E-009
          80  -1.4380924000747514E-008  -3.6627344226895485E-009
  -4.1873502687741640E-009   3.3477045264343185E-010
   1.3903759279337999E-008  -2.4356242343854249E-009
          81  -1.1247604810382581E-008  -1.8958407197254458E-009
  -4.4469810080201139E-009   1.5200461675853876E-010
   1.6435944158911379E-008  -1.6609335521313145E-009
          82  -9.3785197541985942E-009  -1.1483219567485638E-009
  -4.5830100833600678E-009   7.9935923687088299E-011
   1.8370425379722797E-008  -1.3058390848327890E-009
          83  -8.1553478966115267E-009  -7.6877557500675263E-010
  -4.6605510528143103E-009   4.6272311808091153E-011
   1.9982579069551671E-008  -1.1169509446923032E-009
          84  -7.2946673487236198E-009  -5.5241015574831279E-010
  -4.7078698870192223E-009   2.8689406646128567E-011
   2.1412150692038774E-008  -1.0118774394429890E-009
          85  -6.6537762583259594E-009  -4.1947882918693951E-010
  -4.7382812787070048E-009   1.8683098146853386E-011
   2.2740752127576190E-008  -9.5765683716918628E-010
          86  -6.1529227594786485E-009  -3.3411720914491591E-010
  -4.7585804334217116E-009   1.2500232480632201E-011
   2.4023535989569721E-008  -9.3971501444861212E-010
          87  -5.7436800264856794E-009  -2.7858407542995849E-010
  -4.7722412157813145E-009   8.2796544403730122E-012
   2.5303625574348884E-008  -9.5197013181349395E-010
          88  -5.3937584926363258E-009  -2.4367379850773848E-010
  -4.7810633119212396E-009   4.9873847595720876E-012
   2.6619958029256670E-008  -9.9332808525976425E-010
          89  -5.0794473300518007E-009  -2.2476684674571888E-010
  -4.7857928273226697E-009   1.9600815790261202E-012
   2.8012777572622118E-008  -1.0666561849678479E-009
          90  -4.7809812032501098E-009  -2.2018796405678195E-010
  -4.7864546082668835E-009  -1.3259183199055646E-012
   2.9528836172483274E-008  -1.1791499406064038E-009
          91  -4.4792887976032104E-009  -2.3074659904631507E-010
  -4.7822928866911165E-009  -5.4093502320104691E-012
   3.1227902949304349E-008  -1.3440602351258509E-009
          92  -4.1524385851746939E-009  -2.6020961832316370E-010
  -4.7718088604029658E-009  -1.1005750149780524E-011
   3.3192607097470366E-008  -1.5845570610091118E-009
          93  -3.7709356803887120E-009  -3.1709680485351868E-010
  -4.7523364438430481E-009  -1.9268482320310083E-011
   3.5545269484251093E-008  -1.9418975869122199E-009
          94  -3.2900563665602524E-009  -4.1933258692543263E-010
  -4.7194760349856912E-009  -3.2342748216607517E-011
   3.8479404672676601E-008  -2.4935507545467113E-009
          95  -2.6335365319568488E-009  -6.0667410654048474E-010
  -4.6649735834278796E-009  -5.4771406047830723E-011
   4.2323820909984434E-008  -3.3972950559723213E-009
          96  -1.6542193661395317E-009  -9.7869370390962264E-010
  -4.5721512395926540E-009  -9.7734007449615794E-011
   4.7685427142448522E-008  -5.0133135018880611E-009
          97  -3.7539775191648700E-011  -1.8380561853877056E-009
  -4.4066150692205580E-009  -1.9496996838885312E-010
   5.5799103587680351E-008  -8.3080148270177409E-009
          98   2.8912117840945247E-009  -4.4226512817724174E-009
  -4.0924444166127080E-009  -4.8395353966478415E-010
   6.9409913682998055E-008  -1.6571021400233596E-008
          99   5.4476541148602004E-009  -1.5534547615021456E-008
  -3.8129103944841367E-009  -1.7188231106955057E-009
   9.2891967891219342E-008  -4.5658326914189302E-008
         100  -1.8177743818508997E-008  -1.8872797447001426E-008
  -6.4352943781656609E-009  -2.1328678952004078E-009
   4.9841840768678964E-008  -1.5043401915621603E-007
         101  -1.7391963404583963E-008  -5.1033356394335309E-009
  -6.4001400640952695E-009  -5.8516687829475715E-010
  -5.2856999291249914E-008  -6.4481412274012385E-008
         102  -1.4277007929350153E-008  -1.9698354055720876E-009
  -6.0505137314744584E-009  -2.2459623990312064E-010
  -2.8760113064865069E-008  -2.0903395115332458E-008
         103  -1.2646240338846216E-008  -9.5358034110185710E-010
  -5.8636079496503718E-009  -1.1122623145645415E-010
  -1.2858967072710523E-008  -9.7928910272098982E-009
         104  -1.1767331446416471E-008  -5.0453450989721820E-010
  -5.7577518146763799E-009  -6.3899325523239648E-011
  -3.6060159056697443E-009  -5.6925214802019438E-009
         105  -1.1292232341133342E-008  -2.6087291318766657E-010
  -5.6918739157698403E-009  -4.0992297380655755E-011
   2.3791311286503755E-009  -3.7768575527981822E-009
         106  -1.1063271800941246E-008  -1.0641922867857458E-010
  -5.6468710907795280E-009  -2.9473594331214804E-011
   6.6147830078998928E-009  -2.7413720815876894E-009
         107  -1.1004837621317797E-008   5.4429575370018493E-012
  -5.6119548178516897E-009  -2.4437138860878539E-011
   9.8273870272636846E-009  -2.1259197508591821E-009
         108  -1.1079469770635707E-008   9.7072699172216400E-011
  -5.5804376456876782E-009  -2.3936710332054009E-011
   1.2401224736658198E-008  -1.7365016615395052E-009
         109  -1.1270335657460768E-008   1.8133397136414084E-010
  -5.5468322316456863E-009  -2.7395083167988785E-011
   1.4558242096435106E-008  -1.4805319063378868E-009
         110  -1.1574333138907132E-008   2.6751415725246279E-010
  -5.5058304032984633E-009  -3.5104821673071182E-011
   1.6436803455626600E-008  -1.3098471314913440E-009
         111  -1.1999730121637572E-008   3.6444617166591970E-010
  -5.4512016751862319E-009  -4.8191407424665668E-011
   1.8129641279819755E-008  -1.1980782925354785E-009
         112  -1.2567513277148776E-008   4.8308733611768422E-010
  -5.3746847071306564E-009  -6.8925000830854739E-011
   1.9703997347834429E-008  -1.1308370253457843E-009
         113  -1.3315709692959384E-008   6.4006622396470062E-010
  -5.2639213177378978E-009  -1.0154178777645144E-010
   2.1213656608894333E-008  -1.1014777632711366E-009
         114  -1.4310051574403070E-008   8.6452462453230325E-010
  -5.0989122811484918E-009  -1.5414940841502769E-010
   2.2707761676191134E-008  -1.1100268126142024E-009
         115  -1.5665678624166743E-008   1.2141168323819006E-009
  -4.8458330804303706E-009  -2.4340909586149790E-010
   2.4239842878025284E-008  -1.1653417288987015E-009
         116  -1.7599945106860523E-008   1.8187897513151769E-009
  -4.4416573097586849E-009  -4.0751529588849856E-010
   2.5881912962457030E-008  -1.2940746112798014E-009
         117  -2.0555665241749107E-008   3.0248470045141159E-009
  -3.7554513769413531E-009  -7.4905500453647453E-010
   2.7754207441113446E-008  -1.5722746913024503E-009
         118  -2.5518369564127704E-008   6.0050072337200430E-009
  -2.4976487759875428E-009  -1.6166760422720865E-009
   3.0097036948905659E-008  -2.2607222821415576E-009
         119  -3.4065557369733928E-008   1.6372264574546628E-008
  -2.0117750632622839E-010  -4.6815453369070900E-009
   3.3283609372935603E-008  -4.6075331766728201E-009
         120  -2.0166265013446587E-008   5.4136878551948544E-008
  -4.6256584675063263E-009  -1.5903336481326265E-008
   3.1558956612024792E-008  -1.3059631137162615E-008
         121   1.8709306259146574E-008   2.4368024527813763E-008
  -1.6531535766507192E-008  -7.0011000873647332E-009
   2.4393090241917521E-008  -6.5407248599114994E-009
         122   9.8145693142164725E-009   7.9295167084064318E-009
  -1.4259835346999271E-008  -2.0609197845802924E-009
   2.7980956389802690E-008  -3.0171879045391926E-009
         123   3.7224768508042234E-009   3.7968295220121118E-009
  -1.2888697375546811E-008  -7.7345432187170362E-010
   3.1146940382592178E-008  -2.2756411200862586E-009
         124   5.3061661703714159E-011   2.3020183181013519E-009
  -1.2326948515500493E-008  -2.5184997670622644E-010
   3.4053830843083696E-008  -2.1929634810100599E-009
         125  -2.4481574103958611E-009   1.6234484387950407E-009
  -1.2232756774275634E-008   5.8584037644445510E-011
   3.7099682071692160E-008  -2.4070927098687745E-009
         126  -4.3455153982370695E-009   1.2699542804214411E-009
  -1.2492522557090594E-008   3.2704569965292277E-010
   4.0602320995319708E-008  -2.8901939848928121E-009
         127  -5.9027181904659083E-009   1.0625350420407186E-009
  -1.3120443265069395E-008   6.5493051909948814E-010
   4.4955142020647130E-008  -3.7738113365380746E-009
         128  -7.2436170769839862E-009   9.0742974707368176E-010
  -1.4258218982385741E-008   1.1857299921338054E-009
   5.0821746055776559E-008  -5.4498632691006172E-009
         129  -8.3932718958212822E-009   6.9978504024105672E-010
  -1.6272676650972149E-008   2.2869118131496328E-009
   5.9546935406758926E-008  -9.0978562970247375E-009
         130  -9.2549765529951970E-009   1.3182163010675095E-010
  -2.0015425743537976E-008   5.3491534422016106E-009
   7.4047761678101777E-008  -1.9300954790758401E-008
         131  -1.0039372483774443E-008  -2.4264896715415126E-009
  -2.4922464544962382E-008   1.7923246836793361E-008
   9.2563247215812298E-008  -6.1009486275245477E-008
         132  -1.8639890524066846E-008  -5.1300324582104408E-009
   4.9178717700987760E-009   3.1601452722073827E-008
  -3.4400455316476926E-009  -1.0646284020569092E-007
         133  -2.2106847159335131E-008   2.0854105589298338E-010
   9.0905635949965301E-009   8.8318363198945822E-009
  -1.4209309295371361E-008  -3.1630615398337811E-008
         134  -2.4286736722510594E-008   2.0643656363595488E-009
   4.2992001585477935E-009   3.1678601705516674E-009
   5.2813015320310278E-009  -1.3516087483744842E-008
         135  -2.8007779336344757E-008   3.4852007904865136E-009
   1.8203962182606769E-009   1.3939461878302630E-009
   1.8110575868106842E-008  -8.5923218354121994E-009
         136  -3.3757134337472543E-008   5.5384872051314194E-009
   6.6537728806699953E-010   5.3425818953690611E-010
   2.8116126319945790E-008  -7.3194036914847353E-009
         137  -4.2875428410105033E-008   9.5367056430377292E-009
   3.8454885532305089E-010  -1.4072562616266296E-010
   3.7860917996356916E-008  -8.0201375431230123E-009
         138  -5.8549113044628866E-008   1.9629381841793842E-008
   9.7915131993241910E-010  -1.1155219611769981E-009
   4.9568511315718295E-008  -1.1446246468292972E-008
