   262144.00000000000     
         256           1           3
   1.7567330116226543E-005  -30.662925479382999        61.788025104799999     
   6.0401400154609997        12.000000000000000        5733.8999999999996     
           0   0.0000000000000000        0.0000000000000000     
   0.0000000000000000        0.0000000000000000     
   0.0000000000000000        0.0000000000000000     
           1  -8.9996707783873512E-010  -1.1225456344560003E-010
  -8.8966737284014320E-009  -6.4062138641077269E-011
  -1.1399961319621820E-008   1.5272088873789682E-010
           2  -1.0239607743910672E-009  -4.5260179298081594E-010
  -8.9703888720035859E-009  -2.6019452531005289E-010
  -1.1233790212363198E-008   6.1413137421659808E-010
           3  -1.4081414343229677E-009  -2.1622050306901480E-010
  -9.1960479820712793E-009  -1.2237420151255205E-010
  -1.0716579345033601E-008   2.9501649141061494E-010
           4  -1.3426011526756396E-009  -6.4961630266905294E-011
  -9.1626011847018928E-009  -3.3832474499816855E-011
  -1.0809083104369354E-008   9.1096906346649718E-011
           5  -1.2964198154854662E-009  -2.8605892024243432E-011
  -9.1416785009636110E-009  -1.1809816406556605E-011
  -1.0876457808775688E-008   4.2674467810841210E-011
           6  -1.2702216422671946E-009  -1.6222455191906101E-011
  -9.1336627829009882E-009  -3.6503353455292751E-012
  -1.0917845956330824E-008   2.6684643650171994E-011
           7  -1.2531735998789800E-009  -1.1003779157185609E-011
  -9.1323079979539200E-009   3.8209836757485905E-013
  -1.0947892484852348E-008   2.0378197584014849E-011
           8  -1.2404785186733930E-009  -8.5664170675692133E-012
  -9.1348686753056146E-009   2.8298937853667690E-012
  -1.0973069948467071E-008   1.7819891981434877E-011
           9  -1.2299014752904822E-009  -7.4174787910182101E-012
  -9.1400889568007867E-009   4.5620482761905623E-012
  -1.0996379156835757E-008   1.6986115190683837E-011
          10  -1.2202837990975338E-009  -6.9501989993372816E-012
  -9.1473426354181739E-009   5.9348494293405894E-012
  -1.1019359752482573E-008   1.7052091334520361E-011
          11  -1.2109595440435365E-009  -6.8864466620717055E-012
  -9.1562958482969462E-009   7.1147567900695049E-012
  -1.1042879322657643E-008   1.7637311949545268E-011
          12  -1.2015060450585160E-009  -7.0879881111777604E-012
  -9.1667633261215739E-009   8.1877740043716744E-012
  -1.1067470253064880E-008   1.8550010301479557E-011
          13  -1.1916271536419839E-009  -7.4828162671840828E-012
  -9.1786415955945144E-009   9.2022079059186221E-012
  -1.1093486876710416E-008   1.9687344712288793E-011
          14  -1.1810939234107858E-009  -8.0331570110932436E-012
  -9.1918755960862733E-009   1.0187312624667205E-011
  -1.1121184704623414E-008   2.0991965161160765E-011
          15  -1.1697121230426480E-009  -8.7204009474208432E-012
  -9.2064410053359864E-009   1.1162154906625167E-011
  -1.1150763150276819E-008   2.2431460194885051E-011
          16  -1.1573030585166860E-009  -9.5375675821116295E-012
  -9.2223344792602665E-009   1.2140144572031452E-011
  -1.1182390003614671E-008   2.3987965902837399E-011
          17  -1.1436912906193281E-009  -1.0485389636876752E-011
  -9.2395681321339303E-009   1.3131501825909368E-011
  -1.1216216286856215E-008   2.5652634463914833E-011
          18  -1.1286959975072184E-009  -1.1570262329647586E-011
  -9.2581664250293614E-009   1.4144685788528084E-011
  -1.1252385830658206E-008   2.7422577022978727E-011
          19  -1.1121242251561630E-009  -1.2803223195512518E-011
  -9.2781645072380966E-009   1.5187277688268188E-011
  -1.1291041873500191E-008   2.9299139008536464E-011
          20  -1.0937650046737736E-009  -1.4199549575325364E-011
  -9.2996074973905706E-009   1.6266570990526773E-011
  -1.1332331971572689E-008   3.1286932891071722E-011
          21  -1.0733836872043040E-009  -1.5778766989915103E-011
  -9.3225504264673121E-009   1.7390005286780465E-011
  -1.1376411978442839E-008   3.3393327476433455E-011
          22  -1.0507160318104338E-009  -1.7564969751131224E-011
  -9.3470586981928467E-009   1.8565523356936167E-011
  -1.1423449571361138E-008   3.5628232708312404E-011
          23  -1.0254616627582090E-009  -1.9587417352171864E-011
  -9.3732090036189030E-009   1.9801901830913095E-011
  -1.1473627648879824E-008   3.8004094383138540E-011
          24  -9.9727652955913191E-010  -2.1881411113452377E-011
  -9.4010906819756816E-009   2.1109091746032147E-011
  -1.1527147845291042E-008   4.0536056657551002E-011
          25  -9.6576397331022677E-010  -2.4489488026159069E-011
  -9.4308075631164186E-009   2.2498599673375188E-011
  -1.1584234372710939E-008   4.3242277740598041E-011
          26  -9.3046393171078626E-010  -2.7463000423915577E-011
  -9.4624803669962677E-009   2.3983940060085657E-011
  -1.1645138396974263E-008   4.6144404184900869E-011
          27  -8.9083969922607742E-010  -3.0864186815567103E-011
  -9.4962497789242400E-009   2.5581193952068992E-011
  -1.1710143173086338E-008   4.9268226677786655E-011
          28  -8.4626148779303131E-010  -3.4768886730208843E-011
  -9.5322803717431469E-009   2.7309718427934816E-011
  -1.1779570208907622E-008   5.2644558692695759E-011
          29  -7.9598578829676648E-010  -3.9270118009786316E-011
  -9.5707656143689262E-009   2.9193065988506607E-011
  -1.1853786795496751E-008   5.6310401963737827E-011
          30  -7.3912918350482772E-010  -4.4482829013667921E-011
  -9.6119342991250721E-009   3.1260196032022107E-011
  -1.1933215346950738E-008   6.0310493206055967E-011
          31  -6.7463476222605923E-010  -5.0550276522508506E-011
  -9.6560588508344336E-009   3.3547095229963913E-011
  -1.2018345145196812E-008   6.4699369955136158E-011
          32  -6.0122855880084288E-010  -5.7652687972014816E-011
  -9.7034661679521517E-009   3.6098976432599201E-011
  -1.2109747307739344E-008   6.9544157700036376E-011
          33  -5.1736237617901991E-010  -6.6019185198551300E-011
  -9.7545519200911399E-009   3.8973307195801352E-011
  -1.2208094123777346E-008   7.4928378237304263E-011
          34  -4.2113775982082431E-010  -7.5944445139222328E-011
  -9.8097996349079355E-009   4.2244046836945238E-011
  -1.2314184392214652E-008   8.0957231364307243E-011
          35  -3.1020347112385015E-010  -8.7812369333676241E-011
  -9.8698065283862921E-009   4.6007675579660935E-011
  -1.2428977135677103E-008   8.7765044556759444E-011
          36  -1.8153275817683929E-010  -1.0213033877077783E-010
  -9.9353065974585135E-009   5.0391934418138913E-011
  -1.2553636800357863E-008   9.5525981327631408E-011
          37  -3.1556864350102182E-011  -1.1957980992124814E-010
  -1.0007269815415980E-008   5.5568759088389919E-011
  -1.2689597738216916E-008   1.0446976314719895E-010
          38   1.4460673625196747E-010  -1.4109282058487961E-010
  -1.0086898384878217E-008   6.1773862187149940E-011
  -1.2838650093886685E-008   1.1490530632435618E-010
          39   3.5328862342400065E-010  -1.6797068298905059E-010
  -1.0175824108507571E-008   6.9337165131335371E-011
  -1.3003068195082563E-008   1.2725722061804617E-010
          40   6.0270977936756679E-010  -2.0207368921648292E-010
  -1.0276069270100468E-008   7.8731493469363487E-011
  -1.3185798744888103E-008   1.4212389980228525E-010
          41   9.0425923213444653E-010  -2.4613478298957777E-010
  -1.0390551311042892E-008   9.0653189396663390E-011
  -1.3390743517323639E-008   1.6037323098247984E-010
          42   1.2736741165590959E-009  -3.0429895395013236E-010
  -1.0523335558549748E-008   1.0616085885367126E-010
  -1.3623207058430649E-008   1.8330670621448838E-010
          43   1.7334898512841521E-009  -3.8309453625309473E-010
  -1.0680058580684847E-008   1.2692540426637618E-010
  -1.3890623719658516E-008   2.1295425506191142E-010
          44   2.3173186652203350E-009  -4.9328061522861589E-010
  -1.0869281308950792E-008   1.5570588240714079E-010
  -1.4203795697307322E-008   2.5263401325161981E-010
          45   3.0766201387205843E-009  -6.5360103642695992E-010
  -1.1104159827442830E-008   1.9731689443956037E-010
  -1.4579119765642626E-008   3.0808829972672511E-010
          46   4.0953825832121511E-009  -8.9906133773175379E-010
  -1.1406193061576949E-008   2.6076219849863722E-010
  -1.5042831467543360E-008   3.8998591096636181E-010
          47   5.5185254204289529E-009  -1.3011625989980073E-009
  -1.1812690725558371E-008   3.6445167922042881E-010
  -1.5639746822280138E-008   5.2003553285331396E-010
          48   7.6163219556995071E-009  -2.0245064784124478E-009
  -1.2393207875004738E-008   5.5079793555271351E-010
  -1.6452895845559240E-008   7.4808198438024559E-010
          49   1.0946282047059625E-008  -3.5169872954631615E-009
  -1.3290696096722805E-008   9.3526407377560477E-010
  -1.7651882210502481E-008   1.2095380482040229E-009
          50   1.6749537636453773E-008  -7.3375424513804509E-009
  -1.4825693272655576E-008   1.9198356194611450E-009
  -1.9613398359050681E-008   2.3753161566054082E-009
          51   2.6698636361952947E-008  -2.1199341395371272E-008
  -1.7428259410848172E-008   5.4936433915537430E-009
  -2.2844321464686870E-008   6.5745264257355341E-009
          52   1.4909061601825613E-009  -6.5547392831621425E-008
  -1.0962097470875706E-008   1.6929307886621223E-008
  -1.5480524779240902E-008   1.9980465080675296E-008
          53  -3.6486298084620771E-008  -2.5075724815756101E-008
  -1.2009705177449761E-009   6.4895410301009906E-009
  -4.2847815654996696E-009   7.7793822632572170E-009
          54  -2.6390190127519614E-008  -8.2127914342052056E-009
  -3.8336449807315348E-009   2.1376226172099839E-009
  -7.6307834780988558E-009   2.7095614598886265E-009
          55  -2.0144505008265996E-008  -3.7945923177588003E-009
  -5.4687699504200575E-009   9.9414197421651422E-010
  -9.8459614022612639E-009   1.4010575005790442E-009
          56  -1.6626184818086207E-008  -2.1245961319089424E-009
  -6.3940892635444336E-009   5.5805682526864350E-010
  -1.1275363890757200E-008   9.2726918607395158E-010
          57  -1.4462045280510077E-008  -1.3274770863341480E-009
  -6.9618679802325347E-009   3.4526703620492666E-010
  -1.2341218552154257E-008   7.2343794781715340E-010
          58  -1.3037738789159317E-008  -8.8514264895448116E-010
  -7.3275971946225205E-009   2.2150624090359951E-010
  -1.3238858143895833E-008   6.3517804155895000E-010
          59  -1.2059658985741806E-008  -6.1178015739593433E-010
  -7.5631826899897431E-009   1.3790451471332369E-010
  -1.4070075012801977E-008   6.0932030610150941E-010
          60  -1.1374286773855690E-008  -4.2760630665326797E-010
  -7.7026996490477949E-009   7.2464094007623218E-011
  -1.4899089532651359E-008   6.2611275849324803E-010
          61  -1.0895819092378448E-008  -2.9327883907826282E-010
  -7.7605214285079250E-009   1.2838907144097063E-011
  -1.5776671514700004E-008   6.8030814859850627E-010
          62  -1.0575533723736234E-008  -1.8667686127966828E-010
  -7.7378344209345580E-009  -5.0213362081912538E-011
  -1.6753425306167091E-008   7.7577790338530907E-010
          63  -1.0386929215277271E-008  -9.3069596977966120E-011
  -7.6240986211128894E-009  -1.2645210294586379E-010
  -1.7890732640246878E-008   9.2568210096926357E-010
          64  -1.0321145888215281E-008   2.7981404788241583E-013
  -7.3944046995131462E-009  -2.2980068263085926E-010
  -1.9274696977615508E-008   1.1573386090808031E-009
          65  -1.0386493789889977E-008   1.0900161358245171E-010
  -7.0007096850242799E-009  -3.8471188280431982E-010
  -2.1039934763388802E-008   1.5254143461903305E-009
          66  -1.0615144865922674E-008   2.5996169300031176E-010
  -6.3526486057516130E-009  -6.4120884506350061E-010
  -2.3417595853169358E-008   2.1463515525608323E-009
          67  -1.1084984359409673E-008   5.1319694276984061E-010
  -5.2729343004426409E-009  -1.1181323803892898E-009
  -2.6844560170728102E-008   3.2992983220344709E-009
          68  -1.1976945273801914E-008   1.0384070897568821E-009
  -3.3797586066918216E-009  -2.1565142996076093E-009
  -3.2236748701418407E-008   5.7849366046438290E-009
          69  -1.3705851315733337E-008   2.4745078098510479E-009
   1.8276246284793097E-010  -5.0417850306524340E-009
  -4.1626593553738047E-008   1.2614503396788689E-008
          70  -1.6298068161505724E-008   8.2466740267504466E-009
   5.4972591014674749E-009  -1.6656594930838828E-008
  -5.5249002525084123E-008   3.9886938189977438E-008
          71  -2.0550703620928050E-009   1.7685235125927079E-008
  -2.2933510088917136E-008  -3.5669519212600317E-008
   9.7981731852859840E-009   8.4513079057365802E-008
          72   2.5324510074443403E-009   4.8854178905713582E-009
  -3.1860399736519811E-008  -1.0101747740542627E-008
   2.8952084546948319E-008   2.5049025288174422E-008
          73   4.2375656225651105E-010   1.2875820616621891E-009
  -2.7117350112266084E-008  -3.1296760845127643E-009
   1.5666822019960275E-008   9.2509846991841696E-009
          74  -9.3864533251843977E-011  -1.3710295834543588E-010
  -2.5128792989948458E-008  -7.8720050217192936E-010
   7.9811757411902082E-009   4.7132988169800616E-009
          75   8.1733783386565638E-010  -1.5678426712942611E-009
  -2.5115272104160268E-008   8.6396714563139499E-010
   3.3205078180798660E-009   2.9432180235758285E-009
          76   3.6578987428050577E-009  -4.8600766479013714E-009
  -2.7090381721511934E-008   3.7821376011052014E-009
   9.7978565058436471E-011   2.2405400634664568E-009
          77   6.5791737799051853E-009  -1.8220812640727182E-008
  -2.9387410046128523E-008   1.4732325092669129E-008
  -2.2665692172447522E-009   2.6007400378475003E-009
          78  -2.2776942874713962E-008  -2.4237984672263345E-008
  -5.7923348419810389E-009   1.9704389421369997E-008
  -2.0028460878635130E-009   2.6814691283024541E-009
          79  -2.3319622452873138E-008  -6.4490320075506227E-009
  -5.5967979061282111E-009   5.4264332269586938E-009
  -3.2948125735751505E-009   1.3162503261453581E-009
          80  -1.9732369375088539E-008  -2.2745443743773742E-009
  -8.8465004014106913E-009   2.1313770038741414E-009
  -4.6388794491461600E-009   9.0855738469797345E-010
          81  -1.8016434918769938E-008  -9.4784676909893156E-010
  -1.0683661597072038E-008   1.1310596864889544E-009
  -5.7127348997066233E-009   7.3042382544546491E-010
          82  -1.7271853248007998E-008  -3.6278433095208925E-010
  -1.1831274808671551E-008   7.2926472852871980E-010
  -6.6224023786311890E-009   6.3062583776042049E-010
          83  -1.7056325036718066E-008  -3.8381142723313004E-011
  -1.2649269798454408E-008   5.4125498746850221E-010
  -7.4306176828471604E-009   5.6980250424361512E-010
          84  -1.7176747680959063E-008   1.7765252174085439E-010
  -1.3300096423820845E-008   4.4745200594627707E-010
  -8.1758760863329266E-009   5.3335753582051280E-010
          85  -1.7544792948510964E-008   3.4630999940491724E-010
  -1.3866749650257994E-008   4.0223621238206031E-010
  -8.8851643153599607E-009   5.1476726194534317E-010
          86  -1.8123066110000920E-008   4.9740290297570703E-010
  -1.4396034089440420E-008   3.8588208824710540E-010
  -9.5798966520930827E-009   5.1107268303331176E-010
          87  -1.8902376185164853E-008   6.4900533070198910E-010
  -1.4918765497602330E-008   3.8944013159388058E-010
  -1.0279166170577307E-008   5.2138545581497806E-010
          88  -1.9893693658855695E-008   8.1529635241096011E-010
  -1.5458048996683165E-008   4.0924434149891762E-010
  -1.1002011834484401E-008   5.4642195860057905E-010
          89  -2.1126085533176179E-008   1.0108064196863655E-009
  -1.6034717991293302E-008   4.4482476223794038E-010
  -1.1769483726170049E-008   5.8855653279920404E-010
          90  -2.2649591623400913E-008   1.2539944727991180E-009
  -1.6670845962243461E-008   4.9831620960844657E-010
  -1.2607068087851003E-008   6.5232415696659180E-010
          91  -2.4543861127201568E-008   1.5719713686286001E-009
  -1.7393367942916518E-008   5.7482325706605533E-010
  -1.3548117194291709E-008   7.4555513794907797E-010
          92  -2.6932843239619275E-008   2.0087541811397640E-009
  -1.8237987203519796E-008   6.8385274636336105E-010
  -1.4639320040913833E-008   8.8167074075419599E-010
          93  -3.0013886892555916E-008   2.6420831214583809E-009
  -1.9256585845551952E-008   8.4261631615563010E-010
  -1.5950260581651219E-008   1.0844290001624360E-009
          94  -3.4118556111530039E-008   3.6218782412129945E-009
  -2.0532032447261737E-008   1.0834728727806379E-009
  -1.7591469279005545E-008   1.3984170360080730E-009
          95  -3.9842791877392763E-008   5.2697677085530457E-009
  -2.2202627703658927E-008   1.4719713931472490E-009
  -1.9751331677517923E-008   1.9146331780394109E-009
          96  -4.8344416761564589E-008   8.3805294139429924E-009
  -2.4522506669352482E-008   2.1562049278507406E-009
  -2.2778581249634110E-008   2.8416777984477089E-009
          97  -6.2121240725265967E-008   1.5355007679011759E-008
  -2.8005342528339231E-008   3.5266259006570786E-009
  -2.7384913676128733E-008   4.7432126928470837E-009
          98  -8.6540895821398974E-008   3.5973133927685029E-008
  -3.3798017132369609E-008   6.8712611745679678E-009
  -3.5149783246082401E-008   9.5617792544959398E-009
          99  -1.0867899958231215E-007   1.2386732122872847E-007
  -4.4272905600937776E-008   1.8232872556656713E-008
  -4.8271159910867650E-008   2.6756824386402262E-008
         100   7.5618166980775058E-008   1.5434435951023311E-007
  -2.8931343447989088E-008   6.6413684678383599E-008
  -2.1973458958813263E-008   8.4454278388670914E-008
         101   7.2026756589513096E-008   4.3743100476834149E-008
   1.9038248616873291E-008   2.9085825930415566E-008
   3.4129704076928730E-008   3.5847345818220093E-008
         102   4.4816992125327658E-008   1.7740068990167096E-008
   8.3625269037602058E-009   9.4019498338229381E-009
   2.0606950962373964E-008   1.1648632702573749E-008
         103   2.9222242686208939E-008   9.5871219644584058E-009
   1.2019881459782102E-009   4.4323632574134884E-009
   1.1738157374236951E-008   5.4543759436111699E-009
         104   1.9442551773318022E-008   6.1710537593917459E-009
  -3.0200759039456839E-009   2.6185759928131486E-009
   6.5918529247468797E-009   3.1604984084480269E-009
         105   1.2574161933659815E-008   4.4842823469160048E-009
  -5.8103668832285581E-009   1.7832904164668644E-009
   3.2781659284373838E-009   2.0858240534327617E-009
         106   7.2714166829901067E-009   3.5803846228288091E-009
  -7.8479092136135890E-009   1.3416751228431635E-009
   9.4773511615513036E-010   1.5035263494708562E-009
         107   2.8328287037749868E-009   3.0939303367111540E-009
  -9.4570891820618905E-009   1.0887371626778697E-009
  -8.0653800536546865E-010   1.1567618281974627E-009
         108  -1.1562030866464377E-009   2.8661507256925742E-009
  -1.0812169990850591E-008   9.3880243627432560E-010
  -2.2005497467991433E-009   9.3718213951867630E-010
         109  -4.9787528801235481E-009   2.8269677936235314E-009
  -1.2015459235670928E-008   8.5169016306074029E-010
  -3.3595657954276046E-009   7.9318479609061200E-010
         110  -8.8626900183381774E-009   2.9530231478269721E-009
  -1.3133967564442678E-008   8.0737437487218046E-010
  -4.3624162727597686E-009   6.9816820559056482E-010
         111  -1.3028284632203783E-008   3.2540152170517621E-009
  -1.4216724181915172E-008   7.9614408117206383E-010
  -5.2630019351573750E-009   6.3799657604636508E-010
         112  -1.7730591404065156E-008   3.7741122711887085E-009
  -1.5304996611369190E-008   8.1470008788438744E-010
  -6.1020302013320614E-009   6.0572103566341510E-010
         113  -2.3309830163767134E-008   4.6083533670756415E-009
  -1.6438602464640126E-008   8.6519276361686054E-010
  -6.9145827907052390E-009   5.9963764961442825E-010
         114  -3.0274602780035034E-008   5.9459614366669512E-009
  -1.7663431206955529E-008   9.5673567219876093E-010
  -7.7366386686140055E-009   6.2363756413846941E-010
         115  -3.9469520723992598E-008   8.1796220668860276E-009
  -1.9045151300218547E-008   1.1111338299788264E-009
  -8.6134685895864938E-009   6.9073029673846825E-010
         116  -5.2433319349663919E-008   1.2209991984283809E-008
  -2.0685707631348931E-008   1.3799448801767262E-009
  -9.6149228617307741E-009   8.3447799022322672E-010
         117  -7.2277605525226791E-008   2.0451787247298282E-008
  -2.2781045186321756E-008   1.9014855074169973E-009
  -1.0870455724479401E-008   1.1478990479795926E-009
         118  -1.0589364267258010E-007   4.1097562477659919E-008
  -2.5741488603275449E-008   3.1426297485019902E-009
  -1.2655704331210801E-008   1.9492141548411997E-009
         119  -1.6431421359237895E-007   1.1337862215243665E-007
  -3.0215190539178396E-008   7.3308246829243311E-009
  -1.5406865726077235E-008   4.7645382544680897E-009
         120  -6.5567492436352628E-008   3.7716527141004074E-007
  -2.5925305369494724E-008   2.2399346958282085E-008
  -1.2051690226721570E-008   1.5035614252437311E-008
         121   2.0801811347992378E-007   1.6887706165456802E-007
  -1.1905222627954037E-008   1.0748386443600406E-008
  -1.9100771764721288E-009   6.9470095773252827E-009
         122   1.4797285333415793E-007   5.3758401226922856E-008
  -1.7030643847173344E-008   4.4277048761298185E-009
  -4.7724142546438906E-009   2.4902401995470838E-009
         123   1.0781208511543789E-007   2.4645861496214016E-008
  -2.1347792625840064E-008   3.0538594704688095E-009
  -6.8963167867680569E-009   1.3885960035292499E-009
         124   8.4907187558437557E-008   1.3959533177710003E-008
  -2.5121018220185370E-008   2.8344308150133210E-009
  -8.3980887717767567E-009   1.0162967729786482E-009
         125   7.0498493442836106E-008   8.9708049702711871E-009
  -2.9028446909201533E-008   3.1149132660749232E-009
  -9.6382874078647810E-009   8.8405788351666884E-010
         126   6.0650223719415978E-008   6.2627571407901486E-009
  -3.3588260843983946E-008   3.8295324937626670E-009
  -1.0799988372838369E-008   8.7005534472833500E-010
         127   5.3491711895637727E-008   4.6308612260540972E-009
  -3.9428367292706173E-008   5.1797747035180348E-009
  -1.2005320013705493E-008   9.5042574756292603E-010
         128   4.8048353319610291E-008   3.5548314115802269E-009
  -4.7597887572255334E-008   7.7865031743765677E-009
  -1.3381774405764701E-008   1.1594853855169611E-009
         129   4.3798401334964564E-008   2.7419542420993673E-009
  -6.0229950548022953E-008   1.3529104228723463E-008
  -1.5132125002179276E-008   1.6430575220846660E-009
         130   4.0501859994966986E-008   1.8525286563622996E-009
  -8.1961790644007073E-008   2.9721772340594314E-008
  -1.7657558664349857E-008   2.9918659484913548E-009
         131   3.7798957777361453E-008  -3.7923729471506210E-010
  -1.0995475460942351E-007   9.6200432383982091E-008
  -2.0753835021950318E-008   8.4337745260268481E-009
         132   2.9724163421461573E-008  -2.6265746273977722E-009
   4.5099746508673227E-008   1.6863048668696729E-007
  -9.1173430385467902E-009   1.4382131026872648E-008
         133   2.5727289270313653E-008   1.1360416887623900E-009
   6.4279275695595693E-008   4.8951637627674748E-008
  -8.6161546885952875E-009   4.8028472818893654E-009
         134   2.2877875085200719E-008   2.3940073878270435E-009
   3.5420505523477202E-008   1.9797876048344167E-008
  -1.2186093431834071E-008   2.6003814549547727E-009
         135   1.9000999386520356E-008   3.4046718952755159E-009
   1.7541521792792599E-008   1.1665428498919733E-008
  -1.5118591632041473E-008   2.1664334856356499E-009
         136   1.3623710638371660E-008   4.9858531694681551E-009
   4.5745573065413947E-009   9.3561411550622302E-009
  -1.8012736559134832E-008   2.3054261346688513E-009
         137   5.5937258440117597E-009   8.1896820033249588E-009
  -7.5794501441566505E-009   1.0381310670276790E-008
  -2.1368895317025904E-008   2.8747953457018316E-009
         138  -7.7444708482341233E-009   1.6340354623306790E-008
  -2.2711628444376442E-008   1.6908682469051453E-008
  -2.5773236696549627E-008   4.1326307109478457E-009
