   262144.00000000000     
         256           1           3
   1.7567330116226543E-005  -3.5258908276610001       -62.512242791799999     
   6.0401400154609997        12.000000000000000        5733.8999999999996     
           0   0.0000000000000000        0.0000000000000000     
   0.0000000000000000        0.0000000000000000     
   0.0000000000000000        0.0000000000000000     
           1  -1.3333154903434720E-010  -1.7590236727550974E-011
  -9.3624465625373493E-010  -4.6039432527869417E-012
   1.0194594324107341E-008  -1.9959785848069759E-010
           2  -1.5302581609269435E-010  -7.1092578946034239E-011
  -9.4177204970260849E-010  -1.8847221683097492E-011
   9.9757920110981443E-009  -8.0368318376462207E-010
           3  -2.1380129839078596E-010  -3.3789802587604217E-011
  -9.5848814086636235E-010  -8.7154080156632130E-012
   9.2962975586393149E-009  -3.8501173114956149E-010
           4  -2.0388651237127550E-010  -9.8879960777191463E-012
  -9.5639194596715273E-010  -2.1796296846921430E-012
   9.4150228173417432E-009  -1.1728183074440978E-010
           5  -1.9713883650001789E-010  -4.0755899991432097E-012
  -9.5531041103899473E-010  -4.9798637283531732E-013
   9.5001003572607999E-009  -5.3301407683669317E-011
           6  -1.9365928313098533E-010  -2.0353086910802608E-012
  -9.5527298253948149E-010   1.7304343231979722E-013
   9.5503991323909164E-009  -3.1812671431038042E-011
           7  -1.9174561768360866E-010  -1.1203524794988453E-012
  -9.5582564084447160E-010   5.4435672417749252E-013
   9.5850997924697628E-009  -2.3005022691531476E-011
           8  -1.9064663608833408E-010  -6.4002987069407111E-013
  -9.5677024977939183E-010   8.0180934287491654E-013
   9.6126725041787771E-009  -1.9099863940187649E-011
           9  -1.9001529847403505E-010  -3.5872303774922067E-013
  -9.5801780468418638E-010   1.0091369407127698E-012
   9.6370362855441822E-009  -1.7444075873074958E-011
          10  -1.8967481774278980E-010  -1.8028855758697621E-013
  -9.5952569394454902E-010   1.1926764002981967E-012
   9.6601934199120131E-009  -1.6955319979863695E-011
          11  -1.8952684914534510E-010  -6.0273975505431552E-014
  -9.6127311371853536E-010   1.3649367700125571E-012
   9.6832633088622238E-009  -1.7133277258840380E-011
          12  -1.8951229234334727E-010   2.3807603734111735E-014
  -9.6325061635393409E-010   1.5325871568093878E-012
   9.7069236845495609E-009  -1.7724800218270759E-011
          13  -1.8959299701717057E-010   8.4087515189945397E-014
  -9.6545528279594405E-010   1.6995834393805130E-012
   9.7316163149693411E-009  -1.8593093341743727E-011
          14  -1.8974252953186428E-010   1.2739133308506716E-013
  -9.6788834234437120E-010   1.8685358399617364E-012
   9.7576505723333263E-009  -1.9660770649494331E-011
          15  -1.8994118185173187E-010   1.5762595620985692E-013
  -9.7055394894768579E-010   2.0413639489996433E-012
   9.7852591218295655E-009  -2.0882889086119095E-011
          16  -1.9017309752932306E-010   1.7698336497754158E-013
  -9.7345854688497887E-010   2.2196368204109225E-012
   9.8146296444421792E-009  -2.2233291301457512E-011
          17  -1.9042450885574470E-010   1.8657763766967181E-013
  -9.7661055989988014E-010   2.4047642913410002E-012
   9.8459238953188243E-009  -2.3697308252820112E-011
          18  -1.9068257831069709E-010   1.8679234221367591E-013
  -9.8002027279486220E-010   2.5981147292252236E-012
   9.8792897708304287E-009  -2.5267694255891360E-011
          19  -1.9093457370532531E-010   1.7747065821580010E-013
  -9.8369983915595497E-010   2.8010957770251003E-012
   9.9148693871071555E-009  -2.6942295815012527E-011
          20  -1.9116722380590980E-010   1.5801448471526054E-013
  -9.8766338198788318E-010   3.0152172213990358E-012
   9.9528048383895735E-009  -2.8722697702566915E-011
          21  -1.9136616166516187E-010   1.2742670173650538E-013
  -9.9192717231690448E-010   3.2421468900360514E-012
   9.9932426069483752E-009  -3.0613448016716032E-011
          22  -1.9151539444690577E-010   8.4314211263699579E-014
  -9.9650988196513607E-010   3.4837665719956015E-012
   1.0036337220133250E-008  -3.2621646035435196E-011
          23  -1.9159675451337216E-010   2.6860241321297174E-014
  -1.0014329144822577E-009   3.7422332141520373E-012
   1.0082254542697519E-008  -3.4756773902730859E-011
          24  -1.9158929345895427E-010  -4.7231163884148837E-014
  -1.0067208246905640E-009   4.0200501260511802E-012
   1.0131174978273174E-008  -3.7030707946880137E-011
          25  -1.9146858171654892E-010  -1.4081944197321671E-013
  -1.0124018436983641E-009   4.3201532172627203E-012
   1.0183296794413119E-008  -3.9457878448333076E-011
          26  -1.9120587271305300E-010  -2.5744487654860075E-013
  -1.0185085335097510E-009   4.6460182646780964E-012
   1.0238839760720379E-008  -4.2055568698111811E-011
          27  -1.9076708253212352E-010  -4.0148671710785667E-013
  -1.0250786044166716E-009   5.0017969082724893E-012
   1.0298049289758212E-008  -4.4844361181772443E-011
          28  -1.9011152309788595E-010  -5.7837386259988922E-013
  -1.0321559402661087E-009   5.3924916926658200E-012
   1.0361201291778540E-008  -4.7848754493567737E-011
          29  -1.8919030768062145E-010  -7.9486539906622688E-013
  -1.0397918928800011E-009   5.8241843704619555E-012
   1.0428607997309528E-008  -5.1097992073470991E-011
          30  -1.8794431966890593E-010  -1.0594260140815461E-012
  -1.0480469294236883E-009   6.3043374601190587E-012
   1.0500625070547348E-008  -5.4627166050608476E-011
          31  -1.8630159529651717E-010  -1.3827326036908310E-012
  -1.0569927484150379E-009   6.8421976737089023E-012
   1.0577660439876031E-008  -5.8478690124628402E-011
          32  -1.8417391245953634E-010  -1.7783653086443461E-012
  -1.0667150260322952E-009   7.4493428706286367E-012
   1.0660185424063020E-008  -6.2704280038042504E-011
          33  -1.8145229150655410E-010  -2.2637621243858580E-012
  -1.0773170217193990E-009   8.1404342384625146E-012
   1.0748748957370036E-008  -6.7367647444781776E-011
          34  -1.7800098495430918E-010  -2.8615567452424880E-012
  -1.0889243725057071E-009   8.9342667982743084E-012
   1.0843996051748473E-008  -7.2548217197527443E-011
          35  -1.7364933683537378E-010  -3.6014840693140962E-012
  -1.1016915580341135E-009   9.8552615468037760E-012
   1.0946692141916587E-008  -7.8346343670133389E-011
          36  -1.6817883219674274E-010  -4.5231438312525361E-012
  -1.1158183711784848E-009   1.0935624867275788E-011
   1.1057755670496772E-008  -8.4890771631495079E-011
          37  -1.6131446255886133E-010  -5.6800907126864011E-012
  -1.1315317909438778E-009   1.2218538136617832E-011
   1.1178303019474715E-008  -9.2349539146684037E-011
          38  -1.5269188005136680E-010  -7.1460278099231546E-012
  -1.1491492049868170E-009   1.3762981575450186E-011
   1.1309710372054893E-008  -1.0094629941505990E-010
          39  -1.4184282125260043E-010  -9.0244289372087383E-012
  -1.1690766964899011E-009   1.5651218764770227E-011
   1.1453703438059368E-008  -1.1098542757253081E-010
          40  -1.2810140644010041E-010  -1.1463935750198828E-011
  -1.1918412450668957E-009   1.8000761062602042E-011
   1.1612486008355395E-008  -1.2289184654780514E-010
          41  -1.1059521648622318E-010  -1.4683835599836805E-011
  -1.2181684684999218E-009   2.0984152949201586E-011
   1.1788939606352770E-008  -1.3727645629709087E-010
          42  -8.8092338843228739E-011  -1.9017908439277470E-011
  -1.2490540489563185E-009   2.4862999709049190E-011
   1.1986929486165119E-008  -1.5504805773674517E-010
          43  -5.8780190098978399E-011  -2.4993424251213509E-011
  -1.2859361282979247E-009   3.0049249042287258E-011
   1.2211802453897885E-008  -1.7761404274677896E-010
          44  -2.0014668945792943E-011  -3.3481453348490748E-011
  -1.3309407397648904E-009   3.7221758304495900E-011
   1.2471237329683572E-008  -2.0726085560154818E-010
          45   3.2366133460051746E-011  -4.6002397168503977E-011
  -1.3873292006280265E-009   4.7563182802453324E-011
   1.2776757363981034E-008  -2.4792523112478566E-010
          46   1.0508721658877849E-010  -6.5399750320717801E-011
  -1.4604006130908334E-009   6.3282299728047025E-011
   1.3146623965117548E-008  -3.0689172054014974E-010
          47   2.0985598321549249E-010  -9.7487393132439789E-011
  -1.5592773173669967E-009   8.8890933733730224E-011
   1.3611770189605942E-008  -3.9893780622055831E-010
          48   3.6870249971419199E-010  -1.5565827754903321E-010
  -1.7010828944110894E-009   1.3477629520239025E-010
   1.4229119073830493E-008  -5.5792214486073578E-010
          49   6.2674761007536229E-010  -2.7637007462326573E-010
  -1.9209509481840829E-009   2.2920412525129369E-010
   1.5114394572886646E-008  -8.7570669921805971E-010
          50   1.0850669484386477E-009  -5.8654260211609481E-010
  -2.2972759324792770E-009   4.7055889611236759E-010
   1.6523791215694918E-008  -1.6715250907606358E-009
          51   1.8796713153220679E-009  -1.7141883490960698E-009
  -2.9355130254504475E-009   1.3456254103419714E-009
   1.8801920689380127E-008  -4.5238247518359729E-009
          52  -1.8990600214427529E-010  -5.3239796262971184E-009
  -1.3553202225401819E-009   4.1447093421586496E-009
   1.3910612282351781E-008  -1.3616054114136381E-008
          53  -3.3007807584239768E-009  -2.0273451002206324E-009
   1.0305012506608725E-009   1.5907050104715968E-009
   6.4342376111581788E-009  -5.3574417885625172E-009
          54  -2.4992714930603077E-009  -6.5281448016392946E-010
   3.8206242467300343E-010   5.2665717329900590E-010
   8.8255585764187076E-009  -1.9329556390634987E-009
          55  -2.0135261700504021E-009  -2.9134481964330459E-010
  -2.3585758279294358E-011   2.4798210650139813E-010
   1.0466912456979368E-008  -1.0594572755111010E-009
          56  -1.7523640025564897E-009  -1.5336859827067049E-010
  -2.5733571400935806E-010   1.4270572793542879E-010
   1.1595447248360914E-008  -7.5439375101790083E-010
          57  -1.6043853708488328E-009  -8.6129762140739310E-011
  -4.0574314058833321E-010   9.2453702184590878E-011
   1.2501580127744136E-008  -6.3591229574201329E-010
          58  -1.5200822561404469E-009  -4.7362998801569424E-011
  -5.0748303971003513E-010   6.4499201156763671E-011
   1.3323317378818110E-008  -6.0058747315512389E-010
          59  -1.4761828270121518E-009  -2.1831024907410205E-011
  -5.8092964427490511E-010   4.7071863436042213E-011
   1.4137180387921928E-008  -6.1410732265543052E-010
          60  -1.4609575970410037E-009  -2.8900936907892926E-012
  -6.3555877770381855E-010   3.5070485110184326E-011
   1.4996996168166018E-008  -6.6563316059467516E-010
          61  -1.4684877679079535E-009   1.2870712119029630E-011
  -6.7645321946159915E-010   2.5909044328871791E-011
   1.5951627330362860E-008  -7.5551130510819919E-010
          62  -1.4961331772996856E-009   2.7554679524346486E-011
  -7.0619363201595543E-010   1.8024501833826453E-011
   1.7056256612533894E-008  -8.9258629494450234E-010
          63  -1.5436539099771806E-009   4.2820431583654508E-011
  -7.2565741935327457E-010   1.0204429569659686E-011
   1.8383775938722201E-008  -1.0961775901387945E-009
          64  -1.6128697868822669E-009   6.0442678444898700E-011
  -7.3412782138041104E-010   1.1386571064729561E-012
   2.0041480368000218E-008  -1.4032359385120416E-009
          65  -1.7082555352116227E-009   8.2968713193722506E-011
  -7.2898611541876819E-010  -1.1133015489297291E-011
   2.2201342645243459E-008  -1.8859915022744366E-009
          66  -1.8385684610611664E-009   1.1501727703824683E-010
  -7.0433125950384064E-010  -3.0362619476778690E-011
   2.5162348304083394E-008  -2.6972291497207446E-009
          67  -2.0202811230195079E-009   1.6679801690805939E-010
  -6.4771506408687817E-010  -6.5271920274487331E-011
   2.9493096089354620E-008  -4.2025926107414064E-009
          68  -2.2874123070325936E-009   2.6632226004777263E-010
  -5.3189377574042413E-010  -1.4075412808866746E-010
   3.6389479212030657E-008  -7.4507303065001293E-009
          69  -2.7131156531418041E-009   5.1635385077430420E-010
  -2.9490487095950518E-010  -3.5058155918511482E-010
   4.8509417133208125E-008  -1.6386333700340829E-008
          70  -3.3131945586479752E-009   1.4599072085406726E-009
   6.8549137047154786E-011  -1.1969851458033440E-009
   6.6153601783363578E-008  -5.2102554601912363E-008
          71  -1.3183809653591014E-009   2.9982949237957862E-009
  -2.0333196893104889E-009  -2.5825389947901354E-009
  -1.9318590710047498E-008  -1.1054791287384440E-007
          72  -9.2952647363910530E-010   1.0660230009211745E-009
  -2.7151098152153063E-009  -7.1289940809388930E-010
  -4.4704158303052982E-008  -3.2582356491670003E-008
          73  -1.7332783948472580E-009   6.4153243928187650E-010
  -2.4050534027202156E-009  -1.9810311013120968E-010
  -2.7661913813466479E-008  -1.1801535911214569E-008
          74  -2.5270340401468083E-009   6.8783342094389314E-010
  -2.3060069959132334E-009  -1.6075675748451590E-011
  -1.8092087626704423E-008  -5.7050436429310149E-009
          75  -3.5560583630295415E-009   1.0712969720024781E-009
  -2.3698228896207561E-009   1.2879042082845774E-010
  -1.2741413262778313E-008  -3.0504163031190288E-009
          76  -5.2171222416858627E-009   2.3462117588462662E-009
  -2.6162242313940726E-009   4.1238234970276867E-010
  -9.7902993523173719E-009  -1.1489899223721865E-009
          77  -6.8244418184060580E-009   7.8713443537763388E-009
  -2.8857065839861801E-009   1.5094994547456661E-009
  -7.9475179097374358E-009   2.5370960368406668E-009
          78   5.0770998356459896E-009   1.0358201442085160E-008
  -5.4329896210560923E-010   2.0072125031002408E-009
   5.6415586498152381E-010   4.3067661281895055E-009
          79   4.9776063433764152E-009   2.9282020567200630E-009
  -5.5410492429108957E-010   5.6825450311767719E-010
   2.1029781588249918E-009   5.3304880698391007E-010
          80   3.1589681384736163E-009   1.1880050990861602E-009
  -9.1053657075661938E-010   2.3604314798119165E-010
   2.4103608517337377E-009  -2.3001498075930271E-010
          81   2.1131786309746849E-009   6.4343013914978202E-010
  -1.1247170175067947E-009   1.3559582024294333E-010
   2.9332410880322682E-009  -3.9770779757065955E-010
          82   1.4558917217672253E-009   4.1476735880100468E-010
  -1.2702984396428256E-009   9.6022671104542620E-011
   3.5225070676726860E-009  -4.3104989099545738E-010
          83   9.9414959718561764E-010   3.0116049964989108E-010
  -1.3842422177174873E-009   7.8555464920326310E-011
   4.1152116102827976E-009  -4.2871912622797580E-010
          84   6.3845362326072509E-010   2.3950998923573592E-010
  -1.4838127846108133E-009   7.1180596762149781E-011
   4.6938614288476329E-009  -4.1858034461692299E-010
          85   3.4244379741961383E-010   2.0539628645588242E-010
  -1.5781123180555304E-009   6.9383068535991696E-011
   5.2577415044954158E-009  -4.1005559764594838E-010
          86   7.8944131472995214E-011   1.8808565216768005E-010
  -1.6729244988957664E-009   7.1312561208978466E-011
   5.8127375433124892E-009  -4.0691629806442899E-010
          87  -1.7017393472106921E-010   1.8263433674233850E-010
  -1.7725512926254256E-009   7.6277414049921527E-011
   6.3678798431679912E-009  -4.1119807685080829E-010
          88  -4.1892593453305495E-010   1.8701679190105713E-010
  -1.8809315054010697E-009   8.4222074089127034E-011
   6.9344448756148783E-009  -4.2467861292090827E-010
          89  -6.8004594464054667E-010   2.0105812843368013E-010
  -2.0022405605359501E-009   9.5570211076265482E-011
   7.5262474025103444E-009  -4.4965004758316727E-010
          90  -9.6707859553334246E-010   2.2619794263494972E-010
  -2.1415166490094628E-009   1.1125878235623959E-010
   8.1607694624440832E-009  -4.8959750573289649E-010
          91  -1.2965742940843243E-009   2.6585173205474665E-010
  -2.3055275885395781E-009   1.3294470655479453E-010
   8.8612672909897630E-009  -5.5014946897735519E-010
          92  -1.6913819508053681E-009   3.2654593794679610E-010
  -2.5038570963617379E-009   1.6347342575744237E-010
   9.6604618031815849E-009  -6.4076649613723412E-010
          93  -2.1856935239325276E-009   4.2055921027792249E-010
  -2.7508289690620196E-009   2.0787184766128007E-010
   1.0607152403413446E-008  -7.7811764758844237E-010
          94  -2.8350601183441338E-009   5.7217783166698104E-010
  -3.0696109525620637E-009   2.7555682232121798E-010
   1.1778840973258417E-008  -9.9349201659392992E-010
          95  -3.7380443965958360E-009   8.3403679801278777E-010
  -3.4996181322371353E-009   3.8572921447895908E-010
   1.3307672488802462E-008  -1.3508748182190391E-009
          96  -5.0856274415319117E-009   1.3367362034871407E-009
  -4.1142920936084566E-009   5.8240010102721140E-010
   1.5438539388550009E-008  -1.9974078522245155E-009
          97  -7.2885666057940982E-009   2.4754666707025330E-009
  -5.0633920110062680E-009   9.8457443410118001E-010
   1.8672016599375189E-008  -3.3326283905680017E-009
          98  -1.1230082479230377E-008   5.8614330534038658E-009
  -6.6795490528126509E-009   2.0030521938155898E-009
   2.4117706900790479E-008  -6.7447010957482238E-009
          99  -1.4770902414549712E-008   2.0333550404866139E-008
  -9.4159949392992101E-009   5.6411045352613720E-009
   3.3169072408024599E-008  -1.9038047456277647E-008
         100   1.5720214091167830E-008   2.5250477660862928E-008
  -3.8148088831404445E-009   1.7716926494723644E-008
   1.3984341998607365E-008  -5.8346706127656949E-008
         101   1.5148548427585898E-008   7.0618684575097379E-009
   7.9232844180822531E-009   7.5048742230419544E-009
  -2.4012837629906847E-008  -2.4594812601739266E-008
         102   1.0820962265835344E-008   2.7971426781226806E-009
   5.0949869183505464E-009   2.4357341577848158E-009
  -1.4673271888373254E-008  -8.0030145563749580E-009
         103   8.4241598827736936E-009   1.4453963875534688E-009
   3.2431287191304605E-009   1.1386120519103537E-009
  -8.5806215327194097E-009  -3.7400165165655774E-009
         104   7.0050537538671424E-009   8.6611822333784669E-010
   2.1699358876945386E-009   6.5920181087179579E-010
  -5.0618893920770709E-009  -2.1536644232418739E-009
         105   6.0918706911300498E-009   5.6673327100699092E-010
   1.4787838790046085E-009   4.3569492713633883E-010
  -2.8164391460110679E-009  -1.4051086769778754E-009
         106   5.4691357594119963E-009   3.9122983467171827E-010
   9.9104170793834072E-010   3.1579520140072910E-010
  -1.2603653028161294E-009  -9.9467591655730939E-010
         107   5.0287244980828615E-009   2.7829216473049701E-010
   6.2086083422477115E-010   2.4575183434659257E-010
  -1.1458575146324872E-010  -7.4528865487905836E-010
         108   4.7118623940416049E-009   1.9986549690807235E-010
   3.2219805509413238E-010   2.0299590556474570E-010
   7.6774324943361918E-010  -5.8185453433358375E-010
         109   4.4844551242857284E-009   1.4150883098415777E-010
   6.7848323964202330E-011   1.7692978342638143E-010
   1.4702803492982987E-009  -4.6816143530054020E-010
         110   4.3262840263729752E-009   9.4952802703093615E-011
  -1.6002121281046671E-010   1.6231202195232294E-010
   2.0436367285695742E-009  -3.8493244426818945E-010
         111   4.2256673825191590E-009   5.4847399530162532E-011
  -3.7459526699473698E-010   1.5670278493040817E-010
   2.5197187910571209E-009  -3.2100432590399675E-010
         112   4.1767517225217328E-009   1.7078349136542204E-011
  -5.8721559607077815E-010   1.5949676747926655E-010
   2.9190131423547460E-009  -2.6933310634393065E-010
         113   4.1788715272131785E-009  -2.2409274879204154E-011
  -8.0935218680228316E-010   1.7179771390591917E-010
   3.2543629521727686E-009  -2.2494026004526267E-010
         114   4.2374029932193073E-009  -6.8961582539840708E-011
  -1.0552549585544928E-009   1.9710632438124584E-010
   3.5327526421772858E-009  -1.8360047933524301E-010
         115   4.3657859175476850E-009  -1.3174559371569013E-010
  -1.3457271645580742E-009   2.4354210053245297E-010
   3.7556227549006360E-009  -1.4053069578307922E-010
         116   4.5935515156993278E-009  -2.3024133940348924E-010
  -1.7162993689559695E-009   3.3032607790823668E-010
   3.9172113917983504E-009  -8.7987555349966910E-011
         117   4.9835440776908185E-009  -4.1528663011701416E-010
  -2.2360899239649144E-009   5.0939115384281166E-010
   3.9991163186722116E-009  -8.2473097194528583E-012
         118   5.6779496531556884E-009  -8.5792964784326639E-010
  -3.0557522988710327E-009   9.5709063267208306E-010
   3.9555627670678384E-009   1.5533078327389234E-010
         119   6.9059536767850612E-009  -2.3755248220133825E-009
  -4.4150237293800486E-009   2.5175713208089811E-009
   3.7109240668259880E-009   6.6881325812270392E-010
         120   4.8775510738830492E-009  -7.8811785495061809E-009
  -2.4031780092722320E-009   8.1998986524972820E-009
   4.4886499839519415E-009   2.4772059491037158E-009
         121  -7.7512807072404760E-010  -3.5561739439230549E-009
   3.3557049939535685E-009   3.7315592272447552E-009
   6.4014880119269599E-009   1.1088457463297775E-009
         122   5.3774968667894469E-010  -1.1719440473421995E-009
   1.9197440528386720E-009   1.2720540092180594E-009
   6.0103873990283688E-009   3.7881092356840823E-010
         123   1.4548063950352760E-009  -5.7954657426463031E-010
   8.8484810755054197E-010   6.6946957831867574E-010
   5.6820935292996522E-009   2.4485656431060469E-010
         124   2.0320434191327829E-009  -3.7180243860168143E-010
   1.8345113256245754E-010   4.7387227529680413E-010
   5.3719102438827450E-009   2.6145011674390224E-010
         125   2.4531769240067648E-009  -2.8362827629074317E-010
  -3.9045512310976622E-010   4.1807493704482144E-010
   4.9765871636903234E-009   3.6087453900468306E-010
         126   2.8014901784821881E-009  -2.4338225079850307E-010
  -9.5053813351366891E-010   4.4129950170053125E-010
   4.3940816013290607E-009   5.5504737211959038E-010
         127   3.1159373561967672E-009  -2.2418204651293767E-010
  -1.5883698934429212E-009   5.4463075084838512E-010
   3.4749516458224831E-009   9.1028201338626613E-010
         128   3.4136136102775645E-009  -2.0942408840001614E-010
  -2.4235820573044505E-009   7.8225540855714790E-010
   1.9445436927530429E-009   1.6039045198605008E-009
         129   3.6920989501219601E-009  -1.7323290101398340E-010
  -3.6778084867016684E-009   1.3390792938298504E-009
  -7.7698459506417643E-010   3.1639651439466281E-009
         130   3.9177061986844087E-009  -2.5009392852569310E-011
  -5.8203873711777969E-009   2.9487566960134595E-009
  -5.9717049558662680E-009   7.6446721419874775E-009
         131   4.1562450930107412E-009   7.3361938812129361E-010
  -8.5650990248835146E-009   9.6197447099465912E-009
  -1.2814260167921193E-008   2.6243609691498558E-008
         132   6.8455066868305241E-009   1.5299880492628994E-009
   7.1519110337670792E-009   1.6885761812262139E-008
   3.1967812311318753E-008   4.6485141488042548E-008
         133   8.0088357864259129E-009  -1.6424106542452259E-010
   9.2285435908086498E-009   4.8019713039394060E-009
   3.8736748269588270E-008   1.2658579133210762E-008
         134   8.8558065979382784E-009  -8.1145642291354858E-010
   6.5218145408899117E-009   1.8180075091028286E-009
   3.2264198375834336E-008   4.2240202797569409E-009
         135   1.0301604475645430E-008  -1.3750242541742749E-009
   4.9991291124825455E-009   9.2316141908971489E-010
   2.9253599317090628E-008   1.5989352280141328E-009
         136   1.2584993721053058E-008  -2.2418046461644066E-009
   4.0966575562050319E-009   5.5756958506714647E-010
   2.8167370838001983E-008   4.4011566164488523E-010
         137   1.6307341735359344E-008  -3.9787710357168890E-009
   3.5011375077754512E-009   3.8937078859317746E-010
   2.8142440942351004E-008  -9.7565114638897492E-011
         138   2.2884214478709693E-008  -8.4483022577606517E-009
   3.0527209903379900E-009   3.5046999292813307E-010
   2.8645856184262248E-008   2.2974683831869644E-010
