   262144.00000000000     
         256           1           3
   1.7567330116226543E-005  -3.5258908276610001       -62.512242791799999     
   6.0401400154609997        12.000000000000000        5733.8999999999996     
           0   0.0000000000000000        0.0000000000000000     
   0.0000000000000000        0.0000000000000000     
   0.0000000000000000        0.0000000000000000     
           1   0.0000000000000000        0.0000000000000000     
   7.5087705877819698E-010  -5.3164816460065842E-012
  -1.0238287711344926E-008  -1.2451614119516513E-011
           2   0.0000000000000000        0.0000000000000000     
   7.5118412288285289E-010  -1.3359771080336052E-012
  -1.0242496159978847E-008   1.2128270794604662E-012
           3   0.0000000000000000        0.0000000000000000     
   7.5204062758528612E-010  -6.0575333651984694E-013
  -1.0248565832329918E-008   5.7714262849595899E-012
           4   0.0000000000000000        0.0000000000000000     
   7.5266363570175276E-010  -4.4572682245607034E-013
  -1.0258730868250374E-008   8.7605242512806577E-012
           5   0.0000000000000000        0.0000000000000000     
   7.5323161395931709E-010  -4.2776667588059384E-013
  -1.0272540672477265E-008   1.1393417932737208E-011
           6   0.0000000000000000        0.0000000000000000     
   7.5382502079948197E-010  -4.5777337097851182E-013
  -1.0289835323603599E-008   1.3945971421196967E-011
           7   0.0000000000000000        0.0000000000000000     
   7.5447889350160151E-010  -5.0809837088168714E-013
  -1.0310598716485246E-008   1.6508126289769967E-011
           8   0.0000000000000000        0.0000000000000000     
   7.5521073949482706E-010  -5.6888959117857536E-013
  -1.0334881266166715E-008   1.9120690167861512E-011
           9   0.0000000000000000        0.0000000000000000     
   7.5603087339061165E-010  -6.3619206886916553E-013
  -1.0362772146140040E-008   2.1808938333067861E-011
          10   0.0000000000000000        0.0000000000000000     
   7.5694651526216543E-010  -7.0834145991701759E-013
  -1.0394389316270979E-008   2.4592955288320997E-011
          11   0.0000000000000000        0.0000000000000000     
   7.5796358442747468E-010  -7.8468642010154952E-013
  -1.0429876335979177E-008   2.7491469431490445E-011
          12   0.0000000000000000        0.0000000000000000     
   7.5908757300500276E-010  -8.6508025946352563E-013
  -1.0469402121254815E-008   3.0523568066618192E-011
          13   0.0000000000000000        0.0000000000000000     
   7.6032401937474042E-010  -9.4966186096200091E-013
  -1.0513162249197224E-008   3.3709650409989373E-011
          14   0.0000000000000000        0.0000000000000000     
   7.6167880228066592E-010  -1.0387569020729190E-012
  -1.0561381264261601E-008   3.7072105212323913E-011
          15   0.0000000000000000        0.0000000000000000     
   7.6315835219862288E-010  -1.1328343664158177E-012
  -1.0614315809733350E-008   4.0635910888747535E-011
          16   0.0000000000000000        0.0000000000000000     
   7.6476982901637379E-010  -1.2324909848233202E-012
  -1.0672258564625594E-008   4.4429254435030296E-011
          17   0.0000000000000000        0.0000000000000000     
   7.6652129185669582E-010  -1.3384517057187311E-012
  -1.0735543060846556E-008   4.8484227418813888E-011
          18   0.0000000000000000        0.0000000000000000     
   7.6842187855673487E-010  -1.4515808508245739E-012
  -1.0804549516263506E-008   5.2837646108137703E-011
          19   0.0000000000000000        0.0000000000000000     
   7.7048200615708862E-010  -1.5729020451134070E-012
  -1.0879711887561265E-008   5.7532042804495239E-011
          20   0.0000000000000000        0.0000000000000000     
   7.7271367635235505E-010  -1.7036265829177643E-012
  -1.0961487130286500E-008   6.2616882845573810E-011
          21   0.0000000000000000        0.0000000000000000     
   7.7513046671662041E-010  -1.8451912209895081E-012
  -1.1050522675594406E-008   6.8150083519561443E-011
          22   0.0000000000000000        0.0000000000000000     
   7.7774829755463160E-010  -1.9993073285263541E-012
  -1.1147433443748964E-008   7.4199909421477169E-011
          23   0.0000000000000000        0.0000000000000000     
   7.8058555730833822E-010  -2.1680243553629701E-012
  -1.1252974501376667E-008   8.0847388102300789E-011
          24   0.0000000000000000        0.0000000000000000     
   7.8366368383452375E-010  -2.3538119960922974E-012
  -1.1368021026424719E-008   8.8189394932940146E-011
          25   0.0000000000000000        0.0000000000000000     
   7.8700780050202912E-010  -2.5596671116473970E-012
  -1.1493592276563837E-008   9.6342641261496393E-011
          26   0.0000000000000000        0.0000000000000000     
   7.9064751720713516E-010  -2.7892540349083219E-012
  -1.1630881697444821E-008   1.0544888196134184E-010
          27   0.0000000000000000        0.0000000000000000     
   7.9461794880915177E-010  -3.0470904695295331E-012
  -1.1781295081507791E-008   1.1568179050810221E-010
          28   0.0000000000000000        0.0000000000000000     
   7.9896102264221484E-010  -3.3387965710181847E-012
  -1.1946499407758781E-008   1.2725614375991404E-010
          29   0.0000000000000000        0.0000000000000000     
   8.0372717537385504E-010  -3.6714328080174241E-012
  -1.2128486020927485E-008   1.4044025089171576E-010
          30   0.0000000000000000        0.0000000000000000     
   8.0897758076928873E-010  -4.0539645356187518E-012
  -1.2329653321343158E-008   1.5557300895402560E-010
          31   0.0000000000000000        0.0000000000000000     
   8.1478711143654201E-010  -4.4979104626840299E-012
  -1.2552916384660480E-008   1.7308766751775514E-010
          32   0.0000000000000000        0.0000000000000000     
   8.2124833172587092E-010  -5.0182628978016251E-012
  -1.2801854340305506E-008   1.9354550222139243E-010
          33   0.0000000000000000        0.0000000000000000     
   8.2847696354851241E-010  -5.6348178704898567E-012
  -1.3080911618837625E-008   2.1768442208049959E-010
          34   0.0000000000000000        0.0000000000000000     
   8.3661949690357904E-010  -6.3741373441983250E-012
  -1.3395677536506977E-008   2.4649059455529360E-010
          35   0.0000000000000000        0.0000000000000000     
   8.4586397993902755E-010  -7.2725108581241687E-012
  -1.3753162827490697E-008   2.8130644213358784E-010
          36   0.0000000000000000        0.0000000000000000     
   8.5645571310941977E-010  -8.3805423897487659E-012
  -1.4162850265293910E-008   3.2399780162385216E-010
          37   0.0000000000000000        0.0000000000000000     
   8.6872043875795385E-010  -9.7704653774799895E-012
  -1.4636827717796672E-008   3.7722025589607764E-010
          38   0.0000000000000000        0.0000000000000000     
   8.8309986227445942E-010  -1.1548206631906177E-011
  -1.5191560737238535E-008   4.4485821651076356E-010
          39   0.0000000000000000        0.0000000000000000     
   9.0020743682358737E-010  -1.3874069914089335E-011
  -1.5849790642963906E-008   5.3277737010838616E-010
          40   0.0000000000000000        0.0000000000000000     
   9.2092005991326796E-010  -1.6999847920663762E-011
  -1.6643940806935861E-008   6.5017436078625939E-010
          41   0.0000000000000000        0.0000000000000000     
   9.4653320479459611E-010  -2.1339105569956462E-011
  -1.7621663973770360E-008   8.1213223433308439E-010
          42   0.0000000000000000        0.0000000000000000     
   9.7904056466587042E-010  -2.7609248797341417E-011
  -1.8856220309612225E-008   1.0447851283047819E-009
          43   0.0000000000000000        0.0000000000000000     
   1.0216664898594634E-009  -3.7142704768272232E-011
  -2.0465371733920734E-008   1.3966294662992883E-009
          44   0.0000000000000000        0.0000000000000000     
   1.0799561717159837E-009  -5.2641240027281157E-011
  -2.2651446911568575E-008   1.9659411801525203E-009
          45   0.0000000000000000        0.0000000000000000     
   1.1642134213382333E-009  -8.0262664586173789E-011
  -2.5789892402983406E-008   2.9766182526077724E-009
          46   0.0000000000000000        0.0000000000000000     
   1.2954720265602375E-009  -1.3652412770276106E-010
  -3.0646354014370704E-008   5.0290804897003845E-009
          47   0.0000000000000000        0.0000000000000000     
   1.5205262282986033E-009  -2.7768922315762156E-010
  -3.8923383190706844E-008   1.0168333104588434E-008
          48   0.0000000000000000        0.0000000000000000     
   1.9123921115546127E-009  -7.7478844256261634E-010
  -5.3275368435173173E-008   2.8245003986275870E-008
          49   0.0000000000000000        0.0000000000000000     
   1.1873648521807742E-009  -2.5518448227661794E-009
  -2.7048259402491046E-008   9.2842446705593568E-008
          50   0.0000000000000000        0.0000000000000000     
  -5.9575255997522735E-010  -1.1071308399789912E-009
   3.7618164574385905E-008   4.0347797228327243E-008
          51   0.0000000000000000        0.0000000000000000     
  -1.9331876191979629E-010  -3.5343841119455874E-010
   2.2832679464714065E-008   1.2969839446988823E-008
          52   0.0000000000000000        0.0000000000000000     
   7.0840931863885123E-011  -1.6152679329102100E-010
   1.3051847208009844E-008   6.0117123738771619E-009
          53   0.0000000000000000        0.0000000000000000     
   2.2024207236111913E-010  -9.0571488855419379E-011
   7.4172021289687289E-009   3.4522704380556921E-009
          54   0.0000000000000000        0.0000000000000000     
   3.1288830446828705E-010  -5.7169875485134521E-011
   3.8169189885678711E-009   2.2607872578220783E-009
          55   0.0000000000000000        0.0000000000000000     
   3.7477752211096822E-010  -3.8818582836586422E-011
   1.3015443220835293E-009   1.6200138586148479E-009
          56   0.0000000000000000        0.0000000000000000     
   4.1826325460120468E-010  -2.7580001301321509E-011
  -5.8347469482272907E-010   1.2422487703389048E-009
          57   0.0000000000000000        0.0000000000000000     
   4.4978922519348940E-010  -2.0096200910337765E-011
  -2.0790502107066464E-009   1.0064514597644292E-009
          58   0.0000000000000000        0.0000000000000000     
   4.7297575640921019E-010  -1.4747143435382605E-011
  -3.3250281287436791E-009   8.5503268100857412E-010
          59   0.0000000000000000        0.0000000000000000     
   4.8996222699914718E-010  -1.0666209011877610E-011
  -4.4094139646657638E-009   7.5817924942105415E-010
          60   0.0000000000000000        0.0000000000000000     
   5.0204251790494632E-010  -7.3457209175387356E-012
  -5.3922259129400789E-009   6.9966933858869544E-010
          61   0.0000000000000000        0.0000000000000000     
   5.0998555355539323E-010  -4.4593507747112106E-012
  -6.3174571697248163E-009   6.7064344914929989E-010
          62   0.0000000000000000        0.0000000000000000     
   5.1420124102448851E-010  -1.7730551887240530E-012
  -7.2211697790011898E-009   6.6670969363685604E-010
          63   0.0000000000000000        0.0000000000000000     
   5.1482307090177588E-010   9.0570858129619011E-013
  -8.1357384765675104E-009   6.8663092380558823E-010
          64   0.0000000000000000        0.0000000000000000     
   5.1173777009115864E-010   3.7630676223341668E-012
  -9.0938457858213293E-009   7.3190497093935513E-010
          65   0.0000000000000000        0.0000000000000000     
   5.0457258386484597E-010   7.0107879308646244E-012
  -1.0131731681789827E-008   8.0702090784176842E-010
          66   0.0000000000000000        0.0000000000000000     
   4.9263875999087964E-010   1.0925968306897860E-011
  -1.1294263726248772E-008   9.2047490350591759E-010
          67   0.0000000000000000        0.0000000000000000     
   4.7481176599792293E-010   1.5913030630328627E-011
  -1.2640813563533288E-008   1.0869748332214816E-009
          68   0.0000000000000000        0.0000000000000000     
   4.4930709182298932E-010   2.2615951198052120E-011
  -1.4255975054967385E-008   1.3319106734355595E-009
          69   0.0000000000000000        0.0000000000000000     
   4.1326174609678870E-010   3.2143987536166297E-011
  -1.6268006222923268E-008   1.7007015467171174E-009
          70   0.0000000000000000        0.0000000000000000     
   3.6191263513841709E-010   4.6572311063369257E-011
  -1.8883214382488593E-008   2.2797947794817629E-009
          71   0.0000000000000000        0.0000000000000000     
   2.8687888031153196E-010   7.0183465941756114E-011
  -2.2459580045365949E-008   3.2489512606828209E-009
          72   0.0000000000000000        0.0000000000000000     
   1.7223917869182646E-010   1.1301524238206310E-010
  -2.7671246783951259E-008   5.0308463230050843E-009
          73   0.0000000000000000        0.0000000000000000     
  -1.5250739893949768E-011   2.0314917722762266E-010
  -3.5922949389252373E-008   8.8093968921192688E-009
          74   0.0000000000000000        0.0000000000000000     
  -3.4983553066623049E-010   4.4256563657762187E-010
  -5.0349018260054311E-008   1.8885893620148363E-008
          75   0.0000000000000000        0.0000000000000000     
  -8.8868710437153618E-010   1.3601648466478564E-009
  -7.3360228385947965E-008   5.7570671730847335E-008
          76   0.0000000000000000        0.0000000000000000     
   1.1995505141807256E-009   3.5057008755107475E-009
   1.4480623648006873E-008   1.4805374938199444E-007
          77   0.0000000000000000        0.0000000000000000     
   2.5049307721541879E-009   1.1215891517491404E-009
   6.9330227664433875E-008   4.7458764659180309E-008
          78   0.0000000000000000        0.0000000000000000     
   1.9753164667941300E-009   3.8838056764555727E-010
   4.6806326428167856E-008   1.6502990187461499E-008
          79   0.0000000000000000        0.0000000000000000     
   1.6685149825365261E-009   1.8555518001421048E-010
   3.3719814784162728E-008   7.9180289689653393E-009
          80   0.0000000000000000        0.0000000000000000     
   1.4934278682731729E-009   1.0619257139947211E-010
   2.6231246774390079E-008   4.5375307902939777E-009
          81   0.0000000000000000        0.0000000000000000     
   1.3838586768450967E-009   6.7780631519284207E-011
   2.1553788137230416E-008   2.8796332595526421E-009
          82   0.0000000000000000        0.0000000000000000     
   1.3100490078707521E-009   4.6561273094465813E-011
   1.8439637943840824E-008   1.9406135827844974E-009
          83   0.0000000000000000        0.0000000000000000     
   1.2574288418079911E-009   3.3805950824277104E-011
   1.6284236023369021E-008   1.3503049099480915E-009
          84   0.0000000000000000        0.0000000000000000     
   1.2180954846336436E-009   2.5742369218424845E-011
   1.4766980395665787E-008   9.4698549542541480E-010
          85   0.0000000000000000        0.0000000000000000     
   1.1873438760337896E-009   2.0553646209397441E-011
   1.3706296501337449E-008   6.5052220976186924E-010
          86   0.0000000000000000        0.0000000000000000     
   1.1621078698782122E-009   1.7308840018702866E-011
   1.2995323273394934E-008   4.1684698041079583E-010
          87   0.0000000000000000        0.0000000000000000     
   1.1401814887655395E-009   1.5532182145485747E-011
   1.2570754405672265E-008   2.1914885430122075E-010
          88   0.0000000000000000        0.0000000000000000     
   1.1197813917118429E-009   1.5018803753749318E-011
   1.2398182645211985E-008   3.9080311337521621E-011
          89   0.0000000000000000        0.0000000000000000     
   1.0992551592345880E-009   1.5762372216280538E-011
   1.2464445355592274E-008  -1.3798634735421895E-010
          90   0.0000000000000000        0.0000000000000000     
   1.0768360797751627E-009   1.7948414958809749E-011
   1.2774351148269404E-008  -3.2615455428733177E-010
          91   0.0000000000000000        0.0000000000000000     
   1.0503689443493802E-009   2.2007108918032752E-011
   1.3353003806029286E-008  -5.4203172633068594E-010
          92   0.0000000000000000        0.0000000000000000     
   1.0169237478900540E-009   2.8752093106968009E-011
   1.4250423663604883E-008  -8.0887623251102344E-010
          93   0.0000000000000000        0.0000000000000000     
   9.7215046212017390E-010   3.9686889084158016E-011
   1.5554904141079642E-008  -1.1639980350803713E-009
          94   0.0000000000000000        0.0000000000000000     
   9.0908163748957166E-010   5.7696612591965602E-011
   1.7416656080510160E-008  -1.6743565180694103E-009
          95   0.0000000000000000        0.0000000000000000     
   8.1568648787012323E-010   8.8748385472539509E-011
   2.0102466775358981E-008  -2.4740881129802335E-009
          96   0.0000000000000000        0.0000000000000000     
   6.6939077751646565E-010   1.4664417923955209E-010
   2.4113665799895656E-008  -3.8686977416502381E-009
          97   0.0000000000000000        0.0000000000000000     
   4.2358518780076732E-010   2.6892368359420222E-010
   3.0482308299934744E-008  -6.6829419507173475E-009
          98   0.0000000000000000        0.0000000000000000     
  -2.6156391490782682E-011   5.8558594495732190E-010
   4.1512434007420817E-008  -1.3763130379548488E-008
          99   0.0000000000000000        0.0000000000000000     
  -8.2866559488324688E-010   1.7347213492214582E-009
   6.0484064765075622E-008  -3.9061306955097457E-008
         100   0.0000000000000000        0.0000000000000000     
   1.2023557855569776E-009   5.5783390849512976E-009
   1.7797812745935364E-008  -1.2328045581864232E-007
         101   0.0000000000000000        0.0000000000000000     
   4.7588970468382618E-009   2.1830700117400011E-009
  -5.7908636057494739E-008  -4.9337814783330420E-008
         102   0.0000000000000000        0.0000000000000000     
   3.9717036337963563E-009   6.5821312887815938E-010
  -3.8292032942032569E-008  -1.6334758465729601E-008
         103   0.0000000000000000        0.0000000000000000     
   3.5247151818639331E-009   2.5111505688901091E-010
  -2.5620859058187090E-008  -7.8470011695770344E-009
         104   0.0000000000000000        0.0000000000000000     
   3.3397967883810334E-009   8.4639771254652600E-011
  -1.8050340679808548E-008  -4.7432644845715858E-009
         105   0.0000000000000000        0.0000000000000000     
   3.3036888526005440E-009  -1.1699526789999783E-011
  -1.2904080047317214E-008  -3.3599718822564201E-009
         106   0.0000000000000000        0.0000000000000000     
   3.3740950735849403E-009  -8.8176408622836997E-011
  -8.9498826747127162E-009  -2.7051340412658564E-009
         107   0.0000000000000000        0.0000000000000000     
   3.5442455635762468E-009  -1.6899309556817949E-010
  -5.5512306059575097E-009  -2.4452870008281652E-009
         108   0.0000000000000000        0.0000000000000000     
   3.8332304808616340E-009  -2.7679970414129667E-010
  -2.2967393336944328E-009  -2.4760082675906855E-009
         109   0.0000000000000000        0.0000000000000000     
   4.2936073471871814E-009  -4.5025164173704174E-010
   1.1805682101291637E-009  -2.8282056807301042E-009
         110   0.0000000000000000        0.0000000000000000     
   5.0426727521790956E-009  -7.8416877170942611E-010
   5.3623244357383610E-009  -3.7315056010290511E-009
         111   0.0000000000000000        0.0000000000000000     
   6.3475316265782267E-009  -1.5884482579161026E-009
   1.1117706094224707E-008  -6.0414275827193160E-009
         112   0.0000000000000000        0.0000000000000000     
   8.6817741497320873E-009  -4.3024657285138262E-009
   1.9890553009822577E-008  -1.3799743843762335E-008
         113   0.0000000000000000        0.0000000000000000     
   6.0856804896387288E-009  -1.4949897686086313E-008
   1.5066671369308634E-008  -4.3934126903724514E-008
         114   0.0000000000000000        0.0000000000000000     
  -6.7187402247429437E-009  -7.7541034594182803E-009
  -1.8023557971246756E-008  -2.4094189798309469E-008
         115   0.0000000000000000        0.0000000000000000     
  -4.3168586049609333E-009  -2.3966661386700201E-009
  -7.8189458907948394E-009  -9.6002834446695655E-009
         116   0.0000000000000000        0.0000000000000000     
  -2.5686690354874773E-009  -1.0810016455087635E-009
   1.4462939866935165E-009  -6.7396626880102787E-009
         117   0.0000000000000000        0.0000000000000000     
  -1.5689074906689679E-009  -6.1325527701384632E-010
   9.9758278196394308E-009  -6.7341296994419038E-009
         118   0.0000000000000000        0.0000000000000000     
  -9.3139172285553980E-010  -4.0333246905877195E-010
   1.9656938577218978E-008  -8.3166481473147290E-009
         119   0.0000000000000000        0.0000000000000000     
  -4.7879224323780858E-010  -2.9887215666848824E-010
   3.2478818152204102E-008  -1.1955772320068591E-008
         120   0.0000000000000000        0.0000000000000000     
  -1.2094934918779343E-010  -2.5294342917710153E-010
   5.1748059198779518E-008  -1.9945826310052403E-008
         121   0.0000000000000000        0.0000000000000000     
   2.0319440832754014E-010  -2.6576469920002558E-010
   8.4429788648836033E-008  -4.0652222617529758E-008
         122   0.0000000000000000        0.0000000000000000     
   5.4448420385676710E-010  -4.3645654940940958E-010
   1.4052620293192501E-007  -1.1524804140889057E-007
         123   0.0000000000000000        0.0000000000000000     
   3.7542855130150848E-010  -1.0893931690264841E-009
   1.6176166458542519E-008  -3.6768765697787280E-007
         124   0.0000000000000000        0.0000000000000000     
  -1.0345399634987648E-010  -4.9343816622727784E-010
  -2.1691291934896754E-007  -1.4841694953469701E-007
         125   0.0000000000000000        0.0000000000000000     
   1.7531167799428375E-010  -2.1743667521605645E-010
  -1.6006759309617792E-007  -4.7765551933605271E-008
         126   0.0000000000000000        0.0000000000000000     
   3.8930925572790324E-010  -1.4310922441146856E-010
  -1.2431690037145481E-007  -2.1652950564750005E-008
         127   0.0000000000000000        0.0000000000000000     
   5.5620806541625264E-010  -1.1484530598860525E-010
  -1.0455122856970659E-007  -1.1795431833137119E-008
         128   0.0000000000000000        0.0000000000000000     
   7.0076940673586404E-010  -1.0272712073253909E-010
  -9.2812322676364862E-008  -7.0301460439852879E-009
         129   0.0000000000000000        0.0000000000000000     
   8.3588712151418305E-010  -9.8676060748839050E-011
  -8.5564977023613301E-008  -4.2968503580080561E-009
         130   0.0000000000000000        0.0000000000000000     
   9.6970593348676979E-010  -1.0012743241801071E-010
  -8.1160377838695838E-008  -2.4936732761111715E-009
         131   0.0000000000000000        0.0000000000000000     
   1.1088560218237971E-009  -1.0655177787831919E-010
  -7.8790553307544958E-008  -1.1320534617566286E-009
         132   0.0000000000000000        0.0000000000000000     
   1.2601755560832991E-009  -1.1863728698661142E-010
  -7.8082328772025913E-008   5.6115864557841835E-011
         133   0.0000000000000000        0.0000000000000000     
   1.4321789797154229E-009  -1.3837342847271984E-010
  -7.8941999842133619E-008   1.2684322575689167E-009
         134   0.0000000000000000        0.0000000000000000     
   1.6370577175279851E-009  -1.6987975355570512E-010
  -8.1526668334463294E-008   2.7203302747733748E-009
         135   0.0000000000000000        0.0000000000000000     
   1.8943160791519852E-009  -2.2168021174431966E-010
  -8.6320009991488144E-008   4.7524088880099109E-009
         136   0.0000000000000000        0.0000000000000000     
   2.2385298250738731E-009  -3.1305604804925043E-010
  -9.4377091338985177E-008   8.0708755242372323E-009
         137   0.0000000000000000        0.0000000000000000     
   2.7379552287800591E-009  -4.9480856686490856E-010
  -1.0796605795201074E-007   1.4502545570464797E-008
         138   0.0000000000000000        0.0000000000000000     
   3.5412274121003688E-009  -9.3596612635271206E-010
  -1.3223618032642690E-007   3.0137245599024350E-008
