   262144.00000000000     
         256           1           3
   1.7567330116226543E-005   36.408762317958001        146.43316201569999     
   6.0401400154609997        12.000000000000000        5733.8999999999996     
           0   0.0000000000000000        0.0000000000000000     
   0.0000000000000000        0.0000000000000000     
   0.0000000000000000        0.0000000000000000     
           1   7.8987252298126826E-010   1.2760639830503488E-010
   3.8666150502016878E-009  -7.4957561066913031E-011
  -3.2260739820105557E-009   1.3270288682048282E-010
           2   9.3519826865222581E-010   5.1731029681542954E-010
   3.7848661754721675E-009  -3.0154707351739705E-010
  -3.0786780753556655E-009   5.3556880905304365E-010
           3   1.3814258793314655E-009   2.4426400691454907E-010
   3.5306011052723224E-009  -1.4473501219838632E-010
  -2.6227366841473596E-009   2.5531162518366788E-010
           4   1.3128149271643279E-009   6.9006307339364763E-011
   3.5757537887938242E-009  -4.4509206918643618E-011
  -2.6990946141045220E-009   7.5865171909376015E-011
           5   1.2684399538978560E-009   2.5749201568419268E-011
   3.6084840832420363E-009  -2.0666749873130947E-011
  -2.7521217777321022E-009   3.2498769724617918E-011
           6   1.2490758245953926E-009   9.9918077768118567E-012
   3.6283731106453828E-009  -1.2757467274321473E-011
  -2.7810501005217831E-009   1.7503007731114982E-011
           7   1.2423458439071304E-009   2.4094262816671961E-012
   3.6426175532543895E-009  -9.6071509598124878E-012
  -2.7986750115349817E-009   1.0964494418100009E-011
           8   1.2428244116293356E-009  -2.0465779201903849E-012
   3.6544003805838313E-009  -8.3008477251739943E-012
  -2.8106349598791696E-009   7.6853022069812336E-012
           9   1.2480465348593688E-009  -5.1041472275085377E-012
   3.6651999152909267E-009  -7.8450869487789359E-012
  -2.8195251466008512E-009   5.8907421684111191E-012
          10   1.2568016025751013E-009  -7.4740569106372232E-012
   3.6757775257514149E-009  -7.8353400191801232E-012
  -2.8266568504569044E-009   4.8550787408352274E-012
          11   1.2684644747134487E-009  -9.4907534010660949E-012
   3.6865653373695515E-009  -8.0853806186755333E-012
  -2.8327476588227252E-009   4.2410783248652538E-012
          12   1.2827107860967587E-009  -1.1329482006202253E-011
   3.6978318078084828E-009  -8.5017820261064447E-012
  -2.8382158063588149E-009   3.8763135035417007E-012
          13   1.2993850747863011E-009  -1.3091229567034402E-011
   3.7097590501669618E-009  -9.0349027801909758E-012
  -2.8433171491925807E-009   3.6657347737802134E-012
          14   1.3184353475287462E-009  -1.4839824239343598E-011
   3.7224819065316075E-009  -9.6575714218096306E-012
  -2.8482138445324164E-009   3.5535775570238237E-012
          15   1.3398789673201405E-009  -1.6619646557103182E-011
   3.7361091183597464E-009  -1.0355014012555378E-011
  -2.8530109621829904E-009   3.5052799919439985E-012
          16   1.3637844203658796E-009  -1.8464759608363838E-011
   3.7507355668174761E-009  -1.1119777977795327E-011
  -2.8577769843333633E-009   3.4982771994496978E-012
          17   1.3902617046172420E-009  -2.0403971774364701E-011
   3.7664498302343719E-009  -1.1949048747585526E-011
  -2.8625557223353807E-009   3.5170271593514775E-012
          18   1.4194577446420040E-009  -2.2463871402266160E-011
   3.7833391984916829E-009  -1.2843188951839559E-011
  -2.8673734151708275E-009   3.5501754383465652E-012
          19   1.4515549875640057E-009  -2.4670820883831976E-011
   3.8014932863344648E-009  -1.3804941066115491E-011
  -2.8722429847473228E-009   3.5888527782720260E-012
          20   1.4867722244630943E-009  -2.7052421300491990E-011
   3.8210068915149091E-009  -1.4839013382213300E-011
  -2.8771665242025028E-009   3.6255938286107636E-012
          21   1.5253671651115293E-009  -2.9638732725534952E-011
   3.8419824878509717E-009  -1.5951904502515810E-011
  -2.8821366203169011E-009   3.6536027195119229E-012
          22   1.5676405792556856E-009  -3.2463425406578105E-011
   3.8645326092190777E-009  -1.7151891187027439E-011
  -2.8871368470775707E-009   3.6662102816711682E-012
          23   1.6139420062379950E-009  -3.5564985003691784E-011
   3.8887823117853676E-009  -1.8449142676313804E-011
  -2.8921416122502061E-009   3.6564292659084227E-012
          24   1.6646771801921356E-009  -3.8988074466034597E-011
   3.9148718709277377E-009  -1.9855947663930372E-011
  -2.8971154404951077E-009   3.6165458802558127E-012
          25   1.7203174513683374E-009  -4.2785154197802642E-011
   3.9429598629511616E-009  -2.1387055938986108E-011
  -2.9020117075966652E-009   3.5377016707867139E-012
          26   1.7814116273723526E-009  -4.7018476303656615E-011
   3.9732267937524543E-009  -2.3060149799475514E-011
  -2.9067707845023189E-009   3.4094256647628857E-012
          27   1.8486008301192871E-009  -5.1762597586503700E-011
   4.0058794657676019E-009  -2.4896473492306854E-011
  -2.9113174967123916E-009   3.2190756514964545E-012
          28   1.9226371862346126E-009  -5.7107602458482073E-011
   4.0411563223860102E-009  -2.6921664503332020E-011
  -2.9155577458193513E-009   2.9511403774731962E-012
          29   2.0044074671933392E-009  -6.3163297245600950E-011
   4.0793340805170993E-009  -2.9166850997278394E-011
  -2.9193740674812000E-009   2.5863407036451782E-012
          30   2.0949632087624489E-009  -7.0064742230011579E-011
   4.1207360655542343E-009  -3.1670108378066702E-011
  -2.9226198039815250E-009   2.1004454598997717E-012
          31   2.1955594231969672E-009  -7.7979644699877090E-011
   4.1657428124898033E-009  -3.4478409631929611E-011
  -2.9251114363359268E-009   1.4626831097462864E-012
          32   2.3077048575256136E-009  -8.7118373803297430E-011
   4.2148057138503843E-009  -3.7650266403502353E-011
  -2.9266184306202806E-009   6.3357705828783116E-013
          33   2.4332279808122512E-009  -9.7747723212262593E-011
   4.2684648139190780E-009  -4.1259352921247491E-011
  -2.9268496751998270E-009  -4.3805018568077850E-013
          34   2.5743647152423178E-009  -1.1021011957130550E-010
   4.3273723241833110E-009  -4.5399553468661264E-011
  -2.9254351708294640E-009  -1.8192887953904138E-012
          35   2.7338767082697058E-009  -1.2495088939176986E-010
   4.3923241571008927E-009  -5.0192111287843919E-011
  -2.9219010046207735E-009  -3.5991627105837106E-012
          36   2.9151204507101543E-009  -1.4255769259305330E-010
   4.4643217683342071E-009  -5.5795944896507752E-011
  -2.9156343059955758E-009  -5.8973954375525612E-012
          37   3.1226440230073632E-009  -1.6381875623553127E-010
   4.5445562525119121E-009  -6.2422846719010053E-011
  -2.9058357919846243E-009  -8.8774313614507481E-012
          38   3.3619504656776440E-009  -1.8981085593612746E-010
   4.6346058721677728E-009  -7.0360409365162604E-011
  -2.8914475695005232E-009  -1.2766219365386888E-011
          39   3.6404077037432809E-009  -2.2203580725176943E-010
   4.7365305812317853E-009  -8.0007522707989968E-011
  -2.8710522316014607E-009  -1.7885044966489002E-011
          40   3.9675495902394101E-009  -2.6263853151836022E-010
   4.8528788892170621E-009  -9.1931003332021991E-011
  -2.8427176309610212E-009  -2.4698994561974288E-011
          41   4.3565765260725538E-009  -3.1476753920311058E-010
   4.9872521481487991E-009  -1.0695909350734717E-010
  -2.8037619344782995E-009  -3.3899000743202120E-011
          42   4.8257499472132337E-009  -3.8319469645930653E-010
   5.1444735806792215E-009  -1.2634203392184149E-010
  -2.7503768962824667E-009  -4.6543302453014976E-011
          43   5.4009831135460183E-009  -4.7543106232905786E-010
   5.3316550240506628E-009  -1.5204092966959871E-010
  -2.6770089591741433E-009  -6.4312705162506106E-011
          44   6.1210992119650328E-009  -6.0384894700945528E-010
   5.5588868271359816E-009  -1.8727671922405197E-010
  -2.5752995510496474E-009  -8.9996867018243268E-011
          45   7.0455593093740044E-009  -7.8999358535702007E-010
   5.8418920478333689E-009  -2.3764508299125426E-010
  -2.4321641834165430E-009  -1.2848363668306231E-010
          46   8.2706903296960063E-009  -1.0740889326579012E-009
   6.2057162319092192E-009  -3.1357356206553257E-010
  -2.2261112189067629E-009  -1.8894218511922176E-010
          47   9.9631063284881139E-009  -1.5382745364718229E-009
   6.6940976829267357E-009  -4.3632664835121356E-010
  -1.9196408891943205E-009  -2.9016285091061712E-010
          48   1.2434076018785477E-008  -2.3716096781691810E-009
   7.3875605185092012E-009  -6.5480239463501263E-010
  -1.4421274519322007E-009  -4.7550051838135861E-010
          49   1.6323616733276235E-008  -4.0884826661179591E-009
   8.4521548571832306E-009  -1.1019637672627076E-009
  -6.4758277773792772E-010  -8.6309300432172235E-010
          50   2.3058273220487952E-008  -8.4791606730399944E-009
   1.0257084084699585E-008  -2.2404279772753473E-009
   7.9065182379705369E-010  -1.8644380835476543E-009
          51   3.4558271910102353E-008  -2.4401135695912070E-008
   1.3298834042114186E-008  -6.3587333874553249E-009
   3.3125459811491586E-009  -5.5161422765033402E-009
          52   5.6904453437716920E-009  -7.5332520338900221E-008
   5.9183159080155127E-009  -1.9522854567761700E-008
  -3.4624735700867774E-009  -1.7216860841604902E-008
          53  -3.7833492166056061E-008  -2.8861948600128925E-008
  -5.2410631731349876E-009  -7.5229365540623115E-009
  -1.3624568394304282E-008  -6.5172874222916626E-009
          54  -2.6145275874394204E-008  -9.5033233660098711E-009
  -2.1264245007771581E-009  -2.5288203738861542E-009
  -1.1109989145060407E-008  -2.0497550374413930E-009
          55  -1.8870467678080284E-008  -4.4367317565341362E-009
  -1.4117956191637632E-010  -1.2286245511129041E-009
  -9.6338117784802181E-009  -8.6556003397862686E-010
          56  -1.4716981539425869E-008  -2.5275272879965578E-009
   1.0508080491207438E-009  -7.4597945938233722E-010
  -8.9039366532153986E-009  -4.0330071723721210E-010
          57  -1.2105718222060047E-008  -1.6226856125987525E-009
   1.8601783143539255E-009  -5.2517317384297257E-010
  -8.5635158442523423E-009  -1.6661893079760110E-010
          58  -1.0328132628562107E-008  -1.1279850400974431E-009
   2.4736539374999473E-009  -4.1345341115613545E-010
  -8.4579586176909932E-009  -1.7104541932460903E-011
          59  -9.0427074051955939E-009  -8.3112887714639902E-010
   2.9842585656460143E-009  -3.5708730213665464E-010
  -8.5198765886816876E-009   9.6603988341816552E-011
          60  -8.0672063833663309E-009  -6.4214601594578315E-010
   3.4459515287151222E-009  -3.3449184836018870E-010
  -8.7225618541276642E-009   1.9896415536799407E-010
          61  -7.2942740399870229E-009  -5.1845308001806839E-010
   3.8956702838256550E-009  -3.3722380593295907E-010
  -9.0627582991877605E-009   3.0554085361898055E-010
          62  -6.6546978882245673E-009  -4.3889477209040439E-010
   4.3649887485531919E-009  -3.6391554610174753E-010
  -9.5554371203081746E-009   4.3039730814112668E-010
          63  -6.0984022034566954E-009  -3.9383412803139913E-010
   4.8872135571316605E-009  -4.1896101998017854E-010
  -1.0235287579132995E-008   5.9111990592417055E-010
          64  -5.5817856131985785E-009  -3.8184790072834182E-010
   5.5059217726997010E-009  -5.1425096280718485E-010
  -1.1164729330397030E-008   8.1526477244950429E-010
          65  -5.0589659304483933E-009  -4.1070832396750810E-010
   6.2861579058335059E-009  -6.7528610039205874E-010
  -1.2452418708209523E-008   1.1529675925226991E-009
          66  -4.4659432635760615E-009  -5.0455101810348524E-010
   7.3390008108185023E-009  -9.5782252412950147E-010
  -1.4293938571132873E-008   1.7076286603106895E-009
          67  -3.6947761259236550E-009  -7.2774632371629547E-010
   8.8744567336437373E-009  -1.4971801578921540E-009
  -1.7066535009123975E-008   2.7245533020115915E-009
          68  -2.5248176347446389E-009  -1.2720256631513330E-009
   1.1334455734012847E-008  -2.6841309977445368E-009
  -2.1567800265923298E-008   4.9051751885731735E-009
          69  -4.6892527941396261E-010  -2.8691885477571734E-009
   1.5706395091601493E-008  -5.9939404013898138E-009
  -2.9573251240924741E-008   1.0885396727092119E-008
          70   2.5113411211037751E-009  -9.4533850444656685E-009
   2.2087154606388773E-008  -1.9328155900074040E-008
  -4.1285719085254551E-008   3.4755357025721903E-008
          71  -1.3920052918070164E-008  -2.0253706952569159E-008
  -1.0275003287842422E-008  -4.1157934144786931E-008
   1.5853378697812011E-008   7.3811617146760462E-008
          72  -1.9315885366854366E-008  -5.5013467877928271E-009
  -2.0241023943445486E-008  -1.1806700705117247E-008
   3.2828564218389276E-008   2.1766324378707662E-008
          73  -1.7075894438879421E-008  -1.3244704588913396E-009
  -1.4507519439642464E-008  -3.8066063452686386E-009
   2.1417000405827325E-008   7.9360779151889641E-009
          74  -1.6721342639745626E-008   3.5394359167903549E-010
  -1.1930011194304101E-008  -1.1231964604099798E-009
   1.4912418500290126E-008   3.9593310944166067E-009
          75  -1.8064794080597389E-008   2.0361941902781403E-009
  -1.1610172803529856E-008   7.6523940140207067E-010
   1.1063702739836812E-008   2.4030224239376029E-009
          76  -2.1677119915064117E-008   5.8440076290958283E-009
  -1.3562823297565072E-008   4.1078799882292018E-009
   8.4845273592900078E-009   1.7784655335302804E-009
          77  -2.5449594633044909E-008   2.1146872603016972E-008
  -1.5870647710137656E-008   1.6676662149209968E-008
   6.6688140423404170E-009   2.0784368020640083E-009
          78   7.5422421096457532E-009   2.8071888521155866E-008
   1.1586506206603156E-008   2.2375167281783616E-008
   7.1561343439986164E-009   2.1345957243657807E-009
          79   7.5676721948567780E-009   7.8299349167616839E-009
   1.2179262430978546E-008   5.9551011938486096E-009
   6.3110567311206085E-009   9.3207686954919077E-010
          80   2.7890582787819299E-009   3.1350576511617307E-009
   8.8391424303974115E-009   2.1504233091038625E-009
   5.4434522890676764E-009   5.5965313224699830E-010
          81   4.4391205202052480E-011   1.7000300910899382E-009
   7.1494179362044638E-009   9.7886855842449798E-010
   4.8370903990293081E-009   3.8384122790373944E-010
          82  -1.7060921907474072E-009   1.1233613139960278E-009
   6.2844177723628239E-009   4.9100945353384655E-010
   4.4042740916645123E-009   2.7244246022755329E-010
          83  -2.9859668332427390E-009   8.5927055494094867E-010
   5.8373037328406565E-009   2.4396244318916100E-010
   4.0960410000299453E-009   1.9032830343603186E-010
          84  -4.0390689529825166E-009   7.3814895670865558E-010
   5.6278640080440449E-009   9.9202189741523534E-011
   3.8858882163564940E-009   1.2363273301745125E-010
          85  -4.9949655264546993E-009   6.9603644690374749E-010
   5.5703414907627633E-009   2.7811869965373360E-012
   3.7591311886646556E-009   6.5120238318612962E-011
          86  -5.9353334919081374E-009   7.0667069983083248E-010
   5.6219438923663763E-009  -7.0060782639549645E-011
   3.7083765355124032E-009   1.0090531882691408E-011
          87  -6.9211446032621118E-009   7.6033561228444100E-010
   5.7621094175523316E-009  -1.3252759219039732E-010
   3.7315970612343457E-009  -4.5189989803563173E-011
          88  -8.0082584384744063E-009   8.5659982642699902E-010
   5.9836997477440331E-009  -1.9299400570570713E-010
   3.8315209590317472E-009  -1.0432168301268753E-010
          89  -9.2563642827938068E-009   1.0023127467817873E-009
   6.2886879224575391E-009  -2.5809012494514027E-010
   4.0159018870882420E-009  -1.7143118229395964E-010
          90  -1.0740298859295353E-008   1.2125125775691874E-009
   6.6874483350300248E-009  -3.3455415786862292E-010
   4.2986825716292376E-009  -2.5194498265433378E-010
          91  -1.2560439472206568E-008   1.5142464030465235E-009
   7.2006500108926737E-009  -4.3091202541126478E-010
   4.7023467813359932E-009  -3.5377743377310332E-010
          92  -1.4864824119802938E-008   1.9551987140529102E-009
   7.8616104508256076E-009  -5.5979096837310631E-010
   5.2622812804029487E-009  -4.8945951344206290E-010
          93  -1.7882131557874527E-008   2.6225425343298064E-009
   8.7250204698509577E-009  -7.4208931246942074E-010
   6.0348210533407393E-009  -6.8036769942520562E-010
          94  -2.1993856605045268E-008   3.6868811915923257E-009
   9.8809872510089777E-009  -1.0157553175657705E-009
   7.1128202142407765E-009  -9.6595306382702549E-010
          95  -2.7880208216922156E-008   5.5165568945967488E-009
   1.1484826092894483E-008  -1.4566820504808906E-009
   8.6577499415700115E-009  -1.4261525889199427E-009
          96  -3.6870239293948516E-008   9.0243180438501172E-009
   1.3825936887769450E-008  -2.2355970516585934E-009
   1.0971755791061101E-008  -2.2436830072402494E-009
          97  -5.1827786286964959E-008   1.6970632447663453E-008
   1.7492225649522256E-008  -3.8020961113396403E-009
   1.4674739970044518E-008  -3.9117621982046037E-009
          98  -7.8918615897835905E-008   4.0605500592293108E-008
   2.3800684051934182E-008  -7.6391193443573665E-009
   2.1145835830241978E-008  -8.1296655642419548E-009
          99  -1.0325706191988271E-007   1.4163138807545077E-007
   3.5475770708146873E-008  -2.0704592307555577E-008
   3.2304948355487202E-008  -2.3171765322608233E-008
         100   1.1004527189815530E-007   1.7658242049956778E-007
   1.7404877727841085E-008  -7.6118066807215962E-008
   8.9851173119315361E-009  -7.3635201565592048E-008
         101   1.0734266743081381E-007   4.9208459909459802E-008
  -3.8207877124680336E-008  -3.3142015254596188E-008
  -4.0400740760453946E-008  -3.1119461447225369E-008
         102   7.7654610218945223E-008   1.9144444890122349E-008
  -2.6378934959019696E-008  -1.0470748067784906E-008
  -2.8893725736054054E-008  -9.9513033124619424E-009
         103   6.1547857381807447E-008   9.5904005023002855E-009
  -1.8630841596804994E-008  -4.7255821547512332E-009
  -2.1462842013095266E-008  -4.5286361817949924E-009
         104   5.2388724382764572E-008   5.4531062455223258E-009
  -1.4303835825149077E-008  -2.6073486975209456E-009
  -1.7295782340400795E-008  -2.5154519632787658E-009
         105   4.6886627224234336E-008   3.2632229851420474E-009
  -1.1669135531138640E-008  -1.6101155382684229E-009
  -1.4742354554619827E-008  -1.5664448130222757E-009
         106   4.3557217312078249E-008   1.9194140599744438E-009
  -9.9540264612263401E-009  -1.0599289037452256E-009
  -1.3062858941630588E-008  -1.0455283920958063E-009
         107   4.1678569217061348E-008   9.8389233967570827E-010
  -8.7930682119950039E-009  -7.1951558281988659E-010
  -1.1905027511084479E-008  -7.2751815150327226E-010
         108   4.0885520639122237E-008   2.4927148445094476E-010
  -7.9979103796946345E-009  -4.8837382834158222E-010
  -1.1084684866950409E-008  -5.1687279390028265E-010
         109   4.1003518542251851E-008  -4.0125648922440190E-010
  -7.4640967148936062E-009  -3.1757188556507271E-010
  -1.0498169550774298E-008  -3.6732403615217922E-010
         110   4.1980977918794558E-008  -1.0492290252849389E-009
  -7.1330085005103352E-009  -1.8016020255536356E-010
  -1.0084275123810127E-008  -2.5390074634499793E-010
         111   4.3863057752382629E-008  -1.7692155800249606E-009
  -6.9733248454217017E-009  -5.9088415563629685E-011
  -9.8063812940709904E-009  -1.6158885830248636E-010
         112   4.6800119273885123E-008  -2.6509976132573599E-009
  -6.9718709298176324E-009   5.8701731048335846E-011
  -9.6438106169006972E-009  -8.0004108839015449E-011
         113   5.1079923241404526E-008  -3.8287585132716132E-009
  -7.1328837685560023E-009   1.8620280612137174E-010
  -9.5880423299231311E-009  -2.6328120640683171E-013
         114   5.7213787477399952E-008  -5.5363604836766534E-009
  -7.4783472938787798E-009   3.4069808435737617E-010
  -9.6424096043065730E-009   8.7831495251697114E-011
         115   6.6114511861003889E-008  -8.2359256243609103E-009
  -8.0585052992005157E-009   5.5180421102330042E-010
  -9.8257623009151977E-009   2.0025395589201482E-010
         116   7.9503358144785071E-008  -1.2969247009241695E-008
  -8.9734787260130542E-009   8.8199273220618130E-010
  -1.0183538063864493E-008   3.6954746495263947E-010
         117   1.0091878872595645E-007  -2.2513879630964305E-008
  -1.0431203339460685E-008   1.4929168577976878E-009
  -1.0816901627689621E-008   6.7931793618663762E-010
         118   1.3824319034632660E-007  -4.6278583624612058E-008
  -1.2893210786198810E-008   2.9250014347608811E-009
  -1.1957420930142742E-008   1.4094482293621711E-009
         119   2.0411823370448493E-007  -1.2930286773714569E-007
  -1.7096450769219400E-008   7.7517534428397614E-009
  -1.3978951784176414E-008   3.8954891508892637E-009
         120   8.9623924479756455E-008  -4.3215719032297668E-007
  -1.1151372468271320E-008   2.5137080227747616E-008
  -1.0691878608774178E-008   1.2896247726178713E-008
         121  -2.2555380435846163E-007  -1.9306313523578756E-007
   6.0656062803626493E-009   1.1648356650573117E-008
  -1.4964624240104891E-009   5.8410846231984123E-009
         122  -1.5771610333006964E-007  -6.0912041288789451E-008
   1.2147680684001971E-009   4.3058748713076486E-009
  -3.6918595835340819E-009   1.9584366018713041E-009
         123  -1.1270832717480026E-007  -2.7479863749924906E-008
  -2.6366193030346094E-009   2.6651726122705310E-009
  -5.2589562546984143E-009   1.0067303289809330E-009
         124  -8.7535955190362257E-008  -1.5184644280838362E-008
  -5.7774090562782007E-009   2.3432480600866155E-009
  -6.2961455577063039E-009   6.9040237158654836E-010
         125  -7.2165539992691652E-008  -9.4118283199399249E-009
  -8.9686290563929836E-009   2.5806818584345419E-009
  -7.1156542294126256E-009   5.8178956535921242E-010
         126  -6.2107517653447191E-008  -6.2352518948450660E-009
  -1.2782679756585528E-008   3.2964902942556361E-009
  -7.8746311012398603E-009   5.7439083090367041E-010
         127  -5.5245088123223313E-008  -4.2667665246263061E-009
  -1.7907689301200338E-008   4.7157381561601843E-009
  -8.6768853178121967E-009   6.4719252017652962E-010
         128  -5.0503020822016774E-008  -2.9011504897573205E-009
  -2.5508527253489365E-008   7.5428823125539967E-009
  -9.6305755948630685E-009   8.2976609299937362E-010
         129  -4.7334403420268220E-008  -1.7906101506513827E-009
  -3.7980198521566801E-008   1.3924234499429975E-008
  -1.0908923424458608E-008   1.2484965128185180E-009
         130  -4.5539492083846137E-008  -5.2795905119232606E-010
  -6.0573559339951272E-008   3.2243467672636036E-008
  -1.2856981096115123E-008   2.4162955995178264E-009
         131  -4.4812589937925257E-008   2.3616347376657541E-009
  -8.9918448950603446E-008   1.0823695331796015E-007
  -1.5292438228775340E-008   7.1382092532452236E-009
         132  -3.8492607378057238E-008   5.4130596392961847E-009
   9.1639313538949278E-008   1.9091823225004122E-007
  -4.9049163379316844E-009   1.2294483214673450E-008
         133  -3.7609324473827935E-008   1.8345762474642817E-009
   1.1793874745602825E-007   5.2648834071579277E-008
  -4.1727705027697688E-009   3.9430450927424319E-009
         134  -3.9199251178644340E-008   1.5055751783149859E-009
   9.0292242754003441E-008   1.7978892600288554E-008
  -6.9399522512913482E-009   1.9894810652458717E-009
         135  -4.1442885026072596E-008   2.1787133715991065E-009
   7.7193889605737934E-008   6.7166813669707502E-009
  -9.0877778493609165E-009   1.5460206435230902E-009
         136  -4.5048396370119663E-008   3.6815185430621097E-009
   7.2955067747226511E-008   6.1696762817669869E-010
  -1.1089944128477404E-008   1.5447369871295702E-009
         137  -5.1264176534491374E-008   6.8957902091043050E-009
   7.5515589290778447E-008  -5.3251153672201460E-009
  -1.3284736605735652E-008   1.7832111763700341E-009
         138  -6.2782955699398515E-008   1.5339035112253922E-008
   8.6416908237251688E-008  -1.6150432885526566E-008
  -1.5966117188156782E-008   2.2094975475910866E-009
