   262144.00000000000     
         256           1           3
   1.7567330116226543E-005   12.072724255943999       -143.96115176559999     
   6.0401400154609997        12.000000000000000        5733.8999999999996     
           0   0.0000000000000000        0.0000000000000000     
   0.0000000000000000        0.0000000000000000     
   0.0000000000000000        0.0000000000000000     
           1   3.4649258843618643E-010   5.9111590325054235E-011
   2.3210192560883439E-009  -1.0398103429727359E-010
   3.0022334928509734E-009  -1.5916443748848308E-010
           2   4.1409854324985082E-010   2.3981912228992810E-010
   2.2053866363624210E-009  -4.1974099925143732E-010
   2.8247468348339872E-009  -6.4281353670062906E-010
           3   6.2142878852829885E-010   1.1305021435264716E-010
   1.8478268677872378E-009  -2.0000477003841249E-010
   2.2763700182380831E-009  -3.0597978620593063E-010
           4   5.9003390922531322E-010   3.1646334754783457E-011
   1.9074723126959417E-009  -5.9292946342966715E-011
   2.3670160304310420E-009  -9.0224215693587903E-011
           5   5.7001518704439221E-010   1.1478725205690320E-011
   1.9487672892437756E-009  -2.5252754537952446E-011
   2.4293277633522159E-009  -3.7906846678175421E-011
           6   5.6173791348492584E-010   4.0644667874923717E-012
   1.9711086934705020E-009  -1.3451292791138182E-011
   2.4623766517355280E-009  -1.9659715324558721E-011
           7   5.5946735459439275E-010   4.3698233106557190E-013
   1.9845255183197214E-009  -8.2783931763280094E-012
   2.4815234049000031E-009  -1.1564254693583694E-011
           8   5.6069524447100130E-010  -1.7472021761721328E-012
   1.9934361840799774E-009  -5.6592353055500452E-012
   2.4935310963091988E-009  -7.3761748293134214E-012
           9   5.6428859607526125E-010  -3.2910871883077474E-012
   1.9998732496568973E-009  -4.2024400305655228E-012
   2.5015059455717212E-009  -4.9626558785916213E-012
          10   5.6969829935573795E-010  -4.5259168762370207E-012
   2.0048625162280300E-009  -3.3388794650529129E-012
   2.5070102624247020E-009  -3.4506388717627847E-012
          11   5.7664900569381675E-010  -5.6085175763898414E-012
   2.0089640701641467E-009  -2.8039501314401488E-012
   2.5108913025316373E-009  -2.4335540073967469E-012
          12   5.8500730736669041E-010  -6.6220660039333957E-012
   2.0125029839025735E-009  -2.4622155990030546E-012
   2.5136345968389938E-009  -1.7026212160440377E-012
          13   5.9472086882894380E-010  -7.6155380041034230E-012
   2.0156766544441614E-009  -2.2388677767197178E-012
   2.5155282389227303E-009  -1.1418139987684250E-012
          14   6.0578844073707801E-010  -8.6209687841833522E-012
   2.0186085999572541E-009  -2.0898611025405471E-012
   2.5167451038116777E-009  -6.8207363853289536E-013
          15   6.1824447697795594E-010  -9.6617273776847132E-012
   2.0213771110978069E-009  -1.9877321775211569E-012
   2.5173865015447783E-009  -2.7955177722865163E-013
          16   6.3215120445101669E-010  -1.0756821757702429E-011
   2.0240312638254422E-009  -1.9143765256548506E-012
   2.5175064211255315E-009   9.5493181448749995E-014
          17   6.4759479596307387E-010  -1.1923331411523072E-011
   2.0266001937966910E-009  -1.8571411459684382E-012
   2.5171253961593228E-009   4.6472644272424116E-013
          18   6.6468400025131221E-010  -1.3177917144744110E-011
   2.0290985814333574E-009  -1.8065920312130049E-012
   2.5162384998845073E-009   8.4520977836400982E-013
          19   6.8355040050519167E-010  -1.4537870884536570E-011
   2.0315298934474589E-009  -1.7551676503039373E-012
   2.5148198244901074E-009   1.2515282144531051E-012
          20   7.0434989265315894E-010  -1.6021948615314519E-011
   2.0338882212858099E-009  -1.6963167341811855E-012
   2.5128247154799563E-009   1.6971887487872640E-012
          21   7.2726520816240697E-010  -1.7651126485283193E-011
   2.0361591837336987E-009  -1.6239046559463486E-012
   2.5101904555979871E-009   2.1956253321696503E-012
          22   7.5250945050214035E-010  -1.9449371548090446E-011
   2.0383201528655456E-009  -1.5317658586854187E-012
   2.5068357683020649E-009   2.7610027398346131E-012
          23   7.8033071759517041E-010  -2.1444497699959731E-011
   2.0403399395127337E-009  -1.4133277509847924E-012
   2.5026593147788889E-009   3.4089399971373038E-012
          24   8.1101797092641593E-010  -2.3669172246440877E-011
   2.0421779955285650E-009  -1.2612561667722619E-012
   2.4975372277136408E-009   4.1572383018301407E-012
          25   8.4490840159432791E-010  -2.6162144202285323E-011
   2.0437831336540338E-009  -1.0670842767701946E-012
   2.4913196252845277E-009   5.0266831927260483E-012
          26   8.8239664747193488E-010  -2.8969780485072638E-011
   2.0450917187528414E-009  -8.2079073061255777E-013
   2.4838259590676118E-009   6.0419887460330739E-012
          27   9.2394634641328983E-010  -3.2148021527479475E-011
   2.0460252381231219E-009  -5.1029096914378249E-013
   2.4748389548770869E-009   7.2329600168358161E-012
          28   9.7010468339122602E-010  -3.5764906449384760E-011
   2.0464871065265778E-009  -1.2079862792029548E-013
   2.4640967927654734E-009   8.6359686918818795E-012
          29   1.0215208252508484E-009  -3.9903875158043196E-011
   2.0463584963800276E-009   3.6599890378317978E-013
   2.4512830266810117E-009   1.0295868144774933E-011
          30   1.0789694655717911E-009  -4.4668139398915855E-011
   2.0454928964813700E-009   9.7302725629165809E-013
   2.4360135464856972E-009   1.2268522425453730E-011
          31   1.1433811681264569E-009  -5.0186541055832704E-011
   2.0437089815499725E-009   1.7292823550194818E-012
   2.4178196078200080E-009   1.4624197265216157E-011
          32   1.2158818695677830E-009  -5.6621506916996159E-011
   2.0407812016379496E-009   2.6718149823818710E-012
   2.3961255574979628E-009   1.7452173387556534E-011
          33   1.2978448869724919E-009  -6.4180002573125548E-011
   2.0364272472468858E-009   3.8484746914672692E-012
   2.3702192999529379E-009   2.0867115679168523E-011
          34   1.3909602450920423E-009  -7.3128847712052759E-011
   2.0302911682718779E-009   5.3217635077676922E-012
   2.3392126817841874E-009   2.5018003812563667E-011
          35   1.4973283709616113E-009  -8.3816490164180014E-011
   2.0219203503151559E-009   7.1743396432164716E-012
   2.3019876507253107E-009   3.0100865687121402E-011
          36   1.6196876391812145E-009  -9.6704541080934780E-011
   2.0107145122501542E-009   9.5170229274966906E-012
   2.2571229679147066E-009   3.6377269164557077E-011
          37   1.7611979413168203E-009  -1.1241438346780525E-010
   1.9959575003689468E-009   1.2500675039973472E-011
   2.2027861843685645E-009   4.4201728214207915E-011
          38   1.9262897933756518E-009  -1.3179769573751079E-010
   1.9766382581292823E-009   1.6334239268947334E-011
   2.1365907277235494E-009   5.4063256069088093E-011
          39   2.1205341988969129E-009  -1.5604591211923655E-010
   1.9514154892091291E-009   2.1312833084071402E-011
   2.0553739785461879E-009   6.6650008244655031E-011
          40   2.3517149062440529E-009  -1.8686526548284628E-010
   1.9185306869443141E-009   2.7862792390731416E-011
   1.9548782378083140E-009   8.2952828861750325E-011
          41   2.6300423342463581E-009  -2.2676627641753338E-010
   1.8754834460793807E-009   3.6616353768722731E-011
   1.8292468878600023E-009   1.0443677707057675E-010
          42   2.9699923164529408E-009  -2.7956173793363336E-010
   1.8188161830013509E-009   4.8540364777011396E-011
   1.6702411720710490E-009   1.3333655032680509E-010
          43   3.3920280451353985E-009  -3.5126358829192312E-010
   1.7432348002507179E-009   6.5168476107697305E-011
   1.4659407415183918E-009   1.7318910907671278E-010
          44   3.9269727588268333E-009  -4.5178902637409020E-010
   1.6412883186401386E-009   8.9043355552054319E-011
   1.1985296348781620E-009   2.2984768650049396E-010
          45   4.6222012501072312E-009  -5.9842771958836282E-010
   1.5010120475779085E-009   1.2461624071768713E-010
   8.4028516848609796E-010   3.1354375371051048E-010
          46   5.5550039831719017E-009  -8.2348683994886949E-010
   1.3025449942214396E-009   1.8023168179947021E-010
   3.4590175630860560E-010   4.4343549959528207E-010
          47   6.8586502036696426E-009  -1.1929808201769834E-009
   1.0119676521826801E-009   2.7298173120667435E-010
  -3.6336265299440446E-010   6.5873067559307368E-010
          48   8.7829311620425804E-009  -1.8589176810881022E-009
   5.6482600229581753E-010   4.4228963928975892E-010
  -1.4353475223454261E-009   1.0498092095239449E-009
          49   1.1842037670733018E-008  -3.2349815705147740E-009
  -1.7180839693432956E-010   7.9555768308464563E-010
  -3.1749739118686007E-009   1.8628054293165075E-009
          50   1.7182100742051915E-008  -6.7611373406311266E-009
  -1.4947823147105122E-009   1.7068484363251954E-009
  -6.2635853119337025E-009   3.9547900318546226E-009
          51   2.6347244040566468E-008  -1.9562097418199288E-008
  -3.8044619151839487E-009   5.0274076660533218E-009
  -1.1618703742300024E-008   1.1567075977930121E-008
          52   3.0321889535234930E-009  -6.0523153515147973E-008
   2.3345831612302881E-009   1.5664494915578826E-008
   2.3750708197015099E-009   3.5942317281778563E-008
          53  -3.2082807432623558E-008  -2.3134423212716810E-008
   1.1550393512850786E-008   5.9406104524968620E-009
   2.3408840454404999E-008   1.3671750866272043E-008
          54  -2.2798774375691801E-008  -7.5527816991786359E-009
   9.2406442829182511E-009   1.8817859904875681E-009
   1.8028247991848850E-008   4.3811046970391789E-009
          55  -1.7079097610430706E-008  -3.4658011311117746E-009
   7.8719562275481768E-009   8.0781587466903380E-010
   1.4791147687294872E-008   1.9303997206157932E-009
          56  -1.3887206209360756E-008  -1.9165796929053525E-009
   7.1780336661454048E-009   3.9056910281042347E-010
   1.3085338046007157E-008   9.8638393640918377E-010
          57  -1.1955627213247754E-008  -1.1727933843542467E-009
   6.8337029663631535E-009   1.7902093235981815E-010
   1.2162639163190291E-008   5.1642718802007934E-010
          58  -1.0718243395290557E-008  -7.5585408407112087E-010
   6.6974591376657175E-009   4.7571681351036044E-011
   1.1694459080399199E-008   2.3372049620340699E-010
          59  -9.9049259096840478E-009  -4.9419065167413087E-010
   6.7067547256744029E-009  -5.0161365864929540E-011
   1.1531529550102814E-008   3.3361409765870813E-011
          60  -9.3750500873693679E-009  -3.1434539746720821E-010
   6.8352883277585392E-009  -1.3596070864738444E-010
   1.1605981345562854E-008  -1.3252720178368827E-010
          61  -9.0499110586871986E-009  -1.8056002647794188E-010
   7.0777470373163948E-009  -2.2328858883608087E-010
   1.1893802424232726E-008  -2.9166605892750007E-010
          62  -8.8838706149116896E-009  -7.3671063200260222E-011
   7.4440483142827688E-009  -3.2383750997891135E-010
   1.2401192924960071E-008  -4.6584262377764515E-010
          63  -8.8498406089285283E-009   1.7250426913611573E-011
   7.9599967125665233E-009  -4.5177410651565469E-010
   1.3162870407413954E-008  -6.7911446373262890E-010
          64  -8.9314640231091744E-009   9.8285454433175517E-011
   8.6739137738291298E-009  -6.2892934445990937E-010
   1.4249952392845295E-008  -9.6654536293994253E-010
          65  -9.1186709490863168E-009   1.7137165398278687E-010
   9.6703663282734312E-009  -8.9475006209578202E-010
   1.5791322752086495E-008  -1.3898679315592979E-009
          66  -9.4007697876426780E-009   2.3199254073818677E-010
   1.1102196518349803E-008  -1.3303878698468471E-009
   1.8022153211437962E-008  -2.0746613060392195E-009
          67  -9.7565211566235641E-009   2.5934537097006122E-010
   1.3264845359995172E-008  -2.1282035681685238E-009
   2.1397700089241890E-008  -3.3170809326452377E-009
          68  -1.0127102432090018E-008   1.7783431540225944E-010
   1.6783426499525944E-008  -3.8380969395644661E-009
   2.6880337721073548E-008  -5.9615719519266822E-009
          69  -1.0352285880646716E-008  -3.3103155310824248E-010
   2.3049497136910885E-008  -8.5263770344258351E-009
   3.6610089750842629E-008  -1.3176935709077552E-008
          70  -1.0514249646334720E-008  -3.0572828291835756E-009
   3.2222273858039346E-008  -2.7238256005090752E-008
   5.0842802306645856E-008  -4.1891128860885075E-008
          71  -2.0208956280039047E-008  -7.5803637977843198E-009
  -1.2576930268658997E-008  -5.7854577113867213E-008
  -1.7549632201195323E-008  -8.8865333469691309E-008
          72  -2.5577733578302527E-008   3.2465807581340985E-011
  -2.5891522564649475E-008  -1.7057049838091083E-008
  -3.7597390077146544E-008  -2.6455838971850594E-008
          73  -2.8681442733592213E-008   3.2816289132324728E-009
  -1.6953311560023777E-008  -6.2163025339410003E-009
  -2.3383842811013128E-008  -1.0015163974319035E-008
          74  -3.4880919065847108E-008   6.5595338965978012E-009
  -1.1860243432076691E-008  -3.1002991920232387E-009
  -1.4775876313653997E-008  -5.5622688607203254E-009
          75  -4.6118713626195664E-008   1.2966729294408885E-008
  -8.8470120899046695E-009  -1.8835111298493552E-009
  -8.8081256146370392E-009  -4.4197032035502854E-009
          76  -6.7059322242657451E-008   3.1325301245768487E-008
  -6.8236684668240627E-009  -1.4038271760852666E-009
  -3.2483598916492061E-009  -5.8103440809873844E-009
          77  -8.7669959602205896E-008   1.0905043679943283E-007
  -5.3998393744769572E-009  -1.6823211981734467E-009
   1.3434324976917202E-009  -1.5280248671245700E-008
          78   8.0958251262354863E-008   1.4404161659586973E-007
  -5.8897907016592453E-009  -1.7454407535197126E-009
  -1.9037067229333047E-008  -1.9446961541990839E-008
          79   8.1185653379190030E-008   3.9881166647256274E-008
  -5.2402926034723602E-009  -7.4315336369261412E-010
  -1.8069629475577014E-008  -5.7804541075042407E-009
          80   5.7288738013990741E-008   1.5465284149355418E-008
  -4.5609476947917691E-009  -4.3644409509266112E-010
  -1.4250381128174673E-008  -2.4656561681406643E-009
          81   4.4275048361713674E-008   7.7768328446311855E-009
  -4.0939968818408850E-009  -2.9309786678421974E-010
  -1.2025956194942142E-008  -1.3493764535244367E-009
          82   3.6805195755360441E-008   4.4824586418834596E-009
  -3.7678796655754262E-009  -2.0247027317558824E-010
  -1.0664664693379343E-008  -8.2589110849515923E-010
          83   3.2221133269039846E-008   2.7648996975730733E-009
  -3.5434214796706590E-009  -1.3536924117112262E-010
  -9.7959960873610219E-009  -5.2237168883460127E-010
          84   2.9319829136470414E-008   1.7353160880709918E-009
  -3.3993055988472983E-009  -8.0337994238345162E-011
  -9.2473609270096482E-009  -3.1775842076105284E-010
          85   2.7510309491702668E-008   1.0437762720874257E-009
  -3.3244714349301004E-009  -3.1391191083042410E-011
  -8.9322903603466324E-009  -1.6217429039633713E-010
          86   2.6482965617039066E-008   5.2798895529495581E-010
  -3.3137464591116634E-009   1.5407425973423267E-011
  -8.8063402811447609E-009  -3.0787915199113097E-011
          87   2.6074717375958859E-008   1.0100877298558628E-010
  -3.3665557154116953E-009   6.3259363767038233E-011
  -8.8488701346591012E-009   9.1254182491586787E-011
          88   2.6209308068848511E-008  -2.9181053780376286E-010
  -3.4861460630801015E-009   1.1534323820434937E-010
  -9.0553523127678558E-009   2.1488802022434251E-010
          89   2.6870859752984713E-008  -6.9260517508203084E-010
  -3.6809458087664143E-009   1.7539985416227259E-010
  -9.4347385488090187E-009   3.5025257754845211E-010
          90   2.8096962222208398E-008  -1.1428752230640258E-009
  -3.9642230140808581E-009   2.4844352427248825E-010
  -1.0010012607734826E-008   5.0900903299064876E-010
          91   2.9984106606685846E-008  -1.6942940905683442E-009
  -4.3578607470954855E-009   3.4187739678562976E-010
  -1.0821772931585964E-008   7.0700200836028163E-010
          92   3.2710304302323990E-008  -2.4239654452124656E-009
  -4.8955184918363254E-009   4.6751120973287514E-010
  -1.1935934355223139E-008   9.6847766002463351E-010
          93   3.6579990732866383E-008  -3.4631536083979204E-009
  -5.6306123579567766E-009   6.4558945568180682E-010
  -1.3458615539063651E-008   1.3341092474652297E-009
          94   4.2122098303179624E-008  -5.0614877462978082E-009
  -6.6513011637052002E-009   9.1361345215601078E-010
  -1.5565134513217816E-008   1.8782141298057394E-009
          95   5.0301786567606023E-008  -7.7521923196469662E-009
  -8.1113420260640496E-009   1.3478434804451396E-009
  -1.8559830687481455E-008   2.7500968299884538E-009
          96   6.3020846832680586E-008  -1.2852147467430717E-008
  -1.0297896169092258E-008   2.1233579086548691E-009
  -2.3009712515554974E-008   4.2875259286139562E-009
          97   8.4393639967819920E-008  -2.4342424199595267E-008
  -1.3802743149664080E-008   3.7157972008041762E-009
  -3.0071632496577719E-008   7.3881214907428427E-009
          98   1.2328756620235307E-007  -5.8460990171248760E-008
  -1.9940513836073774E-008   7.7813538362769146E-009
  -4.2328796052673858E-008   1.5062239511318962E-008
          99   1.5794995217409179E-007  -2.0432684725279889E-007
  -3.0306952325884279E-008   2.2453875240548156E-008
  -6.4484334180333583E-008   4.1641652551015749E-008
         100  -1.5038426931622837E-007  -2.5193286238063481E-007
  -6.9683223386987492E-009   6.8654241907450750E-008
  -2.6002117427575883E-008   1.4514823367092465E-007
         101  -1.4315595268308260E-007  -6.9640285255683733E-008
   3.7908094611255650E-008   2.8746655398684269E-008
   7.6983530092639251E-008   6.2563207464884516E-008
         102  -1.0054136382717607E-007  -2.7367025601298522E-008
   2.7188442864101720E-008   9.2066953614075161E-009
   5.4353127271366607E-008   1.9872677259558392E-008
         103  -7.7319265006685473E-008  -1.3891877345128139E-008
   2.0315711783747187E-008   4.1779885568176184E-009
   3.9573800900674548E-008   9.0256212002117244E-009
         104  -6.3898089058669445E-008  -8.0761472130976502E-009
   1.6486816616971994E-008   2.3001938250890436E-009
   3.1264668089153231E-008   5.0285883270915102E-009
         105  -5.5590407693856969E-008  -5.0317749922921774E-009
   1.4171570405941747E-008   1.4071922416208154E-009
   2.6140905581226317E-008   3.1583950020952868E-009
         106  -5.0271503262338623E-008  -3.2028135785558831E-009
   1.2685470633066016E-008   9.0947863147491292E-010
   2.2729324632101790E-008   2.1419278672470103E-009
         107  -4.6893737788110962E-008  -1.9724073627010951E-009
   1.1704251124476579E-008   5.9733474299935356E-010
   2.0327443991563472E-008   1.5311869539652989E-009
         108  -4.4908946933605132E-008  -1.0521169433662364E-009
   1.1061853524235126E-008   3.8082586353781858E-010
   1.8565287051079892E-008   1.1377328050028672E-009
         109  -4.4031712179224927E-008  -2.8501373420911677E-010
   1.0668065851147144E-008   2.1519590609499634E-010
   1.7230221954924808E-008   8.7197171207143521E-010
         110  -4.4134331428256992E-008   4.3099677421189350E-010
   1.0476043741337366E-008   7.4586444786475326E-011
   1.6190183984549365E-008   6.8775357419707122E-010
         111  -4.5206279286726093E-008   1.1801831422713923E-009
   1.0464981173124035E-008  -5.9103101869286918E-011
   1.5356338960635733E-008   5.6059218620256969E-010
         112  -4.7347704230340260E-008   2.0544648690924087E-009
   1.0636713422314329E-008  -2.0232521533675818E-010
   1.4662671067354425E-008   4.7859418473501427E-010
         113  -5.0797414370958517E-008   3.1826873965249070E-009
   1.1015397820742551E-008  -3.7513523394678053E-010
   1.4052570575792481E-008   4.3931560321790281E-010
         114  -5.6002072407423328E-008   4.7824614166710246E-009
   1.1656306421654786E-008  -6.0893375165408220E-010
   1.3466867220167274E-008   4.5089770245757852E-010
         115  -6.3781092946727901E-008   7.2782364818177521E-009
   1.2668047294425196E-008  -9.6301556685270946E-010
   1.2827638227499879E-008   5.3951250338729789E-010
         116  -7.5695454514845852E-008   1.1622258317565118E-008
   1.4261221397285119E-008  -1.5688309005832291E-009
   1.2007664850955803E-008   7.7298615939560228E-010
         117  -9.4961523173938034E-008   2.0349173615837334E-008
   1.6875392082056194E-008  -2.7749060326789210E-009
   1.0759233637440323E-008   1.3410010051110377E-009
         118  -1.2876570857436682E-007   4.2040624255663976E-008
   2.1495518386653009E-008  -5.7599426691787382E-009
   8.5366363051617432E-009   2.8969930336682912E-009
         119  -1.8862976377263998E-007   1.1777139487929354E-007
   2.9702959415934465E-008  -1.6164150120689476E-008
   4.4683495697066546E-009   8.5862204916494669E-009
         120  -8.4029666268963148E-008   3.9397412573664572E-007
   1.5333499149383676E-008  -5.4094232646385859E-008
   1.3189855136275125E-008   2.9634407236501786E-008
         121   2.0356107004108265E-007   1.7595107262286468E-007
  -2.4152583831903298E-008  -2.4162526139701191E-008
   3.6153645125087592E-008   1.2742155839096294E-008
         122   1.4183654310873321E-007   5.5457285843295407E-008
  -1.5670972259018704E-008  -7.6223707344133996E-009
   3.2573815316373114E-008   3.2885273372214537E-009
         123   1.0089986848077189E-007   2.4996626282632940E-008
  -1.0036162232200945E-008  -3.4449747375230655E-009
   3.0910226241159044E-008   6.7666249785998355E-010
         124   7.8008674912231352E-008   1.3825090120298248E-008
  -6.8721096837743838E-009  -1.9174386827954563E-009
   3.1058202545213400E-008  -5.5616046459049397E-010
         125   6.3990452240250841E-008   8.6268831740276149E-009
  -4.9161440760485639E-009  -1.2130369077559381E-009
   3.2480824672320558E-008  -1.4947941269035414E-009
         126   5.4703970124999082E-008   5.8452762694861724E-009
  -3.5948677023049083E-009  -8.4684689400857880E-010
   3.5136323808273380E-008  -2.5329601458210231E-009
         127   4.8134242897219713E-008   4.2664198026815142E-009
  -2.6198226044853932E-009  -6.6010218335931718E-010
   3.9357298621438992E-008  -4.0186123741709826E-009
         128   4.3121826911440537E-008   3.4680219144607077E-009
  -1.8059143672718914E-009  -6.1523589890569844E-010
   4.5990577302939705E-008  -6.5987123458620581E-009
         129   3.8767995484366416E-008   3.5196911890857793E-009
  -9.6906084128098325E-010  -7.8442660727708773E-010
   5.6949667083649579E-008  -1.2060576127033333E-008
         130   3.3978528896037030E-008   5.5673748331311617E-009
   1.8285663245500320E-010  -1.5751246799204546E-009
   7.6516321819694663E-008  -2.7253570617108275E-008
         131   2.9148168112350418E-008   1.6575914966035625E-008
   1.4700613429051166E-009  -5.3254510695605413E-009
   1.0199980710940685E-007  -8.9405819058787625E-008
         132   5.7905595067917394E-008   2.8575293067342111E-008
  -8.3788905022361338E-009  -9.3780058482941012E-009
  -4.3522791294804584E-008  -1.5709068907584179E-007
         133   6.3788449489007184E-008   6.2799310611925852E-009
  -1.0544953088241931E-008  -1.9456609185523471E-009
  -6.2095361328932871E-008  -4.5233574992919109E-008
         134   6.2740823749137749E-008  -3.2706781271255395E-010
  -1.0402858772749073E-008   2.9643649071257013E-010
  -3.5853794327973856E-008  -1.7895847523188344E-008
         135   6.5917131289393140E-008  -3.9577836140679280E-009
  -1.1758769166698018E-008   1.6362098287317439E-009
  -2.0057760531280564E-008  -1.0066955281054372E-008
         136   7.3566398681081325E-008  -8.1489133389333644E-009
  -1.4854120218283183E-008   3.3686137824986520E-009
  -9.2704906834227502E-009  -7.3682549317164253E-009
         137   8.7736556751435609E-008  -1.5612275772138892E-008
  -2.0731892362009456E-008   6.7437573953145904E-009
  -2.0862231614386461E-010  -6.9322286896108362E-009
         138   1.1397337055966445E-007  -3.3891943370993008E-008
  -3.2109679486594727E-008   1.5588408260836909E-008
   9.3332848808075534E-009  -8.7043098698981159E-009
