   262144.00000000000     
         256           1           3
   1.7567330116226543E-005   12.072724255943999       -143.96115176559999     
   6.0401400154609997        12.000000000000000        5733.8999999999996     
           0   0.0000000000000000        0.0000000000000000     
   0.0000000000000000        0.0000000000000000     
   0.0000000000000000        0.0000000000000000     
           1   0.0000000000000000        0.0000000000000000     
  -1.2697110888355305E-009   3.3821793483920524E-011
  -1.8982851630368476E-009   3.9117781342201299E-011
           2   0.0000000000000000        0.0000000000000000     
  -1.2695959824908556E-009   6.6751726488196440E-012
  -1.8985413247725546E-009   8.0639233522617579E-012
           3   0.0000000000000000        0.0000000000000000     
  -1.2716514258686131E-009   8.2975541132141057E-013
  -1.9015579398661747E-009   1.5299345410708243E-012
           4   0.0000000000000000        0.0000000000000000     
  -1.2707235203994897E-009  -1.2944620178384729E-012
  -1.9014077269116368E-009  -7.1686630305527897E-013
           5   0.0000000000000000        0.0000000000000000     
  -1.2679541508075579E-009  -2.5111239803740513E-012
  -1.8994116700650366E-009  -1.9134124870109790E-012
           6   0.0000000000000000        0.0000000000000000     
  -1.2638337668531150E-009  -3.4438850780017485E-012
  -1.8961430617939372E-009  -2.7759288387662083E-012
           7   0.0000000000000000        0.0000000000000000     
  -1.2585456877836822E-009  -4.2810994755654289E-012
  -1.8918239268787884E-009  -3.5195053494531423E-012
           8   0.0000000000000000        0.0000000000000000     
  -1.2521483282821500E-009  -5.0949710884768796E-012
  -1.8865349364716753E-009  -4.2254007239997873E-012
           9   0.0000000000000000        0.0000000000000000     
  -1.2446421571426866E-009  -5.9197052378625334E-012
  -1.8802926955971351E-009  -4.9309590602242429E-012
          10   0.0000000000000000        0.0000000000000000     
  -1.2359955662283209E-009  -6.7753003170976401E-012
  -1.8730797867357588E-009  -5.6569545334249301E-012
          11   0.0000000000000000        0.0000000000000000     
  -1.2261554189428420E-009  -7.6760910977272794E-012
  -1.8648572366630560E-009  -6.4173792165483530E-012
          12   0.0000000000000000        0.0000000000000000     
  -1.2150513220174087E-009  -8.6342760043651694E-012
  -1.8555698259076218E-009  -7.2234495760104436E-012
          13   0.0000000000000000        0.0000000000000000     
  -1.2025969876978896E-009  -9.6615828349177038E-012
  -1.8451481277133588E-009  -8.0854603765988420E-012
          14   0.0000000000000000        0.0000000000000000     
  -1.1886900806073072E-009  -1.0770189502543362E-011
  -1.8335088971584196E-009  -9.0137686594241712E-012
          15   0.0000000000000000        0.0000000000000000     
  -1.1732111168681438E-009  -1.1973337024304414E-011
  -1.8205544819056494E-009  -1.0019407888571003E-011
          16   0.0000000000000000        0.0000000000000000     
  -1.1560216536445576E-009  -1.3285828050053480E-011
  -1.8061715528804318E-009  -1.1114550740226219E-011
          17   0.0000000000000000        0.0000000000000000     
  -1.1369618342995414E-009  -1.4724506755581657E-011
  -1.7902292595282123E-009  -1.2312925688825035E-011
          18   0.0000000000000000        0.0000000000000000     
  -1.1158472729640841E-009  -1.6308778119107406E-011
  -1.7725768285491840E-009  -1.3630247522423420E-011
          19   0.0000000000000000        0.0000000000000000     
  -1.0924651852901818E-009  -1.8061209056067944E-011
  -1.7530405470023853E-009  -1.5084701999969157E-011
          20   0.0000000000000000        0.0000000000000000     
  -1.0665698765004369E-009  -2.0008252940275889E-011
  -1.7313014648935822E-009  -1.6697524468460957E-011
          21   0.0000000000000000        0.0000000000000000     
  -1.0378759262578843E-009  -2.2181143079216113E-011
  -1.7073651036601933E-009  -1.8493689369957006E-011
          22   0.0000000000000000        0.0000000000000000     
  -1.0060524545011831E-009  -2.4617012246744095E-011
  -1.6808443837791885E-009  -2.0502806613076057E-011
          23   0.0000000000000000        0.0000000000000000     
  -9.7071325631840427E-010  -2.7360312792991334E-011
  -1.6514269373348354E-009  -2.2760216394305091E-011
          24   0.0000000000000000        0.0000000000000000     
  -9.3140598099056313E-010  -3.0464637125829751E-011
  -1.6187478756920062E-009  -2.5308409549697813E-011
          25   0.0000000000000000        0.0000000000000000     
  -8.8759827675104270E-010  -3.3995075895495875E-011
  -1.5823789565509513E-009  -2.8198860111923994E-011
          26   0.0000000000000000        0.0000000000000000     
  -8.3866030052987812E-010  -3.8031304739743589E-011
  -1.5418149274527231E-009  -3.1494420720369421E-011
          27   0.0000000000000000        0.0000000000000000     
  -7.8384245170227453E-010  -4.2671669452227351E-011
  -1.4964561655048759E-009  -3.5272489184787464E-011
          28   0.0000000000000000        0.0000000000000000     
  -7.2224675193818598E-010  -4.8038656248461303E-011
  -1.4455863937921785E-009  -3.9629244383240720E-011
          29   0.0000000000000000        0.0000000000000000     
  -6.5278967726887120E-010  -5.4286310258702963E-011
  -1.3883437816018180E-009  -4.4685385648598730E-011
          30   0.0000000000000000        0.0000000000000000     
  -5.7415333457152664E-010  -6.1610435725126268E-011
  -1.3236830304369238E-009  -5.0594017970664714E-011
          31   0.0000000000000000        0.0000000000000000     
  -4.8472051978537910E-010  -7.0262834001034020E-011
  -1.2503250035673430E-009  -5.7551650784929364E-011
          32   0.0000000000000000        0.0000000000000000     
  -3.8248713866308616E-010  -8.0571510391566744E-011
  -1.1666888731297495E-009  -6.5813797885948736E-011
          33   0.0000000000000000        0.0000000000000000     
  -2.6494228213549185E-010  -9.2969883251924764E-011
  -1.0707993021692864E-009  -7.5717514735318119E-011
          34   0.0000000000000000        0.0000000000000000     
  -1.2890120287431042E-010  -1.0803987714586898E-010
  -9.6015729315054220E-010  -8.7714632564706858E-011
          35   0.0000000000000000        0.0000000000000000     
   2.9732736016410488E-011  -1.2657696994210308E-010
  -8.3166004445479491E-010  -1.0242189779954973E-010
          36   0.0000000000000000        0.0000000000000000     
   2.1630782860230586E-010  -1.4969094121946988E-010
  -6.8092353435387939E-010  -1.2069863276574789E-010
          37   0.0000000000000000        0.0000000000000000     
   4.3794042480590188E-010  -1.7896655322839185E-010
  -5.0250672880915291E-010  -1.4377049460242217E-010
          38   0.0000000000000000        0.0000000000000000     
   7.0429021475801636E-010  -2.1672855679994009E-010
  -2.8889865199401367E-010  -1.7343361121231996E-010
          39   0.0000000000000000        0.0000000000000000     
   1.0287871373481040E-009  -2.6649606123091872E-010
  -2.9623517117420819E-011  -2.1240448381572051E-010
          40   0.0000000000000000        0.0000000000000000     
   1.4306435218296574E-009  -3.3379782061782899E-010
   2.9009779143861695E-010  -2.6494772848387438E-010
          41   0.0000000000000000        0.0000000000000000     
   1.9382647479639811E-009  -4.2771626925854748E-010
   6.9229257952811973E-010  -3.3806484546709699E-010
          42   0.0000000000000000        0.0000000000000000     
   2.5953932075813521E-009  -5.6400864049224178E-010
   1.2107824119403829E-009  -4.4389697928403064E-010
          43   0.0000000000000000        0.0000000000000000     
   3.4727903848310781E-009  -7.7194337260828270E-010
   1.9000084880098109E-009  -6.0498760637555160E-010
          44   0.0000000000000000        0.0000000000000000     
   4.6922190237251962E-009  -1.1108720444671671E-009
   2.8541202633399038E-009  -8.6703934152185888E-010
          45   0.0000000000000000        0.0000000000000000     
   6.4799636005359402E-009  -1.7160732189802424E-009
   4.2475634731348049E-009  -1.3342030236709159E-009
          46   0.0000000000000000        0.0000000000000000     
   9.2980449775721783E-009  -2.9504146757527490E-009
   6.4357840780158607E-009  -2.2858214022952445E-009
          47   0.0000000000000000        0.0000000000000000     
   1.4174400385565781E-008  -6.0499750838163709E-009
   1.0210389730536450E-008  -4.6734018901064804E-009
          48   0.0000000000000000        0.0000000000000000     
   2.2713072991317297E-008  -1.6969166752486572E-008
   1.6806571358416031E-008  -1.3080428335471999E-008
          49   0.0000000000000000        0.0000000000000000     
   6.7114823732291726E-009  -5.6008361598212764E-008
   4.5161160469068659E-009  -4.3133296449390360E-008
          50   0.0000000000000000        0.0000000000000000     
  -3.2538645494925573E-008  -2.4266556358477733E-008
  -2.5668071900084822E-008  -1.8702296082007532E-008
          51   0.0000000000000000        0.0000000000000000     
  -2.3776053755013360E-008  -7.7060665350433786E-009
  -1.8889656971995101E-008  -5.9575934238260621E-009
          52   0.0000000000000000        0.0000000000000000     
  -1.8054379513759624E-008  -3.4875098117629496E-009
  -1.4448169823053627E-008  -2.7136232060751029E-009
          53   0.0000000000000000        0.0000000000000000     
  -1.4857199522696735E-008  -1.9261402446196970E-009
  -1.1945031164706088E-008  -1.5155688165727846E-009
          54   0.0000000000000000        0.0000000000000000     
  -1.2910452670338476E-008  -1.1896087963717021E-009
  -1.0398819386240638E-008  -9.5307342633832938E-010
          55   0.0000000000000000        0.0000000000000000     
  -1.1643271455864099E-008  -7.8348890084072860E-010
  -9.3691067324033714E-009  -6.4568287970680293E-010
          56   0.0000000000000000        0.0000000000000000     
  -1.0784607316652897E-008  -5.3334746058967843E-010
  -8.6462083442503217E-009  -4.5929607358917734E-010
          57   0.0000000000000000        0.0000000000000000     
  -1.0193318214020537E-008  -3.6535165937971674E-010
  -8.1200172585321850E-009  -3.3729732223788087E-010
          58   0.0000000000000000        0.0000000000000000     
  -9.7903843811803527E-009  -2.4383141514337715E-010
  -7.7279649075619000E-009  -2.5251117110607575E-010
          59   0.0000000000000000        0.0000000000000000     
  -9.5294428833556696E-009  -1.4964419177307089E-010
  -7.4321862266982318E-009  -1.9057221178356701E-010
          60   0.0000000000000000        0.0000000000000000     
  -9.3828633630991121E-009  -7.1498727211582571E-011
  -7.2086362985807418E-009  -1.4328083517873697E-010
          61   0.0000000000000000        0.0000000000000000     
  -9.3347722745787338E-009  -2.0387333440894525E-012
  -7.0416325802964848E-009  -1.0563962397688185E-010
          62   0.0000000000000000        0.0000000000000000     
  -9.3774689419315760E-009   6.4136045904452965E-011
  -6.9206599922676649E-009  -7.4407519225433213E-011
          63   0.0000000000000000        0.0000000000000000     
  -9.5097376926070579E-009   1.3162033316994099E-010
  -6.8387731755861899E-009  -4.7334979415096898E-011
          64   0.0000000000000000        0.0000000000000000     
  -9.7363704867193201E-009   2.0503012225543683E-010
  -6.7917145818517489E-009  -2.2721573738511643E-011
          65   0.0000000000000000        0.0000000000000000     
  -1.0068698436878890E-008   2.8980018447646779E-010
  -6.7769257974907952E-009   8.7517750173576590E-013
          66   0.0000000000000000        0.0000000000000000     
  -1.0526281461621617E-008   3.9321780016892531E-010
  -6.7940719420942297E-009   2.4877087076626882E-011
          67   0.0000000000000000        0.0000000000000000     
  -1.1140229657091557E-008   5.2607825430426210E-010
  -6.8445012398941468E-009   5.0946390420753761E-011
          68   0.0000000000000000        0.0000000000000000     
  -1.1959338839520948E-008   7.0571425854898850E-010
  -6.9328826689753435E-009   8.1373891100231223E-011
          69   0.0000000000000000        0.0000000000000000     
  -1.3061509980305562E-008   9.6211336790404450E-010
  -7.0663039244990064E-009   1.1979603905446913E-010
          70   0.0000000000000000        0.0000000000000000     
  -1.4576057636687865E-008   1.3515048187304419E-009
  -7.2586250752985128E-009   1.7273809557310535E-010
          71   0.0000000000000000        0.0000000000000000     
  -1.6730383042670262E-008   1.9900682393175557E-009
  -7.5354419346633720E-009   2.5340226301030041E-010
          72   0.0000000000000000        0.0000000000000000     
  -1.9956512123514756E-008   3.1502829220681283E-009
  -7.9444378631968160E-009   3.9246080510686912E-010
          73   0.0000000000000000        0.0000000000000000     
  -2.5156709412401087E-008   5.5946631488507045E-009
  -8.5875329042281739E-009   6.7540933792942238E-010
          74   0.0000000000000000        0.0000000000000000     
  -3.4346598509976965E-008   1.2092714114748914E-008
  -9.6895057849640575E-009   1.4123139445885529E-009
          75   0.0000000000000000        0.0000000000000000     
  -4.9077844858036674E-008   3.7008591570213047E-008
  -1.1425203623608633E-008   4.2106253992012406E-009
          76   0.0000000000000000        0.0000000000000000     
   7.5475152020719602E-009   9.5272778352799265E-008
  -5.1911059679588445E-009   1.0741179138169411E-008
          77   0.0000000000000000        0.0000000000000000     
   4.2920614892332587E-008   3.0515224725201728E-008
  -1.3518089346082547E-009   3.5072593336274602E-009
          78   0.0000000000000000        0.0000000000000000     
   2.8468809020297514E-008   1.0592623510774707E-008
  -3.1038435792929133E-009   1.2913540780761351E-009
          79   0.0000000000000000        0.0000000000000000     
   2.0082604895468020E-008   5.0724045467802877E-009
  -4.1965102845119998E-009   6.8853620651068216E-010
          80   0.0000000000000000        0.0000000000000000     
   1.5291285621191004E-008   2.9024590793572781E-009
  -4.9082354323708983E-009   4.6251129991594458E-010
          81   0.0000000000000000        0.0000000000000000     
   1.2301348091382052E-008   1.8410837024338974E-009
  -5.4428464309389514E-009   3.6291113758857702E-010
          82   0.0000000000000000        0.0000000000000000     
   1.0310088991983991E-008   1.2420353837798947E-009
  -5.8937616418627173E-009   3.1801386086864630E-010
          83   0.0000000000000000        0.0000000000000000     
   8.9288597891010087E-009   8.6693232725952236E-010
  -6.3087319111159428E-009   3.0190385423031570E-010
          84   0.0000000000000000        0.0000000000000000     
   7.9521369222393162E-009   6.1154364650130670E-010
  -6.7165381553602171E-009   3.0391069157878252E-010
          85   0.0000000000000000        0.0000000000000000     
   7.2640312695285139E-009   4.2409561897537287E-010
  -7.1373510554805355E-009   3.1956432472594272E-010
          86   0.0000000000000000        0.0000000000000000     
   6.7969907691571067E-009   2.7593042089834685E-010
  -7.5878045813370158E-009   3.4745699726799266E-010
          87   0.0000000000000000        0.0000000000000000     
   6.5121873294927178E-009   1.4934583300997554E-010
  -8.0847317366909061E-009   3.8810702347637741E-010
          88   0.0000000000000000        0.0000000000000000     
   6.3899142940214823E-009   3.1849987855723841E-011
  -8.6462130178561860E-009   4.4367335065071513E-010
          89   0.0000000000000000        0.0000000000000000     
   6.4252094834403266E-009  -8.7033422935110603E-011
  -9.2948038240468536E-009   5.1818791254851187E-010
          90   0.0000000000000000        0.0000000000000000     
   6.6268046662204520E-009  -2.1806762374994403E-010
  -1.0059281093467473E-008   6.1830947355559163E-010
          91   0.0000000000000000        0.0000000000000000     
   7.0189521667427447E-009  -3.7469772415208596E-010
  -1.0980070018670742E-008   7.5487305277204967E-010
          92   0.0000000000000000        0.0000000000000000     
   7.6468320444005737E-009  -5.7657359420805914E-010
  -1.2116244630124662E-008   9.4594369306965758E-010
          93   0.0000000000000000        0.0000000000000000     
   8.5877872443962382E-009  -8.5605523053312823E-010
  -1.3556585908574783E-008   1.2230767540432314E-009
          94   0.0000000000000000        0.0000000000000000     
   9.9739933348603011E-009  -1.2721018907945410E-009
  -1.5444630467378852E-008   1.6451281305609393E-009
          95   0.0000000000000000        0.0000000000000000     
   1.2039920483585739E-008  -1.9438392636155115E-009
  -1.8026045536751540E-008   2.3319334110756449E-009
          96   0.0000000000000000        0.0000000000000000     
   1.5229524042834941E-008  -3.1439065956755679E-009
  -2.1758303946677112E-008   3.5581593172169474E-009
          97   0.0000000000000000        0.0000000000000000     
   2.0460824059330533E-008  -5.6103204896334564E-009
  -2.7576238171656085E-008   6.0669299526906761E-009
          98   0.0000000000000000        0.0000000000000000     
   2.9788191455714906E-008  -1.1893539644791939E-008
  -3.7558214839651300E-008   1.2424400628197708E-008
          99   0.0000000000000000        0.0000000000000000     
   4.6140265230341402E-008  -3.4502577488214381E-008
  -5.4666834378401933E-008   3.5210763150610879E-008
         100   0.0000000000000000        0.0000000000000000     
   7.0864670718128459E-009  -1.0993466610982827E-007
  -1.6147634940912771E-008   1.1112721076103968E-007
         101   0.0000000000000000        0.0000000000000000     
  -6.1714469958029111E-008  -4.3514665252027280E-008
   5.2171521165473645E-008   4.4436500082004954E-008
         102   0.0000000000000000        0.0000000000000000     
  -4.5200155724577660E-008  -1.3781332514505199E-008
   3.4562815957511541E-008   1.4664970130275343E-008
         103   0.0000000000000000        0.0000000000000000     
  -3.5123394256562557E-008  -5.9962064998277744E-009
   2.3231828858423053E-008   7.0061841538394696E-009
         104   0.0000000000000000        0.0000000000000000     
  -2.9886018528454875E-008  -2.9881024386276600E-009
   1.6501430664519219E-008   4.2151550374839556E-009
         105   0.0000000000000000        0.0000000000000000     
  -2.7169087644157652E-008  -1.4475540707385081E-009
   1.1935561941332674E-008   2.9979054737282179E-009
         106   0.0000000000000000        0.0000000000000000     
  -2.5990782829714430E-008  -4.4417372846794746E-010
   8.3847962620257626E-009   2.4774378687616696E-009
         107   0.0000000000000000        0.0000000000000000     
  -2.5971536972500629E-008   3.9506164553289794E-010
   5.2064648667548582E-009   2.3872650894992323E-009
         108   0.0000000000000000        0.0000000000000000     
  -2.7062313386628306E-008   1.3103136653399707E-009
   1.8994132399920348E-009   2.7052401943949556E-009
         109   0.0000000000000000        0.0000000000000000     
  -2.9511310431578029E-008   2.5999566687759684E-009
  -2.1240943410399068E-009   3.6272052950123165E-009
         110   0.0000000000000000        0.0000000000000000     
  -3.4032877082396197E-008   4.9105244618276561E-009
  -7.8506311348755561E-009   5.8142360953025736E-009
         111   0.0000000000000000        0.0000000000000000     
  -4.2348615641171427E-008   1.0289618110147473E-008
  -1.7340373807036453E-008   1.1568896944878621E-008
         112   0.0000000000000000        0.0000000000000000     
  -5.7551135916859085E-008   2.8187026561806763E-008
  -3.4171736831184317E-008   3.1725026609877529E-008
         113   0.0000000000000000        0.0000000000000000     
  -4.0562263565943069E-008   9.8111872963799891E-008
  -1.3329582339608586E-008   1.1171467016384276E-007
         114   0.0000000000000000        0.0000000000000000     
   4.3211707874336888E-008   5.1052273729170044E-008
   8.5099243374154975E-008   5.6958603037792105E-008
         115   0.0000000000000000        0.0000000000000000     
   2.7087513566903221E-008   1.6081617497754946E-008
   6.9439868627153719E-008   1.5942984667385750E-008
         116   0.0000000000000000        0.0000000000000000     
   1.5003240951540556E-008   7.6746389753368126E-009
   5.9618794248119978E-008   5.2068624321534781E-009
         117   0.0000000000000000        0.0000000000000000     
   7.4758122211726340E-009   4.9360459413706327E-009
   5.6730041163660446E-008   4.8057381633535392E-010
         118   0.0000000000000000        0.0000000000000000     
   1.7862820243854935E-009   4.0921874799085023E-009
   5.8526734716244959E-008  -3.0221140104724123E-009
         119   0.0000000000000000        0.0000000000000000     
  -3.5830716158047077E-009   4.3626189124552845E-009
   6.4920254456345681E-008  -7.2105849233322100E-009
         120   0.0000000000000000        0.0000000000000000     
  -9.9585801281760201E-009   6.0302196181919373E-009
   7.7802486834995524E-008  -1.4489242602074304E-008
         121   0.0000000000000000        0.0000000000000000     
  -1.9387256927775955E-008   1.1132121088220303E-008
   1.0244987298396951E-007  -3.1918694539477327E-008
         122   0.0000000000000000        0.0000000000000000     
  -3.4593583927345866E-008   3.0270878458828266E-008
   1.4679846479838957E-007  -9.3267998654675343E-008
         123   0.0000000000000000        0.0000000000000000     
  -2.8545442492898448E-009   9.5519258543853828E-008
   4.4033220152022911E-008  -2.9993885782935723E-007
         124   0.0000000000000000        0.0000000000000000     
   5.7210234755050737E-008   3.8618303113365959E-008
  -1.4730531569996303E-007  -1.2088818989944019E-007
         125   0.0000000000000000        0.0000000000000000     
   4.2312426744143457E-008   1.2456783953121156E-008
  -1.0131152317709972E-007  -3.8791573326600427E-008
         126   0.0000000000000000        0.0000000000000000     
   3.2995460712335068E-008   5.6092460486808808E-009
  -7.2311941241713005E-008  -1.7624310810762096E-008
         127   0.0000000000000000        0.0000000000000000     
   2.7930614883464234E-008   2.9731911829578378E-009
  -5.6137471363632015E-008  -9.7467362418048196E-009
         128   0.0000000000000000        0.0000000000000000     
   2.5058976219784422E-008   1.6513312292643829E-009
  -4.6274230889705079E-008  -6.0453035487231860E-009
         129   0.0000000000000000        0.0000000000000000     
   2.3475238784605894E-008   8.4449403564979269E-010
  -3.9804365136386728E-008  -4.0336332045006124E-009
         130   0.0000000000000000        0.0000000000000000     
   2.2772581585042047E-008   2.5905156390438247E-010
  -3.5329444585787890E-008  -2.8321688360775380E-009
         131   0.0000000000000000        0.0000000000000000     
   2.2774656704746510E-008  -2.4316319391528439E-010
  -3.2104765396325700E-008  -2.0736335041657646E-009
         132   0.0000000000000000        0.0000000000000000     
   2.3436393519966185E-008  -7.4955730739001186E-010
  -2.9687293099003987E-008  -1.5913734987717004E-009
         133   0.0000000000000000        0.0000000000000000     
   2.4815089397830384E-008  -1.3413435628305562E-009
  -2.7774217350993275E-008  -1.3160346478604106E-009
         134   0.0000000000000000        0.0000000000000000     
   2.7083992711715593E-008  -2.1287061343351276E-009
  -2.6108751083392914E-008  -1.2458257509987037E-009
         135   0.0000000000000000        0.0000000000000000     
   3.0594947809313720E-008  -3.3079214333514511E-009
  -2.4396452388926637E-008  -1.4624733398686865E-009
         136   0.0000000000000000        0.0000000000000000     
   3.6037339267047465E-008  -5.3036028841782772E-009
  -2.2170419383647914E-008  -2.2225008026384886E-009
         137   0.0000000000000000        0.0000000000000000     
   4.4836832824161588E-008  -9.2247082317956493E-009
  -1.8499619547527048E-008  -4.2902647241294903E-009
         138   0.0000000000000000        0.0000000000000000     
   6.0169507523270552E-008  -1.8766305240445213E-008
  -1.1246648913295499E-008  -1.0375113463809662E-008
