   262144.00000000000     
         256           1           3
   1.7567330116226543E-005   3.5413528560710001       -170.96712460590001     
   6.0401400154609997        12.000000000000000        5733.8999999999996     
           0   0.0000000000000000        0.0000000000000000     
   0.0000000000000000        0.0000000000000000     
   0.0000000000000000        0.0000000000000000     
           1   0.0000000000000000        0.0000000000000000     
  -1.7811130589334731E-009   5.3557792383365313E-011
   5.6597803991832884E-010  -1.6503795802185135E-011
           2   0.0000000000000000        0.0000000000000000     
  -1.7807171373908138E-009   1.0381792733894990E-011
   5.6587245419108375E-010  -3.2136305932753349E-012
           3   0.0000000000000000        0.0000000000000000     
  -1.7836210984295708E-009   1.0009348680731304E-012
   5.6679427345931457E-010  -3.3249328217595908E-013
           4   0.0000000000000000        0.0000000000000000     
  -1.7816450888855180E-009  -2.4781702703486195E-012
   5.6622430704427388E-010   7.3072131285071851E-013
           5   0.0000000000000000        0.0000000000000000     
  -1.7765970918658478E-009  -4.5205108362550453E-012
   5.6471970565108422E-010   1.3511649921258405E-012
           6   0.0000000000000000        0.0000000000000000     
  -1.7692503496000085E-009  -6.1164679074715199E-012
   5.6251901083047628E-010   1.8338061838805303E-012
           7   0.0000000000000000        0.0000000000000000     
  -1.7598895618691799E-009  -7.5658361411649160E-012
   5.5971039027327897E-010   2.2709074884901273E-012
           8   0.0000000000000000        0.0000000000000000     
  -1.7485999077932951E-009  -8.9842070570685116E-012
   5.5632066439572622E-010   2.6979904767960282E-012
           9   0.0000000000000000        0.0000000000000000     
  -1.7353731592095239E-009  -1.0426984184525177E-011
   5.5234799902535443E-010   3.1320308727328842E-012
          10   0.0000000000000000        0.0000000000000000     
  -1.7201485731711817E-009  -1.1927153055681496E-011
   5.4777451218603621E-010   3.5830899892911076E-012
          11   0.0000000000000000        0.0000000000000000     
  -1.7028294446472454E-009  -1.3508861639568502E-011
   5.4257138679113211E-010   4.0584954906632368E-012
          12   0.0000000000000000        0.0000000000000000     
  -1.6832896629389527E-009  -1.5193046826066716E-011
   5.3670090744147219E-010   4.5645719787991534E-012
          13   0.0000000000000000        0.0000000000000000     
  -1.6613756074227147E-009  -1.7000113003386636E-011
   5.3011706520669515E-010   5.1074631776838892E-012
          14   0.0000000000000000        0.0000000000000000     
  -1.6369055859514856E-009  -1.8951435706533126E-011
   5.2276540974433871E-010   5.6935916811000943E-012
          15   0.0000000000000000        0.0000000000000000     
  -1.6096677058139423E-009  -2.1070385820008518E-011
   5.1458242369751907E-010   6.3299703322251671E-012
          16   0.0000000000000000        0.0000000000000000     
  -1.5794165419119413E-009  -2.3383183282704203E-011
   5.0549453267697339E-010   7.0244602117190497E-012
          17   0.0000000000000000        0.0000000000000000     
  -1.5458686884065682E-009  -2.5919735241194511E-011
   4.9541677880666516E-010   7.7860227271551823E-012
          18   0.0000000000000000        0.0000000000000000     
  -1.5086971471506286E-009  -2.8714554471302108E-011
   4.8425114509539490E-010   8.6249950183091417E-012
          19   0.0000000000000000        0.0000000000000000     
  -1.4675243774936309E-009  -3.1807830376454251E-011
   4.7188447875938452E-010   9.5534105597994775E-012
          20   0.0000000000000000        0.0000000000000000     
  -1.4219185083471932E-009  -3.5246724791172966E-011
   4.5825340393892426E-010   1.0585384793638167E-011
          21   0.0000000000000000        0.0000000000000000     
  -1.3713638789333351E-009  -3.9086974219026197E-011
   4.4307134084055682E-010   1.1737601569901640E-011
          22   0.0000000000000000        0.0000000000000000     
  -1.3152766042646758E-009  -4.3394898744673271E-011
   4.2622941817137497E-010   1.3029902306118562E-011
          23   0.0000000000000000        0.0000000000000000     
  -1.2529696409355230E-009  -4.8249953842393298E-011
   4.0752186136382801E-010   1.4486055677453867E-011
          24   0.0000000000000000        0.0000000000000000     
  -1.1836376742460476E-009  -5.3748002829059474E-011
   3.8670751869370967E-010   1.6134733324523145E-011
          25   0.0000000000000000        0.0000000000000000     
  -1.1063322418505315E-009  -6.0005557898820757E-011
   3.6350242805129085E-010   1.8010776555699858E-011
          26   0.0000000000000000        0.0000000000000000     
  -1.0199303192096976E-009  -6.7165333437060147E-011
   3.3757043100736873E-010   2.0156854846759898E-011
          27   0.0000000000000000        0.0000000000000000     
  -9.2309431092193150E-010  -7.5403597818369144E-011
   3.0851122037463812E-010   2.2625661289549019E-011
          28   0.0000000000000000        0.0000000000000000     
  -8.1422060664954415E-010  -8.4940020515900804E-011
   2.7584497283775565E-010   2.5482853008081853E-011
          29   0.0000000000000000        0.0000000000000000     
  -6.9137274797377881E-010  -9.6051029404091378E-011
   2.3899238652580174E-010   2.8811039502441589E-011
          30   0.0000000000000000        0.0000000000000000     
  -5.5219360700611892E-010  -1.0908818051658639E-010
   1.9724845184422954E-010   3.2715267360353478E-011
          31   0.0000000000000000        0.0000000000000000     
  -3.9378853507132585E-010  -1.2450380440953726E-010
   1.4974755490024353E-010   3.7330677195920292E-011
          32   0.0000000000000000        0.0000000000000000     
  -2.1256773231076980E-010  -1.4288741003745911E-010
   9.5416406255797202E-011   4.2833371870522321E-011
          33   0.0000000000000000        0.0000000000000000     
  -4.0303412336821817E-012  -1.6501831448564501E-010
   3.2909571911023856E-011   4.9456128281375118E-011
          34   0.0000000000000000        0.0000000000000000     
   2.3753632783474755E-010  -1.9194329927967518E-010
  -3.9480331469757730E-011   5.7511579686433793E-011
          35   0.0000000000000000        0.0000000000000000     
   5.1948720872103599E-010  -2.2509384184588726E-010
  -1.2403104990041752E-010   6.7427215258681965E-011
          36   0.0000000000000000        0.0000000000000000     
   8.5142504356127667E-010  -2.6646770616080698E-010
  -2.2345185063161476E-010   7.9799570465664268E-011
          37   0.0000000000000000        0.0000000000000000     
   1.2461406654245057E-009  -3.1891858005836902E-010
  -3.4164366570817984E-010   9.5480708741619310E-011
          38   0.0000000000000000        0.0000000000000000     
   1.7210036060766210E-009  -3.8663379317912234E-010
  -4.8379459963858738E-010   1.1572080373643591E-010
          39   0.0000000000000000        0.0000000000000000     
   2.3001763617867950E-009  -4.7595343635924810E-010
  -6.5702747957876933E-010   1.4241264081101934E-010
          40   0.0000000000000000        0.0000000000000000     
   3.0182359241103714E-009  -5.9684018099358428E-010
  -8.7185425883829514E-010   1.7853036730544643E-010
          41   0.0000000000000000        0.0000000000000000     
   3.9263300403442083E-009  -7.6566298432072640E-010
  -1.1434536341178569E-009   2.2896036863647457E-010
          42   0.0000000000000000        0.0000000000000000     
   5.1032436466276882E-009  -1.0108241901876032E-009
  -1.4954533117867568E-009   3.0218091914303954E-010
          43   0.0000000000000000        0.0000000000000000     
   6.6764848471709393E-009  -1.3850851272135799E-009
  -1.9655920928233234E-009   4.1394117759391379E-010
          44   0.0000000000000000        0.0000000000000000     
   8.8654693751421152E-009  -1.9954444745119176E-009
  -2.6197077534361281E-009   5.9617954758771548E-010
          45   0.0000000000000000        0.0000000000000000     
   1.2078062808943914E-008  -3.0857927994230535E-009
  -3.5795587053439379E-009   9.2169486095935289E-010
          46   0.0000000000000000        0.0000000000000000     
   1.7147155431970373E-008  -5.3103538681596779E-009
  -5.0935128044408591E-009   1.5857648067862518E-009
          47   0.0000000000000000        0.0000000000000000     
   2.5925918960126308E-008  -1.0897717435425178E-008
  -7.7148391758075114E-009   3.2535934742748534E-009
          48   0.0000000000000000        0.0000000000000000     
   4.1306197502897112E-008  -3.0583460358909258E-008
  -1.2306670325585012E-008   9.1296015521558718E-009
          49   0.0000000000000000        0.0000000000000000     
   1.2439553607842715E-008  -1.0096841843603797E-007
  -3.6914718963535600E-009   3.0138627133187328E-008
          50   0.0000000000000000        0.0000000000000000     
  -5.8345347524458891E-008  -4.3737515536040372E-008
   1.7435219673381774E-008   1.3056122769536390E-008
          51   0.0000000000000000        0.0000000000000000     
  -4.2567225991436933E-008  -1.3877761883206211E-008
   1.2724060828186464E-008   4.1435403408886631E-009
          52   0.0000000000000000        0.0000000000000000     
  -3.2274370975957093E-008  -6.2698069780649583E-009
   9.6500331260157213E-009   1.8728288762833609E-009
          53   0.0000000000000000        0.0000000000000000     
  -2.6536086110923690E-008  -3.4523391099447531E-009
   7.9352395206031118E-009   1.0320358369027783E-009
          54   0.0000000000000000        0.0000000000000000     
  -2.3055769256462952E-008  -2.1216301823895658E-009
   6.8941512588110632E-009   6.3504987147410899E-010
          55   0.0000000000000000        0.0000000000000000     
  -2.0804754624494689E-008  -1.3861624012785692E-009
   6.2197741808005122E-009   4.1577189095740479E-010
          56   0.0000000000000000        0.0000000000000000     
  -1.9295071185277616E-008  -9.3133254474380768E-010
   5.7662136495766188E-009   2.8030547370999197E-010
          57   0.0000000000000000        0.0000000000000000     
  -1.8273123281300856E-008  -6.2388630449996434E-010
   5.4578006722843625E-009   1.8888659313724702E-010
          58   0.0000000000000000        0.0000000000000000     
  -1.7597529932584127E-008  -3.9933516046159194E-010
   5.2522511529903136E-009   1.2227996909408928E-010
          59   0.0000000000000000        0.0000000000000000     
  -1.7186061490774846E-008  -2.2293403679252046E-010
   5.1249158138003240E-009   7.0132588215053882E-011
          60   0.0000000000000000        0.0000000000000000     
  -1.6990625940360390E-008  -7.4016692210654697E-011
   5.0612013830066814E-009   2.6299718903693731E-011
          61   0.0000000000000000        0.0000000000000000     
  -1.6984796683043462E-008   6.1097276134211055E-011
   5.0532617438175219E-009  -1.3269804168468442E-011
          62   0.0000000000000000        0.0000000000000000     
  -1.7157550450844866E-008   1.9271907161103529E-010
   5.0974802910376678E-009  -5.1609271085397877E-011
          63   0.0000000000000000        0.0000000000000000     
  -1.7510461177998724E-008   3.2994090553558606E-010
   5.1940360087568168E-009  -9.1370061579153175E-011
          64   0.0000000000000000        0.0000000000000000     
  -1.8057216775186193E-008   4.8224865232852888E-010
   5.3467402226379148E-009  -1.3529355522969280E-010
          65   0.0000000000000000        0.0000000000000000     
  -1.8825189207593881E-008   6.6116254940330665E-010
   5.5629950222037122E-009  -1.8668510219926389E-010
          66   0.0000000000000000        0.0000000000000000     
  -1.9859368562801394E-008   8.8245203990900938E-010
   5.8555930242538369E-009  -2.5004799166243494E-010
          67   0.0000000000000000        0.0000000000000000     
  -2.1229919028299446E-008   1.1697574670848451E-009
   6.2442654451778478E-009  -3.3211508006117372E-010
          68   0.0000000000000000        0.0000000000000000     
  -2.3045827814527841E-008   1.5612739881116177E-009
   6.7602899553588768E-009  -4.4374924685849693E-010
          69   0.0000000000000000        0.0000000000000000     
  -2.5480385092312467E-008   2.1232903784810570E-009
   7.4524734410818902E-009  -6.0379000214757567E-010
          70   0.0000000000000000        0.0000000000000000     
  -2.8820591331279564E-008   2.9802904024247836E-009
   8.4023134423967771E-009  -8.4760419391246235E-010
          71   0.0000000000000000        0.0000000000000000     
  -3.3570631537866982E-008   4.3896590534350929E-009
   9.7533737286950474E-009  -1.2483054621895945E-009
          72   0.0000000000000000        0.0000000000000000     
  -4.0688151058088162E-008   6.9552364716663932E-009
   1.1777272687043027E-008  -1.9774102740428947E-009
          73   0.0000000000000000        0.0000000000000000     
  -5.2172936096376580E-008   1.2367048551127214E-008
   1.5042139838008918E-008  -3.5149438935418836E-009
          74   0.0000000000000000        0.0000000000000000     
  -7.2492261474488831E-008   2.6763691820172631E-008
   2.0816850419966299E-008  -7.6044576490006658E-009
          75   0.0000000000000000        0.0000000000000000     
  -1.0508515318829290E-007   8.1983740662845221E-008
   3.0078655866430869E-008  -2.3289058817930165E-008
          76   0.0000000000000000        0.0000000000000000     
   2.0496379516712827E-008   2.1112104280243158E-007
  -5.5861526946020594E-009  -5.9968390211862141E-008
          77   0.0000000000000000        0.0000000000000000     
   9.8982194142179954E-008   6.7575275792489676E-008
  -2.7872710037693781E-008  -1.9197699597512970E-008
          78   0.0000000000000000        0.0000000000000000     
   6.7040801574514487E-008   2.3407008726040238E-008
  -1.8794008986006062E-008  -6.6532275766612345E-009
          79   0.0000000000000000        0.0000000000000000     
   4.8557128264693842E-008   1.1161074806080981E-008
  -1.3536797555307186E-008  -3.1757231462923627E-009
          80   0.0000000000000000        0.0000000000000000     
   3.8056314341150805E-008   6.3397893049669837E-009
  -1.0546159001214908E-008  -1.8071367891804909E-009
          81   0.0000000000000000        0.0000000000000000     
   3.1565075728768711E-008   3.9740009417481083E-009
  -8.6930750675070729E-009  -1.1361060697233546E-009
          82   0.0000000000000000        0.0000000000000000     
   2.7306745529445222E-008   2.6308683793727236E-009
  -7.4727357290483715E-009  -7.5569181036136016E-010
          83   0.0000000000000000        0.0000000000000000     
   2.4423050642885608E-008   1.7814686906657611E-009
  -6.6413687817919323E-009  -5.1570328911523951E-010
          84   0.0000000000000000        0.0000000000000000     
   2.2462476349606125E-008   1.1940607609494484E-009
  -6.0703237555092948E-009  -3.5037058582262401E-010
          85   0.0000000000000000        0.0000000000000000     
   2.1173278659781223E-008   7.5293850111573267E-010
  -5.6877276698166520E-009  -2.2689855166310077E-010
          86   0.0000000000000000        0.0000000000000000     
   2.0412325946600855E-008   3.9329008314138587E-010
  -5.4525730631355525E-009  -1.2697256370989368E-010
          87   0.0000000000000000        0.0000000000000000     
   2.0102215121348146E-008   7.4082079260079074E-011
  -5.3420014450643427E-009  -3.9068749534499441E-011
          88   0.0000000000000000        0.0000000000000000     
   2.0210752117083841E-008  -2.3493360465359523E-010
  -5.3461589663250088E-009   4.5217585170825716E-011
          89   0.0000000000000000        0.0000000000000000     
   2.0742550695075916E-008  -5.6072763170597975E-010
  -5.4650951870291920E-009   1.3327308303438184E-010
          90   0.0000000000000000        0.0000000000000000     
   2.1738626993529155E-008  -9.3282871157865726E-010
  -5.7091372177144491E-009   2.3307020010298948E-010
          91   0.0000000000000000        0.0000000000000000     
   2.3283728015616361E-008  -1.3899474375747951E-009
  -6.1000957400314007E-009   3.5495202322839060E-010
          92   0.0000000000000000        0.0000000000000000     
   2.5523847887586478E-008  -1.9902810648240119E-009
  -6.6757243295386514E-009   5.1437599837913473E-010
          93   0.0000000000000000        0.0000000000000000     
   2.8700916724699787E-008  -2.8309932061472251E-009
  -7.4999462525393200E-009   7.3707560901023330E-010
          94   0.0000000000000000        0.0000000000000000     
   3.3222079835210161E-008  -4.0901264786443170E-009
  -8.6800351846773761E-009   1.0701481525705650E-009
          95   0.0000000000000000        0.0000000000000000     
   3.9803818545160601E-008  -6.1281191107713105E-009
  -1.0404802950337480E-008   1.6088986427293972E-009
          96   0.0000000000000000        0.0000000000000000     
   4.9796583807270410E-008  -9.7702572211063240E-009
  -1.3031265641625750E-008   2.5715202887761376E-009
          97   0.0000000000000000        0.0000000000000000     
   6.5985999375008659E-008  -1.7250387197836251E-008
  -1.7295465720547277E-008   4.5486076015585048E-009
          98   0.0000000000000000        0.0000000000000000     
   9.4597292197451450E-008  -3.6287132431326040E-008
  -2.4842562777775277E-008   9.5808911067810578E-009
          99   0.0000000000000000        0.0000000000000000     
   1.4450322820078978E-007  -1.0473369501235814E-007
  -3.8018420734168499E-008   2.7676556684692374E-008
         100   0.0000000000000000        0.0000000000000000     
   2.6805672407382074E-008  -3.3303103451861350E-007
  -6.8792144331001132E-009   8.8035713936947360E-008
         101   0.0000000000000000        0.0000000000000000     
  -1.8083585981457045E-007  -1.3210719342192322E-007
   4.8045380382722076E-008   3.4909524178448018E-008
         102   0.0000000000000000        0.0000000000000000     
  -1.3022617253547340E-007  -4.2215539676344844E-008
   3.4692082475134830E-008   1.1138925963863473E-008
         103   0.0000000000000000        0.0000000000000000     
  -9.8971527641350596E-008  -1.8766819941056255E-008
   2.6462243344198807E-008   4.9342701831839722E-009
         104   0.0000000000000000        0.0000000000000000     
  -8.2189526916403011E-008  -9.8154904899663568E-009
   2.2066746278825793E-008   2.5606917764826248E-009
         105   0.0000000000000000        0.0000000000000000     
  -7.2794472449647852E-008  -5.3695757666648644E-009
   1.9635059131667373E-008   1.3752889544881666E-009
         106   0.0000000000000000        0.0000000000000000     
  -6.7708897238882771E-008  -2.6525889508234739E-009
   1.8359019412616349E-008   6.4212044019501336E-010
         107   0.0000000000000000        0.0000000000000000     
  -6.5611136607499383E-008  -6.0795495652224890E-010
   1.7896866306154303E-008   7.8386501694207985E-011
         108   0.0000000000000000        0.0000000000000000     
  -6.6053776747567521E-008   1.3450539712991623E-009
   1.8145005452086223E-008  -4.7644000235712473E-010
         109   0.0000000000000000        0.0000000000000000     
  -6.9231573281533880E-008   3.7788993619981064E-009
   1.9180985618879739E-008  -1.1895524134866826E-009
         110   0.0000000000000000        0.0000000000000000     
  -7.6171893707750434E-008   7.7755994197170337E-009
   2.1331021409191556E-008  -2.3889967535235798E-009
         111   0.0000000000000000        0.0000000000000000     
  -8.9558240680838264E-008   1.6621166857386480E-008
   2.5425414694266638E-008  -5.0833599107900753E-009
         112   0.0000000000000000        0.0000000000000000     
  -1.1429228878418623E-007   4.5338805742046979E-008
   3.2973802544430352E-008  -1.3896901982197811E-008
         113   0.0000000000000000        0.0000000000000000     
  -8.8405757772814381E-008   1.5664449867155339E-007
   2.4887085390797798E-008  -4.8143163179876683E-008
         114   0.0000000000000000        0.0000000000000000     
   4.2910505750034920E-008   8.2420515914279986E-008
  -1.5726412920940569E-008  -2.5238047771209654E-008
         115   0.0000000000000000        0.0000000000000000     
   1.5058783835048404E-008   2.7511615310230639E-008
  -7.3821061640576031E-009  -8.2681385419879769E-009
         116   0.0000000000000000        0.0000000000000000     
  -7.2799063422177793E-009   1.4975580799755376E-008
  -8.2666453417161662E-010  -4.3258972894592471E-009
         117   0.0000000000000000        0.0000000000000000     
  -2.3669691455731215E-008   1.1827482823497998E-008
   3.7667706082768283E-009  -3.2349051977654589E-009
         118   0.0000000000000000        0.0000000000000000     
  -3.9099439755618282E-008   1.2418513812448470E-008
   7.8660358637507525E-009  -3.2208733135374163E-009
         119   0.0000000000000000        0.0000000000000000     
  -5.7247679933134962E-008   1.6283679095293042E-008
   1.2474560906716018E-008  -4.0618434756986504E-009
         120   0.0000000000000000        0.0000000000000000     
  -8.2833974057873034E-008   2.5960020814980994E-008
   1.8779636853888921E-008  -6.3265564059511238E-009
         121   0.0000000000000000        0.0000000000000000     
  -1.2494436993225211E-007   5.1874431463189942E-008
   2.8985688402899565E-008  -1.2493733887871898E-008
         122   0.0000000000000000        0.0000000000000000     
  -1.9637331996930443E-007   1.4601705850493810E-007
   4.6169728107929873E-008  -3.4994553424429439E-008
         123   0.0000000000000000        0.0000000000000000     
  -3.9435655663618057E-008   4.6508496898328413E-007
   8.6893497311116044E-009  -1.1131515960622680E-007
         124   0.0000000000000000        0.0000000000000000     
   2.5515017402222789E-007   1.8772799466401287E-007
  -6.1742751085744188E-008  -4.4943187759337586E-008
         125   0.0000000000000000        0.0000000000000000     
   1.8324987980526534E-007   6.0376002973066081E-008
  -4.4509784732962898E-008  -1.4462346611614291E-008
         126   0.0000000000000000        0.0000000000000000     
   1.3812623138366828E-007   2.7282886623204021E-008
  -3.3697878510819725E-008  -6.5342083070257555E-009
         127   0.0000000000000000        0.0000000000000000     
   1.1331440516604522E-007   1.4745663295158011E-008
  -2.7759495482543473E-008  -3.5243172894125858E-009
         128   0.0000000000000000        0.0000000000000000     
   9.8752158432229637E-008   8.6446192786015953E-009
  -2.4287357447714146E-008  -2.0537000872221164E-009
         129   0.0000000000000000        0.0000000000000000     
   8.9975128019117002E-008   5.1059933973325765E-009
  -2.2215027578474633E-008  -1.1946468925510662E-009
         130   0.0000000000000000        0.0000000000000000     
   8.4911178945263155E-008   2.7325160887964759E-009
  -2.1049471488657701E-008  -6.1167194520113548E-010
         131   0.0000000000000000        0.0000000000000000     
   8.2556415775535940E-008   9.0251219423986266E-010
  -2.0554834751982408E-008  -1.5429418582841458E-010
         132   0.0000000000000000        0.0000000000000000     
   8.2461584608282431E-008  -7.2659943954548787E-010
  -2.0631076279467108E-008   2.6224860425607211E-010
         133   0.0000000000000000        0.0000000000000000     
   8.4536164100358657E-008  -2.4067921561917409E-009
  -2.1269017206617758E-008   7.0308764398408691E-010
         134   0.0000000000000000        0.0000000000000000     
   8.9008350381659849E-008  -4.4077199118095581E-009
  -2.2543307325535250E-008   1.2418032621210700E-009
         135   0.0000000000000000        0.0000000000000000     
   9.6510556139222941E-008  -7.1422446106352379E-009
  -2.4641846774948161E-008   1.9957316711909944E-009
         136   0.0000000000000000        0.0000000000000000     
   1.0836143645711893E-007  -1.1438191635647173E-008
  -2.7948964204847013E-008   3.2055648401433205E-009
         137   0.0000000000000000        0.0000000000000000     
   1.2729835264438507E-007  -1.9376487760296741E-008
  -3.3263267720366900E-008   5.4838765508520498E-009
         138   0.0000000000000000        0.0000000000000000     
   1.5934389753638626E-007  -3.7744653371936690E-008
  -4.2350684992231711E-008   1.0843334492334036E-008
