   262144.00000000000     
         256           1           3
   1.7567330116226543E-005   35.902873699465999        16.020003305100001     
   6.0401400154609997        12.000000000000000        1200.0000000000000     
           0   0.0000000000000000        0.0000000000000000     
   0.0000000000000000        0.0000000000000000     
   0.0000000000000000        0.0000000000000000     
           1  -7.3952489385134219E-009   2.2235841110807843E-010
  -2.6855620971789529E-009   1.9507812825740255E-010
  -2.5688219909506697E-010   2.4457531226916423E-011
           2  -7.5853532676597211E-009   4.9139950017943060E-010
  -3.0960621607301117E-009   6.6382450025032303E-010
  -3.1185075521594560E-010   8.6555522057790336E-011
           3  -7.8450011956694635E-009   1.4874102356239959E-009
  -3.5903243945913756E-009   2.3956297688302917E-009
  -3.7765695898211157E-010   3.1592792921325104E-010
           4  -5.6814309047484797E-009   2.4092503512702184E-009
   1.4590881083636112E-010   3.9980687476761097E-009
   1.1693602121710033E-010   5.2816395086316698E-010
           5  -5.2717961579083797E-009   8.5146166125981575E-010
   8.4197830347531549E-010   1.2878493987309247E-009
   2.0894233066993517E-010   1.6922241779588675E-010
           6  -5.5829629324603507E-009   4.0935817553403608E-010
   2.9148184286409094E-010   5.1759157021238600E-010
   1.3588836920837033E-010   6.7211914535245930E-011
           7  -5.7690066013609643E-009   2.6988812670448926E-010
  -3.5934164987110341E-011   2.7344447416137976E-010
   9.2405586508556203E-011   3.4879891881227368E-011
           8  -5.8799975185185064E-009   2.1176241466330095E-010
  -2.2822793600007144E-010   1.7059482417950664E-010
   6.6838000961842289E-011   2.1261207064307947E-011
           9  -5.9529583594579339E-009   1.8301937757660737E-010
  -3.5035015012180026E-010   1.1869061983802292E-010
   5.0579122380304576E-011   1.4389620569095027E-011
          10  -6.0055356587977964E-009   1.6726400869102471E-010
  -4.3336792594392241E-010   8.9227645389273034E-011
   3.9511394560178729E-011   1.0490084235983151E-011
          11  -6.0465969407827223E-009   1.5810294218683095E-010
  -4.9296384289882144E-010   7.1091914263297641E-011
   3.1555633913547915E-011   8.0907196410613521E-012
          12  -6.0809561005855744E-009   1.5264613210878242E-010
  -5.3769343051913908E-010   5.9259634773974617E-011
   2.5577101643099352E-011   6.5262302638298232E-012
          13  -6.1114099635280601E-009   1.4943917259146223E-010
  -5.7255069541737233E-010   5.1201990202523580E-011
   2.0913104794305748E-011   5.4617494076300908E-012
          14  -6.1396782256929891E-009   1.4768843089514417E-010
  -6.0061767624438975E-010   4.5537986972845793E-011
   1.7154416705672301E-011   4.7144243328824566E-012
          15  -6.1668700939397819E-009   1.4693277299584196E-010
  -6.2388568717223648E-010   4.1463820067391251E-011
   1.4036438212783908E-011   4.1778426088960397E-012
          16  -6.1937313299882853E-009   1.4689062792161401E-010
  -6.4369147396550769E-010   3.8487076274242284E-011
   1.1381383509212486E-011   3.7868310642990861E-012
          17  -6.2207823949698949E-009   1.4738313657871873E-010
  -6.6096194997829050E-010   3.6293195260845016E-011
   9.0658325758876196E-012   3.4997707841290837E-012
          18  -6.2483993763621492E-009   1.4829307652834883E-010
  -6.7635808449196198E-010   3.4674107680308104E-011
   7.0016495549664036E-012   3.2891466784833816E-012
          19  -6.2768633236402793E-009   1.4954175500086623E-010
  -6.9036293965187106E-010   3.3488093164926608E-011
   5.1243045483957487E-012   3.1362316967069993E-012
          20  -6.3063913826937688E-009   1.5107543739346338E-010
  -7.0333741716040348E-010   3.2636200579904998E-011
   3.3854763511236426E-012   3.0279644652725823E-012
          21  -6.3371570511496681E-009   1.5285707844130180E-010
  -7.1555662864138287E-010   3.2047874275254665E-011
   1.7482244531159144E-012   2.9550461133860484E-012
          22  -6.3693037205058105E-009   1.5486112340275921E-010
  -7.2723425525710615E-010   3.1671906782530140E-011
   1.8375390410042288E-013   2.9107424994969938E-012
          23  -6.4029539593184325E-009   1.5707015020138550E-010
  -7.3853924707311992E-010   3.1470582612005411E-011
  -1.3308037669192525E-012   2.8901090502607969E-012
          24  -6.4382160283670156E-009   1.5947265031459763E-010
  -7.4960751205374515E-010   3.1415793264377316E-011
  -2.8139449725797205E-012   2.8894766634543996E-012
          25  -6.4751885589156726E-009   1.6206153390109148E-010
  -7.6055025383080680E-010   3.1486403360193656E-011
  -4.2809038881255924E-012   2.9061033161575832E-012
          26  -6.5139639900078780E-009   1.6483310734612512E-010
  -7.7146002264010009E-010   3.1666430316720632E-011
  -5.7444588801136698E-012   2.9379334357939365E-012
          27  -6.5546311549917137E-009   1.6778636629190726E-010
  -7.8241517758896922E-010   3.1943764709631827E-011
  -7.2155281906610112E-012   2.9834289046522347E-012
          28  -6.5972772781839354E-009   1.7092250412619058E-010
  -7.9348322752329350E-010   3.2309257171001601E-011
  -8.7036169053679921E-012   3.0414486417288924E-012
          29  -6.6419895596163220E-009   1.7424457091099859E-010
  -8.0472336884503357E-010   3.2756058335385159E-011
  -1.0217157483749615E-011   3.1111617395468205E-012
          30  -6.6888564715372248E-009   1.7775723976117111E-010
  -8.1618844096192289E-010   3.3279136463258863E-011
  -1.1763773176772310E-011   3.1919841820792648E-012
          31  -6.7379688544599681E-009   1.8146665186398553E-010
  -8.2792645469864516E-010   3.3874921828438669E-011
  -1.3350484988482114E-011   3.2835324095612729E-012
          32  -6.7894208762351876E-009   1.8538032063445300E-010
  -8.3998180459866665E-010   3.4541042944513467E-011
  -1.4983876950627352E-011   3.3855891142123945E-012
          33  -6.8433109011947213E-009   1.8950708174066170E-010
  -8.5239624549565013E-010   3.5276130342652830E-011
  -1.6670230428750051E-011   3.4980780606973716E-012
          34  -6.8997423051531982E-009   1.9385708000677943E-010
  -8.6520969232111028E-010   3.6079670808218902E-011
  -1.8415635341193763E-011   3.6210456793452845E-012
          35  -6.9588242642684552E-009   1.9844178718743129E-010
  -8.7846088707110371E-010   3.6951899924218375E-011
  -2.0226084180808262E-011   3.7546478360027037E-012
          36  -7.0206725405580256E-009   2.0327404676606149E-010
  -8.9218796601471376E-010   3.7893724216969826E-011
  -2.2107553297196751E-011   3.8991406408729593E-012
          37  -7.0854102833412446E-009   2.0836814352558115E-010
  -9.0642895251913618E-010   3.8906666637453639E-011
  -2.4066074881252772E-011   4.0548744838153383E-012
          38  -7.1531688636750273E-009   2.1373989688045742E-010
  -9.2122219522836948E-010   3.9992830866794009E-011
  -2.6107802354672430E-011   4.2222907187066986E-012
          39  -7.2240887575945065E-009   2.1940677796750138E-010
  -9.3660676718589104E-010   4.1154881217128075E-011
  -2.8239071327354693E-011   4.4019205925717333E-012
          40  -7.2983204935444846E-009   2.2538805136143882E-010
  -9.5262283860865739E-010   4.2396035856305858E-011
  -3.0466457915240576E-011   4.5943861457699922E-012
          41  -7.3760256795235750E-009   2.3170494308022484E-010
  -9.6931203380038556E-010   4.3720071816145501E-011
  -3.2796835931669900E-011   4.8004029109487715E-012
          42  -7.4573781262181496E-009   2.3838083732684656E-010
  -9.8671778118340730E-010   4.5131340819782524E-011
  -3.5237434282620988E-011   5.0207843201945035E-012
          43  -7.5425650836690249E-009   2.4544150522229741E-010
  -1.0048856644120703E-009   4.6634795433093151E-011
  -3.7795895782107221E-011   5.2564477985298854E-012
          44  -7.6317886108335718E-009   2.5291536966368294E-010
  -1.0238637818486495E-009   4.8236025446990734E-011
  -4.0480338538124415E-011   5.5084225829927703E-012
          45  -7.7252670997206136E-009   2.6083381142616855E-010
  -1.0437031213342196E-009   4.9941304758355839E-011
  -4.3299421042927595E-011   5.7778593638462775E-012
          46  -7.8232369788343186E-009   2.6923152277194588E-010
  -1.0644579571465039E-009   5.1757649361591688E-011
  -4.6262412130522031E-011   6.0660419015418277E-012
          47  -7.9259546242525945E-009   2.7814691616887954E-010
  -1.0861862761847933E-009   5.3692887408993570E-011
  -4.9379267025847002E-011   6.3744008328627658E-012
          48  -8.0336985112574939E-009   2.8762259733425578E-010
  -1.1089502408549412E-009   5.5755742665680565E-011
  -5.2660710817493001E-011   6.7045299453933749E-012
          49  -8.1467716448943543E-009   2.9770591376044436E-010
  -1.1328166967930580E-009   5.7955933091023896E-011
  -5.6118330833392133E-011   7.0582052740504231E-012
          50  -8.2655043144461835E-009   3.0844959224617353E-010
  -1.1578577344584158E-009   6.0304286743280724E-011
  -5.9764679589930739E-011   7.4374074605822735E-012
          51  -8.3902572250356125E-009   3.1991248187637016E-010
  -1.1841513148624422E-009   6.2812877752204963E-011
  -6.3613390235483463E-011   7.8443479211247709E-012
          52  -8.5214250692973193E-009   3.3216042248315073E-010
  -1.2117819712312896E-009   6.5495185759314230E-011
  -6.7679306718092479E-011   8.2814994927824347E-012
          53  -8.6594406141776952E-009   3.4526726310129692E-010
  -1.2408416003330998E-009   6.8366283024958778E-011
  -7.1978631292152953E-011   8.7516323849042536E-012
          54  -8.8047793926652564E-009   3.5931606053000975E-010
  -1.2714303596115733E-009   7.1443054385411991E-011
  -7.6529092455739061E-011   9.2578564521396261E-012
          55  -8.9579651083208053E-009   3.7440049514810995E-010
  -1.3036576892817678E-009   7.4744456468616395E-011
  -8.1350137003448468E-011   9.8036710455315386E-012
          56  -9.1195758829542531E-009   3.9062655004569311E-010
  -1.3376434822558162E-009   7.8291824115087113E-011
  -8.6463150609748033E-011   1.0393023998852994E-011
          57  -9.2902515054829616E-009   4.0811451086589926E-010
  -1.3735194294023760E-009   8.2109233895859627E-011
  -9.1891712269091313E-011   1.1030381688855598E-011
          58  -9.4707018746764878E-009   4.2700135826930048E-010
  -1.4114305734358010E-009   8.6223937098388925E-011
  -9.7661889054960336E-011   1.1720812594856670E-011
          59  -9.6617168719162718E-009   4.4744364364352203E-010
  -1.4515371119713113E-009   9.0666877733837347E-011
  -1.0380257908283502E-010   1.2470087408801805E-011
          60  -9.8641779547342073E-009   4.6962096294159820E-010
  -1.4940164994111890E-009   9.5473315232092936E-011
  -1.1034591235412661E-010   1.3284799556327300E-011
          61  -1.0079071831398211E-008   4.9374017524968720E-010
  -1.5390659088896810E-009   1.0068357685069329E-010
  -1.1732772143067812E-010   1.4172511045047815E-011
          62  -1.0307506665197791E-008   5.2004055439868983E-010
  -1.5869051302171730E-009   1.0634397185529089E-010
  -1.2478809678132020E-010   1.5141929942226282E-011
          63  -1.0550731370887509E-008   5.4880011729119031E-010
  -1.6377799986214277E-009   1.1250790883533897E-010
  -1.3277204535312959E-010   1.6203127619533682E-011
          64  -1.0810158712774565E-008   5.8034344662877108E-010
  -1.6919664734593482E-009   1.1923726993447234E-010
  -1.4133027571673321E-010   1.7367806352895671E-011
          65  -1.1087393105514469E-008   6.1505142557508957E-010
  -1.7497755177018253E-009   1.2660411248710821E-010
  -1.5052013936712607E-010   1.8649631165457838E-011
          66  -1.1384264270294402E-008   6.5337343785229276E-010
  -1.8115589705103697E-009   1.3469279126468701E-010
  -1.6040676594336297E-010   2.0064644288618343E-011
          67  -1.1702868232098754E-008   6.9584277370666631E-010
  -1.8777166600056712E-009   1.4360262570118732E-010
  -1.7106444093625157E-010   2.1631786776070419E-011
          68  -1.2045617514003631E-008   7.4309624130647424E-010
  -1.9487051809147038E-009   1.5345128060709788E-010
  -1.8257828995072574E-010   2.3373560363397093E-011
          69  -1.2415303505321716E-008   7.9589935255705744E-010
  -2.0250481287223768E-009   1.6437908318095879E-010
  -1.9504634546350631E-010   2.5316874595484397E-011
          70  -1.2815173231926989E-008   8.5517895801719623E-010
  -2.1073499089547894E-009   1.7655460422800370E-010
  -2.0858212097087287E-010   2.7494141475115221E-011
          71  -1.3249026484978402E-008   9.2206597527113622E-010
  -2.1963117684712218E-009   1.9018192367512862E-010
  -2.2331781602245383E-010   2.9944704068533494E-011
          72  -1.3721338217903882E-008   9.9795192461185526E-010
  -2.2927526043477452E-009   2.0551021265227505E-010
  -2.3940836355915778E-010   3.2716721577834518E-011
          73  -1.4237414877378755E-008   1.0845646169690873E-009
  -2.3976352710861020E-009   2.2284651272116032E-010
  -2.5703657907529887E-010   3.5869686119923489E-011
          74  -1.4803595936467918E-008   1.1840707712012608E-009
  -2.5121003455835058E-009   2.4257300116906976E-010
  -2.7641977919083659E-010   3.9477826145255424E-011
          75  -1.5427516478140022E-008   1.2992170722458489E-009
  -2.6375099370588324E-009   2.6517064572608643E-010
  -2.9781838105024251E-010   4.3634773321763362E-011
          76  -1.6118453269966514E-008   1.4335270123573068E-009
  -2.7755051988934881E-009   2.9125211195068844E-010
  -3.2154720576071541E-010   4.8460059895961458E-011
          77  -1.6887786557397479E-008   1.5915801521759340E-009
  -2.9280827854239491E-009   3.2160831506910611E-010
  -3.4799052317796453E-010   5.4108316439580197E-011
          78  -1.7749624556418345E-008   1.7794155921265315E-009
  -3.0976978846968079E-009   3.5727549773627559E-010
  -3.7762234833963867E-010   6.0782533300606318E-011
          79  -1.8721660219268118E-008   2.0051267700974257E-009
  -3.2874051102572692E-009   3.9963387211575090E-010
  -4.1103422335242546E-010   6.8753572981374009E-011
          80  -1.9826364998641818E-008   2.2797581974765005E-009
  -3.5010542090729443E-009   4.5055599765357926E-010
  -4.4897384278304901E-010   7.8389534526080229E-011
          81  -2.1092679861263226E-008   2.6186917420982413E-009
  -3.7435664908312789E-009   5.1263568142176754E-010
  -4.9239965379429977E-010   9.0201071720285665E-011
          82  -2.2558452647783628E-008   3.0438510244710923E-009
  -4.0213321734263886E-009   5.8955126278016347E-010
  -5.4255939422210025E-010   1.0491334114978396E-010
          83  -2.4274014094755515E-008   3.5873204115171269E-009
  -4.3427918135712357E-009   6.8666096332457311E-010
  -6.0110508523793729E-010   1.2358394295869886E-010
          84  -2.6307514451141977E-008   4.2975061676568133E-009
  -4.7193016813438406E-009   8.1201476327324806E-010
  -6.7026426756966552E-010   1.4780342101775453E-010
          85  -2.8752997208044519E-008   5.2500707868956650E-009
  -5.1664392068461338E-009   9.7814740163552568E-010
  -7.5309842388250818E-010   1.8005060122039376E-010
          86  -3.1742664203574781E-008   6.5682881407304235E-009
  -5.7059791839560205E-009   1.2054111825320596E-009
  -8.5389430854317902E-010   2.2435317493544546E-010
          87  -3.5465093720551228E-008   8.4630756017075427E-009
  -6.3688139405097668E-009   1.5285207686577600E-009
  -9.7874233319021922E-010   2.8758503937964470E-010
          88  -4.0189509809548150E-008   1.1316800538330882E-008
  -7.1988012870553952E-009   2.0102332591712767E-009
  -1.1362987772062122E-009   3.8217820159009721E-010
          89  -4.6283306037450638E-008   1.5871119002954377E-008
  -8.2553767719425542E-009   2.7719563486779210E-009
  -1.3383027394962785E-009   5.3219071148420496E-010
          90  -5.4138262376541471E-008   2.3675706342208542E-008
  -9.6009486965509989E-009   4.0667071325023708E-009
  -1.5970766758984050E-009   7.8777079317592735E-010
          91  -6.3535127891511802E-008   3.8173914838948389E-008
  -1.1196011413285712E-008   6.4550052515020878E-009
  -1.9047299580460515E-009   1.2600282098958387E-009
          92  -7.0000496198559813E-008   6.6591154595275942E-008
  -1.2303525574528485E-008   1.1107392292094507E-008
  -2.1150726746566136E-009   2.1810099268226367E-009
          93  -5.0929982672608827E-008   1.1334635175351902E-007
  -9.2387205257637738E-009   1.8713126216738305E-008
  -1.4974982538257708E-009   3.6873412739240053E-009
          94   1.7986912448989301E-008   1.2957924625696880E-007
   1.8888554477599629E-009   2.1285518301175883E-008
   7.1939067952058521E-010   4.1955829228503278E-009
          95   6.0295647884597088E-008   8.4863552088938182E-008
   8.5899678362905832E-009   1.3974919470283750E-008
   2.0596350675812874E-009   2.7442259593600252E-009
          96   5.9916305262477617E-008   4.7450186803551792E-008
   8.3370420126080860E-009   7.9147854003381112E-009
   2.0222555925333722E-009   1.5405006182338621E-009
          97   5.0330813637603190E-008   2.8084134229202617E-008
   6.5931092650147699E-009   4.8100575630191932E-009
   1.6904840196141135E-009   9.2236523789770133E-010
          98   4.1463878744441839E-008   1.8065810507532090E-008
   4.9594438531118634E-009   3.2321553175338048E-009
   1.3819662456172941E-009   6.0652312973904683E-010
          99   3.4499028384075469E-008   1.2464088770307798E-008
   3.6187699801230802E-009   2.3780930948045499E-009
   1.1331510593505138E-009   4.3368533467102136E-010
         100   2.9122111094876885E-008   9.0831303673622286E-009
   2.5129237181075932E-009   1.8926224490479056E-009
   9.3278029036760155E-010   3.3330190193632617E-010
         101   2.4914337655656125E-008   6.9095754687318861E-009
   1.5673224299100222E-009   1.6137190733511333E-009
   7.6640516798146386E-010   2.7309262045984100E-010
         102   2.1554130832683995E-008   5.4398403749759433E-009
   7.2260898491335694E-010   1.4630318264368948E-009
   6.2268068912187141E-010   2.3731235306561562E-010
         103   1.8815313234026667E-008   4.4050348863787490E-009
  -6.6438349486619952E-011   1.4014574553576112E-009
   4.9317731167248936E-010   2.1792009348933697E-010
         104   1.6540384371096269E-008   3.6523415538882827E-009
  -8.3601440135375112E-010   1.4104138684928572E-009
   3.7140750754131067E-010   2.1083020409150088E-010
         105   1.4618368972961728E-008   3.0901951033119166E-009
  -1.6178223682562860E-009   1.4838161963607972E-009
   2.5198284993304745E-010   2.1426434577433950E-010
         106   1.2969641863806651E-008   2.6612165635075821E-009
  -2.4428214180364777E-009   1.6251179212479224E-009
   1.2995259088144341E-010   2.2807102859090094E-010
         107   1.1535966005918893E-008   2.3280370907941850E-009
  -3.3446894779387562E-009   1.8474391630522780E-009
   2.3688548868629825E-013   2.5359174645238762E-010
         108   1.0273977050731209E-008   2.0654699843592119E-009
  -4.3635840944298865E-009   2.1765841852039036E-009
  -1.4294209563291197E-010   2.9397762148991286E-010
         109   9.1508898741925985E-009   1.8559637282389564E-009
  -5.5507699169376081E-009   2.6582357221136848E-009
  -3.0671994381072414E-010   3.5509449237206247E-010
         110   8.1416510485594896E-009   1.6867969229138774E-009
  -6.9744659006620296E-009   3.3729646115154205E-009
  -5.0039603023639762E-010   4.4748226973826984E-010
         111   7.2270576413703325E-009   1.5481541527218063E-009
  -8.7258965156426620E-009   4.4678622249581962E-009
  -7.3625661708356282E-010   5.9052672967009167E-010
         112   6.3925221677489852E-009   1.4314499985318641E-009
  -1.0917664111908143E-008   6.2262805005846917E-009
  -1.0293744220570482E-009   8.2168474439773201E-010
         113   5.6270781094742163E-009   1.3270910416805370E-009
  -1.3633912078517860E-008   9.2278698440238275E-009
  -1.3910188740862571E-009   1.2176726048156941E-009
         114   4.9210675640863100E-009   1.2200855155544789E-009
  -1.6636122134070456E-008   1.4700707670370051E-008
  -1.7896991166784163E-009   1.9410975887758021E-009
         115   4.2544272060424519E-009   1.0822193079701834E-009
  -1.7959636867148957E-008   2.4920492352580358E-008
  -1.9652905234922256E-009   3.2933245034132534E-009
         116   3.5516610525306359E-009   8.8864439948033712E-010
  -9.8786329877091259E-009   3.9979568309297375E-008
  -8.9463319315226008E-010   5.2865573009382296E-009
         117   2.7155947269582756E-009   7.6630134378137149E-010
   1.2590725311259543E-008   4.3614150820003541E-008
   2.0822929649817484E-009   5.7667700893689920E-009
         118   1.9267176790591604E-009   8.3838126803077126E-010
   2.6024000146850753E-008   2.9291926744113810E-008
   3.8630774885151277E-009   3.8687935798991936E-009
         119   1.2717673685533532E-009   9.4100310248951701E-010
   2.6372926499068732E-008   1.6945932510180762E-008
   3.9115337764960045E-009   2.2325783541472247E-009
         120   6.6981410899897155E-010   1.0140962837435705E-009
   2.3437425359323863E-008   1.0194418348050713E-008
   3.5255619359788818E-009   1.3373177183563887E-009
         121   7.9548519086224419E-011   1.0697360217382242E-009
   2.0542275091048870E-008   6.5702316191315556E-009
   3.1454899442312685E-009   8.5624461894467753E-010
         122  -5.1315576610866456E-010   1.1204920776789875E-009
   1.8211590046047854E-008   4.4937591273934456E-009
   2.8407278592105272E-009   5.8013985725539841E-010
         123  -1.1150711780444349E-009   1.1735556611059967E-009
   1.6397054575850825E-008   3.2175739545252041E-009
   2.6048786258593217E-009   4.1000054728159277E-010
         124  -1.7314077226069216E-009   1.2332091207309213E-009
   1.4979081342763387E-008   2.3842093273075471E-009
   2.4221122715507006E-009   2.9847044570096533E-010
         125  -2.3673566124783224E-009   1.3024895074354254E-009
   1.3856795662213596E-008   1.8119132227661282E-009
   2.2790837275885318E-009   2.2146442632761149E-010
         126  -3.0285859541966927E-009   1.3840409711644642E-009
   1.2956226716259477E-008   1.4020962534374452E-009
   2.1660180647803818E-009   1.6591016271741015E-010
         127  -3.7214947212319880E-009   1.4805856811193991E-009
   1.2224632251915260E-008   1.0980720310747835E-009
   2.0759594909959403E-009   1.2428296599194052E-010
         128  -4.4534383057271663E-009   1.5952439538488844E-009
   1.1624304869794160E-008   8.6556161089834616E-010
   2.0039520056346089E-009   9.2022922768866282E-011
         129  -5.2329939164417261E-009   1.7318182763055480E-009
   1.1127946711776987E-008   6.8291666249410440E-010
   1.9464281663739088E-009   6.6238938161077401E-011
         130  -6.0703003840814548E-009   1.8951093404057619E-009
   1.0715494043328136E-008   5.3594134994895430E-010
   1.9007903836391704E-009   4.5021452283856224E-011
         131  -6.9775042116288513E-009   2.0913206696130574E-009
   1.0371978423216627E-008   4.1501333490730476E-010
   1.8651301637793097E-009   2.7059076625663328E-011
         132  -7.9693525091258386E-009   2.3286175406709787E-009
   1.0086082479842700E-008   3.1341266850152423E-010
   1.8380402248439123E-009   1.1414326999061103E-011
         133  -9.0639889181995012E-009   2.6179337378170753E-009
   9.8491537417176932E-009   2.2631359669744387E-010
   1.8184885927217670E-009  -2.6142010970084825E-012
         134  -1.0284035269217444E-008   2.9741730933570015E-009
   9.6545248908857635E-009   1.5015402154842572E-010
   1.8057347690652374E-009  -1.5581767965716746E-011
         135  -1.1658071256655569E-008   3.4180489594409212E-009
   9.4970367184695823E-009   8.2226671631800650E-011
   1.7992754482463515E-009  -2.7961502528574694E-011
         136  -1.3222676668308909E-008   3.9789795616843990E-009
   9.3727037843179035E-009   2.0402605039787126E-011
   1.7988123184828553E-009  -4.0196584753835729E-011
         137  -1.5025249689050229E-008   4.6997826236774520E-009
   9.2784786583998950E-009  -3.7067229331136721E-011
   1.8042377892952014E-009  -5.2751834188989532E-011
         138  -1.7127851970354507E-008   5.6445392972818951E-009
   9.2120885810344444E-009  -9.1709057453096586E-011
   1.8156368018864308E-009  -6.6177052638648718E-011
