   262144.00000000000     
         256           1           3
   1.7567330116226543E-005   35.902873699465999        16.020003305100001     
   6.0401400154609997        12.000000000000000        1200.0000000000000     
           0   0.0000000000000000        0.0000000000000000     
   0.0000000000000000        0.0000000000000000     
   0.0000000000000000        0.0000000000000000     
           1   0.0000000000000000        0.0000000000000000     
  -2.0035297068180978E-010   4.2133810362109299E-009
   1.6986250833227052E-011   4.1814102364704564E-010
           2   0.0000000000000000        0.0000000000000000     
   1.3851336246884234E-010   9.9447219942050834E-010
   5.0343821961017356E-011   9.8078245423991974E-011
           3   0.0000000000000000        0.0000000000000000     
  -3.3203316890292348E-010   3.4173852109724554E-010
   3.3761663478994617E-012   3.3173490632780934E-011
           4   0.0000000000000000        0.0000000000000000     
  -5.6633220881855899E-010   1.6090950008270300E-010
  -2.0031396912377200E-011   1.5189445273642282E-011
           5   0.0000000000000000        0.0000000000000000     
  -6.8784798326958042E-010   9.3794057863253768E-011
  -3.2182693409967077E-011   8.5108695859964472E-012
           6   0.0000000000000000        0.0000000000000000     
  -7.5752943380765072E-010   6.3634836201757020E-011
  -3.9150186823345182E-011   5.5059049604985572E-012
           7   0.0000000000000000        0.0000000000000000     
  -8.0106439218273467E-010   4.8233153596031384E-011
  -4.3494514217642242E-011   3.9674568628363147E-012
           8   0.0000000000000000        0.0000000000000000     
  -8.3025072609566485E-010   3.9634682187895612E-011
  -4.6392564168669579E-011   3.1047090734497111E-012
           9   0.0000000000000000        0.0000000000000000     
  -8.5102581342906095E-010   3.4521702822075500E-011
  -4.8437116003546303E-011   2.5878340600179369E-012
          10   0.0000000000000000        0.0000000000000000     
  -8.6661693280114026E-010   3.1345502949311053E-011
  -4.9950674967975116E-011   2.2628764859737594E-012
          11   0.0000000000000000        0.0000000000000000     
  -8.7889266956793922E-010   2.9317674585326757E-011
  -5.1120149034038239E-011   2.0514642508877214E-012
          12   0.0000000000000000        0.0000000000000000     
  -8.8899285012669504E-010   2.8008299133132260E-011
  -5.2059654969998386E-011   1.9108600322224167E-012
          13   0.0000000000000000        0.0000000000000000     
  -8.9764382263137586E-010   2.7169500401515984E-011
  -5.2841968935221083E-011   1.8164197353723379E-012
          14   0.0000000000000000        0.0000000000000000     
  -9.0532603058043099E-010   2.6651636513745048E-011
  -5.3515252217828733E-011   1.7532611223367496E-012
          15   0.0000000000000000        0.0000000000000000     
  -9.1236773873405548E-010   2.6360836439547229E-011
  -5.4112411930377931E-011   1.7120427643465170E-012
          16   0.0000000000000000        0.0000000000000000     
  -9.1899979222272067E-010   2.6236287912512759E-011
  -5.4656573566535880E-011   1.6867065052777950E-012
          17   0.0000000000000000        0.0000000000000000     
  -9.2538883750528898E-010   2.6237517296534142E-011
  -5.5164403330646640E-011   1.6732131791373122E-012
          18   0.0000000000000000        0.0000000000000000     
  -9.3165814961945835E-010   2.6336977623663130E-011
  -5.5648192445744031E-011   1.6688059510388830E-012
          19   0.0000000000000000        0.0000000000000000     
  -9.3790107253462600E-010   2.6515578361477584E-011
  -5.6117203107055560E-011   1.6715660356160403E-012
          20   0.0000000000000000        0.0000000000000000     
  -9.4418991845029892E-010   2.6759906811544140E-011
  -5.6578560217198554E-011   1.6801365274853839E-012
          21   0.0000000000000000        0.0000000000000000     
  -9.5058199799405523E-010   2.7060454496945127E-011
  -5.7037855914360486E-011   1.6935460918638981E-012
          22   0.0000000000000000        0.0000000000000000     
  -9.5712379299601223E-010   2.7410458171528190E-011
  -5.7499567999778475E-011   1.7110937149363450E-012
          23   0.0000000000000000        0.0000000000000000     
  -9.6385390033963140E-010   2.7805126621995944E-011
  -5.7967355107966728E-011   1.7322717706114392E-012
          24   0.0000000000000000        0.0000000000000000     
  -9.7080514681680922E-010   2.8241115395855378E-011
  -5.8444268628503192E-011   1.7567137014301327E-012
          25   0.0000000000000000        0.0000000000000000     
  -9.7800613488390589E-010   2.8716164326473548E-011
  -5.8932907391874090E-011   1.7841578528729383E-012
          26   0.0000000000000000        0.0000000000000000     
  -9.8548239176444851E-010   2.9228844101388455E-011
  -5.9435532386411203E-011   1.8144221182660534E-012
          27   0.0000000000000000        0.0000000000000000     
  -9.9325723825578923E-010   2.9778377249523878E-011
  -5.9954153161013766E-011   1.8473859522713188E-012
          28   0.0000000000000000        0.0000000000000000     
  -1.0013524572031676E-009   3.0364510833357763E-011
  -6.0490593924025551E-011   1.8829774941864186E-012
          29   0.0000000000000000        0.0000000000000000     
  -1.0097888174089095E-009   3.0987425702606632E-011
  -6.1046544924035430E-011   1.9211642941654629E-012
          30   0.0000000000000000        0.0000000000000000     
  -1.0185864925182657E-009   3.1647672067929573E-011
  -6.1623603070674488E-011   1.9619466221128224E-012
          31   0.0000000000000000        0.0000000000000000     
  -1.0277654032994649E-009   3.2346124382971391E-011
  -6.2223304636124742E-011   2.0053526594164711E-012
          32   0.0000000000000000        0.0000000000000000     
  -1.0373455040746135E-009   3.3083950686661383E-011
  -6.2847152107381387E-011   2.0514350880944395E-012
          33   0.0000000000000000        0.0000000000000000     
  -1.0473470287189194E-009   3.3862593032728155E-011
  -6.3496636720783495E-011   2.1002687378467858E-012
          34   0.0000000000000000        0.0000000000000000     
  -1.0577907078320233E-009   3.4683756653842990E-011
  -6.4173257824364136E-011   2.1519490521495914E-012
          35   0.0000000000000000        0.0000000000000000     
  -1.0686979660332619E-009   3.5549406228605924E-011
  -6.4878539943828863E-011   2.2065912053139816E-012
          36   0.0000000000000000        0.0000000000000000     
  -1.0800911064153459E-009   3.6461768137111916E-011
  -6.5614048231289552E-011   2.2643297528698641E-012
          37   0.0000000000000000        0.0000000000000000     
  -1.0919934878410761E-009   3.7423337972663742E-011
  -6.6381402835858308E-011   2.3253187344602406E-012
          38   0.0000000000000000        0.0000000000000000     
  -1.1044296998027184E-009   3.8436892867016120E-011
  -6.7182292632910240E-011   2.3897321759003225E-012
          39   0.0000000000000000        0.0000000000000000     
  -1.1174257389408823E-009   3.9505508413530891E-011
  -6.8018488680464099E-011   2.4577649580910044E-012
          40   0.0000000000000000        0.0000000000000000     
  -1.1310091908673660E-009   4.0632580160757604E-011
  -6.8891857718750637E-011   2.5296340373509382E-012
          41   0.0000000000000000        0.0000000000000000     
  -1.1452094207159715E-009   4.1821849811140332E-011
  -6.9804375999146556E-011   2.6055800157263044E-012
          42   0.0000000000000000        0.0000000000000000     
  -1.1600577757278856E-009   4.3077436408911276E-011
  -7.0758143707669729E-011   2.6858690721486151E-012
          43   0.0000000000000000        0.0000000000000000     
  -1.1755878032322978E-009   4.4403872947539769E-011
  -7.1755400243205020E-011   2.7707952768479497E-012
          44   0.0000000000000000        0.0000000000000000     
  -1.1918354875102799E-009   4.5806148976290071E-011
  -7.2798540611029175E-011   2.8606833226722893E-012
          45   0.0000000000000000        0.0000000000000000     
  -1.2088395092762244E-009   4.7289759948118666E-011
  -7.3890133202572922E-011   2.9558917188340822E-012
          46   0.0000000000000000        0.0000000000000000     
  -1.2266415319088287E-009   4.8860764230464792E-011
  -7.5032939255288315E-011   3.0568165052669715E-012
          47   0.0000000000000000        0.0000000000000000     
  -1.2452865190113764E-009   5.0525848909177501E-011
  -7.6229934311422184E-011   3.1638955602874164E-012
          48   0.0000000000000000        0.0000000000000000     
  -1.2648230885112266E-009   5.2292405757790040E-011
  -7.7484332034069198E-011   3.2776135907595446E-012
          49   0.0000000000000000        0.0000000000000000     
  -1.2853039092693767E-009   5.4168619034446240E-011
  -7.8799610786958952E-011   3.3985079136235639E-012
          50   0.0000000000000000        0.0000000000000000     
  -1.3067861471132451E-009   5.6163567116511951E-011
  -8.0179543445427870E-011   3.5271751610107392E-012
          51   0.0000000000000000        0.0000000000000000     
  -1.3293319683438340E-009   5.8287340406065485E-011
  -8.1628230979726113E-011   3.6642790695027395E-012
          52   0.0000000000000000        0.0000000000000000     
  -1.3530091101629329E-009   6.0551178457502425E-011
  -8.3150140443186889E-011   3.8105595486810823E-012
          53   0.0000000000000000        0.0000000000000000     
  -1.3778915291834305E-009   6.2967629915645639E-011
  -8.4750148111494149E-011   3.9668432665564129E-012
          54   0.0000000000000000        0.0000000000000000     
  -1.4040601412362463E-009   6.5550739644199346E-011
  -8.6433588653524572E-011   4.1340560421572155E-012
          55   0.0000000000000000        0.0000000000000000     
  -1.4316036682549526E-009   6.8316268408750118E-011
  -8.8206311385356649E-011   4.3132374010107020E-012
          56   0.0000000000000000        0.0000000000000000     
  -1.4606196111109987E-009   7.1281951714540243E-011
  -9.0074744862646670E-011   4.5055577314158539E-012
          57   0.0000000000000000        0.0000000000000000     
  -1.4912153711303427E-009   7.4467805956069539E-011
  -9.2045971323110954E-011   4.7123385828677664E-012
          58   0.0000000000000000        0.0000000000000000     
  -1.5235095477614885E-009   7.7896492009760539E-011
  -9.4127812804810436E-011   4.9350767791472245E-012
          59   0.0000000000000000        0.0000000000000000     
  -1.5576334457851084E-009   8.1593748920428571E-011
  -9.6328931159014812E-011   5.1754731859783025E-012
          60   0.0000000000000000        0.0000000000000000     
  -1.5937328328149174E-009   8.5588913563716580E-011
  -9.8658944664599966E-011   5.4354671877975601E-012
          61   0.0000000000000000        0.0000000000000000     
  -1.6319699971312604E-009   8.9915546344184604E-011
  -1.0112856456824248E-010   5.7172782056830182E-012
          62   0.0000000000000000        0.0000000000000000     
  -1.6725261675817816E-009   9.4612188419789269E-011
  -1.0374975565074605E-010   6.0234559492307862E-012
          63   0.0000000000000000        0.0000000000000000     
  -1.7156043721690634E-009   9.9723283060223939E-011
  -1.0653592590830693E-010   6.3569415678766864E-012
          64   0.0000000000000000        0.0000000000000000     
  -1.7614328305500728E-009   1.0530030312817179E-010
  -1.0950215114610932E-010   6.7211424773574946E-012
          65   0.0000000000000000        0.0000000000000000     
  -1.8102690032042213E-009   1.1140313924381899E-010
  -1.1266544579986651E-010   7.1200245626643613E-012
          66   0.0000000000000000        0.0000000000000000     
  -1.8624044426916385E-009   1.1810181973604204E-010
  -1.1604508173936276E-010   7.5582262859038808E-012
          67   0.0000000000000000        0.0000000000000000     
  -1.9181706491199729E-009   1.2547865655265660E-010
  -1.1966297901315605E-010   8.0412012124093046E-012
          68   0.0000000000000000        0.0000000000000000     
  -1.9779461714030702E-009   1.3363094194716831E-010
  -1.2354417668114164E-010   8.5753970516901755E-012
          69   0.0000000000000000        0.0000000000000000     
  -2.0421652775599142E-009   1.4267436379793699E-010
  -1.2771740836250154E-010   9.1684824397346744E-012
          70   0.0000000000000000        0.0000000000000000     
  -2.1113286114616573E-009   1.5274736708046154E-010
  -1.3221580969660763E-010   9.8296365619999335E-012
          71   0.0000000000000000        0.0000000000000000     
  -2.1860163852652137E-009   1.6401677333834591E-010
  -1.3707779419680807E-010   1.0569922330487839E-011
          72   0.0000000000000000        0.0000000000000000     
  -2.2669048361774972E-009   1.7668509046089269E-010
  -1.4234814589380248E-010   1.1402771829892084E-011
          73   0.0000000000000000        0.0000000000000000     
  -2.3547869237560789E-009   1.9100011947099417E-010
  -1.4807939360883900E-010   1.2344624331872620E-011
          74   0.0000000000000000        0.0000000000000000     
  -2.4505985893320950E-009   2.0726772108899985E-010
  -1.5433355463857712E-010   1.3415774185251429E-011
          75   0.0000000000000000        0.0000000000000000     
  -2.5554523867515166E-009   2.2586898660243679E-010
  -1.6118436802208427E-010   1.4641511248352300E-011
          76   0.0000000000000000        0.0000000000000000     
  -2.6706809906291823E-009   2.4728363620136927E-010
  -1.6872018385776982E-010   1.6053674964902995E-011
          77   0.0000000000000000        0.0000000000000000     
  -2.7978940978857535E-009   2.7212236079556159E-010
  -1.7704774219832064E-010   1.7692802492483301E-011
          78   0.0000000000000000        0.0000000000000000     
  -2.9390537210291716E-009   3.0117222813294413E-010
  -1.8629717353829291E-010   1.9611144606014817E-011
          79   0.0000000000000000        0.0000000000000000     
  -3.0965750809641138E-009   3.3546153180395683E-010
  -1.9662869966178815E-010   2.1876973070050078E-011
          80   0.0000000000000000        0.0000000000000000     
  -3.2734636487179448E-009   3.7635417581658772E-010
  -2.0824173558204646E-010   2.4580849881563366E-011
          81   0.0000000000000000        0.0000000000000000     
  -3.4735040163607397E-009   4.2568995567490495E-010
  -2.2138743412180007E-010   2.7844945151557840E-011
          82   0.0000000000000000        0.0000000000000000     
  -3.7015242711900888E-009   4.8599797896926407E-010
  -2.3638624566774271E-010   3.1837213232765306E-011
          83   0.0000000000000000        0.0000000000000000     
  -3.9637721616247597E-009   5.6082996138756492E-010
  -2.5365290353794365E-010   3.6793531511819076E-011
          84   0.0000000000000000        0.0000000000000000     
  -4.2684594184381484E-009   6.5529628882713546E-010
  -2.7373257888909474E-010   4.3053307856186753E-011
          85   0.0000000000000000        0.0000000000000000     
  -4.6265625010178302E-009   7.7695745149986414E-010
  -2.9735406844112406E-010   5.1118693522859730E-011
          86   0.0000000000000000        0.0000000000000000     
  -5.0530175110978757E-009   9.3736384819250691E-010
  -3.2550916451110906E-010   6.1756863859972075E-011
          87   0.0000000000000000        0.0000000000000000     
  -5.5685171671985011E-009   1.1548337120307536E-009
  -3.5957201659671352E-010   7.6184540895459886E-011
          88   0.0000000000000000        0.0000000000000000     
  -6.2021869457954119E-009   1.4597206939653831E-009
  -4.0147689118957515E-010   9.6417890817249144E-011
          89   0.0000000000000000        0.0000000000000000     
  -6.9953356190761384E-009   1.9049861735688730E-009
  -4.5396729789019324E-010   1.2597478670151700E-010
          90   0.0000000000000000        0.0000000000000000     
  -8.0054817190221788E-009   2.5888038107637443E-009
  -5.2086343982689480E-010   1.7137630995845592E-010
          91   0.0000000000000000        0.0000000000000000     
  -9.3042390757625330E-009   3.7061270730969227E-009
  -6.0692177291260234E-010   2.4557211134689949E-010
          92   0.0000000000000000        0.0000000000000000     
  -1.0933640126021018E-008   5.6717341671011286E-009
  -7.1493376542457191E-010   3.7611364138396657E-010
          93   0.0000000000000000        0.0000000000000000     
  -1.2636731647292585E-008   9.3918892549610216E-009
  -8.2783079118220656E-010   6.2319918505843118E-010
          94   0.0000000000000000        0.0000000000000000     
  -1.2547926139455381E-008   1.6392127838409460E-008
  -8.2169100577661053E-010   1.0881619759696117E-009
          95   0.0000000000000000        0.0000000000000000     
  -4.6809201387376043E-009   2.4665283535481600E-008
  -2.9887487924875374E-010   1.6376763050492343E-009
          96   0.0000000000000000        0.0000000000000000     
   8.3077596400352870E-009   2.1909111143154104E-008
   5.6415912033132559E-010   1.4545681479968081E-009
          97   0.0000000000000000        0.0000000000000000     
   1.2230766092369901E-008   1.3031089443097544E-008
   8.2502043120066131E-010   8.6481551930949167E-010
          98   0.0000000000000000        0.0000000000000000     
   1.1074472898281189E-008   7.4569358430159276E-009
   7.4850388839834280E-010   4.9451940247405800E-010
          99   0.0000000000000000        0.0000000000000000     
   9.2522305579173350E-009   4.5914764851859985E-009
   6.2776624522559306E-010   3.0414530624898472E-010
         100   0.0000000000000000        0.0000000000000000     
   7.7051933664160045E-009   3.0524133625536400E-009
   5.2532448880470535E-010   2.0187417100538330E-010
         101   0.0000000000000000        0.0000000000000000     
   6.4967449819445679E-009   2.1597366919635561E-009
   4.4538998663122523E-010   1.4253624821357730E-010
         102   0.0000000000000000        0.0000000000000000     
   5.5552285969631048E-009   1.6048510264814948E-009
   3.8320417931065863E-010   1.0563287299476093E-010
         103   0.0000000000000000        0.0000000000000000     
   4.8096842682158100E-009   1.2398885054417291E-009
   3.3405493130370932E-010   8.1341639132445119E-011
         104   0.0000000000000000        0.0000000000000000     
   4.2073507796249974E-009   9.8873134776425341E-010
   2.9443907997761221E-010   6.4606083628629701E-011
         105   0.0000000000000000        0.0000000000000000     
   3.7110383113981695E-009   8.0950797769967692E-010
   2.6188794898601919E-010   5.2644493712745022E-011
         106   0.0000000000000000        0.0000000000000000     
   3.2945828689684112E-009   6.7782945805808184E-010
   2.3466542605174672E-010   4.3836383588957488E-011
         107   0.0000000000000000        0.0000000000000000     
   2.9393235741934692E-009   5.7878466052409245E-010
   2.1153399121521968E-010   3.7190766897104567E-011
         108   0.0000000000000000        0.0000000000000000     
   2.6317024223959890E-009   5.0287568032600327E-010
   1.9159530835224064E-010   3.2076157420791914E-011
         109   0.0000000000000000        0.0000000000000000     
   2.3616748753729489E-009   4.4383868062491009E-010
   1.7418468071270507E-010   2.8075807094192421E-011
         110   0.0000000000000000        0.0000000000000000     
   2.1216556491802848E-009   3.9741882795624993E-010
   1.5880106192111917E-010   2.4906316911953607E-011
         111   0.0000000000000000        0.0000000000000000     
   1.9058105980047567E-009   3.6065256525549018E-010
   1.4506006263263506E-010   2.2369944699438939E-011
         112   0.0000000000000000        0.0000000000000000     
   1.7095730514327697E-009   3.3143171382675225E-010
   1.3266187402110892E-010   2.0325629696297510E-011
         113   0.0000000000000000        0.0000000000000000     
   1.5293074434188472E-009   3.0823029771488535E-010
   1.2136898420812061E-010   1.8670821457808500E-011
         114   0.0000000000000000        0.0000000000000000     
   1.3620710641734504E-009   2.8992860383197242E-010
   1.1099042353572705E-010   1.7329762027053719E-011
         115   0.0000000000000000        0.0000000000000000     
   1.2054422167299665E-009   2.7569716726535283E-010
   1.0137043420446515E-010   1.6245741604426285E-011
         116   0.0000000000000000        0.0000000000000000     
   1.0573939942858105E-009   2.6491874383516906E-010
   9.2380186710214637E-011   1.5375868646874237E-011
         117   0.0000000000000000        0.0000000000000000     
   9.1619982278789937E-010   2.5713500866812098E-010
   8.3911626503336979E-011   1.4687471119023736E-011
         118   0.0000000000000000        0.0000000000000000     
   7.8036136219387286E-010   2.5200977149370130E-010
   7.5872830815998938E-011   1.4155580442018075E-011
         119   0.0000000000000000        0.0000000000000000     
   6.4855225472859658E-010   2.4930352805790738E-010
   6.8184449201083852E-011   1.3761149848293545E-011
         120   0.0000000000000000        0.0000000000000000     
   5.1957311339990153E-010   2.4885603609335810E-010
   6.0776929573616771E-011   1.3489781608622201E-011
         121   0.0000000000000000        0.0000000000000000     
   3.9231440625058205E-010   2.5057479448417043E-010
   5.3588317650673541E-011   1.3330814731814020E-011
         122   0.0000000000000000        0.0000000000000000     
   2.6572472666644199E-010   2.5442809217892643E-010
   4.6562476153461391E-011   1.3276674386982673E-011
         123   0.0000000000000000        0.0000000000000000     
   1.3878248159715082E-010   2.6044184436227061E-010
   3.9647610150517103E-011   1.3322417101401685E-011
         124   0.0000000000000000        0.0000000000000000     
   1.0469360293117505E-011   2.6869985181123393E-010
   3.2795012362713718E-011   1.3465428160344787E-011
         125   0.0000000000000000        0.0000000000000000     
  -1.2025588559202206E-010   2.7934747749300945E-010
   2.5957960892271276E-011   1.3705243584058119E-011
         126   0.0000000000000000        0.0000000000000000     
  -2.5448478974557203E-010   2.9259909045398431E-010
   1.9090714100034054E-011   1.4043481208684140E-011
         127   0.0000000000000000        0.0000000000000000     
  -3.9338918955400772E-010   3.0875003849888925E-010
   1.2147554736699469E-011   1.4483875627496774E-011
         128   0.0000000000000000        0.0000000000000000     
  -5.3825570805298442E-010   3.2819444846556539E-010
   5.0818387728247955E-012   1.5032421598203503E-011
         129   0.0000000000000000        0.0000000000000000     
  -6.9052692196311231E-010   3.5145091666741528E-010
  -2.1549959947622048E-012   1.5697641541346038E-011
         130   0.0000000000000000        0.0000000000000000     
  -8.5185210465859111E-010   3.7919930038414731E-010
  -9.6145113951238103E-012   1.6491006893124441E-011
         131   0.0000000000000000        0.0000000000000000     
  -1.0241514196330709E-009   4.1233361675769406E-010
  -1.7352493956521150E-011   1.7427562956954468E-011
         132   0.0000000000000000        0.0000000000000000     
  -1.2096988959132318E-009   4.5203895256223113E-010
  -2.5430406109428348E-011   1.8526837905940275E-011
         133   0.0000000000000000        0.0000000000000000     
  -1.4112315715176455E-009   4.9990509445111112E-010
  -3.3917142876577960E-011   1.9814164805483627E-011
         134   0.0000000000000000        0.0000000000000000     
  -1.6320951203203368E-009   5.5809779120276522E-010
  -4.2891228663658022E-011   2.1322628103595682E-011
         135   0.0000000000000000        0.0000000000000000     
  -1.8764401579069047E-009   6.2962296287229875E-010
  -5.2443614945362040E-011   2.3095987123059527E-011
         136   0.0000000000000000        0.0000000000000000     
  -2.1494880466635955E-009   7.1874525616108104E-010
  -6.2681300081255914E-011   2.5193183068204801E-011
         137   0.0000000000000000        0.0000000000000000     
  -2.4578885639573849E-009   8.3167114370134300E-010
  -7.3732019763663451E-011   2.7695506336533035E-011
         138   0.0000000000000000        0.0000000000000000     
  -2.8101874217593642E-009   9.7770121973970146E-010
  -8.5750253237925125E-011   3.0718407500189444E-011
