   262144.00000000000     
         256           1           3
   1.7567330116226543E-005   35.902873699465999        16.020003305100001     
   6.0401400154609997        12.000000000000000        1200.0000000000000     
           0   0.0000000000000000        0.0000000000000000     
   0.0000000000000000        0.0000000000000000     
   0.0000000000000000        0.0000000000000000     
           1   3.7624048366782308E-008  -4.8578671058314333E-009
  -1.9953870936514665E-008   2.7764164533294044E-009
   0.0000000000000000        0.0000000000000000     
           2   4.4067009498513406E-008  -1.3466151281073219E-008
  -2.3685369061506383E-008   7.7460974681076577E-009
   0.0000000000000000        0.0000000000000000     
           3   5.1124030080448243E-008  -4.4400588518001857E-008
  -2.7766444121021088E-008   2.5604710016025642E-008
   0.0000000000000000        0.0000000000000000     
           4  -1.6184659399930685E-008  -6.9453952886861144E-008
   1.1086960242969693E-008   4.0069553741720183E-008
   0.0000000000000000        0.0000000000000000     
           5  -2.6215785070856098E-008  -2.1095844113464837E-008
   1.6876331789534172E-008   1.2152052190318768E-008
   0.0000000000000000        0.0000000000000000     
           6  -1.5914465576063923E-008  -7.9845597436685043E-009
   1.0927831003101597E-008   4.5824412408273224E-009
   0.0000000000000000        0.0000000000000000     
           7  -9.9841236795408274E-009  -3.9543792671637201E-009
   7.5032871784556392E-009   2.2555037866101163E-009
   0.0000000000000000        0.0000000000000000     
           8  -6.5517950365137918E-009  -2.2989008182582500E-009
   5.5214235428266331E-009   1.2995355126307980E-009
   0.0000000000000000        0.0000000000000000     
           9  -4.3986756546558674E-009  -1.4811639047968688E-009
   4.2785602906571913E-009   8.2721203740272750E-010
   0.0000000000000000        0.0000000000000000     
          10  -2.9546946647626590E-009  -1.0252616621016318E-009
   3.4455433215064799E-009   5.6377769896322411E-010
   0.0000000000000000        0.0000000000000000     
          11  -1.9351188833166657E-009  -7.4865076723439546E-010
   2.8579577952462832E-009   4.0384366960567099E-010
   0.0000000000000000        0.0000000000000000     
          12  -1.1856515355252182E-009  -5.7004856085138051E-010
   2.4267001456722601E-009   3.0048216628872734E-010
   0.0000000000000000        0.0000000000000000     
          13  -6.1667015967449387E-010  -4.4911142409072264E-010
   2.1000107718804346E-009   2.3040097346625792E-010
   0.0000000000000000        0.0000000000000000     
          14  -1.7308847571685837E-010  -3.6409811893448204E-010
   1.8460730182196060E-009   1.8104773193679075E-010
   0.0000000000000000        0.0000000000000000     
          15   1.8055436153267858E-010  -3.0251212872675904E-010
   1.6444041926024387E-009   1.4520741032100238E-010
   0.0000000000000000        0.0000000000000000     
          16   4.6797563400016856E-010  -2.5678826972159499E-010
   1.4813041660926858E-009   1.1851201396171193E-010
   0.0000000000000000        0.0000000000000000     
          17   7.0555576164915167E-010  -2.2214717573659496E-010
   1.3473107848912457E-009   9.8201887312754745E-011
   0.0000000000000000        0.0000000000000000     
          18   9.0492130632419770E-010  -1.9545974667856806E-010
   1.2357082326488942E-009   8.2470109401585582E-011
   0.0000000000000000        0.0000000000000000     
          19   1.0745212790132846E-009  -1.7461430398767840E-010
   1.1416166899675182E-009   7.0097123080306942E-011
   0.0000000000000000        0.0000000000000000     
          20   1.2206229960895692E-009  -1.5814818709471348E-010
   1.0614171800123332E-009   6.0238037444032493E-011
   0.0000000000000000        0.0000000000000000     
          21   1.3479604170012666E-009  -1.4502513229134875E-010
   9.9237710210149572E-010   5.2294096730589880E-011
   0.0000000000000000        0.0000000000000000     
          22   1.4601674839607208E-009  -1.3449632360840166E-010
   9.3239993144045842E-010   4.5832456598393565E-011
   0.0000000000000000        0.0000000000000000     
          23   1.5600745628592058E-009  -1.2601117860602235E-010
   8.7985398614024240E-010   4.0534674330787761E-011
   0.0000000000000000        0.0000000000000000     
          24   1.6499154647275736E-009  -1.1915861911722808E-010
   8.3345284321836030E-010   3.6162799045836134E-011
   0.0000000000000000        0.0000000000000000     
          25   1.7314747198905162E-009  -1.1362754270025347E-010
   7.9217026785265229E-010   3.2536546955425455E-011
   0.0000000000000000        0.0000000000000000     
          26   1.8061941108089968E-009  -1.0917968428783196E-010
   7.5517867945245791E-010   2.9517629606522772E-011
   0.0000000000000000        0.0000000000000000     
          27   1.8752509103138640E-009  -1.0563064916554448E-010
   7.2180396600857709E-010   2.6998799309806429E-011
   0.0000000000000000        0.0000000000000000     
          28   1.9396161411910563E-009  -1.0283644197753030E-010
   6.9149184372250144E-010   2.4896067128603195E-011
   0.0000000000000000        0.0000000000000000     
          29   2.0000985150651217E-009  -1.0068375905375466E-010
   6.6378249404328746E-010   2.3143092998114396E-011
   0.0000000000000000        0.0000000000000000     
          30   2.0573779645295052E-009  -9.9082900104560129E-011
   6.3829121750567112E-010   2.1687087451257905E-011
   0.0000000000000000        0.0000000000000000     
          31   2.1120315176482473E-009  -9.7962530717733389E-011
   6.1469351660829483E-010   2.0485781145616102E-011
   0.0000000000000000        0.0000000000000000     
          32   2.1645534729691564E-009  -9.7265770988019955E-011
   5.9271347688519103E-010   1.9505159186296021E-011
   0.0000000000000000        0.0000000000000000     
          33   2.2153712881611975E-009  -9.6947246830340919E-011
   5.7211463020617937E-010   1.8717750305569492E-011
   0.0000000000000000        0.0000000000000000     
          34   2.2648582144394267E-009  -9.6970848820164170E-011
   5.5269270448547943E-010   1.8101323464514736E-011
   0.0000000000000000        0.0000000000000000     
          35   2.3133434393690628E-009  -9.7308017226078940E-011
   5.3426981976052602E-010   1.7637887043958919E-011
   0.0000000000000000        0.0000000000000000     
          36   2.3611203075811148E-009  -9.7936422931021263E-011
   5.1668980225211548E-010   1.7312915230181506E-011
   0.0000000000000000        0.0000000000000000     
          37   2.4084530491932297E-009  -9.8838949675817584E-011
   4.9981436884001100E-010   1.7114746807143257E-011
   0.0000000000000000        0.0000000000000000     
          38   2.4555823435947801E-009  -1.0000290840353007E-010
   4.8351999352347204E-010   1.7034116167260721E-011
   0.0000000000000000        0.0000000000000000     
          39   2.5027299708612044E-009  -1.0141943267887919E-010
   4.6769531114735684E-010   1.7063786819656049E-011
   0.0000000000000000        0.0000000000000000     
          40   2.5501027471352045E-009  -1.0308301737694023E-010
   4.5223894614918035E-010   1.7198265262328298E-011
   0.0000000000000000        0.0000000000000000     
          41   2.5978958983672276E-009  -1.0499117256686624E-010
   4.3705767851675664E-010   1.7433578649172727E-011
   0.0000000000000000        0.0000000000000000     
          42   2.6462959953180355E-009  -1.0714417177732043E-010
   4.2206487757320595E-010   1.7767103810352604E-011
   0.0000000000000000        0.0000000000000000     
          43   2.6954835489953728E-009  -1.0954487933383094E-010
   4.0717914818028183E-010   1.8197438285060010E-011
   0.0000000000000000        0.0000000000000000     
          44   2.7456353477976418E-009  -1.1219864571162970E-010
   3.9232314461746381E-010   1.8724306388101293E-011
   0.0000000000000000        0.0000000000000000     
          45   2.7969266042114399E-009  -1.1511326321230982E-010
   3.7742251551723739E-010   1.9348495162694975E-011
   0.0000000000000000        0.0000000000000000     
          46   2.8495329690092419E-009  -1.1829897701855505E-010
   3.6240494941435322E-010   2.0071816520503552E-011
   0.0000000000000000        0.0000000000000000     
          47   2.9036324637086726E-009  -1.2176854900586610E-010
   3.4719929512834587E-010   2.0897093047692884E-011
   0.0000000000000000        0.0000000000000000     
          48   2.9594073772020092E-009  -1.2553737375737974E-010
   3.3173473464674022E-010   2.1828165946362115E-011
   0.0000000000000000        0.0000000000000000     
          49   3.0170461694752550E-009  -1.2962364816152744E-010
   3.1593998865933405E-010   2.2869924449394543E-011
   0.0000000000000000        0.0000000000000000     
          50   3.0767454240296327E-009  -1.3404859788654434E-010
   2.9974253654017873E-010   2.4028356847796294E-011
   0.0000000000000000        0.0000000000000000     
          51   3.1387118909591674E-009  -1.3883676603467103E-010
   2.8306783350818634E-010   2.5310624050096781E-011
   0.0000000000000000        0.0000000000000000     
          52   3.2031646643882511E-009  -1.4401637147746193E-010
   2.6583850798689630E-010   2.6725157395628913E-011
   0.0000000000000000        0.0000000000000000     
          53   3.2703375414183235E-009  -1.4961974689643674E-010
   2.4797352183759309E-010   2.8281783313472646E-011
   0.0000000000000000        0.0000000000000000     
          54   3.3404816148434762E-009  -1.5568386953103419E-010
   2.2938727518133560E-010   2.9991878402988393E-011
   0.0000000000000000        0.0000000000000000     
          55   3.4138681589835369E-009  -1.6225100123807895E-010
   2.0998863585212459E-010   3.1868559666743327E-011
   0.0000000000000000        0.0000000000000000     
          56   3.4907918773987542E-009  -1.6936945891799389E-010
   1.8967987113953521E-010   3.3926916019505859E-011
   0.0000000000000000        0.0000000000000000     
          57   3.5715745934219683E-009  -1.7709454192825268E-010
   1.6835545617117101E-010   3.6184288913808135E-011
   0.0000000000000000        0.0000000000000000     
          58   3.6565694801124826E-009  -1.8548965016088525E-010
   1.4590072892960614E-010   3.8660612074070389E-011
   0.0000000000000000        0.0000000000000000     
          59   3.7461659462155007E-009  -1.9462763549244480E-010
   1.2219035623570394E-010   4.1378823064661234E-011
   0.0000000000000000        0.0000000000000000     
          60   3.8407953201825663E-009  -2.0459244097640557E-010
   9.7086567717759442E-011   4.4365362927964152E-011
   0.0000000000000000        0.0000000000000000     
          61   3.9409375069599856E-009  -2.1548109735043793E-010
   7.0437105352861569E-011   4.7650784686899839E-011
   0.0000000000000000        0.0000000000000000     
          62   4.0471288339921372E-009  -2.2740616639185008E-010
   4.2072824057601386E-011   5.1270497474335430E-011
   0.0000000000000000        0.0000000000000000     
          63   4.1599713568246078E-009  -2.4049874711405976E-010
   1.1804863127492910E-011   5.5265680944028903E-011
   0.0000000000000000        0.0000000000000000     
          64   4.2801439645397222E-009  -2.5491219615001190E-010
  -2.0578712023748118E-011   5.9684415143966757E-011
   0.0000000000000000        0.0000000000000000     
          65   4.4084157163918881E-009  -2.7082676134257837E-010
  -5.5316924905918369E-011   6.4583085204064037E-011
   0.0000000000000000        0.0000000000000000     
          66   4.5456619608506993E-009  -2.8845539246087214E-010
  -9.2680721773737035E-011   7.0028139455506477E-011
   0.0000000000000000        0.0000000000000000     
          67   4.6928839469404529E-009  -3.0805108217776130E-010
  -1.3297883242129832E-010   7.6098306049083223E-011
   0.0000000000000000        0.0000000000000000     
          68   4.8512328498187909E-009  -3.2991621440358425E-010
  -1.7656492786992638E-010   8.2887409848603112E-011
   0.0000000000000000        0.0000000000000000     
          69   5.0220394183658882E-009  -3.5441457123406322E-010
  -2.2384642799052528E-010   9.0507982894693961E-011
   0.0000000000000000        0.0000000000000000     
          70   5.2068508415770567E-009  -3.8198689741353520E-010
  -2.7529542518713230E-010   9.9095934916207197E-011
   0.0000000000000000        0.0000000000000000     
          71   5.4074769655995914E-009  -4.1317127790160377E-010
  -3.3146234566854336E-010   1.0881665566930339E-010
   0.0000000000000000        0.0000000000000000     
          72   5.6260486790149589E-009  -4.4863010453755220E-010
  -3.9299321760176407E-010   1.1987307476508825E-010
   0.0000000000000000        0.0000000000000000     
          73   5.8650927369193898E-009  -4.8918618288817254E-010
  -4.6065149582428998E-010   1.3251643035403244E-010
   0.0000000000000000        0.0000000000000000     
          74   6.1276275644105516E-009  -5.3587168349675226E-010
  -5.3534649359269686E-010   1.4706084565350838E-010
   0.0000000000000000        0.0000000000000000     
          75   6.4172887627809057E-009  -5.8999543902885686E-010
  -6.1816997966503710E-010   1.6390332756266116E-010
   0.0000000000000000        0.0000000000000000     
          76   6.7384941546437432E-009  -6.5323685513899556E-010
  -7.1044452358707881E-010   1.8355162822046585E-010
   0.0000000000000000        0.0000000000000000     
          77   7.0966640928323239E-009  -7.2777914708874784E-010
  -8.1378785349859636E-010   2.0666370761539305E-010
   0.0000000000000000        0.0000000000000000     
          78   7.4985193908182080E-009  -8.1650184144582015E-010
  -9.3019974682011566E-010   2.3410465910968620E-010
   0.0000000000000000        0.0000000000000000     
          79   7.9524900700904177E-009  -9.2326456638587695E-010
  -1.0621810529400432E-009   2.6703050306598533E-010
   0.0000000000000000        0.0000000000000000     
          80   8.4692848918027421E-009  -1.0533349077816053E-009
  -1.2128992810755686E-009   3.0701433505438111E-010
   0.0000000000000000        0.0000000000000000     
          81   9.0626981327630189E-009  -1.2140498462056918E-009
  -1.3864228116488646E-009   3.5624107168548349E-010
   0.0000000000000000        0.0000000000000000     
          82   9.7507724568148005E-009  -1.4158675462696918E-009
  -1.5880579685661912E-009   4.1781671338438527E-010
   0.0000000000000000        0.0000000000000000     
          83   1.0557505066322928E-008  -1.6740941033720068E-009
  -1.8248427734604770E-009   4.9627541090948725E-010
   0.0000000000000000        0.0000000000000000     
          84   1.1515393874728119E-008  -2.0118232488339839E-009
  -2.1062824814533106E-009   5.9844162871913747E-010
   0.0000000000000000        0.0000000000000000     
          85   1.2669289622751466E-008  -2.4651535176100166E-009
  -2.4454599712273669E-009   7.3495832345088251E-010
   0.0000000000000000        0.0000000000000000     
          86   1.4082247800418374E-008  -3.0929004359009319E-009
  -2.8607176263459334E-009   9.2312814934054817E-010
   0.0000000000000000        0.0000000000000000     
          87   1.5844220867477520E-008  -3.9956973147008806E-009
  -3.3781435799830336E-009   1.1924937854468809E-009
   0.0000000000000000        0.0000000000000000     
          88   1.8083637555452984E-008  -5.3559823776758861E-009
  -4.0348483273922910E-009   1.5965033722592746E-009
   0.0000000000000000        0.0000000000000000     
          89   2.0975763239873357E-008  -7.5276233383146936E-009
  -4.8811856884849780E-009   2.2386129302424148E-009
   0.0000000000000000        0.0000000000000000     
          90   2.4707493183070090E-008  -1.1250022507943505E-008
  -5.9699967108010354E-009   3.3345077671801513E-009
   0.0000000000000000        0.0000000000000000     
          91   2.9174169692323886E-008  -1.8166120610197047E-008
  -7.2671408651417579E-009   5.3621122317565784E-009
   0.0000000000000000        0.0000000000000000     
          92   3.2241308110405566E-008  -3.1723397995706172E-008
  -8.1434976372183154E-009   9.3195913775906884E-009
   0.0000000000000000        0.0000000000000000     
          93   2.3123492799362333E-008  -5.4030197430442385E-008
  -5.4558276033149154E-009   1.5794586241554047E-008
   0.0000000000000000        0.0000000000000000     
          94  -9.7785583607579422E-009  -6.1773451239958824E-008
   4.1145758297488687E-009   1.7975222250904995E-008
   0.0000000000000000        0.0000000000000000     
          95  -2.9985593848510888E-008  -4.0435950383563990E-008
   9.9167841489095512E-009   1.1725168772129048E-008
   0.0000000000000000        0.0000000000000000     
          96  -2.9825601645233218E-008  -2.2582694762238874E-008
   9.7961437278425189E-009   6.5395112873889962E-009
   0.0000000000000000        0.0000000000000000     
          97  -2.5274103475793016E-008  -1.3340374180878422E-008
   8.4130970676693051E-009   3.8718803180570928E-009
   0.0000000000000000        0.0000000000000000     
          98  -2.1066566657775744E-008  -8.5580612208018331E-009
   7.1347192887613821E-009   2.5033208043160624E-009
   0.0000000000000000        0.0000000000000000     
          99  -1.7767750622794031E-008  -5.8829229388877292E-009
   6.1185472063609086E-009   1.7482840557898618E-009
   0.0000000000000000        0.0000000000000000     
         100  -1.5227838253419731E-008  -4.2672334270323817E-009
   5.3170594391809529E-009   1.3028745570169312E-009
   0.0000000000000000        0.0000000000000000     
         101  -1.3247100100640655E-008  -3.2274675408754532E-009
   4.6692280352528803E-009   1.0277010969954836E-009
   0.0000000000000000        0.0000000000000000     
         102  -1.1672205640669995E-008  -2.5233288354238011E-009
   4.1276629826599476E-009   8.5432500408296086E-010
   0.0000000000000000        0.0000000000000000     
         103  -1.0395360650759807E-008  -2.0264965402739542E-009
   3.6578957200345136E-009   7.4719247513149757E-010
   0.0000000000000000        0.0000000000000000     
         104  -9.3415609236144787E-009  -1.6640254514898918E-009
   3.2343235041240069E-009   6.8738729229957003E-010
   0.0000000000000000        0.0000000000000000     
         105  -8.4580292267595771E-009  -1.3921859090853989E-009
   2.8367721579273815E-009   6.6534950558384491E-010
   0.0000000000000000        0.0000000000000000     
         106  -7.7069840829567763E-009  -1.1835442953885319E-009
   2.4479247742993282E-009   6.7763433057076964E-010
   0.0000000000000000        0.0000000000000000     
         107  -7.0609006582823693E-009  -1.0201895291827960E-009
   2.0512860692236591E-009   7.2580323110920136E-010
   0.0000000000000000        0.0000000000000000     
         108  -6.4994236686497806E-009  -8.8998047646139034E-010
   1.6293295901977605E-009   8.1684352818335654E-010
   0.0000000000000000        0.0000000000000000     
         109  -6.0073527944428910E-009  -7.8434241752127764E-010
   1.1615270074153180E-009   9.6531676526399127E-010
   0.0000000000000000        0.0000000000000000     
         110  -5.5733377948556031E-009  -6.9685896418164877E-010
   6.2207243352467116E-010   1.1983833154957479E-009
   0.0000000000000000        0.0000000000000000     
         111  -5.1890635326575792E-009  -6.2220178011363999E-010
  -2.2380280959303404E-011   1.5667140978543360E-009
   0.0000000000000000        0.0000000000000000     
         112  -4.8487672735183317E-009  -5.5497454814874642E-010
  -8.1223016801770150E-010   2.1687522118771426E-009
   0.0000000000000000        0.0000000000000000     
         113  -4.5487752904110819E-009  -4.8775517545342070E-010
  -1.7775313992355637E-009   3.2065064280103253E-009
   0.0000000000000000        0.0000000000000000     
         114  -4.2854917601626041E-009  -4.0674452068284360E-010
  -2.8351595497963405E-009   5.1083066950191306E-009
   0.0000000000000000        0.0000000000000000     
         115  -4.0433851949073531E-009  -2.8373315063737863E-010
  -3.2986504934018740E-009   8.6674486525775964E-009
   0.0000000000000000        0.0000000000000000     
         116  -3.7478997743997016E-009  -9.3737176893359601E-011
  -4.7107767784847034E-010   1.3912107056021421E-008
   0.0000000000000000        0.0000000000000000     
         117  -3.3013657603035603E-009   2.8870286059023838E-011
   7.3790780380695686E-009   1.5161354095141139E-008
   0.0000000000000000        0.0000000000000000     
         118  -2.8977426161780596E-009  -4.5663492601027895E-011
   1.2069944113260900E-008   1.0146109634432889E-008
   0.0000000000000000        0.0000000000000000     
         119  -2.6316888883760594E-009  -1.4509111008163884E-010
   1.2197879463364444E-008   5.8276183461296228E-009
   0.0000000000000000        0.0000000000000000     
         120  -2.4215222492292981E-009  -2.0639757252110797E-010
   1.1186039705535749E-008   3.4641321584033299E-009
   0.0000000000000000        0.0000000000000000     
         121  -2.2272744747879374E-009  -2.4219466556592049E-010
   1.0193885455211404E-008   2.1925200222408102E-009
   0.0000000000000000        0.0000000000000000     
         122  -2.0375954246260249E-009  -2.6538076542063630E-010
   9.4035600552283760E-009   1.4609292729059716E-009
   0.0000000000000000        0.0000000000000000     
         123  -1.8489800761677828E-009  -2.8298110605278104E-010
   8.7978151346134830E-009   1.0083413448595172E-009
   0.0000000000000000        0.0000000000000000     
         124  -1.6597767518629683E-009  -2.9872935699984751E-010
   8.3347605323240987E-009   7.0992063828718835E-010
   0.0000000000000000        0.0000000000000000     
         125  -1.4686715455867639E-009  -3.1478110877504607E-010
   7.9791744043435114E-009   5.0216525091277992E-010
   0.0000000000000000        0.0000000000000000     
         126  -1.2742894728629805E-009  -3.3255529474478626E-010
   7.7053190328852528E-009   3.5058571484752354E-010
   0.0000000000000000        0.0000000000000000     
         127  -1.0750723678068043E-009  -3.5315123477109481E-010
   7.4949428997903629E-009   2.3529797490380332E-010
   0.0000000000000000        0.0000000000000000     
         128  -8.6921892057951464E-010  -3.7757600428412702E-010
   7.3351148713125883E-009   1.4421407443382490E-010
   0.0000000000000000        0.0000000000000000     
         129  -6.5462765820667860E-010  -4.0689045582499059E-010
   7.2166135520175451E-009   6.9623436365977099E-011
   0.0000000000000000        0.0000000000000000     
         130  -4.2882351258186385E-010  -4.4232679763723471E-010
   7.1328286239905572E-009   6.3763377529764396E-012
   0.0000000000000000        0.0000000000000000     
         131  -1.8885788388665284E-010  -4.8540842503367617E-010
   7.0790298527935672E-009  -4.9134409194021780E-011
   0.0000000000000000        0.0000000000000000     
         132   6.8827154621299541E-011  -5.3809604318641198E-010
   7.0518851412694427E-009  -9.9576439158932906E-011
   0.0000000000000000        0.0000000000000000     
         133   3.4858455058391026E-010  -6.0298655329100252E-010
   7.0491479053730070E-009  -1.4705891247064362E-010
   0.0000000000000000        0.0000000000000000     
         134   6.5581523053906499E-010  -6.8360169082634276E-010
   7.0694623976166383E-009  -1.9339653415188277E-010
   0.0000000000000000        0.0000000000000000     
         135   9.9731614492941328E-010  -7.8482507528243126E-010
   7.1122574726445817E-009  -2.4031991984074013E-010
   0.0000000000000000        0.0000000000000000     
         136   1.3817612625969176E-009  -9.1358695484512917E-010
   7.1777131904599269E-009  -2.8967902020496187E-010
   0.0000000000000000        0.0000000000000000     
         137   1.8203651783796041E-009  -1.0799723490541834E-009
   7.2667946595198733E-009  -3.4368635897676073E-010
   0.0000000000000000        0.0000000000000000     
         138   2.3277895404398445E-009  -1.2990758757422657E-009
   7.3813562758842642E-009  -4.0526441327702401E-010
   0.0000000000000000        0.0000000000000000     
