   262144.00000000000     
         256           1           3
   1.7567330116226543E-005  -11.098339920101999        85.396172594000006     
   6.0401400154609997        12.000000000000000        1200.0000000000000     
           0   0.0000000000000000        0.0000000000000000     
   0.0000000000000000        0.0000000000000000     
   0.0000000000000000        0.0000000000000000     
           1   7.6812004629366873E-010  -5.1147752646845106E-011
   2.3627235115375299E-010  -1.2470057924217197E-011
  -2.9906455503527673E-009   2.1748865855493423E-010
           2   8.7201829393745746E-010  -1.7046541177186622E-010
   2.6463859206830702E-010  -4.4498534828525345E-011
  -3.4563191039290835E-009   7.4776859424661552E-010
           3   9.9753656299770588E-010  -6.1125493712513824E-010
   2.9853596556838899E-010  -1.6287131840738601E-010
  -4.0161066457074102E-009   2.7069016321194260E-009
           4   4.6505385197342425E-011  -1.0190869896678122E-009
   4.3098831159801752E-011  -2.7239459319682363E-010
   2.1028923137108672E-010   4.5196733633199937E-009
           5  -1.3063366741077822E-010  -3.2933577525105875E-010
  -4.5624635270527298E-012  -8.7065341950096622E-011
   9.9759166097804431E-010   1.4536023362157224E-009
           6   9.5536393825454544E-012  -1.3333796118517527E-010
   3.2939522104148295E-011  -3.4364258741910260E-011
   3.7481894732665393E-010   5.8216929236227336E-010
           7   9.3029009594008535E-011  -7.1241279365353953E-011
   5.5134122194214424E-011  -1.7629084368770135E-011
   4.5314349389327643E-012   3.0591030505571588E-010
           8   1.4217555753582331E-010  -4.5107630068824589E-011
   6.8038423442308084E-011  -1.0550869752354829E-011
  -2.1279091608639331E-010   1.8949318422783719E-010
           9   1.7352073629968746E-010  -3.1942086523408023E-011
   7.6094977999243876E-011  -6.9523839733642711E-012
  -3.5063457929718800E-010   1.3070444019450038E-010
          10   1.9496928936644677E-010  -2.4490342433131871E-011
   8.1428838027375864E-011  -4.8847747561278230E-012
  -4.4415089231543151E-010   9.7297781905503095E-011
          11   2.1051127873591628E-010  -1.9923974876475388E-011
   8.5112615661759982E-011  -3.5880979577557473E-012
  -5.1108486370930089E-010   7.6700102401286161E-011
          12   2.2232348999144850E-010  -1.6964538903533336E-011
   8.7731208478650636E-011  -2.7187610241005390E-012
  -5.6111739121647071E-010   6.3227969356052497E-011
          13   2.3167674393330567E-010  -1.4968575386000614E-011
   8.9625671603925218E-011  -2.1037277046232848E-012
  -5.9989927519819903E-010   5.4020427988751009E-011
          14   2.3935562421398040E-010  -1.3584759482771073E-011
   9.1006057932827044E-011  -1.6484174614894019E-012
  -6.3091757681146917E-010   4.7514998939261753E-011
          15   2.4586742562822300E-010  -1.2608674342523057E-011
   9.2007604324032302E-011  -1.2976929621400797E-012
  -6.5642483410398630E-010   4.2802133488732150E-011
          16   2.5155311646520440E-010  -1.1915166456188682E-011
   9.2720575184642875E-011  -1.0176881392187577E-012
  -6.7793258142245842E-010   3.9324524594529241E-011
          17   2.5664959772885182E-010  -1.1424360802422385E-011
   9.3207009275576429E-011  -7.8667803072802915E-013
  -6.9648828395287873E-010   3.6726037639439499E-011
          18   2.6132630607685210E-010  -1.1083500183293305E-011
   9.3510565070975100E-011  -5.9019921469938187E-013
  -7.1283816193474584E-010   3.4770980092834729E-011
          19   2.6570760945508186E-010  -1.0856730160466164E-011
   9.3662542860405004E-011  -4.1830441767493927E-013
  -7.2752681516115944E-010   3.3298689030555538E-011
          20   2.6988699002710233E-010  -1.0719099238102202E-011
   9.3685695605746345E-011  -2.6394921628434424E-013
  -7.4096030662279933E-010   3.2196854731567415E-011
          21   2.7393629984884923E-010  -1.0652902137702508E-011
   9.3596712200250727E-011  -1.2200791412743308E-013
  -7.5344731752316417E-010   3.1385258421040848E-011
          22   2.7791196306842113E-010  -1.0645378833390142E-011
   9.3407877175377088E-011   1.1346639596428522E-014
  -7.6522670816018465E-010   3.0805535333985574E-011
          23   2.8185923135396203E-010  -1.0687225919024009E-011
   9.3128204583457755E-011   1.3904528360381211E-013
  -7.7648640760355882E-010   3.0414547442654360E-011
          24   2.8581516662721571E-010  -1.0771609865096645E-011
   9.2764227394661495E-011   2.6339024244553329E-013
  -7.8737663079254533E-010   3.0179985816177143E-011
          25   2.8981077316937061E-010  -1.0893498922833327E-011
   9.2320555921233932E-011   3.8623753718187592E-013
  -7.9801930056938531E-010   3.0077387970389764E-011
          26   2.9387254989495248E-010  -1.1049202339337467E-011
   9.1800278057074171E-011   5.0912404629739516E-013
  -8.0851487912731883E-010   3.0088075172765922E-011
          27   2.9802364046332491E-010  -1.1236047470063981E-011
   9.1205249027895482E-011   6.3335789871187667E-013
  -8.1894739888210278E-010   3.0197700988766875E-011
          28   3.0228470018860443E-010  -1.1452150502105959E-011
   9.0536302520126054E-011   7.6008413682957001E-013
  -8.2938822145166940E-010   3.0395214020904505E-011
          29   3.0667456087042772E-010  -1.1696251945638211E-011
   8.9793404834548564E-011   8.9033344604015239E-013
  -8.3989888486216944E-010   3.0672106406744679E-011
          30   3.1121074984645986E-010  -1.1967597757397962E-011
   8.8975767000448621E-011   1.0250591468546411E-012
  -8.5053328853115857E-010   3.1021862754984233E-011
          31   3.1590990299186142E-010  -1.2265853192199427E-011
   8.8081925278669084E-011   1.1651659808808822E-012
  -8.6133939156954235E-010   3.1439551856555582E-011
          32   3.2078810012947848E-010  -1.2591040555432202E-011
   8.7109797412213131E-011   1.3115331362945044E-012
  -8.7236054965173622E-010   3.1921521584453261E-011
          33   3.2586114358595665E-010  -1.2943494746273919E-011
   8.6056719853971917E-011   1.4650332402306348E-012
  -8.8363658107452584E-010   3.2465169417209520E-011
          34   3.3114479523759255E-010  -1.3323832324077847E-011
   8.4919469693263419E-011   1.6265485640520701E-012
  -8.9520462833234207E-010   3.3068769146212861E-011
          35   3.3665498360494806E-010  -1.3732931100238683E-011
   8.3694273929360012E-011   1.7969853614781887E-012
  -9.0709986444983454E-010   3.3731339900138111E-011
          36   3.4240798987234876E-010  -1.4171918151312737E-011
   8.2376807941343056E-011   1.9772870382657126E-012
  -9.1935608096510970E-010   3.4452547500050712E-011
          37   3.4842061980684169E-010  -1.4642164787214240E-011
   8.0962184418230717E-011   2.1684467017362883E-012
  -9.3200618565400625E-010   3.5232630894811426E-011
          38   3.5471036720225499E-010  -1.5145287476627596E-011
   7.9444933555664415E-011   2.3715195380568397E-012
  -9.4508263160655219E-010   3.6072348385233575E-011
          39   3.6129557351352435E-010  -1.5683154083704318E-011
   7.7818974960918888E-011   2.5876354004532330E-012
  -9.5861779446374041E-010   3.6972939765574753E-011
          40   3.6819558771790256E-010  -1.6257895043742678E-011
   7.6077581416620169E-011   2.8180119533563854E-012
  -9.7264431123140272E-010   3.7936101556938760E-011
          41   3.7543093000354170E-010  -1.6871919327760526E-011
   7.4213334391429382E-011   3.0639686999168384E-012
  -9.8719539142670768E-010   3.8963973290637133E-011
          42   3.8302346265186432E-010  -1.7527935235553519E-011
   7.2218070953906939E-011   3.3269422196578104E-012
  -1.0023051094304485E-009   4.0059133398697888E-011
          43   3.9099657139232335E-010  -1.8228976227838723E-011
   7.0082821525871788E-011   3.6085029571871824E-012
  -1.0180086855645496E-009   4.1224603737351327E-011
          44   3.9937536054360721E-010  -1.8978432172750850E-011
   6.7797737686199975E-011   3.9103739310829976E-012
  -1.0343427624002795E-009   4.2463862148740691E-011
          45   4.0818686540981646E-010  -1.9780086548994441E-011
   6.5352009002488123E-011   4.2344517743210816E-012
  -1.0513456821249857E-009   4.3780862784135745E-011
          46   4.1746028567954242E-010  -2.0638160326848406E-011
   6.2733767615321120E-011   4.5828305752185802E-012
  -1.0690577704110467E-009   4.5180064191821708E-011
          47   4.2722724395646835E-010  -2.1557363447112425E-011
   5.9929979014526882E-011   4.9578290624136363E-012
  -1.0875216319994459E-009   4.6666465431963274E-011
          48   4.3752207407826049E-010  -2.2542955047618988E-011
   5.6926317120511611E-011   5.3620217723776909E-012
  -1.1067824632194084E-009   4.8245650734476805E-011
          49   4.4838214454217771E-010  -2.3600813856461952E-011
   5.3707021406752018E-011   5.7982749567323864E-012
  -1.1268883868474884E-009   4.9923843477682098E-011
          50   4.5984822317983727E-010  -2.4737520494144437E-011
   5.0254733349420988E-011   6.2697881351399493E-012
  -1.1478908150294857E-009   5.1707970548079488E-011
          51   4.7196489026853132E-010  -2.5960453820401260E-011
   4.6550308957208797E-011   6.7801423847692409E-012
  -1.1698448465529000E-009   5.3605738461060894E-011
          52   4.8478100852479421E-010  -2.7277903942405663E-011
   4.2572603495022087E-011   7.3333566880514725E-012
  -1.1928097054856381E-009   5.5625722991546013E-011
          53   4.9835025999441235E-010  -2.8699205098119562E-011
   3.8298223735549662E-011   7.9339539496463657E-012
  -1.2168492291534076E-009   5.7777474503953354E-011
          54   5.1273176178270567E-010  -3.0234892372690369E-011
   3.3701242127418046E-011   8.5870386563563072E-012
  -1.2420324146568629E-009   6.0071641703823791E-011
          55   5.2799077493993882E-010  -3.1896887139069541E-011
   2.8752866109638623E-011   9.2983886111336603E-012
  -1.2684340346980053E-009   6.2520117189472224E-011
          56   5.4419952376692858E-010  -3.3698717295021837E-011
   2.3421054371832639E-011   1.0074563752259806E-011
  -1.2961353354114914E-009   6.5136208997387398E-011
          57   5.6143814645818571E-010  -3.5655779869217630E-011
   1.7670070087297211E-011   1.0923035807279812E-011
  -1.3252248313223482E-009   6.7934843359932085E-011
          58   5.7979580256866247E-010  -3.7785655490075244E-011
   1.1459958941506938E-011   1.1852343477395615E-011
  -1.3557992155947817E-009   7.0932805193022549E-011
          59   5.9937196852050678E-010  -4.0108486686527871E-011
   4.7459370085912095E-012   1.2872279068092586E-011
  -1.3879644075221987E-009   7.4149024491928126E-011
          60   6.2027795958287253E-010  -4.2647435199056686E-011
  -2.5223299539887313E-012   1.3994114063987167E-011
  -1.4218367639944572E-009   7.7604918951812527E-011
          61   6.4263872593718134E-010  -4.5429237674397133E-011
  -1.0401578649739578E-011   1.5230873214164019E-011
  -1.4575444877183220E-009   8.1324805907854489E-011
          62   6.6659498212223704E-010  -4.8484884634579457E-011
  -1.8955960320224077E-011   1.6597669414581328E-011
  -1.4952292726484488E-009   8.5336400325058344E-011
          63   6.9230574419135478E-010  -5.1850454932310109E-011
  -2.8258248504230129E-011   1.8112115283389838E-011
  -1.5350482368893755E-009   8.9671420366993055E-011
          64   7.1995136835475636E-010  -5.5568147693886194E-011
  -3.8391287604035293E-011   1.9794832149890870E-011
  -1.5771762060047110E-009   9.4366328462669833E-011
          65   7.4973721020216968E-010  -5.9687566956880174E-011
  -4.9449739606166605E-011   2.1670083685525520E-011
  -1.6218084260416484E-009   9.9463244374039916E-011
          66   7.8189805687837898E-010  -6.4267332192913356E-011
  -6.1542202356841806E-011   2.3766570264023482E-011
  -1.6691638070540861E-009   1.0501107841145784E-010
          67   8.1670352860905495E-010  -6.9377112630637792E-011
  -7.4793794044380515E-011   2.6118432314450728E-011
  -1.7194888261516168E-009   1.1106694889670139E-010
          68   8.5446471882368517E-010  -7.5100217771483227E-011
  -8.9349310022900530E-011   2.8766527698356971E-011
  -1.7730622528360731E-009   1.1769797003640695E-010
          69   8.9554232323606206E-010  -8.1536923931459419E-011
  -1.0537721466228266E-010   3.1760072925394098E-011
  -1.8302009372024233E-009   1.2498352755701967E-010
          70   9.4035691049019523E-010  -8.8808787791634147E-011
  -1.2307442817736944E-010   3.5158768716543698E-011
  -1.8912668880237317E-009   1.3301820263127256E-010
          71   9.8940164479849167E-010  -9.7064292650930869E-011
  -1.4267253118847143E-010   3.9035584161254814E-011
  -1.9566760982639993E-009   1.4191556886378794E-010
          72   1.0432584676514977E-009  -1.0648632162616541E-010
  -1.6444551821809666E-010   4.3480439567027039E-011
  -2.0269095689629636E-009   1.5181317777819064E-010
          73   1.1026187415227587E-009  -1.1730216354427689E-010
  -1.8871972586503812E-010   4.8605136291376772E-011
  -2.1025272467603762E-009   1.6287918479782403E-010
          74   1.1683098696420400E-009  -1.2979708039975139E-010
  -2.1588664253764471E-010   5.4550039076629797E-011
  -2.1841858220566933E-009   1.7532127165825483E-010
          75   1.2413299878633563E-009  -1.4433295901025791E-010
  -2.4641961097206025E-010   6.1493258927601766E-011
  -2.2726617114955035E-009   1.8939883353611698E-010
          76   1.3228936966536389E-009  -1.6137434076213013E-010
  -2.8089585522848215E-010   6.9663462864463675E-011
  -2.3688810926146421E-009   2.0543988608408161E-010
          77   1.4144930957147951E-009  -1.8152535277062152E-010
  -3.2002588779845562E-010   7.9358039562280348E-011
  -2.4739596645875517E-009   2.2386492254054428E-010
          78   1.5179803352152604E-009  -2.0558306824885847E-010
  -3.6469329252239586E-010   9.0969331909410965E-011
  -2.5892560216823227E-009   2.4522121285527033E-010
          79   1.6356808860493601E-009  -2.3461617382048386E-010
  -4.1600931764084668E-010   1.0502328768508620E-010
  -2.7164443794689524E-009   2.7023314279833540E-010
          80   1.7705513811975195E-009  -2.7008357499640871E-010
  -4.7538894961050105E-010   1.2223769468588186E-010
  -2.8576152717495227E-009   2.9987780382399422E-010
          81   1.9264032248689590E-009  -3.1401775581775256E-010
  -5.4465866659159839E-010   1.4361214653320876E-010
  -3.0154173727167320E-009   3.3550143275126619E-010
          82   2.1082249182256500E-009  -3.6931635400780639E-010
  -6.2621170695137769E-010   1.7057099552090432E-010
  -3.1932608406610201E-009   3.7900398312777528E-010
          83   2.3226549947863906E-009  -4.4022085210308589E-010
  -7.2323575268830583E-010   2.0519785108060180E-010
  -3.3956142191519246E-009   4.3314129300910272E-010
          84   2.5786878312891560E-009  -5.3313153366102611E-010
  -8.4005240688885625E-010   2.5063445100281925E-010
  -3.6284455160895534E-009   5.0203824107874906E-010
          85   2.8887415029160132E-009  -6.5805381559906245E-010
  -9.8263005339182842E-010   3.1178787083086579E-010
  -3.8998865789552907E-009   5.9209746004317832E-010
          86   3.2702800456122986E-009  -8.3129072780558597E-010
  -1.1593611143971447E-009   3.9664567309771459E-010
  -4.2212376434874770E-009   7.1368763580189686E-010
          87   3.7482231438049986E-009  -1.0807381854697759E-009
  -1.3822114923094363E-009   5.1885937666742397E-010
  -4.6084504878714662E-009   8.8445775950666857E-010
          88   4.3581562352030808E-009  -1.4569705655690077E-009
  -1.6682356506528656E-009   7.0314570107104428E-010
  -5.0840822044469858E-009   1.1362630108719660E-009
          89   5.1486484370761573E-009  -2.0580872640493685E-009
  -2.0406024355034585E-009   9.9737320979541804E-010
  -5.6786245419056293E-009   1.5306585246610000E-009
          90   6.1714921314424288E-009  -3.0890690329682929E-009
  -2.5236106484913242E-009   1.5013750404405093E-009
  -6.4241353873697448E-009   2.1958275731149723E-009
          91   7.3976528760218883E-009  -5.0053846140877636E-009
  -3.1012535246689285E-009   2.4364154186460530E-009
  -7.3011649371742792E-009   3.4156056552025179E-009
          92   8.2353700135350830E-009  -8.7627785306065439E-009
  -3.4819652900911103E-009   4.2646670368758575E-009
  -7.9373290949957699E-009   5.7825913670250959E-009
          93   5.6945831234557404E-009  -1.4945763761553497E-008
  -2.2098777680867135E-009   7.2581868213932766E-009
  -6.4685051343220622E-009   9.6458464509440536E-009
          94  -3.4404498299096073E-009  -1.7091284424692187E-008
   2.2522053599606903E-009   8.2623726614691589E-009
  -9.2660105343978468E-010   1.0963600175151289E-008
          95  -9.0566577442285116E-009  -1.1174660009413825E-008
   4.9723306010672120E-009   5.3615686959279579E-009
   2.3665880517312419E-009   7.2817973811288986E-009
          96  -9.0270992198836937E-009  -6.2238547418937773E-009
   4.9531066630411962E-009   2.9526882471783173E-009
   2.1306588495957831E-009   4.2354908404565283E-009
          97  -7.7806902422373649E-009  -3.6601655781938147E-009
   4.3532576892300940E-009   1.7087109671753283E-009
   1.1290068129200835E-009   2.6880858978882066E-009
          98  -6.6302920084506245E-009  -2.3328349068986536E-009
   3.8064994923916224E-009   1.0649049151892920E-009
   1.7030443531879544E-010   1.9172611810246621E-009
          99  -5.7325220132134176E-009  -1.5895810341619086E-009
   3.3865576223240496E-009   7.0347812366733558E-010
  -6.5507394972652386E-010   1.5175007956596847E-009
         100  -5.0458970101419974E-009  -1.1399342792400415E-009
   3.0723705076226984E-009   4.8328111448167748E-010
  -1.3791416332886791E-009   1.3101499228871700E-009
         101  -4.5151012037762294E-009  -8.4983686658156347E-010
   2.8368475109746546E-009   3.3921125350714627E-010
  -2.0428382811140507E-009   1.2147062203099410E-009
         102  -4.0976872572872520E-009  -6.5265985080594136E-010
   2.6595098009584475E-009   2.3883569482988697E-010
  -2.6802047126229533E-009   1.1935235404669835E-009
         103  -3.7638387857050201E-009  -5.1281545989965413E-010
   2.5262562708406525E-009   1.6468087972595324E-010
  -3.3192004037663121E-009   1.2295502755053222E-009
         104  -3.4928383463317025E-009  -4.1006522203816209E-010
   2.4276227891893735E-009   1.0658235567822300E-010
  -3.9846625022961307E-009   1.3171944411207530E-009
         105  -3.2701411756755179E-009  -3.3226665340659363E-010
   2.3573867390510595E-009   5.8112484029114786E-011
  -4.7011351640918277E-009   1.4588068103136000E-009
         106  -3.0853734096161160E-009  -2.7179002132486803E-010
   2.3116609552442086E-009   1.4751255278665818E-011
  -5.4955408398535992E-009   1.6640747569621829E-009
         107  -2.9310224705398658E-009  -2.2363786590220072E-010
   2.2883689244076379E-009  -2.7184452626969188E-011
  -6.4000700890590130E-009   1.9516003486906077E-009
         108  -2.8015874998496827E-009  -1.8439988824477351E-010
   2.2870033920416348E-009  -7.1331441119267346E-011
  -7.4557635127490814E-009   2.3531023752803050E-009
         109  -2.6930304577201440E-009  -1.5163295089008559E-010
   2.3086123616155070E-009  -1.2210809778244000E-010
  -8.7173009660135388E-009   2.9220086061620393E-009
         110  -2.6024293175941712E-009  -1.2345221601165765E-010
   2.3559761778134352E-009  -1.8594148639420453E-010
  -1.0259315935118842E-008   3.7507070224730199E-009
         111  -2.5277748876168218E-009  -9.8194234761386085E-011
   2.4338684040108221E-009  -2.7355426474092908E-010
  -1.2183034952224558E-008   5.0064987125936127E-009
         112  -2.4678664723176201E-009  -7.4002575181862078E-011
   2.5488377661188833E-009  -4.0481188601127518E-010
  -1.4614292214602807E-008   7.0106004242607465E-009
         113  -2.4221887046680456E-009  -4.8050704394548787E-011
   2.7057250319107669E-009  -6.1971594682368482E-010
  -1.7647047686449219E-008   1.0419262602450713E-008
         114  -2.3901198893825028E-009  -1.4740728829384247E-011
   2.8874941582953634E-009  -1.0025133425299506E-009
  -2.1010486875839079E-008   1.6622173155853355E-008
         115  -2.3659202628565019E-009   3.7663746678615297E-011
   2.9592389214190093E-009  -1.7090122591870692E-009
  -2.2481236479233547E-008   2.8194090722527177E-008
         116  -2.3189354203741281E-009   1.1963022589048449E-010
   2.3922861367474344E-009  -2.7457029435750337E-009
  -1.3318572716937464E-008   4.5239721908800238E-008
         117  -2.2086391830277400E-009   1.7462000412218067E-010
   8.4551804392043528E-010  -3.0008026227142843E-009
   1.2116145372694665E-008   4.9360325029298566E-008
         118  -2.1172093588812395E-009   1.4790104380648832E-010
  -7.9886648329660941E-011  -2.0278261158520425E-009
   2.7323675279486871E-008   3.3166167397219248E-008
         119  -2.0852064566143684E-009   1.1193035155627544E-010
  -1.0740152981122205E-010  -1.1896571319075958E-009
   2.7724615287255155E-008   1.9207276921764980E-008
         120  -2.0789192665910054E-009   9.3336078745594272E-011
   9.2775847131056172E-011  -7.3375274943987808E-010
   2.4405706344867737E-008   1.1577030606035399E-008
         121  -2.0821693786840510E-009   8.6929771873379743E-011
   2.9318628800475942E-010  -4.9151156312851434E-010
   2.1128411190612921E-008   7.4844818221492969E-009
         122  -2.0908605844953420E-009   8.7423582997403494E-011
   4.5788557415175419E-010  -3.5500408884942257E-010
   1.8485798504513979E-008   5.1427317833763769E-009
         123  -2.1042584833783568E-009   9.2040294519293560E-011
   5.9010015264722705E-010  -2.7319083848318995E-010
   1.6423309540488617E-008   3.7063128758339841E-009
         124  -2.1224872644981808E-009   9.9438240588447628E-011
   6.9796099691581505E-010  -2.2169026334041115E-010
   1.4805713459893018E-008   2.7709089438077702E-009
         125  -2.1459140740794408E-009   1.0900200697556923E-010
   7.8834975597546599E-010  -1.8813315606799188E-010
   1.3518907281786172E-008   2.1309859796438522E-009
         126  -2.1750085061333398E-009   1.2050357057807156E-010
   8.6633793225692747E-010  -1.6583697136951123E-010
   1.2479183332541131E-008   1.6750922783604183E-009
         127  -2.2103251697881106E-009   1.3394741314164585E-010
   9.3557504415405122E-010  -1.5098703468976634E-010
   1.1626808401762271E-008   1.3391850700924016E-009
         128  -2.2525211492140038E-009   1.4950308541676091E-010
   9.9871322804614384E-010  -1.4130600203178858E-010
   1.0919015008920517E-008   1.0845789125262227E-009
         129  -2.3023864479694135E-009   1.6748282607297637E-010
   1.0577257213848447E-009  -1.3538826392780173E-010
   1.0324765372584627E-008   8.8688945681646523E-010
         130  -2.3608834574018091E-009   1.8834674282644734E-010
   1.1141275302319337E-009  -1.3234953975393820E-010
   9.8211537124398237E-009   7.3018083359639987E-010
         131  -2.4291970861442224E-009   2.1272993780646127E-010
   1.1691268559051432E-009  -1.3163487088293142E-010
   9.3909788375916673E-009   6.0371581174903774E-010
         132  -2.5087997207143559E-009   2.4149285364176510E-010
   1.2237311273545243E-009  -1.3291105719054707E-010
   9.0210992871251575E-009   5.0007520629020410E-010
         133  -2.6015371532291481E-009   2.7580187862251801E-010
   1.2788245941557030E-009  -1.3600730386144652E-010
   8.7013033502905534E-009   4.1403153035864003E-010
         134  -2.7097446911711531E-009   3.1725433141414241E-010
   1.3352286377445462E-009  -1.4088623876621141E-010
   8.4235179311960001E-009   3.4185670800392625E-010
         135  -2.8364053820273513E-009   3.6807292206467019E-010
   1.3937537774411227E-009  -1.4763743368672850E-010
   8.1812416307224771E-009   2.8089153250941259E-010
         136  -2.9853683119059450E-009   4.3141384392822423E-010
   1.4552492119329279E-009  -1.5649213501980619E-010
   7.9691260494332106E-009   2.2928302343075007E-010
         137  -3.1616497361064603E-009   5.1186762284068097E-010
   1.5206560948277755E-009  -1.6786410694356922E-010
   7.7826539615279371E-009   1.8584110997876101E-010
         138  -3.3718439410348807E-009   6.1629892029612381E-010
   1.5910699482960991E-009  -1.8243001255421043E-010
   7.6178782603844742E-009   1.4999696082064979E-010
