   262144.00000000000     
         256           1           3
   1.7567330116226543E-005  -11.098339920101999        85.396172594000006     
   6.0401400154609997        12.000000000000000        1200.0000000000000     
           0   0.0000000000000000        0.0000000000000000     
   0.0000000000000000        0.0000000000000000     
   0.0000000000000000        0.0000000000000000     
           1   0.0000000000000000        0.0000000000000000     
  -9.2672348423199159E-011  -9.6083903398322970E-010
   8.0733062156237441E-010   1.0506223171842905E-009
           2   0.0000000000000000        0.0000000000000000     
  -1.6893475374393910E-010  -2.2447290956285610E-010
   8.8558102787690478E-010   2.3362231605773114E-010
           3   0.0000000000000000        0.0000000000000000     
  -6.0625288456250139E-011  -7.5141271499298369E-011
   7.6208564609365213E-010   6.7868783593043220E-011
           4   0.0000000000000000        0.0000000000000000     
  -6.6249715469221541E-012  -3.3756600444291441E-011
   7.0021388467879154E-010   2.1842319918442942E-011
           5   0.0000000000000000        0.0000000000000000     
   2.1413356188930115E-011  -1.8380156039618108E-011
   6.6799054616908190E-010   4.6439118447126252E-012
           6   0.0000000000000000        0.0000000000000000     
   3.7478183344716819E-011  -1.1453854365986762E-011
   6.4966365154702506E-010  -3.2010315799898344E-012
           7   0.0000000000000000        0.0000000000000000     
   4.7470050124652029E-011  -7.9001015203534643E-012
   6.3856416729493243E-010  -7.3228187987401884E-012
           8   0.0000000000000000        0.0000000000000000     
   5.4102084620106603E-011  -5.8996129410445637E-012
   6.3160988264197107E-010  -9.7380980430957504E-012
           9   0.0000000000000000        0.0000000000000000     
   5.8741537546634072E-011  -4.6936359180543654E-012
   6.2723840620546233E-010  -1.1287653020312504E-011
          10   0.0000000000000000        0.0000000000000000     
   6.2132667583986635E-011  -3.9280087770501232E-012
   6.2459398208837851E-010  -1.2363852609810602E-011
          11   0.0000000000000000        0.0000000000000000     
   6.4707031077761815E-011  -3.4224398266639429E-012
   6.2317743942239579E-010  -1.3166466968131133E-011
          12   0.0000000000000000        0.0000000000000000     
   6.6728226258025533E-011  -3.0786055757621789E-012
   6.2268235333589046E-010  -1.3804536845582778E-011
          13   0.0000000000000000        0.0000000000000000     
   6.8364398424406561E-011  -2.8397973646994799E-012
   6.2291266664036942E-010  -1.4341088780667168E-011
          14   0.0000000000000000        0.0000000000000000     
   6.9726812592800288E-011  -2.6717561057752128E-012
   6.2373868508779250E-010  -1.4814363969205317E-011
          15   0.0000000000000000        0.0000000000000000     
   7.0891449180594404E-011  -2.5529626203972290E-012
   6.2507233273564421E-010  -1.5248569135174844E-011
          16   0.0000000000000000        0.0000000000000000     
   7.1911634513152479E-011  -2.4694447929342615E-012
   6.2685261398283878E-010  -1.5659624068066418E-011
          17   0.0000000000000000        0.0000000000000000     
   7.2825711717357065E-011  -2.4118694957200508E-012
   6.2903674387961406E-010  -1.6058379449435253E-011
          18   0.0000000000000000        0.0000000000000000     
   7.3661854988461010E-011  -2.3738481417776411E-012
   6.3159455714287839E-010  -1.6452491709336329E-011
          19   0.0000000000000000        0.0000000000000000     
   7.4441179460809180E-011  -2.3509147158955506E-012
   6.3450488262439185E-010  -1.6847554276054106E-011
          20   0.0000000000000000        0.0000000000000000     
   7.5179802083218539E-011  -2.3398904375093848E-012
   6.3775313382883912E-010  -1.7247801710435106E-011
          21   0.0000000000000000        0.0000000000000000     
   7.5890238846543752E-011  -2.3384780604685705E-012
   6.4132967339171118E-010  -1.7656560493123918E-011
          22   0.0000000000000000        0.0000000000000000     
   7.6582371717299440E-011  -2.3449965620583569E-012
   6.4522868288266143E-010  -1.8076545218372224E-011
          23   0.0000000000000000        0.0000000000000000     
   7.7264130362954800E-011  -2.3582039083419767E-012
   6.4944737035021662E-010  -1.8510058068704284E-011
          24   0.0000000000000000        0.0000000000000000     
   7.7941981062627141E-011  -2.3771763785728509E-012
   6.5398540854057253E-010  -1.8959126439436031E-011
          25   0.0000000000000000        0.0000000000000000     
   7.8621282888996362E-011  -2.4012249867499025E-012
   6.5884453396968018E-010  -1.9425600255078562E-011
          26   0.0000000000000000        0.0000000000000000     
   7.9306551052989941E-011  -2.4298367091108789E-012
   6.6402826040006346E-010  -1.9911222599320762E-011
          27   0.0000000000000000        0.0000000000000000     
   8.0001654337965467E-011  -2.4626325973062103E-012
   6.6954167534715122E-010  -2.0417682458805009E-011
          28   0.0000000000000000        0.0000000000000000     
   8.0709965126993405E-011  -2.4993375774469214E-012
   6.7539129809137222E-010  -2.0946655386047348E-011
          29   0.0000000000000000        0.0000000000000000     
   8.1434474919893634E-011  -2.5397584634651792E-012
   6.8158498426799418E-010  -2.1499835990025413E-011
          30   0.0000000000000000        0.0000000000000000     
   8.2177884469281676E-011  -2.5837678313017559E-012
   6.8813186658062915E-010  -2.2078964942008277E-011
          31   0.0000000000000000        0.0000000000000000     
   8.2942675075796550E-011  -2.6312921360587745E-012
   6.9504232429548317E-010  -2.2685852387634637E-011
          32   0.0000000000000000        0.0000000000000000     
   8.3731165794443116E-011  -2.6823029459440964E-012
   7.0232797635339163E-010  -2.3322399130941368E-011
          33   0.0000000000000000        0.0000000000000000     
   8.4545560051265207E-011  -2.7368105008061616E-012
   7.1000169450313249E-010  -2.3990616607348773E-011
          34   0.0000000000000000        0.0000000000000000     
   8.5387984268841093E-011  -2.7948590326691791E-012
   7.1807763402180896E-010  -2.4692646432273337E-011
          35   0.0000000000000000        0.0000000000000000     
   8.6260520466342365E-011  -2.8565234463718820E-012
   7.2657128044486023E-010  -2.5430780160823532E-011
          36   0.0000000000000000        0.0000000000000000     
   8.7165234334717662E-011  -2.9219070719459247E-012
   7.3549951140505683E-010  -2.6207479799541857E-011
          37   0.0000000000000000        0.0000000000000000     
   8.8104199952600618E-011  -2.9911402822330404E-012
   7.4488067321325258E-010  -2.7025399556031447E-011
          38   0.0000000000000000        0.0000000000000000     
   8.9079522058701169E-011  -3.0643798290741257E-012
   7.5473467227332017E-010  -2.7887409288135888E-011
          39   0.0000000000000000        0.0000000000000000     
   9.0093356623962493E-011  -3.1418087958881381E-012
   7.6508308180605486E-010  -2.8796620113694409E-011
          40   0.0000000000000000        0.0000000000000000     
   9.1147930328495584E-011  -3.2236370986759215E-012
   7.7594926473304816E-010  -2.9756412661702303E-011
          41   0.0000000000000000        0.0000000000000000     
   9.2245559459951149E-011  -3.3101024942441623E-012
   7.8735851391490629E-010  -3.0770468483867861E-011
          42   0.0000000000000000        0.0000000000000000     
   9.3388668678713344E-011  -3.4014720763102549E-012
   7.9933821130524276E-010  -3.1842805202020525E-011
          43   0.0000000000000000        0.0000000000000000     
   9.4579810057684427E-011  -3.4980442590381263E-012
   8.1191800794955001E-010  -3.2977816041623093E-011
          44   0.0000000000000000        0.0000000000000000     
   9.5821682774529817E-011  -3.6001512642488029E-012
   8.2513002717671785E-010  -3.4180314497636747E-011
          45   0.0000000000000000        0.0000000000000000     
   9.7117153822446284E-011  -3.7081621448896481E-012
   8.3900909378994641E-010  -3.5455584998019106E-011
          46   0.0000000000000000        0.0000000000000000     
   9.8469280116178391E-011  -3.8224863932862129E-012
   8.5359299257825334E-010  -3.6809440577298875E-011
          47   0.0000000000000000        0.0000000000000000     
   9.9881332377582050E-011  -3.9435782001444729E-012
   8.6892276008365694E-010  -3.8248288752477315E-011
          48   0.0000000000000000        0.0000000000000000     
   1.0135682121741481E-010  -4.0719414489709701E-012
   8.8504301425646210E-010  -3.9779207013703906E-011
          49   0.0000000000000000        0.0000000000000000     
   1.0289952587032720E-010  -4.2081355523141910E-012
   9.0200232746520565E-010  -4.1410029611501339E-011
          50   0.0000000000000000        0.0000000000000000     
   1.0451352609703346E-010  -4.3527822613769856E-012
   9.1985364930605855E-010  -4.3149447652132850E-011
          51   0.0000000000000000        0.0000000000000000     
   1.0620323783655224E-010  -4.5065736105876020E-012
   9.3865478683769813E-010  -4.5007124918431729E-011
          52   0.0000000000000000        0.0000000000000000     
   1.0797345328093976E-010  -4.6702811950500866E-012
   9.5846895127678406E-010  -4.6993832333542183E-011
          53   0.0000000000000000        0.0000000000000000     
   1.0982938616083996E-010  -4.8447670230084246E-012
   9.7936538188131952E-010  -4.9121604603839394E-011
          54   0.0000000000000000        0.0000000000000000     
   1.1177672316116702E-010  -5.0309962401694376E-012
   1.0014200598264694E-009  -5.1403923347588461E-011
          55   0.0000000000000000        0.0000000000000000     
   1.1382168256481188E-010  -5.2300520904351752E-012
   1.0247165273673298E-009  -5.3855931976661628E-011
          56   0.0000000000000000        0.0000000000000000     
   1.1597108142539815E-010  -5.4431535624686547E-012
   1.0493468306732204E-009  -5.6494688806153877E-011
          57   0.0000000000000000        0.0000000000000000     
   1.1823241283559605E-010  -5.6716762782544030E-012
   1.0754126084814535E-009  -5.9339466388961883E-011
          58   0.0000000000000000        0.0000000000000000     
   1.2061393517773000E-010  -5.9171773149672577E-012
   1.1030263533880833E-009  -6.2412107004375129E-011
          59   0.0000000000000000        0.0000000000000000     
   1.2312477564782481E-010  -6.1814248239560481E-012
   1.1323128783919417E-009  -6.5737446695303152E-011
          60   0.0000000000000000        0.0000000000000000     
   1.2577505084449627E-010  -6.4664335316366114E-012
   1.1634110285372689E-009  -6.9343823413074346E-011
          61   0.0000000000000000        0.0000000000000000     
   1.2857600785032881E-010  -6.7745074928841519E-012
   1.1964756865915479E-009  -7.3263688918786753E-011
          62   0.0000000000000000        0.0000000000000000     
   1.3154019003027960E-010  -7.1082918388511196E-012
   1.2316801331653408E-009  -7.7534349409275189E-011
          63   0.0000000000000000        0.0000000000000000     
   1.3468163278847022E-010  -7.4708357477611909E-012
   1.2692188362652395E-009  -8.2198866805683406E-011
          64   0.0000000000000000        0.0000000000000000     
   1.3801609586981493E-010  -7.8656695104696836E-012
   1.3093107672692467E-009  -8.7307161924108890E-011
          65   0.0000000000000000        0.0000000000000000     
   1.4156134016788140E-010  -8.2968994096196630E-012
   1.3522033408160436E-009  -9.2917372410654509E-011
          66   0.0000000000000000        0.0000000000000000     
   1.4533746006304519E-010  -8.7693252994451757E-012
   1.3981771777240035E-009  -9.9097536477377885E-011
          67   0.0000000000000000        0.0000000000000000     
   1.4936728367113313E-010  -9.2885872885529219E-012
   1.4475518132446342E-009  -1.0592769282341829E-010
          68   0.0000000000000000        0.0000000000000000     
   1.5367685859863383E-010  -9.8613500849173432E-012
   1.5006926439223233E-009  -1.1350252038957835E-010
          69   0.0000000000000000        0.0000000000000000     
   1.5829604487209065E-010  -1.0495536467704852E-011
   1.5580194069704117E-009  -1.2193468180582071E-010
          70   0.0000000000000000        0.0000000000000000     
   1.6325924365099623E-010  -1.1200625441970130E-011
   1.6200166047407875E-009  -1.3135909348377145E-010
          71   0.0000000000000000        0.0000000000000000     
   1.6860629927283468E-010  -1.1988036395549855E-011
   1.6872464122296960E-009  -1.4193842781400384E-010
          72   0.0000000000000000        0.0000000000000000     
   1.7438362444484411E-010  -1.2871628813164560E-011
   1.7603647812915008E-009  -1.5387027092714021E-010
          73   0.0000000000000000        0.0000000000000000     
   1.8064561532070940E-010  -1.3868359025707756E-011
   1.8401416977373111E-009  -1.6739653030818786E-010
          74   0.0000000000000000        0.0000000000000000     
   1.8745644681414434E-010  -1.4999152979046228E-011
   1.9274868858016034E-009  -1.8281593738118323E-010
          75   0.0000000000000000        0.0000000000000000     
   1.9489237183661018E-010  -1.6290080106959562E-011
   2.0234827321065996E-009  -2.0050086414245597E-010
          76   0.0000000000000000        0.0000000000000000     
   2.0304469579803142E-010  -1.7773952952511824E-011
   2.1294268840030358E-009  -2.2092023972456590E-010
          77   0.0000000000000000        0.0000000000000000     
   2.1202366673198610E-010  -1.9492538224813289E-011
   2.2468879660973748E-009  -2.4467122738231198E-010
          78   0.0000000000000000        0.0000000000000000     
   2.2196362277428320E-010  -2.1499661021675998E-011
   2.3777793111635872E-009  -2.7252369848693068E-010
          79   0.0000000000000000        0.0000000000000000     
   2.3302988976987566E-010  -2.3865638307578729E-011
   2.5244577658033078E-009  -3.0548375174141037E-010
          80   0.0000000000000000        0.0000000000000000     
   2.4542815024137133E-010  -2.6683731662182780E-011
   2.6898579045272077E-009  -3.4488616403299594E-010
          81   0.0000000000000000        0.0000000000000000     
   2.5941735574047453E-010  -3.0079737862882107E-011
   2.8776770119604719E-009  -3.9253179949780892E-010
          82   0.0000000000000000        0.0000000000000000     
   2.7532780112261953E-010  -3.4226579851962857E-011
   3.0926340233111176E-009  -4.5089666308020990E-010
          83   0.0000000000000000        0.0000000000000000     
   2.9358684170509609E-010  -3.9367093332533260E-011
   3.3408379698318396E-009  -5.2345837944924825E-010
          84   0.0000000000000000        0.0000000000000000     
   3.1475610677055836E-010  -4.5850676072604542E-011
   3.6303211409599655E-009  -6.1522129411561876E-010
          85   0.0000000000000000        0.0000000000000000     
   3.3958624423459705E-010  -5.4194233298408104E-011
   3.9718234288828208E-009  -7.3358968424464016E-010
          86   0.0000000000000000        0.0000000000000000     
   3.6909861365391491E-010  -6.5187450921702475E-011
   4.3799627831039301E-009  -8.8987609016042463E-010
          87   0.0000000000000000        0.0000000000000000     
   4.0470814083286291E-010  -8.0082716821966945E-011
   4.8749954198674638E-009  -1.1020224678864395E-009
          88   0.0000000000000000        0.0000000000000000     
   4.4840627923118089E-010  -1.0095525543454001E-010
   5.4854372297914089E-009  -1.3997601250778193E-009
          89   0.0000000000000000        0.0000000000000000     
   5.0301742564800439E-010  -1.3142593683637908E-010
   6.2517376238893477E-009  -1.8349659869629179E-009
          90   0.0000000000000000        0.0000000000000000     
   5.7247420057183408E-010  -1.7820670823677462E-010
   7.2302236547906035E-009  -2.5038052361829682E-009
          91   0.0000000000000000        0.0000000000000000     
   6.6167288220918524E-010  -2.5462617142729485E-010
   8.4910287323943852E-009  -3.5972451013299611E-009
          92   0.0000000000000000        0.0000000000000000     
   7.7348730974019921E-010  -3.8904194075416154E-010
   1.0075308299070550E-008  -5.5215854832451233E-009
          93   0.0000000000000000        0.0000000000000000     
   8.9035019696859491E-010  -6.4341362686506974E-010
   1.1731340504811766E-008  -9.1645690559498361E-009
          94   0.0000000000000000        0.0000000000000000     
   8.8471482640684617E-010  -1.1220392903811302E-009
   1.1631638738181749E-008  -1.6020555477395659E-008
          95   0.0000000000000000        0.0000000000000000     
   3.4730857282499917E-010  -1.6876925562745940E-009
   3.9122014967350547E-009  -2.4123389182701041E-008
          96   0.0000000000000000        0.0000000000000000     
  -5.4024658601315155E-010  -1.4992911572944735E-009
  -8.8247506878005397E-009  -2.1422204209031363E-008
          97   0.0000000000000000        0.0000000000000000     
  -8.0798741939960192E-010  -8.9235044779222337E-010
  -1.2681798068437872E-008  -1.2724196381334847E-008
          98   0.0000000000000000        0.0000000000000000     
  -7.2845509260811198E-010  -5.1128954994039880E-010
  -1.1563883126785919E-008  -7.2624745635260944E-009
          99   0.0000000000000000        0.0000000000000000     
  -6.0338245627828327E-010  -3.1541739153894449E-010
  -9.7942020588203201E-009  -4.4540219711559119E-009
         100   0.0000000000000000        0.0000000000000000     
  -4.9711466410871832E-010  -2.1022862392677651E-010
  -8.2947072290645328E-009  -2.9447813105789988E-009
         101   0.0000000000000000        0.0000000000000000     
  -4.1398535869802629E-010  -1.4923204181489012E-010
  -7.1275186389579021E-009  -2.0686325994051754E-009
         102   0.0000000000000000        0.0000000000000000     
  -3.4909580179273481E-010  -1.1132932978786178E-010
  -6.2224773774012654E-009  -1.5232802827411729E-009
         103   0.0000000000000000        0.0000000000000000     
  -2.9759500456616788E-010  -8.6410784575969159E-011
  -5.5101095267280456E-009  -1.1638715878446286E-009
         104   0.0000000000000000        0.0000000000000000     
  -2.5587632047001534E-010  -6.9272076292736563E-011
  -4.9387705457075167E-009  -9.1583712320112994E-010
         105   0.0000000000000000        0.0000000000000000     
  -2.2139784099223424E-010  -5.7050167188189055E-011
  -4.4720718863106539E-009  -7.3815329325682747E-010
         106   0.0000000000000000        0.0000000000000000     
  -1.9237165115305106E-010  -4.8077205675451008E-011
  -4.0844285481402478E-009  -6.0692120852820955E-010
         107   0.0000000000000000        0.0000000000000000     
  -1.6752302092944551E-010  -4.1333237027319225E-011
  -3.7576086305068956E-009  -5.0752534829168599E-010
         108   0.0000000000000000        0.0000000000000000     
  -1.4592634376941473E-010  -3.6168298588595153E-011
  -3.4783824453608048E-009  -4.3065194259660138E-010
         109   0.0000000000000000        0.0000000000000000     
  -1.2689651788680958E-010  -3.2153414890782594E-011
  -3.2369659332697781E-009  -3.7015424519286760E-010
         110   0.0000000000000000        0.0000000000000000     
  -1.0991692679462036E-010  -2.8996817900199084E-011
  -3.0259883786095016E-009  -3.2185238761476461E-010
         111   0.0000000000000000        0.0000000000000000     
  -9.4591092649712983E-011  -2.6494847621791460E-011
  -2.8397991950427031E-009  -2.8283018751202478E-010
         112   0.0000000000000000        0.0000000000000000     
  -8.0609688281901777E-011  -2.4502114102749253E-011
  -2.6739946309268264E-009  -2.5100800778503306E-010
         113   0.0000000000000000        0.0000000000000000     
  -6.7727635438334232E-011  -2.2912776026204521E-011
  -2.5250888175311162E-009  -2.2487499039752110E-010
         114   0.0000000000000000        0.0000000000000000     
  -5.5747931333272984E-011  -2.1648456490738031E-011
  -2.3902810052273138E-009  -2.0331651225766023E-010
         115   0.0000000000000000        0.0000000000000000     
  -4.4510039591675856E-011  -2.0650242272490712E-011
  -2.2672879284531524E-009  -1.8550031000241215E-010
         116   0.0000000000000000        0.0000000000000000     
  -3.3881430439944916E-011  -1.9873263006792728E-011
  -2.1542209531904670E-009  -1.7079977792764352E-010
         117   0.0000000000000000        0.0000000000000000     
  -2.3751330238575346E-011  -1.9282938784308704E-011
  -2.0494944499723634E-009  -1.5874144130533504E-010
         118   0.0000000000000000        0.0000000000000000     
  -1.4026046648373727E-011  -1.8852328492749815E-011
  -1.9517561965341880E-009  -1.4896855425267158E-010
         119   0.0000000000000000        0.0000000000000000     
  -4.6254363013361366E-012  -1.8560216181678580E-011
  -1.8598334537106940E-009  -1.4121573582794248E-010
         120   0.0000000000000000        0.0000000000000000     
   4.5197844070608348E-012  -1.8389697598577205E-011
  -1.7726902288764189E-009  -1.3529138591188639E-010
         121   0.0000000000000000        0.0000000000000000     
   1.3470093831634227E-011  -1.8327106375731858E-011
  -1.6893924834885345E-009  -1.3106578442916600E-010
         122   0.0000000000000000        0.0000000000000000     
   2.2278730012227620E-011  -1.8361167553680429E-011
  -1.6090788664371169E-009  -1.2846354414596170E-010
         123   0.0000000000000000        0.0000000000000000     
   3.0992865716495911E-011  -1.8482295774975648E-011
  -1.5309350947469328E-009  -1.2745962010993187E-010
         124   0.0000000000000000        0.0000000000000000     
   3.9654459244189800E-011  -1.8681972596194489E-011
  -1.4541704391413959E-009  -1.2807847936225614E-010
         125   0.0000000000000000        0.0000000000000000     
   4.8300819502336406E-011  -1.8952145179431269E-011
  -1.3779949522930640E-009  -1.3039637258525886E-010
         126   0.0000000000000000        0.0000000000000000     
   5.6964900211580420E-011  -1.9284588454541762E-011
  -1.3015961271281985E-009  -1.3454698025289926E-010
         127   0.0000000000000000        0.0000000000000000     
   6.5675315098367197E-011  -1.9670164424810943E-011
  -1.2241135977463846E-009  -1.4073108364493556E-010
         128   0.0000000000000000        0.0000000000000000     
   7.4456040797394791E-011  -2.0097893674046768E-011
  -1.1446102858861160E-009  -1.4923140098284710E-010
         129   0.0000000000000000        0.0000000000000000     
   8.3325743789124233E-011  -2.0553721118882170E-011
  -1.0620380227895213E-009  -1.6043442351507137E-010
         130   0.0000000000000000        0.0000000000000000     
   9.2296628033467223E-011  -2.1018802917652628E-011
  -9.7519509308203624E-010  -1.7486213054608149E-010
         131   0.0000000000000000        0.0000000000000000     
   1.0137264621511181E-010  -2.1467050537841802E-011
  -8.8267223589071785E-010  -1.9321809843196846E-010
         132   0.0000000000000000        0.0000000000000000     
   1.1054684052810867E-010  -2.1861516959407355E-011
  -7.8278243475831349E-010  -2.1645515813399644E-010
         133   0.0000000000000000        0.0000000000000000     
   1.1979747370717565E-010  -2.2148955174133507E-011
  -6.7346781650341486E-010  -2.4587615300609552E-010
         134   0.0000000000000000        0.0000000000000000     
   1.2908245989963692E-010  -2.2251439352051992E-011
  -5.5217450698911809E-010  -2.8328685045608903E-010
         135   0.0000000000000000        0.0000000000000000     
   1.3833140756562046E-010  -2.2053160774349669E-011
  -4.1568269067946518E-010  -3.3123326656961752E-010
         136   0.0000000000000000        0.0000000000000000     
   1.4743435342854007E-010  -2.1379093049311588E-011
  -2.5987502908677877E-010  -3.9337959833431257E-010
         137   0.0000000000000000        0.0000000000000000     
   1.5622610197289569E-010  -1.9959557651641281E-011
  -7.9423354938513752E-011  -4.7512778769377193E-010
         138   0.0000000000000000        0.0000000000000000     
   1.6446536716725811E-010  -1.7369548303183448E-011
   1.3262206392507342E-010  -5.8466656953435856E-010
