   262144.00000000000     
         256           1           3
   1.7567330116226543E-005   20.860845378598000        104.28469363400001     
   6.0401400154609997        12.000000000000000        1200.0000000000000     
           0   0.0000000000000000        0.0000000000000000     
   0.0000000000000000        0.0000000000000000     
   0.0000000000000000        0.0000000000000000     
           1   0.0000000000000000        0.0000000000000000     
   2.1036806788013645E-010   1.5034987071850308E-009
   6.0294335765459923E-010  -1.3554893261203476E-011
           2   0.0000000000000000        0.0000000000000000     
   3.2922734303940211E-010   3.5015411419974169E-010
   5.9749422931908497E-010  -1.3310030940128421E-011
           3   0.0000000000000000        0.0000000000000000     
   1.5928026150817299E-010   1.1625416628530215E-010
   5.9472440957053205E-010  -1.3330593778370058E-011
           4   0.0000000000000000        0.0000000000000000     
   7.4523053760795998E-011   5.1423924386572460E-011
   5.9312130063487954E-010  -1.3424064654647687E-011
           5   0.0000000000000000        0.0000000000000000     
   3.0508074843987856E-011   2.7326797021272423E-011
   5.9224639475338506E-010  -1.3551401963601348E-011
           6   0.0000000000000000        0.0000000000000000     
   5.3042085947460412E-012   1.6462751405248741E-011
   5.9190634025829749E-010  -1.3701258198605720E-011
           7   0.0000000000000000        0.0000000000000000     
  -1.0341671357914432E-011   1.0879236193433930E-011
   5.9199859968569959E-010  -1.3869087107237398E-011
           8   0.0000000000000000        0.0000000000000000     
  -2.0685695223531432E-011   7.7269399626679316E-012
   5.9246269103383838E-010  -1.4052716014485493E-011
           9   0.0000000000000000        0.0000000000000000     
  -2.7873531911458891E-011   5.8175504353902918E-012
   5.9326044564933512E-010  -1.4251027835946413E-011
          10   0.0000000000000000        0.0000000000000000     
  -3.3073649887865925E-011   4.5964072496198542E-012
   5.9436672474733001E-010  -1.4463460203515509E-011
          11   0.0000000000000000        0.0000000000000000     
  -3.6963848226132748E-011   3.7811474809407930E-012
   5.9576457794369171E-010  -1.4689780343210134E-011
          12   0.0000000000000000        0.0000000000000000     
  -3.9958264676554406E-011   3.2177720224692145E-012
   5.9744251698263601E-010  -1.4929971309490201E-011
          13   0.0000000000000000        0.0000000000000000     
  -4.2321116902442856E-011   2.8174467976115435E-012
   5.9939288701225277E-010  -1.5184169546463710E-011
          14   0.0000000000000000        0.0000000000000000     
  -4.4227229227710430E-011   2.5264881210502055E-012
   6.0161084718539308E-010  -1.5452628614145739E-011
          15   0.0000000000000000        0.0000000000000000     
  -4.5795929695761933E-011   2.3111568182593155E-012
   6.0409370867544645E-010  -1.5735697359138618E-011
          16   0.0000000000000000        0.0000000000000000     
  -4.7110881223460152E-011   2.1495261241311088E-012
   6.0684049222920745E-010  -1.6033806601629008E-011
          17   0.0000000000000000        0.0000000000000000     
  -4.8232129346510610E-011   2.0269276497660436E-012
   6.0985162601644411E-010  -1.6347461139229924E-011
          18   0.0000000000000000        0.0000000000000000     
  -4.9203665600203123E-011   1.9332978803407492E-012
   6.1312873632767966E-010  -1.6677235249509197E-011
          19   0.0000000000000000        0.0000000000000000     
  -5.0058314458728553E-011   1.8615777173613313E-012
   6.1667450170517213E-010  -1.7023770615955608E-011
          20   0.0000000000000000        0.0000000000000000     
  -5.0820972421404963E-011   1.8067174144810246E-012
   6.2049255172153675E-010  -1.7387776022355580E-011
          21   0.0000000000000000        0.0000000000000000     
  -5.1510804147372518E-011   1.7650410496999848E-012
   6.2458739811180744E-010  -1.7770028409594045E-011
          22   0.0000000000000000        0.0000000000000000     
  -5.2142762031815077E-011   1.7338307729119616E-012
   6.2896439003974632E-010  -1.8171375042282690E-011
          23   0.0000000000000000        0.0000000000000000     
  -5.2728657076576919E-011   1.7110489079927252E-012
   6.3362968792110671E-010  -1.8592736631519084E-011
          24   0.0000000000000000        0.0000000000000000     
  -5.3277926188160435E-011   1.6951485538668263E-012
   6.3859025197116183E-010  -1.9035111325884923E-011
          25   0.0000000000000000        0.0000000000000000     
  -5.3798190303391534E-011   1.6849422062799776E-012
   6.4385384283742911E-010  -1.9499579529448292E-011
          26   0.0000000000000000        0.0000000000000000     
  -5.4295666023720608E-011   1.6795091498949104E-012
   6.4942903250390210E-010  -1.9987309539580926E-011
          27   0.0000000000000000        0.0000000000000000     
  -5.4775473068698637E-011   1.6781292137230039E-012
   6.5532522424440264E-010  -2.0499564024274501E-011
          28   0.0000000000000000        0.0000000000000000     
  -5.5241866619108654E-011   1.6802347415937265E-012
   6.6155268084010066E-010  -2.1037707381230578E-011
          29   0.0000000000000000        0.0000000000000000     
  -5.5698414803206076E-011   1.6853753342502965E-012
   6.6812256060215801E-010  -2.1603214041016722E-011
          30   0.0000000000000000        0.0000000000000000     
  -5.6148135651090808E-011   1.6931916689452790E-012
   6.7504696099997705E-010  -2.2197677795777788E-011
          31   0.0000000000000000        0.0000000000000000     
  -5.6593603764453601E-011   1.7033958526536817E-012
   6.8233896990850370E-010  -2.2822822254390805E-011
          32   0.0000000000000000        0.0000000000000000     
  -5.7037034129386316E-011   1.7157565331207812E-012
   6.9001272466607238E-010  -2.3480512545188736E-011
          33   0.0000000000000000        0.0000000000000000     
  -5.7480348520839693E-011   1.7300875128627554E-012
   6.9808347929796905E-010  -2.4172768409387716E-011
          34   0.0000000000000000        0.0000000000000000     
  -5.7925228520712909E-011   1.7462389684157783E-012
   7.0656768041443297E-010  -2.4901778853076825E-011
          35   0.0000000000000000        0.0000000000000000     
  -5.8373158165314593E-011   1.7640906260893601E-012
   7.1548305244077386E-010  -2.5669918553185938E-011
          36   0.0000000000000000        0.0000000000000000     
  -5.8825458493469581E-011   1.7835464201195267E-012
   7.2484869299395561E-010  -2.6479766244951217E-011
          37   0.0000000000000000        0.0000000000000000     
  -5.9283315725803446E-011   1.8045302837320099E-012
   7.3468517938013795E-010  -2.7334125354910240E-011
          38   0.0000000000000000        0.0000000000000000     
  -5.9747804396181915E-011   1.8269828130616645E-012
   7.4501468736984834E-010  -2.8236047186674344E-011
          39   0.0000000000000000        0.0000000000000000     
  -6.0219906466954801E-011   1.8508586086192903E-012
   7.5586112359995696E-010  -2.9188857016673522E-011
          40   0.0000000000000000        0.0000000000000000     
  -6.0700527220662922E-011   1.8761241467336720E-012
   7.6725027317707125E-010  -3.0196183516315660E-011
          41   0.0000000000000000        0.0000000000000000     
  -6.1190508557715587E-011   1.9027560684334073E-012
   7.7920996430668874E-010  -3.1261991986658834E-011
          42   0.0000000000000000        0.0000000000000000     
  -6.1690640188821517E-011   1.9307397992934535E-012
   7.9177025206600199E-010  -3.2390621974570828E-011
          43   0.0000000000000000        0.0000000000000000     
  -6.2201669119057556E-011   1.9600684336477109E-012
   8.0496362377151199E-010  -3.3586829937698788E-011
          44   0.0000000000000000        0.0000000000000000     
  -6.2724307734603336E-011   1.9907418311002695E-012
   8.1882522878729139E-010  -3.4855837743230883E-011
          45   0.0000000000000000        0.0000000000000000     
  -6.3259240739509184E-011   2.0227658849492492E-012
   8.3339313607662412E-010  -3.6203387926348684E-011
          46   0.0000000000000000        0.0000000000000000     
  -6.3807131153230260E-011   2.0561519303788762E-012
   8.4870862333956441E-010  -3.7635806803679954E-011
          47   0.0000000000000000        0.0000000000000000     
  -6.4368625528432425E-011   2.0909162673941862E-012
   8.6481650221779007E-010  -3.9160076741760361E-011
          48   0.0000000000000000        0.0000000000000000     
  -6.4944358524951376E-011   2.1270797783178058E-012
   8.8176548480070137E-010  -4.0783919128151578E-011
          49   0.0000000000000000        0.0000000000000000     
  -6.5534956949766127E-011   2.1646676239389540E-012
   8.9960859756959687E-010  -4.2515889894523038E-011
          50   0.0000000000000000        0.0000000000000000     
  -6.6141043356491610E-011   2.2037090054965800E-012
   9.1840364998671814E-010  -4.4365489808735433E-011
          51   0.0000000000000000        0.0000000000000000     
  -6.6763239278273225E-011   2.2442369821786712E-012
   9.3821376622802068E-010  -4.6343292204346646E-011
          52   0.0000000000000000        0.0000000000000000     
  -6.7402168155156793E-011   2.2862883358904077E-012
   9.5910799010898389E-010  -4.8461091371612457E-011
          53   0.0000000000000000        0.0000000000000000     
  -6.8058458013829294E-011   2.3299034765237915E-012
   9.8116197512409277E-010  -5.0732075520748845E-011
          54   0.0000000000000000        0.0000000000000000     
  -6.8732743937302746E-011   2.3751263823323961E-012
   1.0044587738052316E-009  -5.3171029082680614E-011
          55   0.0000000000000000        0.0000000000000000     
  -6.9425670369070975E-011   2.4220045709460789E-012
   1.0290897433675775E-009  -5.5794570177664608E-011
          56   0.0000000000000000        0.0000000000000000     
  -7.0137893278034269E-011   2.4705890974012749E-012
   1.0551555880202661E-009  -5.8621430420720292E-011
          57   0.0000000000000000        0.0000000000000000     
  -7.0870082214569028E-011   2.5209345762606354E-012
   1.0827675624909147E-009  -6.1672785919949258E-011
          58   0.0000000000000000        0.0000000000000000     
  -7.1622922279788324E-011   2.5730992252996688E-012
   1.1120488664800208E-009  -6.4972650464835129E-011
          59   0.0000000000000000        0.0000000000000000     
  -7.2397116029533404E-011   2.6271449287875389E-012
   1.1431362661848341E-009  -6.8548344634033564E-011
          60   0.0000000000000000        0.0000000000000000     
  -7.3193385328273622E-011   2.6831373185117373E-012
   1.1761819870367319E-009  -7.2431058058571980E-011
          61   0.0000000000000000        0.0000000000000000     
  -7.4012473170441468E-011   2.7411458710828833E-012
   1.2113559318708103E-009  -7.6656526608892245E-011
          62   0.0000000000000000        0.0000000000000000     
  -7.4855145481180122E-011   2.8012440200596850E-012
   1.2488482914511435E-009  -8.1265852168390415E-011
          63   0.0000000000000000        0.0000000000000000     
  -7.5722192906616263E-011   2.8635092814910318E-012
   1.2888726304334890E-009  -8.6306500379845117E-011
          64   0.0000000000000000        0.0000000000000000     
  -7.6614432606207022E-011   2.9280233914671390E-012
   1.3316695485519933E-009  -9.1833521847922416E-011
          65   0.0000000000000000        0.0000000000000000     
  -7.7532710051377341E-011   2.9948724539200715E-012
   1.3775110710611852E-009  -9.7911056524498091E-011
          66   0.0000000000000000        0.0000000000000000     
  -7.8477900840187575E-011   3.0641470967990166E-012
   1.4267058740451431E-009  -1.0461419716683575E-010
          67   0.0000000000000000        0.0000000000000000     
  -7.9450912529613674E-011   3.1359426339747917E-012
   1.4796056333925016E-009  -1.1203131578582655E-010
          68   0.0000000000000000        0.0000000000000000     
  -8.0452686490299111E-011   3.2103592295518958E-012
   1.5366127074689299E-009  -1.2026698728305103E-010
          69   0.0000000000000000        0.0000000000000000     
  -8.1484199781331245E-011   3.2875020600455769E-012
   1.5981895251081722E-009  -1.2944569298326171E-010
          70   0.0000000000000000        0.0000000000000000     
  -8.2546467043630156E-011   3.3674814681587568E-012
   1.6648701284362781E-009  -1.3971655094134934E-010
          71   0.0000000000000000        0.0000000000000000     
  -8.3640542403510320E-011   3.4504130994192310E-012
   1.7372744666249629E-009  -1.5125941152634645E-010
          72   0.0000000000000000        0.0000000000000000     
  -8.4767521374336714E-011   3.5364180093415349E-012
   1.8161262314125726E-009  -1.6429278755365131E-010
          73   0.0000000000000000        0.0000000000000000     
  -8.5928542734348710E-011   3.6256227235100446E-012
   1.9022752939722157E-009  -1.7908427755411542E-010
          74   0.0000000000000000        0.0000000000000000     
  -8.7124790351320787E-011   3.7181592252271208E-012
   1.9967261776217299E-009  -1.9596441874153314E-010
          75   0.0000000000000000        0.0000000000000000     
  -8.8357494907761414E-011   3.8141648336899446E-012
   2.1006745302008813E-009  -2.1534532067324354E-010
          76   0.0000000000000000        0.0000000000000000     
  -8.9627935458950638E-011   3.9137819180017723E-012
   2.2155543165740508E-009  -2.3774605874594421E-010
          77   0.0000000000000000        0.0000000000000000     
  -9.0937440726945251E-011   4.0171573649110904E-012
   2.3430995476703217E-009  -2.6382777593611288E-010
          78   0.0000000000000000        0.0000000000000000     
  -9.2287389987358500E-011   4.1244416750955744E-012
   2.4854259720418852E-009  -2.9444296622423779E-010
          79   0.0000000000000000        0.0000000000000000     
  -9.3679213337987651E-011   4.2357874934835190E-012
   2.6451405543043505E-009  -3.3070586413595637E-010
          80   0.0000000000000000        0.0000000000000000     
  -9.5114391036415686E-011   4.3513472649811146E-012
   2.8254901923940408E-009  -3.7409489680632432E-010
          81   0.0000000000000000        0.0000000000000000     
  -9.6594451436539027E-011   4.4712695144575414E-012
   3.0305666955701947E-009  -4.2660495969750762E-010
          82   0.0000000000000000        0.0000000000000000     
  -9.8120966807760720E-011   4.5956929154107947E-012
   3.2655937230159006E-009  -4.9097909053966429E-010
          83   0.0000000000000000        0.0000000000000000     
  -9.9695545933999495E-011   4.7247367128416858E-012
   3.5373350768541251E-009  -5.7107027731315109E-010
          84   0.0000000000000000        0.0000000000000000     
  -1.0131982177275131E-010   4.8584849550293851E-012
   3.8546855367268856E-009  -6.7242338526543008E-010
          85   0.0000000000000000        0.0000000000000000     
  -1.0299543147551316E-010   4.9969598470039487E-012
   4.2295400598538307E-009  -8.0324286995041463E-010
          86   0.0000000000000000        0.0000000000000000     
  -1.0472398454686012E-010   5.1400752251186270E-012
   4.6780908774734431E-009  -9.7606435145099471E-010
          87   0.0000000000000000        0.0000000000000000     
  -1.0650701277063525E-010   5.2875520355415525E-012
   5.2227781733354949E-009  -1.2107702766865690E-009
          88   0.0000000000000000        0.0000000000000000     
  -1.0834589339778049E-010   5.4387573682664859E-012
   5.8951951664277368E-009  -1.5403083225483704E-009
          89   0.0000000000000000        0.0000000000000000     
  -1.1024173961050921E-010   5.5923805651174385E-012
   6.7401595361903436E-009  -2.0221685460080167E-009
          90   0.0000000000000000        0.0000000000000000     
  -1.1219528217844279E-010   5.7457397099653970E-012
   7.8200843793624727E-009  -2.7629225905411328E-009
          91   0.0000000000000000        0.0000000000000000     
  -1.1420694316509076E-010   5.8931984787289261E-012
   9.2126826370626488E-009  -3.9742047548547359E-009
          92   0.0000000000000000        0.0000000000000000     
  -1.1627818054772896E-010   6.0223870257105211E-012
   1.0963552041927331E-008  -6.1062880872322417E-009
          93   0.0000000000000000        0.0000000000000000     
  -1.1841977379552845E-010   6.1058574925147669E-012
   1.2793712848073146E-008  -1.0142996567255388E-008
          94   0.0000000000000000        0.0000000000000000     
  -1.2069206346851120E-010   6.0971593780243285E-012
   1.2677868507951493E-008  -1.7740427370388383E-008
          95   0.0000000000000000        0.0000000000000000     
  -1.2328213105889589E-010   6.0583912151610662E-012
   4.1173191310733306E-009  -2.6719617508556991E-008
          96   0.0000000000000000        0.0000000000000000     
  -1.2611170428313342E-010   6.3679451137566624E-012
  -1.0004083134047798E-008  -2.3725386887875933E-008
          97   0.0000000000000000        0.0000000000000000     
  -1.2874844456348342E-010   6.8755465965682160E-012
  -1.4284766134691452E-008  -1.4085228741281385E-008
          98   0.0000000000000000        0.0000000000000000     
  -1.3131849334875731E-010   7.2921441505400940E-012
  -1.3052338593298939E-008  -8.0315822883050537E-009
          99   0.0000000000000000        0.0000000000000000     
  -1.3396129170389927E-010   7.6365592098838308E-012
  -1.1097933849755961E-008  -4.9183242065364893E-009
         100   0.0000000000000000        0.0000000000000000     
  -1.3670980417784040E-010   7.9518208483486389E-012
  -9.4433138173454312E-009  -3.2448375381976979E-009
         101   0.0000000000000000        0.0000000000000000     
  -1.3957022919253809E-010   8.2594106287548981E-012
  -8.1573472535328128E-009  -2.2729001401618839E-009
         102   0.0000000000000000        0.0000000000000000     
  -1.4254482492131674E-010   8.5694272367105904E-012
  -7.1623093280029622E-009  -1.6674917582546975E-009
         103   0.0000000000000000        0.0000000000000000     
  -1.4563608446093579E-010   8.8870583759084125E-012
  -6.3812369513434907E-009  -1.2680748268029537E-009
         104   0.0000000000000000        0.0000000000000000     
  -1.4884728467241907E-010   9.2153133016991539E-012
  -5.7569291329040226E-009  -9.9200137005900919E-010
         105   0.0000000000000000        0.0000000000000000     
  -1.5218240929768989E-010   9.5561731112963418E-012
  -5.2490953900749859E-009  -7.9379904854813982E-010
         106   0.0000000000000000        0.0000000000000000     
  -1.5564601514445785E-010   9.9111029772746131E-012
  -4.8294218194834777E-009  -6.4697260947721848E-010
         107   0.0000000000000000        0.0000000000000000     
  -1.5924312731904939E-010   1.0281293991733942E-011
  -4.4777476679611015E-009  -5.3531368369436092E-010
         108   0.0000000000000000        0.0000000000000000     
  -1.6297916659164999E-010   1.0667782278353935E-011
  -4.1794605470311745E-009  -4.4848802330628861E-010
         109   0.0000000000000000        0.0000000000000000     
  -1.6685989852119920E-010   1.1071507997087492E-011
  -3.9237720071910055E-009  -3.7966948896728837E-010
         110   0.0000000000000000        0.0000000000000000     
  -1.7089139485106458E-010   1.1493342205843310E-011
  -3.7025742607155504E-009  -3.2420972620841422E-010
         111   0.0000000000000000        0.0000000000000000     
  -1.7508000005730695E-010   1.1934094464660265E-011
  -3.5096727956138256E-009  -2.7885852770625683E-010
         112   0.0000000000000000        0.0000000000000000     
  -1.7943229763104846E-010   1.2394507017788194E-011
  -3.3402628582164829E-009  -2.4129005603264740E-010
         113   0.0000000000000000        0.0000000000000000     
  -1.8395507156940516E-010   1.2875237785751385E-011
  -3.1905660766594063E-009  -2.0980560626493818E-010
         114   0.0000000000000000        0.0000000000000000     
  -1.8865525878479995E-010   1.3376832306370207E-011
  -3.0575738947072115E-009  -1.8314179175071030E-010
         115   0.0000000000000000        0.0000000000000000     
  -1.9353988787142560E-010   1.3899683301818712E-011
  -2.9388634400387881E-009  -1.6034361715737680E-010
         116   0.0000000000000000        0.0000000000000000     
  -1.9861599894848402E-010   1.4443975273771335E-011
  -2.8324633346793075E-009  -1.4067858240380641E-010
         117   0.0000000000000000        0.0000000000000000     
  -2.0389053812048529E-010   1.5009610173443935E-011
  -2.7367544936379478E-009  -1.2357736864008506E-010
         118   0.0000000000000000        0.0000000000000000     
  -2.0937021839765421E-010   1.5596108552440174E-011
  -2.6503958093584565E-009  -1.0859212609824668E-010
         119   0.0000000000000000        0.0000000000000000     
  -2.1506133656845749E-010   1.6202478462953348E-011
  -2.5722677903767701E-009  -9.5366650468921355E-011
         120   0.0000000000000000        0.0000000000000000     
  -2.2096953231899326E-010   1.6827041483334992E-011
  -2.5014293271315327E-009  -8.3614734849392159E-011
         121   0.0000000000000000        0.0000000000000000     
  -2.2709947155375020E-010   1.7467201241439327E-011
  -2.4370841759910766E-009  -7.3104237116424929E-011
         122   0.0000000000000000        0.0000000000000000     
  -2.3345442997319443E-010   1.8119134180086582E-011
  -2.3785547220509308E-009  -6.3645203498301910E-011
         123   0.0000000000000000        0.0000000000000000     
  -2.4003574491566542E-010   1.8777374296429241E-011
  -2.3252612532542930E-009  -5.5080910902996957E-011
         124   0.0000000000000000        0.0000000000000000     
  -2.4684209241245215E-010   1.9434252038700970E-011
  -2.2767054503226090E-009  -4.7281036437884938E-011
         125   0.0000000000000000        0.0000000000000000     
  -2.5386853112114022E-010   2.0079130694997321E-011
  -2.2324571325085528E-009  -4.0136395521787388E-011
         126   0.0000000000000000        0.0000000000000000     
  -2.6110523351448620E-010   2.0697358704134808E-011
  -2.1921435405486138E-009  -3.3554849235181443E-011
         127   0.0000000000000000        0.0000000000000000     
  -2.6853579482977923E-010   2.1268818992285763E-011
  -2.1554406137597904E-009  -2.7458091890200984E-011
         128   0.0000000000000000        0.0000000000000000     
  -2.7613496806509749E-010   2.1765899653340588E-011
  -2.1220658472436082E-009  -2.1779107196810081E-011
         129   0.0000000000000000        0.0000000000000000     
  -2.8386561320207846E-010   2.2150622486584106E-011
  -2.0917724109888509E-009  -1.6460136287420003E-011
         130   0.0000000000000000        0.0000000000000000     
  -2.9167456275645845E-010   2.2370527728998468E-011
  -2.0643442795045506E-009  -1.1451040284954175E-011
         131   0.0000000000000000        0.0000000000000000     
  -2.9948698198265795E-010   2.2352691664844803E-011
  -2.0395922099700500E-009  -6.7079672362282891E-012
         132   0.0000000000000000        0.0000000000000000     
  -3.0719862395328949E-010   2.1994890717608270E-011
  -2.0173503437569416E-009  -2.1922567981562269E-012
         133   0.0000000000000000        0.0000000000000000     
  -3.1466512508947195E-010   2.1152317176883225E-011
  -1.9974734129104745E-009   2.1304751866108399E-012
         134   0.0000000000000000        0.0000000000000000     
  -3.2168712962706799E-010   1.9617206344646203E-011
  -1.9798343841018359E-009   6.2911152506895787E-012
         135   0.0000000000000000        0.0000000000000000     
  -3.2798955464571917E-010   1.7086889462060046E-011
  -1.9643225024057990E-009   1.0317735747157817E-011
         136   0.0000000000000000        0.0000000000000000     
  -3.3319274646971160E-010   1.3112431621213296E-011
  -1.9508416428624590E-009   1.4236223318188236E-011
         137   0.0000000000000000        0.0000000000000000     
  -3.3677287016277723E-010   7.0137177185875424E-012
  -1.9393090029785418E-009   1.8070904689845674E-011
         138   0.0000000000000000        0.0000000000000000     
  -3.3800951761768430E-010  -2.2653660139324076E-012
  -1.9296539986086349E-009   2.1845238791271204E-011
