   262144.00000000000     
         256           1           3
   1.7567330116226543E-005   20.860845378598000        104.28469363400001     
   6.0401400154609997        12.000000000000000        1200.0000000000000     
           0   0.0000000000000000        0.0000000000000000     
   0.0000000000000000        0.0000000000000000     
   0.0000000000000000        0.0000000000000000     
           1  -4.1325534075388993E-010   6.6669082433754489E-011
   6.7334361916010497E-011  -3.6497758859474744E-012
  -2.8739644339434156E-009   2.0700108889830826E-010
           2  -5.8840791896385710E-010   2.6018061021628716E-010
   6.5901030838527786E-011  -3.6754078781337131E-012
  -3.3214820577985805E-009   7.1584852398558045E-010
           3  -7.9540758331172348E-010   9.7488126666603626E-010
   6.5210894690876485E-011  -3.7664825259622071E-012
  -3.8589560835141581E-009   2.5958218050464829E-009
           4   7.4474869962075789E-010   1.6360913765171683E-009
   6.4737295967452566E-011  -3.8668172760322276E-012
   1.9660480988097008E-010   4.3353384042085055E-009
           5   1.0308733893053230E-009   5.1745213984088398E-010
   6.4581287976622059E-011  -3.8438958663321673E-012
   9.5209836110064134E-010   1.3930709503946236E-009
           6   8.0308179896301127E-010   1.9945032333824096E-010
   6.4633865637635486E-011  -3.8881431848130640E-012
   3.5456272500155888E-010   5.5679229079720727E-010
           7   6.6777880205753172E-010   9.8560380868353030E-011
   6.4821601136598528E-011  -3.9553413460330598E-012
  -6.0814463028722833E-013   2.9164363728890486E-010
           8   5.8859306611804320E-010   5.5969845839956898E-011
   6.5130786108312038E-011  -4.0332915335733455E-012
  -2.0892200274264544E-010   1.7987668040066561E-010
           9   5.3867653779794092E-010   3.4391710312713888E-011
   6.5553316658795550E-011  -4.1190600253212179E-012
  -3.4090159845844499E-010   1.2340652888291217E-010
          10   5.0517976976202853E-010   2.2063121029303579E-011
   6.6083758197491779E-011  -4.2117455228356282E-012
  -4.3028119488460586E-010   9.1289340749611682E-011
          11   4.8161141957747994E-010   1.4397816614972295E-011
   6.6718563666794164E-011  -4.3110691474253123E-012
  -4.9409065740230085E-010   7.1459782133899443E-011
          12   4.6442725370144048E-010   9.3227210414628711E-012
   6.7455570613561007E-011  -4.4170031060996844E-012
  -5.4162067687569681E-010   5.8463874878097132E-011
          13   4.5155684314121297E-010   5.7942715372758803E-012
   6.8293661234524487E-011  -4.5296464179320419E-012
  -5.7829405140905009E-010   4.9556086251557260E-011
          14   4.4172167581446480E-010   3.2424943996982410E-012
   6.9232533826412237E-011  -4.6491754626918526E-012
  -6.0745678824055236E-010   4.3236887274014361E-011
          15   4.3409550927487288E-010   1.3355319485678868E-012
   7.0272548679140490E-011  -4.7758217932433258E-012
  -6.3126986942375370E-010   3.8633284463375628E-011
          16   4.2812388808325184E-010  -1.3003429721530738E-013
   7.1414623621968013E-011  -4.9098614491704783E-012
  -6.5118289041391195E-010   3.5210277077471357E-011
          17   4.2342281108359691E-010  -1.2842839736404220E-012
   7.2660163162402265E-011  -5.0516097498051456E-012
  -6.6819984335501741E-010   3.2625889982165321E-011
          18   4.1971911726222334E-010  -2.2134018060764369E-012
   7.4011010859137068E-011  -5.2014189918381989E-012
  -6.8303538661367228E-010   3.0653703818884428E-011
          19   4.1681398823372038E-010  -2.9762397851389177E-012
   7.5469418197752375E-011  -5.3596778479111488E-012
  -6.9621045857791729E-010   2.9139276091771254E-011
          20   4.1455982333476100E-010  -3.6140459627428668E-012
   7.7038025537617952E-011  -5.5268118633830365E-012
  -7.0811282017115225E-010   2.7974541226444989E-011
          21   4.1284514447562354E-010  -4.1563952827274551E-012
   7.8719852181258142E-011  -5.7032847348166239E-012
  -7.1903654963612838E-010   2.7082203845178435E-011
          22   4.1158448209098204E-010  -4.6249232093020784E-012
   8.0518293584024823E-011  -5.8896002004070039E-012
  -7.2920848844659855E-010   2.6405913723728069E-011
          23   4.1071144068330162E-010  -5.0357431985497710E-012
   8.2437124370384733E-011  -6.0863044533130217E-012
  -7.3880636308776232E-010   2.5903904350958459E-011
          24   4.1017384614850472E-010  -5.4010513239285077E-012
   8.4480506262974956E-011  -6.2939890361920216E-012
  -7.4797146063523371E-010   2.5544770797129025E-011
          25   4.0993028720750758E-010  -5.7302151546307475E-012
   8.6653000342646869E-011  -6.5132942054945670E-012
  -7.5681766007134071E-010   2.5304605141150780E-011
          26   4.0994760958191182E-010  -6.0305274221826114E-012
   8.8959583278129381E-011  -6.7449127745999965E-012
  -7.6543797531155920E-010   2.5165014398011903E-011
          27   4.1019907330002106E-010  -6.3077370613209234E-012
   9.1405667332531437E-011  -6.9895944606836734E-012
  -7.7390936809490157E-010   2.5111724676808200E-011
          28   4.1066297925069291E-010  -6.5664294914818928E-012
   9.3997124080600950E-011  -7.2481507730240146E-012
  -7.8229633805572294E-010   2.5133582448525961E-011
          29   4.1132163287979002E-010  -6.8103029863954314E-012
   9.6740311878423390E-011  -7.5214604925649630E-012
  -7.9065363547680026E-010   2.5221829639712910E-011
          30   4.1216055347285434E-010  -7.0423722613669481E-012
   9.9642107210947677E-011  -7.8104758037264859E-012
  -7.9902833607524888E-010   2.5369570633240156E-011
          31   4.1316786463097584E-010  -7.2651203267684865E-012
   1.0270994012843579E-010  -8.1162291519979574E-012
  -8.0746144610247257E-010   2.5571375790287566E-011
          32   4.1433382001669479E-010  -7.4806130691843828E-012
   1.0595183405376884E-010  -8.4398409135488895E-012
  -8.1598915773600674E-010   2.5822983446168861E-011
          33   4.1565043118438797E-010  -7.6905866437556159E-012
   1.0937645031922853E-010  -8.7825279778006483E-012
  -8.2464384146323008E-010   2.6121073858662927E-011
          34   4.1711117325298631E-010  -7.8965148042451630E-012
   1.1299313786980821E-010  -9.1456133605503443E-012
  -8.3345483879537171E-010   2.6463096373536220E-011
          35   4.1871075048748434E-010  -8.0996612719875800E-012
   1.1681198864805847E-010  -9.5305369838825697E-012
  -8.4244910220329032E-010   2.6847136407423737E-011
          36   4.2044490842078648E-010  -8.3011208374038865E-012
   1.2084389927040309E-010  -9.9388677815812622E-012
  -8.5165171725505383E-010   2.7271812556653454E-011
          37   4.2231028242459285E-010  -8.5018518988728396E-012
   1.2510063970077940E-010  -1.0372317314144744E-011
  -8.6108633342457226E-010   2.7736196748993382E-011
          38   4.2430427505764347E-010  -8.7027024393257615E-012
   1.2959492974228664E-010  -1.0832755107883868E-011
  -8.7077552374602220E-010   2.8239752214425416E-011
          39   4.2642495632957513E-010  -8.9044309344568191E-012
   1.3434052429585463E-010  -1.1322225968162768E-011
  -8.8074108879365789E-010   2.8782285389687996E-011
          40   4.2867098232339695E-010  -9.1077233186640871E-012
   1.3935230848301664E-010  -1.1842969558992802E-011
  -8.9100431711239586E-010   2.9363908846460076E-011
          41   4.3104152865361459E-010  -9.3132068646393272E-012
   1.4464640390214358E-010  -1.2397442591295502E-011
  -9.0158621155434026E-010   2.9985013050856700E-011
          42   4.3353623599637566E-010  -9.5214616324779965E-012
   1.5024028748779190E-010  -1.2988344021890618E-011
  -9.1250768903434670E-010   3.0646245296246409E-011
          43   4.3615516550779557E-010  -9.7330299952925969E-012
   1.5615292467641661E-010  -1.3618643736649482E-011
  -9.2378975976043261E-010   3.1348494552605721E-011
          44   4.3889876240874401E-010  -9.9484246358749156E-012
   1.6240491885865668E-010  -1.4291615277151412E-011
  -9.3545369083389691E-010   3.2092881281331989E-011
          45   4.4176782636438251E-010  -1.0168135323733754E-011
   1.6901867942201033E-010  -1.5010873273404798E-011
  -9.4752115824380400E-010   3.2880751499438866E-011
          46   4.4476348755939627E-010  -1.0392634717338268E-011
   1.7601861107498879E-010  -1.5780416370395232E-011
  -9.6001439064914549E-010   3.3713674560544713E-011
          47   4.4788718759072132E-010  -1.0622383386149650E-011
   1.8343132759924009E-010  -1.6604676587669956E-011
  -9.7295630781030053E-010   3.4593444265743835E-011
          48   4.5114066447194415E-010  -1.0857834208878884E-011
   1.9128589372615634E-010  -1.7488576236427833E-011
  -9.8637065616652494E-010   3.5522083034986267E-011
          49   4.5452594117808928E-010  -1.1099436274515108E-011
   1.9961409948643454E-010  -1.8437593744582628E-011
  -1.0002821437875974E-009   3.6501848967092517E-011
          50   4.5804531727633937E-010  -1.1347638389400089E-011
   2.0845077216919837E-010  -1.9457840018260342E-011
  -1.0147165766989191E-009   3.7535245698667482E-011
          51   4.6170136327599177E-010  -1.1602892275708933E-011
   2.1783413198073103E-010  -2.0556147311662132E-011
  -1.0297009984730721E-009   3.8625035045208138E-011
          52   4.6549691740067155E-010  -1.1865655532385129E-011
   2.2780619863950595E-010  -2.1740173002004165E-011
  -1.0452638348994833E-009   3.9774252473124189E-011
          53   4.6943508455470521E-010  -1.2136394418803144E-011
   2.3841325755168751E-010  -2.3018521196556125E-011
  -1.0614350455053680E-009   4.0986225513446694E-011
          54   4.7351923730295245E-010  -1.2415586512771036E-011
   2.4970639592271990E-010  -2.4400885761992975E-011
  -1.0782462837162554E-009   4.2264595288425906E-011
          55   4.7775301872360111E-010  -1.2703723287986863E-011
   2.6174212126583403E-010  -2.5898219200803414E-011
  -1.0957310675181094E-009   4.3613341384324115E-011
          56   4.8214034703742861E-010  -1.3001312651495858E-011
   2.7458307736641199E-010  -2.7522932855943574E-011
  -1.1139249625652054E-009   4.5036810367789711E-011
          57   4.8668542194442107E-010  -1.3308881477777446E-011
   2.8829887598169514E-010  -2.9289135268722490E-011
  -1.1328657798154732E-009   4.6539748312864050E-011
          58   4.9139273262916903E-010  -1.3626978174344526E-011
   3.0296706656676336E-010  -3.1212917235227049E-011
  -1.1525937899681328E-009   4.8127337782571396E-011
          59   4.9626706742604364E-010  -1.3956175312316201E-011
   3.1867427135220646E-010  -3.3312694323417393E-011
  -1.1731519571875697E-009   4.9805239795044173E-011
          60   5.0131352515694841E-010  -1.4297072355471132E-011
   3.3551751943140578E-010  -3.5609620486370659E-011
  -1.1945861948841823E-009   5.1579641402425556E-011
          61   5.0653752818190897E-010  -1.4650298522335586E-011
   3.5360582156127029E-010  -3.8128090161414291E-011
  -1.2169456466478740E-009   5.3457309623968941E-011
          62   5.1194483722498383E-010  -1.5016515817968827E-011
   3.7306203762374025E-010  -4.0896351180830790E-011
  -1.2402829958359026E-009   5.5445652606858417E-011
          63   5.1754156806958091E-010  -1.5396422275785224E-011
   3.9402510187108531E-010  -4.3947257366214487E-011
  -1.2646548077647546E-009   5.7552789042122187E-011
          64   5.2333421023651558E-010  -1.5790755454712703E-011
   4.1665268810490083E-010  -4.7319198427216149E-011
  -1.2901219090415217E-009   5.9787627045947416E-011
          65   5.2932964780089191E-010  -1.6200296244517264E-011
   4.4112441912101070E-010  -5.1057256581809441E-011
  -1.3167498091978400E-009   6.2159953931952279E-011
          66   5.3553518252562511E-010  -1.6625873041511633E-011
   4.6764575388040292E-010  -5.5214655369195944E-011
  -1.3446091705901909E-009   6.4680538557997472E-011
          67   5.4195855954747239E-010  -1.7068366371009959E-011
   4.9645272441401152E-010  -5.9854588187881841E-011
  -1.3737763334226792E-009   6.7361248237653162E-011
          68   5.4860799584878460E-010  -1.7528714050520428E-011
   5.2781777838428773E-010  -6.5052545011261017E-011
  -1.4043339038634271E-009   7.0215182577423135E-011
          69   5.5549221208789406E-010  -1.8007917015790203E-011
   5.6205682552143071E-010  -7.0899296789853612E-011
  -1.4363714145414771E-009   7.3256827045387553E-011
          70   5.6262046763180795E-010  -1.8507045960492642E-011
   5.9953836154466499E-010  -7.7504764096015973E-011
  -1.4699860681134546E-009   7.6502229614214416E-011
          71   5.7000260007672255E-010  -1.9027249002191705E-011
   6.4069453807805158E-010  -8.5003074762716238E-011
  -1.5052835766675910E-009   7.9969204477928701E-011
          72   5.7764906933123405E-010  -1.9569760648192820E-011
   6.8603536195046050E-010  -9.3559253544179261E-011
  -1.5423791117001725E-009   8.3677567635109998E-011
          73   5.8557100731850651E-010  -2.0135912447407020E-011
   7.3616678013773020E-010  -1.0337817121576325E-010
  -1.5813983821626693E-009   8.7649410103400961E-011
          74   5.9378027432493870E-010  -2.0727145869430564E-011
   7.9181399431929921E-010  -1.1471666888561497E-010
  -1.6224788612153672E-009   9.1909415719321573E-011
          75   6.0228952338929380E-010  -2.1345028190658923E-011
   8.5385183706074463E-010  -1.2790021160663998E-010
  -1.6657711861700750E-009   9.6485231936110232E-011
          76   6.1111227459746245E-010  -2.1991272536489080E-011
   9.2334480274585501E-010  -1.4334610987273722E-010
  -1.7114407607409986E-009   1.0140790382281944E-010
          77   6.2026300182167723E-010  -2.2667763812768844E-011
   1.0016004556651504E-009  -1.6159643801723616E-010
  -1.7596695943413338E-009   1.0671238366320791E-010
          78   6.2975723544083597E-010  -2.3376593207278174E-011
   1.0902416389378017E-009  -1.8336555521081433E-010
  -1.8106584200458568E-009   1.1243813124184956E-010
          79   6.3961168606406124E-010  -2.4120105517975141E-011
   1.1913055112165560E-009  -2.0961010201990722E-010
  -1.8646291411896477E-009   1.1862982316437474E-010
          80   6.4984439657335443E-010  -2.4900966263526180E-011
   1.3073814845368074E-009  -2.4163443820451484E-010
  -1.9218276667665447E-009   1.2533819345393673E-010
          81   6.6047493336239896E-010  -2.5722260296629949E-011
   1.4418065203744426E-009  -2.8125349606810952E-010
  -1.9825272082494066E-009   1.3262103216837466E-010
          82   6.7152463328881254E-010  -2.6587642347532123E-011
   1.5989464384323877E-009  -3.3105150348842581E-010
  -2.0470321256236809E-009   1.4054437363792719E-010
          83   6.8301693189716247E-010  -2.7501576454268981E-011
   1.7846082916159275E-009  -3.9480632915029794E-010
  -2.1156824288236980E-009   1.4918391028457308E-010
          84   6.9497781285615103E-010  -2.8469733968684019E-011
   2.0066550545638953E-009  -4.7821119090591774E-010
  -2.1888590630570811E-009   1.5862666957146518E-010
          85   7.0743644070833260E-010  -2.9499687798094366E-011
   2.2759340500534057E-009  -5.9015414904679506E-010
  -2.2669901335532178E-009   1.6897298452908320E-010
          86   7.2042606884327221E-010  -3.0602189338910256E-011
   2.6076837728935558E-009  -7.4509733235282006E-010
  -2.3505582597127044E-009   1.8033875727075053E-010
          87   7.3398533402911358E-010  -3.1793659798864204E-011
   3.0236141130233062E-009  -9.6775044445389403E-010
  -2.4401093006294281E-009   1.9285791955787246E-010
          88   7.4815994714405503E-010  -3.3101379490307219E-011
   3.5546481791421257E-009  -1.3028413097185763E-009
  -2.5362628096168301E-009   2.0668472388978722E-010
          89   7.6300418898465514E-010  -3.4575086440901696E-011
   4.2427793126981020E-009  -1.8369794545227246E-009
  -2.6397250072897860E-009   2.2199473985501635E-010
          90   7.7857586221057585E-010  -3.6314623679627755E-011
   5.1320571412103135E-009  -2.7507749108425986E-009
  -2.7513066030758651E-009   2.3898133047874739E-010
          91   7.9489864067916425E-010  -3.8536812273550301E-011
   6.1936385692426237E-009  -4.4444940030975336E-009
  -2.8719574691688760E-009   2.5783960516546126E-010
          92   8.1173747044278433E-010  -4.1691706968703476E-011
   6.9002516025453842E-009  -7.7541778034403830E-009
  -3.0028739993438981E-009   2.7873512848762911E-010
          93   8.2774525086123936E-010  -4.6057242778461954E-011
   4.6185911464003360E-009  -1.3171983551971253E-008
  -3.1458431276959311E-009   3.0197004393502904E-010
          94   8.4147403859806638E-010  -4.8633449866974415E-011
  -3.4317336048804177E-009  -1.4991750433324701E-008
  -3.3028984681522181E-009   3.2914323912548658E-010
          95   8.5768127439418695E-010  -4.7555495803423196E-011
  -8.3293311834894479E-009  -9.7484041478926131E-009
  -3.4740577664296561E-009   3.6152884826226428E-010
          96   8.7741463072851039E-010  -4.7031664123346409E-011
  -8.2698236053248716E-009  -5.3954070404257256E-009
  -3.6610544956666072E-009   3.9831907163252445E-010
          97   8.9867824759249331E-010  -4.7732692749497286E-011
  -7.1577402745713672E-009  -3.1501883471364891E-009
  -3.8671424389955737E-009   4.4020894415769235E-010
          98   9.2093324341958192E-010  -4.9134165271616073E-011
  -6.1390337536412660E-009  -1.9913654787630325E-009
  -4.0955473597460202E-009   4.8858005616100012E-010
          99   9.4418714976742488E-010  -5.0945287004575151E-011
  -5.3466416286759296E-009  -1.3442725694925148E-009
  -4.3499428926708266E-009   5.4506160335888389E-010
         100   9.6855068804749486E-010  -5.3045802334566466E-011
  -4.7419510914986609E-009  -9.5381625210038773E-010
  -4.6347951557981348E-009   6.1167542632705867E-010
         101   9.9415311816118243E-010  -5.5391119900464894E-011
  -4.2753211529823443E-009  -7.0253255758274176E-010
  -4.9556370276169004E-009   6.9104512414399184E-010
         102   1.0211335888155903E-009  -5.7971952033785265E-011
  -3.9089105329393429E-009  -5.3215328034147877E-010
  -5.3194050969575921E-009   7.8666715164681285E-010
         103   1.0496451058150357E-009  -6.0798944021655392E-011
  -3.6162016025095486E-009  -4.1161417463674164E-010
  -5.7349003894654308E-009   9.0330237295875214E-010
         104   1.0798618031494643E-009  -6.3897826169567456E-011
  -3.3787776443635159E-009  -3.2328469973795507E-010
  -6.2134364728296804E-009   1.0475737314104236E-009
         105   1.1119883111868163E-009  -6.7310030539876865E-011
  -3.1836929405075002E-009  -2.5661392124499610E-010
  -6.7697662440054564E-009   1.2289121640932131E-009
         106   1.1462723764988979E-009  -7.1097767426648569E-011
  -3.0216804984900418E-009  -2.0499815749886524E-010
  -7.4234266449626513E-009   1.4611049254061657E-009
         107   1.1830229916182300E-009  -7.5355019384854297E-011
  -2.8859776588330698E-009  -1.6414358039117734E-010
  -8.2007132458428290E-009   1.7649234068033719E-009
         108   1.2226377363828288E-009  -8.0228910458154579E-011
  -2.7715572382272167E-009  -1.3116547066823551E-010
  -9.1375947723596262E-009   2.1727680318681819E-009
         109   1.2656453808410135E-009  -8.5961751161846730E-011
  -2.6746178869140997E-009  -1.0407033297474180E-010
  -1.0283962441676201E-008   2.7372657903813427E-009
         110   1.3127731953828972E-009  -9.2977662084997867E-011
  -2.5922404431151258E-009  -8.1446617877249046E-011
  -1.1709455770872513E-008   3.5480353068217819E-009
         111   1.3650504524887475E-009  -1.0207222478175145E-010
  -2.5221519566864299E-009  -6.2274135207812596E-011
  -1.3509673521830908E-008   4.7663178212433918E-009
         112   1.4239424490127760E-009  -1.1485707553944433E-010
  -2.4625609367253457E-009  -4.5804130028914744E-011
  -1.5804156500037609E-008   6.7008717327227997E-009
         113   1.4913669262175015E-009  -1.3487134102064983E-010
  -2.4120417144146243E-009  -3.1484321271744461E-011
  -1.8682107434731020E-008   9.9818293429900238E-009
         114   1.5685670628524645E-009  -1.7040299079432617E-010
  -2.3694588435114719E-009  -1.8916192724367142E-011
  -2.1882879624401814E-008   1.5943044911886793E-008
         115   1.6481004702829296E-009  -2.3988098581089161E-010
  -2.3339481742958584E-009  -7.8306124859596270E-012
  -2.3272283584359367E-008   2.7055510717546564E-008
         116   1.6818223861534333E-009  -3.5981641123114992E-010
  -2.3049947216418678E-009   2.0370024449901012E-012
  -1.4462142758859208E-008   4.3419887707077179E-008
         117   1.6053472007213325E-009  -4.3817102311719177E-010
  -2.2821367850946685E-009   1.1400255602730817E-011
   9.9588397847131897E-009   4.7380734980418224E-008
         118   1.5530800427053756E-009  -3.8591925081178556E-010
  -2.2641511238404390E-009   2.0633476141882343E-011
   2.4562099029004903E-008   3.1846922897433865E-008
         119   1.5917969290865854E-009  -3.2034897796758347E-010
  -2.2505007016718725E-009   2.9267278173905785E-011
   2.4953471903113830E-008   1.8457749366436559E-008
         120   1.6677270859418842E-009  -2.8448738897575609E-010
  -2.2411492235024396E-009   3.7309960202276409E-011
   2.1772105691412099E-008   1.1141338197144586E-008
         121   1.7554456408967349E-009  -2.6981477604961087E-010
  -2.2359246145910819E-009   4.4938672613855312E-011
   1.8627704166646369E-008   7.2195462217184645E-009
         122   1.8490595077848408E-009  -2.6769131602491178E-010
  -2.2346223732869993E-009   5.2289360244734083E-011
   1.6089514721316252E-008   4.9777143899355238E-009
         123   1.9480863404736265E-009  -2.7358661739430432E-010
  -2.2370665508638869E-009   5.9461697158818042E-011
   1.4105282148176308E-008   3.6045826747718681E-009
         124   2.0534140044914458E-009  -2.8533577998744380E-010
  -2.2431192896539547E-009   6.6535231356912657E-011
   1.2545307275860750E-008   2.7122194094758525E-009
         125   2.1663203762031331E-009  -3.0199077508420409E-010
  -2.2526790164671074E-009   7.3578028794796910E-011
   1.1300137559603944E-008   2.1034433749988446E-009
         126   2.2882640241706019E-009  -3.2327490729531085E-010
  -2.2656771643300814E-009   8.0651213048731158E-011
   1.0289461833647181E-008   1.6713545312139171E-009
         127   2.4208759399878497E-009  -3.4933844557927014E-010
  -2.2820753252048680E-009   8.7811661741817009E-011
   9.4559496534072464E-009   1.3545474154824351E-009
         128   2.5660105235972535E-009  -3.8065968869865596E-010
  -2.3018631064031740E-009   9.5113842196968018E-011
   8.7585257295540485E-009   1.1159518703995935E-009
         129   2.7258217837224109E-009  -4.1802397153208674E-010
  -2.3250566535227319E-009   1.0261121553821586E-010
   8.1673446740994086E-009   9.3222523516207608E-010
         130   2.9028602632405925E-009  -4.6255420155615583E-010
  -2.3516977634177333E-009   1.1035741449769673E-010
   7.6603370364871621E-009   7.8813835327214837E-010
         131   3.1001959464933085E-009  -5.1578686010583280E-010
  -2.3818535246938748E-009   1.1840730597655038E-010
   7.2208773404821517E-009   6.7345983705094724E-010
         132   3.3215774785215068E-009  -5.7980033087395408E-010
  -2.4156164821714819E-009   1.2681800797517636E-010
   6.8362018159618327E-009   5.8115523908966249E-010
         133   3.5716428794854125E-009  -6.5741464784345137E-010
  -2.4531050420643982E-009   1.3564990739702397E-010
   6.4963185739188378E-009   5.0631151056224168E-010
         134   3.8562032980273184E-009  -7.5249811820910945E-010
  -2.4944649017179818E-009   1.4496772968762606E-010
   6.1932408565314631E-009   4.4548037071603265E-010
         135   4.1826302221318275E-009  -8.7044262013903731E-010
  -2.5398702057734397E-009   1.5484168183014178E-010
   5.9204324338747144E-009   3.9627669445244331E-010
         136   4.5603885070255689E-009  -1.0189155861413479E-009
  -2.5895257697353082E-009   1.6534872336313823E-010
   5.6723912534968515E-009   3.5714437548675657E-010
         137   5.0017715317782954E-009  -1.2090818885677197E-009
  -2.6436696301765961E-009   1.7657399609677491E-010
   5.4443204305319629E-009   3.2724754030846385E-010
         138   5.5229037969968356E-009  -1.4576523688796023E-009
  -2.7025762484273729E-009   1.8861245985163449E-010
   5.2318500265691268E-009   3.0647843574065459E-010
