   262144.00000000000     
         256           1           3
   1.7567330116226543E-005   32.267967713312999        143.27462188630000     
   6.0401400154609997        12.000000000000000        1200.0000000000000     
           0   0.0000000000000000        0.0000000000000000     
   0.0000000000000000        0.0000000000000000     
   0.0000000000000000        0.0000000000000000     
           1   0.0000000000000000        0.0000000000000000     
   5.8763768061360512E-010   2.8583170761644887E-009
  -5.8499897112614931E-011  -1.5571543314637654E-009
           2   0.0000000000000000        0.0000000000000000     
   8.1225058457814232E-010   6.6252464401664698E-010
  -1.8273818869620036E-010  -3.6533995812066134E-010
           3   0.0000000000000000        0.0000000000000000     
   4.8783780357365068E-010   2.1719002799192394E-010
  -7.8348520384962052E-012  -1.2366380905377360E-010
           4   0.0000000000000000        0.0000000000000000     
   3.2598527255086242E-010   9.3726200226570624E-011
   7.9358865209950985E-011  -5.6708086391266715E-011
           5   0.0000000000000000        0.0000000000000000     
   2.4193257323869896E-010   4.7803872090295816E-011
   1.2465546566883800E-010  -3.1851538381768527E-011
           6   0.0000000000000000        0.0000000000000000     
   1.9386484324453718E-010   2.7068948555801398E-011
   1.5066562232277081E-010  -2.0675253831659107E-011
           7   0.0000000000000000        0.0000000000000000     
   1.6413317696479266E-010   1.6381880165912135E-011
   1.6692372858698891E-010  -1.4960647656820770E-011
           8   0.0000000000000000        0.0000000000000000     
   1.4461556814211523E-010   1.0318492890858747E-011
   1.7781186662728485E-010  -1.1762970510712387E-011
           9   0.0000000000000000        0.0000000000000000     
   1.3121507845795813E-010   6.6166783284726527E-012
   1.8553727855199236E-010  -9.8540733759603488E-012
          10   0.0000000000000000        0.0000000000000000     
   1.2169932900700348E-010   4.2205717096874036E-012
   1.9130092523170935E-010  -8.6607117902345492E-012
          11   0.0000000000000000        0.0000000000000000     
   1.1477268620883925E-010   2.5926350013844516E-012
   1.9579894616303989E-010  -7.8910970770314834E-012
          12   0.0000000000000000        0.0000000000000000     
   1.0964321284516374E-010   1.4396553398691457E-012
   1.9945651035960658E-010  -7.3861391891992756E-012
          13   0.0000000000000000        0.0000000000000000     
   1.0580560975625476E-010   5.9243944582228982E-013
   2.0254491743493151E-010  -7.0541268584485838E-012
          14   0.0000000000000000        0.0000000000000000     
   1.0292566237185741E-010  -5.1320428376208152E-014
   2.0524387265074107E-010  -6.8397040209775850E-012
          15   0.0000000000000000        0.0000000000000000     
   1.0077549880853012E-010  -5.5599048481354195E-013
   2.0767633976838109E-010  -6.7081520380570635E-012
          16   0.0000000000000000        0.0000000000000000     
   9.9195696419641870E-011  -9.6347417229291061E-013
   2.0992891759775166E-010  -6.6369835552926573E-012
          17   0.0000000000000000        0.0000000000000000     
   9.8072250894462111E-011  -1.3018803152865747E-012
   2.1206421110401281E-010  -6.6112350238727273E-012
          18   0.0000000000000000        0.0000000000000000     
   9.7322112098075080E-011  -1.5905738980739877E-012
   2.1412859349569413E-010  -6.6207240004668126E-012
          19   0.0000000000000000        0.0000000000000000     
   9.6883835402802349E-011  -1.8432227112169183E-012
   2.1615721969019507E-010  -6.6583952340205553E-012
          20   0.0000000000000000        0.0000000000000000     
   9.6711384346022671E-011  -2.0696919461568665E-012
   2.1817734906575585E-010  -6.7192928112175927E-012
          21   0.0000000000000000        0.0000000000000000     
   9.6769929127198119E-011  -2.2772547040306905E-012
   2.2021059932538305E-010  -6.7999042127946332E-012
          22   0.0000000000000000        0.0000000000000000     
   9.7032940821615345E-011  -2.4713844349452144E-012
   2.2227450792261965E-010  -6.8977318034168934E-012
          23   0.0000000000000000        0.0000000000000000     
   9.7480145778059302E-011  -2.6562852322229284E-012
   2.2438363504492091E-010  -7.0110070710477988E-012
          24   0.0000000000000000        0.0000000000000000     
   9.8096062701524566E-011  -2.8352539254620546E-012
   2.2655035713810453E-010  -7.1384965995054199E-012
          25   0.0000000000000000        0.0000000000000000     
   9.8868941884896913E-011  -3.0109319903738923E-012
   2.2878544785207485E-010  -7.2793682769754779E-012
          26   0.0000000000000000        0.0000000000000000     
   9.9789986701977214E-011  -3.1854839273563889E-012
   2.3109851073352848E-010  -7.4330978548993717E-012
          27   0.0000000000000000        0.0000000000000000     
   1.0085277644314115E-010  -3.3607257403027831E-012
   2.3349830710308563E-010  -7.5994030510643321E-012
          28   0.0000000000000000        0.0000000000000000     
   1.0205283492082672E-010  -3.5382190464671594E-012
   2.3599300899405686E-010  -7.7781967983860970E-012
          29   0.0000000000000000        0.0000000000000000     
   1.0338730616219558E-010  -3.7193412050960550E-012
   2.3859039801061933E-010  -7.9695540424559178E-012
          30   0.0000000000000000        0.0000000000000000     
   1.0485470987693195E-010  -3.9053385286564888E-012
   2.4129802491280289E-010  -8.1736883051200968E-012
          31   0.0000000000000000        0.0000000000000000     
   1.0645475722094575E-010  -4.0973674572830132E-012
   2.4412334058551873E-010  -8.3909354268347649E-012
          32   0.0000000000000000        0.0000000000000000     
   1.0818821280359593E-010  -4.2965271218064172E-012
   2.4707380619078496E-010  -8.6217427016726993E-012
          33   0.0000000000000000        0.0000000000000000     
   1.1005679270894409E-010  -4.5038857368116897E-012
   2.5015698831041461E-010  -8.8666621653653772E-012
          34   0.0000000000000000        0.0000000000000000     
   1.1206309106976934E-010  -4.7205025939668090E-012
   2.5338064346375100E-010  -9.1263471752276869E-012
          35   0.0000000000000000        0.0000000000000000     
   1.1421052970031442E-010  -4.9474469617740276E-012
   2.5675279539741744E-010  -9.4015516886542682E-012
          36   0.0000000000000000        0.0000000000000000     
   1.1650332676576760E-010  -5.1858148769501426E-012
   2.6028180783090341E-010  -9.6931318397382584E-012
          37   0.0000000000000000        0.0000000000000000     
   1.1894648155247028E-010  -5.4367445885674987E-012
   2.6397645484196748E-010  -1.0002049556502589E-011
          38   0.0000000000000000        0.0000000000000000     
   1.2154577324726814E-010  -5.7014312614189636E-012
   2.6784599072072829E-010  -1.0329378070476919E-011
          39   0.0000000000000000        0.0000000000000000     
   1.2430777225406130E-010  -5.9811414398707078E-012
   2.7190022089540777E-010  -1.0676309256752152E-011
          40   0.0000000000000000        0.0000000000000000     
   1.2723986311142945E-010  -6.2772277040134325E-012
   2.7614957537190660E-010  -1.1044162815119230E-011
          41   0.0000000000000000        0.0000000000000000     
   1.3035027847570401E-010  -6.5911439084449966E-012
   2.8060518605718349E-010  -1.1434397366369544E-011
          42   0.0000000000000000        0.0000000000000000     
   1.3364814400756541E-010  -6.9244613744073491E-012
   2.8527896930459850E-010  -1.1848623597205060E-011
          43   0.0000000000000000        0.0000000000000000     
   1.3714353429552929E-010  -7.2788864037910445E-012
   2.9018371505395811E-010  -1.2288619646280304E-011
          44   0.0000000000000000        0.0000000000000000     
   1.4084754025583901E-010  -7.6562794984890628E-012
   2.9533318400422155E-010  -1.2756348985046257E-011
          45   0.0000000000000000        0.0000000000000000     
   1.4477234873468289E-010  -8.0586766974023922E-012
   3.0074221436924524E-010  -1.3253981114379818E-011
          46   0.0000000000000000        0.0000000000000000     
   1.4893133530381780E-010  -8.4883134891152000E-012
   3.0642683994025014E-010  -1.3783915472958538E-011
          47   0.0000000000000000        0.0000000000000000     
   1.5333917156954115E-010  -8.9476518188996217E-012
   3.1240442137579380E-010  -1.4348809041013993E-011
          48   0.0000000000000000        0.0000000000000000     
   1.5801194863245632E-010  -9.4394107892569152E-012
   3.1869379291025010E-010  -1.4951608225268993E-011
          49   0.0000000000000000        0.0000000000000000     
   1.6296731871216549E-010  -9.9666017544297801E-012
   3.2531542699879712E-010  -1.5595585733692075E-011
          50   0.0000000000000000        0.0000000000000000     
   1.6822465736990194E-010  -1.0532568636762594E-011
   3.3229161981960615E-010  -1.6284383296246097E-011
          51   0.0000000000000000        0.0000000000000000     
   1.7380524926766074E-010  -1.1141034451680155E-011
   3.3964670104015273E-010  -1.7022061267610390E-011
          52   0.0000000000000000        0.0000000000000000     
   1.7973250098881101E-010  -1.1796155225594349E-011
   3.4740727184978480E-010  -1.7813156368179109E-011
          53   0.0000000000000000        0.0000000000000000     
   1.8603218512958295E-010  -1.2502582737231661E-011
   3.5560247599171956E-010  -1.8662749090840617E-011
          54   0.0000000000000000        0.0000000000000000     
   1.9273272073770809E-010  -1.3265537820113078E-011
   3.6426430940323004E-010  -1.9576542638038970E-011
          55   0.0000000000000000        0.0000000000000000     
   1.9986549616312698E-010  -1.4090896348415245E-011
   3.7342797516476848E-010  -2.0560955672961075E-011
          56   0.0000000000000000        0.0000000000000000     
   2.0746524165634811E-010  -1.4985290512267463E-011
   3.8313229177838725E-010  -2.1623231695365582E-011
          57   0.0000000000000000        0.0000000000000000     
   2.1557046055487727E-010  -1.5956228599073919E-011
   3.9342016443792042E-010  -2.2771568516071334E-011
          58   0.0000000000000000        0.0000000000000000     
   2.2422392978771165E-010  -1.7012237273171063E-011
   4.0433913097424575E-010  -2.4015272145691094E-011
          59   0.0000000000000000        0.0000000000000000     
   2.3347328275814845E-010  -1.8163031336078872E-011
   4.1594199668107896E-010  -2.5364940487315116E-011
          60   0.0000000000000000        0.0000000000000000     
   2.4337169058009074E-010  -1.9419717221111262E-011
   4.2828757536443528E-010  -2.6832683600702639E-011
          61   0.0000000000000000        0.0000000000000000     
   2.5397866129220435E-010  -2.0795038119306832E-011
   4.4144155791891853E-010  -2.8432389086941182E-011
          62   0.0000000000000000        0.0000000000000000     
   2.6536098129246663E-010  -2.2303670771487180E-011
   4.5547753471951954E-010  -3.0180043458692231E-011
          63   0.0000000000000000        0.0000000000000000     
   2.7759382909939265E-010  -2.3962586762611004E-011
   4.7047820446380827E-010  -3.2094123396389012E-011
          64   0.0000000000000000        0.0000000000000000     
   2.9076209879671891E-010  -2.5791494846270928E-011
   4.8653680925473117E-010  -3.4196074773130044E-011
          65   0.0000000000000000        0.0000000000000000     
   3.0496198183606978E-010  -2.7813385788530900E-011
   5.0375885289790855E-010  -3.6510902826957412E-011
          66   0.0000000000000000        0.0000000000000000     
   3.2030286340920669E-010  -3.0055207700005532E-011
   5.2226415272962250E-010  -3.9067903515120185E-011
          67   0.0000000000000000        0.0000000000000000     
   3.3690961422386798E-010  -3.2548708965703797E-011
   5.4218932666917930E-010  -4.1901576593363741E-011
          68   0.0000000000000000        0.0000000000000000     
   3.5492537176504149E-010  -3.5331497893702446E-011
   5.6369080683442926E-010  -4.5052773369438488E-011
          69   0.0000000000000000        0.0000000000000000     
   3.7451493866198512E-010  -3.8448385186075344E-011
   5.8694852220085603E-010  -4.8570150840717704E-011
          70   0.0000000000000000        0.0000000000000000     
   3.9586896239282622E-010  -4.1953098821240893E-011
   6.1217042751531996E-010  -5.2512029247059168E-011
          71   0.0000000000000000        0.0000000000000000     
   4.1920911254686880E-010  -4.5910494147439180E-011
   6.3959811268885243E-010  -5.6948786064824631E-011
          72   0.0000000000000000        0.0000000000000000     
   4.4479454251047205E-010  -5.0399429428521325E-011
   6.6951380342750793E-010  -6.1965970862181927E-011
          73   0.0000000000000000        0.0000000000000000     
   4.7293001994186536E-010  -5.5516545765948905E-011
   7.0224916947314391E-010  -6.7668399841214091E-011
          74   0.0000000000000000        0.0000000000000000     
   5.0397624640880932E-010  -6.1381291167350736E-011
   7.3819650417358519E-010  -7.4185598141835053E-011
          75   0.0000000000000000        0.0000000000000000     
   5.3836307860231763E-010  -6.8142678885759454E-011
   7.7782304713248250E-010  -8.1679120864648436E-011
          76   0.0000000000000000        0.0000000000000000     
   5.7660663803927792E-010  -7.5988498041944648E-011
   8.2168951905794997E-010  -9.0352530648027745E-011
          77   0.0000000000000000        0.0000000000000000     
   6.1933169376671235E-010  -8.5158046187723486E-011
   8.7047436866140600E-010  -1.0046519058291006E-010
          78   0.0000000000000000        0.0000000000000000     
   6.6730128652277033E-010  -9.5960006742063095E-011
   9.2500586405331679E-010  -1.1235163062849157E-010
          79   0.0000000000000000        0.0000000000000000     
   7.2145643292824711E-010  -1.0879798344224907E-010
   9.8630510370450807E-010  -1.2644920900355945E-010
          80   0.0000000000000000        0.0000000000000000     
   7.8297006434500263E-010  -1.2420766673667686E-010
   1.0556444477718784E-009  -1.4333837471288620E-010
          81   0.0000000000000000        0.0000000000000000     
   8.5332137580362554E-010  -1.4291207577447038E-010
   1.1346280597462854E-009  -1.6380251182915124E-010
          82   0.0000000000000000        0.0000000000000000     
   9.3439990871754312E-010  -1.6590560552096328E-010
   1.2253046590495498E-009  -1.8891898919128235E-010
          83   0.0000000000000000        0.0000000000000000     
   1.0286536592125802E-009  -1.9458528575530509E-010
   1.3303279673327236E-009  -2.2020135619844560E-010
          84   0.0000000000000000        0.0000000000000000     
   1.1393034104380117E-009  -2.3096189817292699E-010
   1.4531888966522258E-009  -2.5982805151248974E-010
          85   0.0000000000000000        0.0000000000000000     
   1.2706580533132031E-009  -2.7801105498702795E-010
   1.5985571409896612E-009  -3.1102273684216412E-010
          86   0.0000000000000000        0.0000000000000000     
   1.4285851448727855E-009  -3.4027963559656779E-010
   1.7727909410487011E-009  -3.7871126911061132E-010
          87   0.0000000000000000        0.0000000000000000     
   1.6212185820390004E-009  -4.2497985346137875E-010
   1.9847037234075925E-009  -4.7070693992481646E-010
          88   0.0000000000000000        0.0000000000000000     
   1.8600125279213441E-009  -5.4406386782226118E-010
   2.2467058460253015E-009  -5.9995797490115154E-010
          89   0.0000000000000000        0.0000000000000000     
   2.1612184809173879E-009  -7.1838764905903502E-010
   2.5764047478979841E-009  -7.8905839795147084E-010
          90   0.0000000000000000        0.0000000000000000     
   2.5474710113448359E-009  -9.8661371395681779E-010
   2.9983228060278683E-009  -1.0798926872538101E-009
          91   0.0000000000000000        0.0000000000000000     
   3.0469548951155729E-009  -1.4255208630383471E-009
   3.5429950966494180E-009  -1.5556380590215968E-009
          92   0.0000000000000000        0.0000000000000000     
   3.6762030577285833E-009  -2.1984651342683134E-009
   4.2283336670796538E-009  -2.3932639994088679E-009
          93   0.0000000000000000        0.0000000000000000     
   4.3339921898157921E-009  -3.6623729508030254E-009
   4.9446807637177637E-009  -3.9794418877586334E-009
          94   0.0000000000000000        0.0000000000000000     
   4.2855404097024350E-009  -6.4180690860250893E-009
   4.8960210532535633E-009  -6.9650671297748804E-009
          95   0.0000000000000000        0.0000000000000000     
   1.1731292966742664E-009  -9.6750311183288473E-009
   1.5281518715649219E-009  -1.0493737212651140E-008
          96   0.0000000000000000        0.0000000000000000     
  -3.9570016921903132E-009  -8.5880421253481582E-009
  -4.0254963201181565E-009  -9.3164491257038663E-009
          97   0.0000000000000000        0.0000000000000000     
  -5.5172267851432185E-009  -5.0898966884390356E-009
  -5.7116417231736692E-009  -5.5270700958362040E-009
          98   0.0000000000000000        0.0000000000000000     
  -5.0776022195865382E-009  -2.8928872771039425E-009
  -5.2311843303703736E-009  -3.1472630393503593E-009
          99   0.0000000000000000        0.0000000000000000     
  -4.3763503795837306E-009  -1.7625998956299968E-009
  -4.4672051512447336E-009  -1.9230777408079683E-009
         100   0.0000000000000000        0.0000000000000000     
  -3.7841792872823473E-009  -1.1546128819816127E-009
  -3.8213068423955923E-009  -1.2647210320268698E-009
         101   0.0000000000000000        0.0000000000000000     
  -3.3260916296528563E-009  -8.0109863043523106E-010
  -3.3205772807483139E-009  -8.8204408205258651E-010
         102   0.0000000000000000        0.0000000000000000     
  -2.9739076561245046E-009  -5.8050956858791226E-010
  -2.9344905228973520E-009  -6.4336835903539362E-010
         103   0.0000000000000000        0.0000000000000000     
  -2.6997253053519288E-009  -4.3459956433609357E-010
  -2.6328223211120376E-009  -4.8559180271955596E-010
         104   0.0000000000000000        0.0000000000000000     
  -2.4828135987920379E-009  -3.3338023860568319E-010
  -2.3931180544982015E-009  -3.7622464635848372E-010
         105   0.0000000000000000        0.0000000000000000     
  -2.3085782223231672E-009  -2.6035004182049638E-010
  -2.1995723396267692E-009  -2.9738745699799943E-010
         106   0.0000000000000000        0.0000000000000000     
  -2.1667716630857926E-009  -2.0589183888490044E-010
  -2.0410901998892712E-009  -2.3865841077122725E-010
         107   0.0000000000000000        0.0000000000000000     
  -2.0501062478940756E-009  -1.6412008493054119E-010
  -1.9097847657877262E-009  -1.9365761959113466E-010
         108   0.0000000000000000        0.0000000000000000     
  -1.9533093208685082E-009  -1.3127983562073869E-010
  -1.7999540070332626E-009  -1.5831259629732673E-010
         109   0.0000000000000000        0.0000000000000000     
  -1.8724978348196137E-009  -1.0488830363539189E-010
  -1.7074035528159567E-009  -1.2992812133840078E-010
         110   0.0000000000000000        0.0000000000000000     
  -1.8047638067310082E-009  -8.3252150570362394E-011
  -1.6289980159230275E-009  -1.0666312515323593E-010
         111   0.0000000000000000        0.0000000000000000     
  -1.7478961744035227E-009  -6.5184555134471664E-011
  -1.5623601664553738E-009  -8.7223955428010816E-011
         112   0.0000000000000000        0.0000000000000000     
  -1.7001911613380351E-009  -4.9833233840751999E-011
  -1.5056660885493754E-009  -7.0677793196765272E-011
         113   0.0000000000000000        0.0000000000000000     
  -1.6603207789309663E-009  -3.6572494740705679E-011
  -1.4575034399847828E-009  -5.6335375533169922E-011
         114   0.0000000000000000        0.0000000000000000     
  -1.6272401240143797E-009  -2.4933520413122646E-011
  -1.4167718880713250E-009  -4.3675054345873927E-011
         115   0.0000000000000000        0.0000000000000000     
  -1.6001210076536896E-009  -1.4558170383285656E-011
  -1.3826122531989907E-009  -3.2292234521926315E-011
         116   0.0000000000000000        0.0000000000000000     
  -1.5783037638906939E-009  -5.1676435622497339E-012
  -1.3543555725310618E-009  -2.1864782959063837E-011
         117   0.0000000000000000        0.0000000000000000     
  -1.5612618238075096E-009   3.4592467464136429E-012
  -1.3314862726093115E-009  -1.2128687832285153E-011
         118   0.0000000000000000        0.0000000000000000     
  -1.5485754026456466E-009   1.1501450107134794E-011
  -1.3136155638606293E-009  -2.8603838154463198E-012
         119   0.0000000000000000        0.0000000000000000     
  -1.5399118008522809E-009   1.9106789934128894E-011
  -1.3004624388769979E-009   6.1365746365766167E-012
         120   0.0000000000000000        0.0000000000000000     
  -1.5350105869665986E-009   2.6400166303576787E-011
  -1.2918405131907296E-009   1.5042047662681950E-011
         121   0.0000000000000000        0.0000000000000000     
  -1.5336724492042215E-009   3.3489757370271330E-011
  -1.2876495438325509E-009   2.4028148541369348E-011
         122   0.0000000000000000        0.0000000000000000     
  -1.5357508600265667E-009   4.0471839868111886E-011
  -1.2878708941472928E-009   3.3267214436579006E-011
         123   0.0000000000000000        0.0000000000000000     
  -1.5411459491423119E-009   4.7434665696934514E-011
  -1.2925665473610159E-009   4.2939597605825668E-011
         124   0.0000000000000000        0.0000000000000000     
  -1.5498001611733268E-009   5.4461714146349453E-011
  -1.3018815513716749E-009   5.3241922611309976E-011
         125   0.0000000000000000        0.0000000000000000     
  -1.5616954085269720E-009   6.1634566023720784E-011
  -1.3160500379070322E-009   6.4396498258042326E-011
         126   0.0000000000000000        0.0000000000000000     
  -1.5768515342661232E-009   6.9035604132772269E-011
  -1.3354052311355450E-009   7.6662707824733969E-011
         127   0.0000000000000000        0.0000000000000000     
  -1.5953259858132535E-009   7.6750727543040498E-011
  -1.3603941754028355E-009   9.0351451311051441E-011
         128   0.0000000000000000        0.0000000000000000     
  -1.6172146773936707E-009   8.4872272828287373E-011
  -1.3915983059464837E-009   1.0584412629154187E-010
         129   0.0000000000000000        0.0000000000000000     
  -1.6426540952420652E-009   9.3502366154262188E-011
  -1.4297615084057505E-009   1.2361829329675559E-010
         130   0.0000000000000000        0.0000000000000000     
  -1.6718247824173521E-009   1.0275699316579132E-010
  -1.4758280276492046E-009   1.4428322139830040E-010
         131   0.0000000000000000        0.0000000000000000     
  -1.7049564412590865E-009   1.1277118420723250E-010
  -1.5309935979131484E-009   1.6863019875228002E-010
         132   0.0000000000000000        0.0000000000000000     
  -1.7423350111938246E-009   1.2370589800688667E-010
  -1.5967745603900439E-009   1.9770525594468130E-010
         133   0.0000000000000000        0.0000000000000000     
  -1.7843122565037869E-009   1.3575749908297698E-010
  -1.6751017859798617E-009   2.3291657268150942E-010
         134   0.0000000000000000        0.0000000000000000     
  -1.8313186107044779E-009   1.4917125519411493E-010
  -1.7684489777184744E-009   2.7619675630098802E-010
         135   0.0000000000000000        0.0000000000000000     
  -1.8838803214556610E-009   1.6426120930341246E-010
  -1.8800086831138142E-009   3.3025412714994017E-010
         136   0.0000000000000000        0.0000000000000000     
  -1.9426422822556633E-009   1.8144044930284092E-010
  -2.0139337319342123E-009   3.9897244528525422E-010
         137   0.0000000000000000        0.0000000000000000     
  -2.0083982400012621E-009   2.0126890096712151E-010
  -2.1756651706215621E-009   4.8806590561658375E-010
         138   0.0000000000000000        0.0000000000000000     
  -2.0821298798446104E-009   2.2453174028995185E-010
  -2.3723632497548055E-009   6.0618804294571756E-010
