   262144.00000000000     
         256           1           3
   1.7567330116226543E-005   14.463779801378999       -127.33399034630000     
   6.0401400154609997        12.000000000000000        1200.0000000000000     
           0   0.0000000000000000        0.0000000000000000     
   0.0000000000000000        0.0000000000000000     
   0.0000000000000000        0.0000000000000000     
           1   7.2622195684616810E-010   3.8288660733625554E-011
   1.0335203487951017E-009  -7.1850216378955076E-011
   2.4265798572508349E-009  -1.8789874407066448E-010
           2   5.5802105317620339E-010   2.1417940843863289E-010
   1.1872501836849227E-009  -2.4694127650750562E-010
   2.8564537595042117E-009  -6.7244067527520342E-010
           3   3.6536430156860518E-010   8.6378172270928803E-010
   1.3720539167788922E-009  -8.9383956823347560E-010
   3.3701477192055610E-009  -2.4625556130311309E-009
           4   1.7632804859040726E-009   1.4646814997561399E-009
  -2.3551071630469660E-011  -1.4924082973668576E-009
  -4.9065317642961360E-010  -4.1188925840358750E-009
           5   2.0223830642208034E-009   4.4732109935726009E-010
  -2.8357321681880456E-010  -4.7997834617127100E-010
  -1.2095406485851919E-009  -1.3170449271623744E-009
           6   1.8152433368229877E-009   1.5785170154022506E-010
  -7.7996697756516074E-011  -1.9221873016603414E-010
  -6.4041803885144618E-010  -5.2058010413359834E-010
           7   1.6930218155904292E-009   6.5744952554232103E-011
   4.4199274097866544E-011  -1.0098515890360432E-010
  -3.0240517431306347E-010  -2.6795197599334238E-010
           8   1.6225486073218023E-009   2.6613232816331632E-011
   1.1587594025788174E-010  -6.2530564553329874E-011
  -1.0451395276171332E-010  -1.6136650513901003E-010
           9   1.5793506656357860E-009   6.5568951887171770E-012
   1.6129827026457863E-010  -4.3103934404698413E-011
   2.0436231359500725E-011  -1.0742422038423881E-010
          10   1.5517047457613716E-009  -5.1182461848098690E-012
   1.9207294327653032E-010  -3.2057475419135835E-011
   1.0458538092444509E-010  -7.6659477308062712E-011
          11   1.5336824906512000E-009  -1.2582002351996463E-011
   2.1405904081207730E-010  -2.5239490913215404E-011
   1.6416111748199062E-010  -5.7583226167247672E-011
          12   1.5220445592117679E-009  -1.7719571958885779E-011
   2.3045284521306497E-010  -2.0773255696871605E-011
   2.0801761247726498E-010  -4.5001844656984044E-011
          13   1.5148983570826396E-009  -2.1480393809309321E-011
   2.4311986791313397E-010  -1.7714024328920919E-011
   2.4132310502376348E-010  -3.6300679928494176E-011
          14   1.5110763541507586E-009  -2.4383537117120801E-011
   2.5321111789068894E-010  -1.5545804260322610E-011
   2.6726616620733486E-010  -3.0051479262850743E-011
          15   1.5098261726404770E-009  -2.6731761498666927E-011
   2.6146992594234877E-010  -1.3968196210054756E-011
   2.8790533047129998E-010  -2.5422522341329026E-011
          16   1.5106457604714831E-009  -2.8711216874400241E-011
   2.6839490200036136E-010  -1.2797106141628821E-011
   3.0462041622978660E-010  -2.1903867631720683E-011
          17   1.5131907666465254E-009  -3.0441531119319090E-011
   2.7433137613209965E-010  -1.1914861733470551E-011
   3.1836581995774586E-010  -1.9169313326436529E-011
          18   1.5172200060203308E-009  -3.2002576720970919E-011
   2.7952516023653324E-010  -1.1243554762902194E-011
   3.2981946149060312E-010  -1.7002629334807374E-011
          19   1.5225620509851591E-009  -3.3449529512773434E-011
   2.8415544105459395E-010  -1.0730045424527164E-011
   3.3947392552660001E-010  -1.5256059747079157E-011
          20   1.5290940592330797E-009  -3.4821717680997111E-011
   2.8835560719353775E-010  -1.0337153263786092E-011
   3.4769417489797529E-010  -1.3825944223503457E-011
          21   1.5367279593087129E-009  -3.6148020251532428E-011
   2.9222683507452215E-010  -1.0038286814435765E-011
   3.5475519789997939E-010  -1.2637854220026894E-011
          22   1.5454012084508798E-009  -3.7450270122691259E-011
   2.9584718581014342E-010  -9.8140627416922784E-012
   3.6086721215962785E-010  -1.1637233815851896E-011
          23   1.5550704756357098E-009  -3.8745462504251731E-011
   2.9927783852093532E-010  -9.6501168336384788E-012
   3.6619292792989927E-010  -1.0783337861293563E-011
          24   1.5657072455035456E-009  -4.0047226297381241E-011
   3.0256745019525131E-010  -9.5356511467460641E-012
   3.7085961385781520E-010  -1.0045206437499773E-011
          25   1.5772947138205944E-009  -4.1366828544973709E-011
   3.0575526200284592E-010  -9.4624483022024833E-012
   3.7496768282992871E-010  -9.3989312167391416E-012
          26   1.5898255704843190E-009  -4.2713876165193030E-011
   3.0887334973540350E-010  -9.4241894631169420E-012
   3.7859689979194982E-010  -8.8257613281394009E-012
          27   1.6033004051244717E-009  -4.4096817456752596E-011
   3.1194827918306809E-010  -9.4159740447149644E-012
   3.8181093419033424E-010  -8.3107665611147352E-012
          28   1.6177265581565504E-009  -4.5523308890178118E-011
   3.1500234096265427E-010  -9.4339760800626785E-012
   3.8466074050659553E-010  -7.8418777498352703E-012
          29   1.6331172969608503E-009  -4.7000490001337769E-011
   3.1805448364588872E-010  -9.4751948187965849E-012
   3.8718709600872191E-010  -7.4091868546755714E-012
          30   1.6494912341879794E-009  -4.8535194958848171E-011
   3.2112102751981759E-010  -9.5372713703644631E-012
   3.8942252356954960E-010  -7.0044286269863069E-012
          31   1.6668719303788280E-009  -5.0134120265929713E-011
   3.2421621686425059E-010  -9.6183523335604205E-012
   3.9139275953893048E-010  -6.6205909874259588E-012
          32   1.6852876402420938E-009  -5.1803962123115078E-011
   3.2735265201567292E-010  -9.7169873205523079E-012
   3.9311788050889800E-010  -6.2516177362015824E-012
          33   1.7047711739024313E-009  -5.3551533062087755E-011
   3.3054163104024693E-010  -9.8320512499264066E-012
   3.9461317096821894E-010  -5.8921781632282738E-012
          34   1.7253598529688346E-009  -5.5383864846448649E-011
   3.3379342280406786E-010  -9.9626849626829739E-012
   3.9588979144295114E-010  -5.5374855109716747E-012
          35   1.7470955473619867E-009  -5.7308302874946153E-011
   3.3711748757189703E-010  -1.0108249551265978E-011
   3.9695529090970729E-010  -5.1831512904803024E-012
          36   1.7700247834701104E-009  -5.9332596143467565E-011
   3.4052265716958553E-010  -1.0268291068014670E-011
   3.9781399575019404E-010  -4.8250659427650133E-012
          37   1.7941989176094460E-009  -6.1464986034234611E-011
   3.4401728381915146E-010  -1.0442513177231115E-011
   3.9846729923437350E-010  -4.4592987766481605E-012
          38   1.8196743715159160E-009  -6.3714296695259914E-011
   3.4760936459144595E-010  -1.0630755955074968E-011
   3.9891386931885052E-010  -4.0820118309711722E-012
          39   1.8465129288266477E-009  -6.6090029469727292E-011
   3.5130664680779971E-010  -1.0832979502440112E-011
   3.9914978784528028E-010  -3.6893835209916170E-012
          40   1.8747820933856842E-009  -6.8602463687619974E-011
   3.5511671856982145E-010  -1.1049251371896800E-011
   3.9916863076538203E-010  -3.2775387830302095E-012
          41   1.9045555119334788E-009  -7.1262766107923665E-011
   3.5904708767981337E-010  -1.1279737057219927E-011
   3.9896149616977776E-010  -2.8424830265944116E-012
          42   1.9359134653564038E-009  -7.4083111383067132E-011
   3.6310525154785380E-010  -1.1524692978396056E-011
   3.9851698469429069E-010  -2.3800376067617147E-012
          43   1.9689434342649517E-009  -7.7076816098319467E-011
   3.6729876018299119E-010  -1.1784461533694292E-011
   3.9782113507498487E-010  -1.8857747857745233E-012
          44   2.0037407463596523E-009  -8.0258489217985333E-011
   3.7163527396889725E-010  -1.2059467896302113E-011
   3.9685731602871794E-010  -1.3549502925502631E-012
          45   2.0404093148454698E-009  -8.3644202151300501E-011
   3.7612261762792241E-010  -1.2350218314777565E-011
   3.9560607423628615E-010  -7.8243163069068158E-013
          46   2.0790624791744303E-009  -8.7251682148643165E-011
   3.8076883156383032E-010  -1.2657299740768382E-011
   3.9404493691966186E-010  -1.6262023964128493E-013
          47   2.1198239616732843E-009  -9.1100533365929263E-011
   3.8558222159457229E-010  -1.2981380658866083E-011
   3.9214816619606654E-010   5.1063451445417764E-013
          48   2.1628289562962860E-009  -9.5212490725112318E-011
   3.9057140796583239E-010  -1.3323213035477609E-011
   3.8988646107336221E-010   1.2441317562179464E-012
          49   2.2082253688455026E-009  -9.9611712677468972E-011
   3.9574537444930681E-010  -1.3683635339053153E-011
   3.8722660154649694E-010   2.0454284701670640E-012
          50   2.2561752316979181E-009  -1.0432512019244113E-010
   4.0111351825731169E-010  -1.4063576614605618E-011
   3.8413102764823720E-010   2.9229647764298247E-012
          51   2.3068563205452479E-009  -1.0938279081046762E-010
   4.0668570147787045E-010  -1.4464061623514313E-011
   3.8055734452375365E-010   3.8862086036822828E-012
          52   2.3604640059402644E-009  -1.1481841847833383E-010
   4.1247230471509351E-010  -1.4886217085650879E-011
   3.7645774250294919E-010   4.9458239359381140E-012
          53   2.4172133789445514E-009  -1.2066985224123753E-010
   4.1848428361946476E-010  -1.5331279086722377E-011
   3.7177831862489836E-010   6.1138676851980912E-012
          54   2.4773416980723654E-009  -1.2697972982007100E-010
   4.2473322901153908E-010  -1.5800601740052390E-011
   3.6645828306936009E-010   7.4040213527671273E-012
          55   2.5411112143577801E-009  -1.3379622582149848E-010
   4.3123143134616777E-010  -1.6295667220420835E-011
   3.6042903031032801E-010   8.8318650532531422E-012
          56   2.6088124433357844E-009  -1.4117393904740882E-010
   4.3799195031483772E-010  -1.6818097318506819E-011
   3.5361305030552389E-010   1.0415203275563695E-011
          57   2.6807679674707971E-009  -1.4917494937394764E-010
   4.4502869045738644E-010  -1.7369666699683095E-011
   3.4592264949500944E-010   1.2174454056260223E-011
          58   2.7573368709709519E-009  -1.5787008236635615E-010
   4.5235648375555597E-010  -1.7952318091835182E-011
   3.3725844449551369E-010   1.4133116198378214E-011
          59   2.8389199319988690E-009  -1.6734042971755573E-010
   4.5999118029457537E-010  -1.8568179675015374E-011
   3.2750758270721864E-010   1.6318332992417751E-011
          60   2.9259657262978864E-009  -1.7767918646788787E-010
   4.6794974823121958E-010  -1.9219585003643807E-011
   3.1654163316533999E-010   1.8761575864833392E-011
          61   3.0189778331436899E-009  -1.8899388278984371E-010
   4.7625038448569388E-010  -1.9909095862320124E-011
   3.0421407710344801E-010   2.1499477885647569E-011
          62   3.1185233814477032E-009  -2.0140911025546943E-010
   4.8491263780120070E-010  -2.0639528543110649E-011
   2.9035731003327228E-010   2.4574855637033274E-011
          63   3.2252432342404670E-009  -2.1506987187875904E-010
   4.9395754607906625E-010  -2.1413984139862900E-011
   2.7477904436037379E-010   2.8037969331271061E-011
          64   3.3398641877937736E-009  -2.3014572450371374E-010
   5.0340779024146002E-010  -2.2235883591213087E-011
   2.5725797211566476E-010   3.1948086305142931E-011
          65   3.4632136633134666E-009  -2.4683593509954507E-010
   5.1328786727680015E-010  -2.3109008376737362E-011
   2.3753850889667142E-010   3.6375433595205999E-011
          66   3.5962375026907896E-009  -2.6537594468517940E-010
   5.2362428564025843E-010  -2.4037547993611818E-011
   2.1532438956381184E-010   4.1403653335283434E-011
          67   3.7400216565247057E-009  -2.8604553282056021E-010
   5.3444578681386263E-010  -2.5026155631169552E-011
   1.9027081916834048E-010   4.7132913292214364E-011
          68   3.8958188402939462E-009  -3.0917921391335028E-010
   5.4578361155135739E-010  -2.6080013965111361E-011
   1.6197480189156872E-010   5.3683878401339592E-011
          69   4.0650811916012685E-009  -3.3517958724034728E-010
   5.5767173303190662E-010  -2.7204912661752687E-011
   1.2996308744358952E-010   6.1202825080485567E-011
          70   4.2495014773234977E-009  -3.6453464725880572E-010
   5.7014727236072082E-010  -2.8407342408058958E-011
   9.3677196620988607E-011   6.9868285690092744E-011
          71   4.4510641902111722E-009  -3.9784044223463586E-010
   5.8325082718629521E-010  -2.9694607032907843E-011
   5.2454449324441892E-011   7.9899767650394568E-011
          72   4.6721105063534883E-009  -4.3583106393961874E-010
   5.9702693275487429E-010  -3.1074960839065915E-011
   5.5039143542872341E-012   9.1569314585509371E-011
          73   4.9154211565519677E-009  -4.7941880072126336E-010
   6.1152458603287296E-010  -3.2557777667531050E-011
  -4.8124430650808409E-011   1.0521701276337737E-010
          74   5.1843232831525320E-009  -5.2974858263693789E-010
   6.2679786485723292E-010  -3.4153761857855804E-011
  -1.0957961124300858E-010   1.2127204897860363E-010
          75   5.4828296939405096E-009  -5.8827282876883510E-010
   6.4290666585902225E-010  -3.5875215314519699E-011
  -1.8026184437637975E-010   1.4028169739470799E-010
          76   5.8158224240181257E-009  -6.5685590178133043E-010
   6.5991759286111842E-010  -3.7736381224183984E-011
  -2.6189154346695310E-010   1.6295181704456963E-010
          77   6.1892977113010613E-009  -7.3792230831122137E-010
   6.7790503881977376E-010  -3.9753894833964441E-011
  -3.5660166509841584E-010   1.9020436063296466E-010
          78   6.6106973223409430E-009  -8.3467082740641236E-010
   6.9695252096382818E-010  -4.1947387468990545E-011
  -4.6706291277938577E-010   2.2326052272977086E-010
          79   7.0893631575299266E-009  -9.5139019202153985E-010
   7.1715435340749918E-010  -4.4340315878048931E-011
  -5.9665589143576942E-010   2.6376337981449114E-010
          80   7.6371707233280192E-009  -1.0939350364126493E-009
   7.3861777882755225E-010  -4.6961132881508975E-011
  -7.4971142525113703E-010   3.1396284284560543E-010
          81   8.2694265321968355E-009  -1.2704616921911546E-009
   7.6146573841520798E-010  -4.9844992103499745E-011
  -9.3185148588313374E-010   3.7700160939286233E-010
          82   9.0061616506720735E-009  -1.4925982365807106E-009
   7.8584054972473447E-010  -5.3036318913474562E-011
  -1.1504811286605386E-009   4.5736983049685292E-010
          83   9.8740296369342041E-009  -1.7773654079672945E-009
   8.1190890537316115E-010  -5.6592842669329453E-011
  -1.4155107071295210E-009   5.6165134213343538E-010
          84   1.0909138990514422E-008  -2.1504469002866996E-009
   8.3986883204361895E-010  -6.0592203749530422E-011
  -1.7404337613061719E-009   6.9979351558482379E-010
          85   1.2161338452254894E-008  -2.6519932696048367E-009
   8.6995959419530993E-010  -6.5143321412614871E-011
  -2.1439567296072247E-009   8.8735948685024742E-010
          86   1.3700727080286367E-008  -3.3474264305405773E-009
   9.0247598346634239E-010  -7.0407049699430181E-011
  -2.6524703871017038E-009   1.1497175236481969E-009
          87   1.5627324173385132E-008  -4.3486887417730980E-009
   9.3778870612910675E-010  -7.6636067567830737E-011
  -3.3037063173760943E-009   1.5302720743248897E-009
          88   1.8083951183709319E-008  -5.8587276486690612E-009
   9.7637089316693050E-010  -8.4257291258838522E-011
  -4.1515572917444952E-009   2.1076745121084057E-009
          89   2.1265532923971140E-008  -8.2712009103026020E-009
   1.0188178432682290E-009  -9.4054862874997626E-011
  -5.2693365253314116E-009   3.0343396013705315E-009
          90   2.5379933388864182E-008  -1.2408664025770133E-008
   1.0657788332956914E-009  -1.0760434940639677E-010
  -6.7338804989199594E-009   4.6282673594391724E-009
          91   3.0310673310645413E-008  -2.0098840381688798E-008
   1.1173414842973021E-009  -1.2831692666293783E-010
  -8.4934774728646762E-009   7.5944280950852162E-009
          92   3.3683149008488642E-008  -3.5176979266666302E-008
   1.1695147781554766E-009  -1.6323406833073942E-010
  -9.6180913823028148E-009   1.3405531442826951E-008
          93   2.3498773471738593E-008  -5.9988638347030900E-008
   1.2009173642917872E-009  -2.1657148216823801E-010
  -5.4668930832708190E-009   2.2928331568087417E-008
          94  -1.3146658283202518E-008  -6.8598624474406971E-008
   1.1890241940718724E-009  -2.4121069208631045E-010
   8.8603041732789070E-009   2.6108674846995288E-008
          95  -3.5670977953814895E-008  -4.4856550281478946E-008
   1.2083728095821579E-009  -2.0864342317955236E-010
   1.7646555711156984E-008   1.6840873854456669E-008
          96  -3.5539052622329203E-008  -2.4990176696392714E-008
   1.2746361793933945E-009  -1.8503489222568027E-010
   1.7714703115998368E-008   9.1374368611032475E-009
          97  -3.0523331874495507E-008  -1.4702943403708914E-008
   1.3563187186340306E-009  -1.8079501598099780E-010
   1.5946505752679212E-008   5.1424671783468946E-009
          98  -2.5892029676020169E-008  -9.3770540045164980E-009
   1.4449604455249544E-009  -1.8786708289203892E-010
   1.4363868031856126E-008   3.0552649474743247E-009
          99  -2.2273524613257917E-008  -6.3950179175370506E-009
   1.5407186769293285E-009  -2.0201148253410613E-010
   1.3204475979424736E-008   1.8618824324390633E-009
         100  -1.9501230253197138E-008  -4.5912414989201972E-009
   1.6454560931111230E-009  -2.2179345100912106E-010
   1.2404546297470593E-008   1.1109939697903374E-009
         101  -1.7353023841292692E-008  -3.4277926521917964E-009
   1.7614956420198017E-009  -2.4713511061830920E-010
   1.1881882282883066E-008   5.9316486854515911E-010
         102  -1.5658387212072639E-008  -2.6373290874760465E-009
   1.8915448238163014E-009  -2.7875351957207048E-010
   1.1576410621633318E-008   2.0241552450742737E-010
         103  -1.4297441400955153E-008  -2.0770852348680716E-009
   2.0388584911344987E-009  -3.1802816070905034E-010
   1.1449781401075517E-008  -1.2051188012246195E-010
         104  -1.3186756504648154E-008  -1.6659108963520971E-009
   2.2074888294882157E-009  -3.6709157501701651E-010
   1.1480307615927166E-008  -4.1298176886111946E-010
         105  -1.2267584573357260E-008  -1.3551775659088881E-009
   2.4026262858102502E-009  -4.2910178203823922E-010
   1.1659214435604630E-008  -7.0256002890628011E-010
         106  -1.1497790218550969E-008  -1.1144213402893839E-009
   2.6310773156643473E-009  -5.0874890543398549E-010
   1.1988762119596682E-008  -1.0140067300983681E-009
         107  -1.0846539477116194E-008  -9.2383589765579777E-010
   2.9019537142322511E-009  -6.1314574402905329E-010
   1.2482057254319234E-008  -1.3746631410239237E-009
         108  -1.0290803383143556E-008  -7.7015125204132423E-010
   3.2276820037051640E-009  -7.5341857442167505E-010
   1.3164473496976321E-008  -1.8204617929280004E-009
         109  -9.8130165628282456E-009  -6.4428744944800105E-010
   3.6254699737349711E-009  -9.4766125635025129E-010
   1.4076800068288880E-008  -2.4050260855356356E-009
         110  -9.3994636066737668E-009  -5.4000570671539968E-010
   4.1193143122900680E-009  -1.2267015284677068E-009
   1.5280183899516065E-008  -3.2161802024433344E-009
         111  -9.0391199698729945E-009  -4.5319633919744567E-010
   4.7421398789084589E-009  -1.6460159492731767E-009
   1.6861628176752992E-008  -4.4092633693016809E-009
         112  -8.7227870933095528E-009  -3.8171797404281082E-010
   5.5351071037989947E-009  -2.3118441977385844E-009
   1.8931780758459450E-008  -6.2796143208129744E-009
         113  -8.4425510138999206E-009  -3.2603699590002420E-010
   6.5289353683323169E-009  -3.4410124805230662E-009
   2.1573039804674325E-008  -9.4282645719593350E-009
         114  -8.1924289728206675E-009  -2.9154264226228183E-010
   7.6339602056067986E-009  -5.4924989284672610E-009
   2.4535153846445209E-008  -1.5126118215517456E-008
         115  -7.9753788240786456E-009  -2.9327674387064139E-010
   8.1158316572580051E-009  -9.3165716203266209E-009
   2.5784195770188269E-008  -2.5726730740431293E-008
         116  -7.8322063355705181E-009  -3.4484765104131992E-010
   5.0882072477802340E-009  -1.4947870013124723E-008
   1.7331263313564307E-008  -4.1326414394668836E-008
         117  -7.8191801024102173E-009  -3.6139337615225920E-010
  -3.3109122877923858E-009  -1.6311168857788628E-008
  -5.9776174098659166E-009  -4.5113381562915115E-008
         118  -7.8124195382145470E-009  -2.6094531193189548E-010
  -8.3315429123338763E-009  -1.0966418416201053E-008
  -1.9929397531540455E-008  -3.0335491250127963E-008
         119  -7.7500434022204974E-009  -1.4921420161628989E-010
  -8.4616252323077850E-009  -6.3596962123589828E-009
  -2.0340596432488826E-008  -1.7598699850526992E-008
         120  -7.6802306690357716E-009  -6.4453406730086355E-011
  -7.3620522041875217E-009  -3.8426750139757350E-009
  -1.7342874147322556E-008  -1.0643696882959378E-008
         121  -7.6258149163764428E-009   1.9271111225114785E-012
  -6.2748840774984691E-009  -2.4938161688686747E-009
  -1.4374100457000666E-008  -6.9204087502608015E-009
         122  -7.5922841111107403E-009   5.8638887514708368E-011
  -5.3959570306797628E-009  -1.7231175569320868E-009
  -1.1976832287663278E-008  -4.7961963430179671E-009
         123  -7.5806197989656716E-009   1.1070419977323937E-010
  -4.7072426235401350E-009  -1.2514388175449940E-009
  -1.0101745048155141E-008  -3.4986441783079973E-009
         124  -7.5909875185032752E-009   1.6107908807322424E-010
  -4.1640567844112784E-009  -9.4530990318247927E-010
  -8.6257187414850750E-009  -2.6584224614467039E-009
         125  -7.6236617817920250E-009   2.1174079855974494E-010
  -3.7286734661193720E-009  -7.3690197503262661E-010
  -7.4448748383901930E-009  -2.0878192864980915E-009
         126  -7.6792693911706331E-009   2.6423615593612153E-010
  -3.3733832929860233E-009  -5.8945710160427932E-010
  -6.4830578175870703E-009  -1.6850700731339958E-009
         127  -7.7588728690808533E-009   3.1997005073872621E-010
  -3.0783711133402423E-009  -4.8187872808946117E-010
  -5.6859803527177176E-009  -1.3917085336939186E-009
         128  -7.8640284678594565E-009   3.8038213623838846E-010
  -2.8293984552278345E-009  -4.0145284907245867E-010
  -5.0148312434217582E-009  -1.1724146189606349E-009
         129  -7.9968577409340382E-009   4.4708245727669960E-010
  -2.6160701032825576E-009  -3.4020072087461753E-010
  -4.4415039471533035E-009  -1.0049075983384411E-009
         130  -8.1601482256553384E-009   5.2198388274789359E-010
  -2.4306400623076789E-009  -2.9295108419243926E-010
  -3.9453238906705059E-009  -8.7459120917253100E-010
         131  -8.3574947763099846E-009   6.0745789686168507E-010
  -2.2672018321942536E-009  -2.5627371990060677E-010
  -3.5108480998466857E-009  -7.7157311720453371E-010
         132  -8.5934954745811455E-009   7.0654020983945058E-010
  -2.1211342251900673E-009  -2.2786799872218609E-010
  -3.1263845077026950E-009  -6.8892962656680892E-010
         133  -8.8740211475577011E-009   8.2322086047497991E-010
  -1.9887131262728076E-009  -2.0620489991001617E-010
  -2.7829885347193690E-009  -6.2165056821258013E-010
         134  -9.2065877801925583E-009   9.6287149049238073E-010
  -1.8668298614652268E-009  -1.9031930314224209E-010
  -2.4737796326909252E-009  -5.6596665920443927E-010
         135  -9.6008699318770255E-009   1.1328958611809342E-009
  -1.7527754327405217E-009  -1.7969992259063832E-010
  -2.1934771897888889E-009  -5.1889319822877319E-010
         136  -1.0069413789137661E-008   1.3437509489938840E-009
  -1.6440628877755172E-009  -1.7425326479738119E-010
  -1.9380934697219931E-009  -4.7788923365744874E-010
         137  -1.0628624122632758E-008   1.6106002365565760E-009
  -1.5382660130307403E-009  -1.7433877196025576E-010
  -1.7047454713877926E-009  -4.4056074090259458E-010
         138  -1.1300113368510291E-008   1.9560810865213066E-009
  -1.4328569294722744E-009  -1.8089375300973540E-010
  -1.4915642247330755E-009  -4.0434140382127246E-010
