   262144.00000000000     
         256           1           3
   1.7567330116226543E-005   14.463779801378999       -127.33399034630000     
   6.0401400154609997        12.000000000000000        1200.0000000000000     
           0   0.0000000000000000        0.0000000000000000     
   0.0000000000000000        0.0000000000000000     
   0.0000000000000000        0.0000000000000000     
           1   0.0000000000000000        0.0000000000000000     
   4.3723208744497878E-010   1.9232624203457270E-009
   4.1235031655943846E-010   2.6481032770027500E-009
           2   0.0000000000000000        0.0000000000000000     
   5.8806738264750687E-010   4.4508425054705066E-010
   6.2138500891241586E-010   6.1602990629072744E-010
           3   0.0000000000000000        0.0000000000000000     
   3.6948960414597038E-010   1.4528442770674391E-010
   3.2174736651714251E-010   2.0392140106635742E-010
           4   0.0000000000000000        0.0000000000000000     
   2.6042929021881827E-010   6.2160780638193255E-011
   1.7228224702712125E-010   8.9694482237484438E-011
           5   0.0000000000000000        0.0000000000000000     
   2.0379600242542107E-010   3.1235115460072129E-011
   9.4646351346701300E-011   4.7233746652750612E-011
           6   0.0000000000000000        0.0000000000000000     
   1.7142691059417871E-010   1.7263772848977510E-011
   5.0185516470917612E-011   2.8087286842435410E-011
           7   0.0000000000000000        0.0000000000000000     
   1.5143382903974804E-010   1.0055212964272848E-011
   2.2589375990103335E-011   1.8243719035578480E-011
           8   0.0000000000000000        0.0000000000000000     
   1.3834493092282469E-010   5.9580591834409772E-012
   4.3547338612760750E-012   1.2682968990381631E-011
           9   0.0000000000000000        0.0000000000000000     
   1.2939958762340388E-010   3.4495435837720879E-012
  -8.3016284218931374E-012   9.3114290304272434E-012
          10   0.0000000000000000        0.0000000000000000     
   1.2309328729122406E-010   1.8188948182680030E-012
  -1.7440302559089495E-011   7.1518948069358352E-012
          11   0.0000000000000000        0.0000000000000000     
   1.1855270212230182E-010   7.0425240828872559E-013
  -2.4256814513959776E-011   5.7069053257137027E-012
          12   0.0000000000000000        0.0000000000000000     
   1.1524397445089185E-010  -9.1781542717248429E-014
  -2.9481782164730944E-011   4.7051522412171316E-012
          13   0.0000000000000000        0.0000000000000000     
   1.1282648221192240E-010  -6.8312704319970260E-013
  -3.3581430726364874E-011   3.9901334744351440E-012
          14   0.0000000000000000        0.0000000000000000     
   1.1107497893830875E-010  -1.1386860500615916E-012
  -3.6864306794783935E-011   3.4672726564713570E-012
          15   0.0000000000000000        0.0000000000000000     
   1.0983596451413796E-010  -1.5018259355757662E-012
  -3.9541048571803311E-011   3.0771293462801109E-012
          16   0.0000000000000000        0.0000000000000000     
   1.0900214534780922E-010  -1.8007988652916628E-012
  -4.1759358115868446E-011   2.7810720633545224E-012
          17   0.0000000000000000        0.0000000000000000     
   1.0849690966032145E-010  -2.0545766540259712E-012
  -4.3625250320412863E-011   2.5532552157246154E-012
          18   0.0000000000000000        0.0000000000000000     
   1.0826457631585570E-010  -2.2762506967719221E-012
  -4.5216394537785801E-011   2.3759443747623275E-012
          19   0.0000000000000000        0.0000000000000000     
   1.0826409180683062E-010  -2.4750829019458156E-012
  -4.6590736294742336E-011   2.2366967746634527E-012
          20   0.0000000000000000        0.0000000000000000     
   1.0846485183594083E-010  -2.6577812014456862E-012
  -4.7792212690896565E-011   2.1266083620622957E-012
          21   0.0000000000000000        0.0000000000000000     
   1.0884386878364415E-010  -2.8293146423747761E-012
  -4.8854628125002947E-011   2.0391942472946835E-012
          22   0.0000000000000000        0.0000000000000000     
   1.0938381318022214E-010  -2.9934471246184220E-012
  -4.9804336482129381E-011   1.9696563307536553E-012
          23   0.0000000000000000        0.0000000000000000     
   1.1007163560503592E-010  -3.1530947423813529E-012
  -5.0662131638473604E-011   1.9143937807826634E-012
          24   0.0000000000000000        0.0000000000000000     
   1.1089758194416810E-010  -3.3105699674825370E-012
  -5.1444602276233437E-011   1.8706694125046434E-012
          25   0.0000000000000000        0.0000000000000000     
   1.1185448029590955E-010  -3.4677517305435369E-012
  -5.2165117534374086E-011   1.8363782743737711E-012
          26   0.0000000000000000        0.0000000000000000     
   1.1293721869958529E-010  -3.6262060752997289E-012
  -5.2834554079479725E-011   1.8098845299525526E-012
          27   0.0000000000000000        0.0000000000000000     
   1.1414235913881354E-010  -3.7872732980656666E-012
  -5.3461839251837681E-011   1.7899047786173190E-012
          28   0.0000000000000000        0.0000000000000000     
   1.1546785036451191E-010  -3.9521320329097769E-012
  -5.4054361586965082E-011   1.7754234614670668E-012
          29   0.0000000000000000        0.0000000000000000     
   1.1691281347708671E-010  -4.1218472824779214E-012
  -5.4618284458509722E-011   1.7656307638765257E-012
          30   0.0000000000000000        0.0000000000000000     
   1.1847738188148786E-010  -4.2974071584967128E-012
  -5.5158788129273872E-011   1.7598765078227698E-012
          31   0.0000000000000000        0.0000000000000000     
   1.2016258251824254E-010  -4.4797516280387448E-012
  -5.5680258301862971E-011   1.7576355534517771E-012
          32   0.0000000000000000        0.0000000000000000     
   1.2197024894121021E-010  -4.6697955838554758E-012
  -5.6186434285282074E-011   1.7584815825098707E-012
          33   0.0000000000000000        0.0000000000000000     
   1.2390295940003363E-010  -4.8684478968296509E-012
  -5.6680526401245901E-011   1.7620670539497966E-012
          34   0.0000000000000000        0.0000000000000000     
   1.2596399496201445E-010  -5.0766276591330039E-012
  -5.7165309736161478E-011   1.7681077512980515E-012
          35   0.0000000000000000        0.0000000000000000     
   1.2815731404582926E-010  -5.2952785169503747E-012
  -5.7643199569004734E-011   1.7763707800400204E-012
          36   0.0000000000000000        0.0000000000000000     
   1.3048754074480933E-010  -5.5253817787245243E-012
  -5.8116312491382862E-011   1.7866651810544192E-012
          37   0.0000000000000000        0.0000000000000000     
   1.3295996506361936E-010  -5.7679688376398895E-012
  -5.8586516281967240E-011   1.7988345458026003E-012
          38   0.0000000000000000        0.0000000000000000     
   1.3558055377798349E-010  -6.0241333472132709E-012
  -5.9055470874921248E-011   1.8127511767314681E-012
          39   0.0000000000000000        0.0000000000000000     
   1.3835597106285467E-010  -6.2950435230002887E-012
  -5.9524662251821497E-011   1.8283114506448967E-012
          40   0.0000000000000000        0.0000000000000000     
   1.4129360841705138E-010  -6.5819549025508221E-012
  -5.9995430665435937E-011   1.8454321271911192E-012
          41   0.0000000000000000        0.0000000000000000     
   1.4440162370652658E-010  -6.8862238747580225E-012
  -6.0468994316740278E-011   1.8640474066992692E-012
          42   0.0000000000000000        0.0000000000000000     
   1.4768898942888556E-010  -7.2093222847811756E-012
  -6.0946469359350966E-011   1.8841065879486617E-012
          43   0.0000000000000000        0.0000000000000000     
   1.5116555053349501E-010  -7.5528534290360170E-012
  -6.1428886944800789E-011   1.9055722119998215E-012
          44   0.0000000000000000        0.0000000000000000     
   1.5484209237675546E-010  -7.9185697765393485E-012
  -6.1917207872547929E-011   1.9284186044788259E-012
          45   0.0000000000000000        0.0000000000000000     
   1.5873041963019933E-010  -8.3083927863362537E-012
  -6.2412335298373021E-011   1.9526307500608115E-012
          46   0.0000000000000000        0.0000000000000000     
   1.6284344719125888E-010  -8.7244352384013183E-012
  -6.2915125893027173E-011   1.9782034483884056E-012
          47   0.0000000000000000        0.0000000000000000     
   1.6719530443146571E-010  -9.1690265566357521E-012
  -6.3426399755960636E-011   2.0051407143756253E-012
          48   0.0000000000000000        0.0000000000000000     
   1.7180145440546307E-010  -9.6447416814982821E-012
  -6.3946949351309073E-011   2.0334553958078142E-012
          49   0.0000000000000000        0.0000000000000000     
   1.7667882998772127E-010  -1.0154434148037558E-011
  -6.4477547692361074E-011   2.0631689904370879E-012
          50   0.0000000000000000        0.0000000000000000     
   1.8184598929245224E-010  -1.0701274147567081E-011
  -6.5018955977960565E-011   2.0943116523737454E-012
          51   0.0000000000000000        0.0000000000000000     
   1.8732329320125497E-010  -1.1288792503220296E-011
  -6.5571930856824416E-011   2.1269223846425459E-012
          52   0.0000000000000000        0.0000000000000000     
   1.9313310837240420E-010  -1.1920931678037784E-011
  -6.6137231482154507E-011   2.1610494217184510E-012
          53   0.0000000000000000        0.0000000000000000     
   1.9930003975302372E-010  -1.2602105168494611E-011
  -6.6715626524144609E-011   2.1967508125626738E-012
          54   0.0000000000000000        0.0000000000000000     
   2.0585119742677914E-010  -1.3337266928465007E-011
  -6.7307901285384492E-011   2.2340952222113452E-012
          55   0.0000000000000000        0.0000000000000000     
   2.1281650357090884E-010  -1.4131992833772102E-011
  -6.7914865092653287E-011   2.2731629780178118E-012
          56   0.0000000000000000        0.0000000000000000     
   2.2022904649189580E-010  -1.4992576656770600E-011
  -6.8537359126722956E-011   2.3140473962195228E-012
          57   0.0000000000000000        0.0000000000000000     
   2.2812549013830187E-010  -1.5926143599824431E-011
  -6.9176264883551914E-011   2.3568564359433290E-012
          58   0.0000000000000000        0.0000000000000000     
   2.3654654927698041E-010  -1.6940785172464850E-011
  -6.9832513476679633E-011   2.4017147414943536E-012
          59   0.0000000000000000        0.0000000000000000     
   2.4553754272857319E-010  -1.8045720136215233E-011
  -7.0507096028103333E-011   2.4487661513873932E-012
          60   0.0000000000000000        0.0000000000000000     
   2.5514903981940151E-010  -1.9251487447088549E-011
  -7.1201075432027067E-011   2.4981767742139877E-012
          61   0.0000000000000000        0.0000000000000000     
   2.6543761866902329E-010  -2.0570178684465150E-011
  -7.1915599840942321E-011   2.5501387598710548E-012
          62   0.0000000000000000        0.0000000000000000     
   2.7646675930983609E-010  -2.2015719482732320E-011
  -7.2651918290888491E-011   2.6048749308383656E-012
          63   0.0000000000000000        0.0000000000000000     
   2.8830790019548233E-010  -2.3604212139098223E-011
  -7.3411398977605075E-011   2.6626444857407082E-012
          64   0.0000000000000000        0.0000000000000000     
   3.0104169396915292E-010  -2.5354355083180321E-011
  -7.4195549567716617E-011   2.7237500192456866E-012
          65   0.0000000000000000        0.0000000000000000     
   3.1475950603968256E-010  -2.7287959524505599E-011
  -7.5006047881841684E-011   2.7885464016263839E-012
          66   0.0000000000000000        0.0000000000000000     
   3.2956521582139817E-010  -2.9430589964769648E-011
  -7.5844765101201759E-011   2.8574515249079351E-012
          67   0.0000000000000000        0.0000000000000000     
   3.4557738858690091E-010  -3.1812363556544964E-011
  -7.6713807908820502E-011   2.9309601533136847E-012
          68   0.0000000000000000        0.0000000000000000     
   3.6293191370017832E-010  -3.4468955056838167E-011
  -7.7615562363669694E-011   3.0096612434635152E-012
          69   0.0000000000000000        0.0000000000000000     
   3.8178522765623821E-010  -3.7442870006522698E-011
  -7.8552749160446937E-011   3.0942600321514920E-012
          70   0.0000000000000000        0.0000000000000000     
   4.0231827812772058E-010  -4.0785071116626088E-011
  -7.9528491788845053E-011   3.1856063723856235E-012
          71   0.0000000000000000        0.0000000000000000     
   4.2474143409015272E-010  -4.4557074330571671E-011
  -8.0546401230226316E-011   3.2847313916212011E-012
          72   0.0000000000000000        0.0000000000000000     
   4.4930061410237078E-010  -4.8833676027773723E-011
  -8.1610682026898449E-011   3.3928953500359956E-012
          73   0.0000000000000000        0.0000000000000000     
   4.7628499729102276E-010  -5.3706537976755197E-011
  -8.2726266204112630E-011   3.5116507408592252E-012
          74   0.0000000000000000        0.0000000000000000     
   5.0603681058763676E-010  -5.9288952294867153E-011
  -8.3898983832635652E-011   3.6429263846191436E-012
          75   0.0000000000000000        0.0000000000000000     
   5.3896386790652709E-010  -6.5722251276375060E-011
  -8.5135782268069072E-011   3.7891408188188539E-012
          76   0.0000000000000000        0.0000000000000000     
   5.7555579730317141E-010  -7.3184543094078629E-011
  -8.6445010753752317E-011   3.9533571498710665E-012
          77   0.0000000000000000        0.0000000000000000     
   6.1640526926081834E-010  -8.1902787902048325E-011
  -8.7836793815821944E-011   4.1394974991605503E-012
          78   0.0000000000000000        0.0000000000000000     
   6.6223609309884877E-010  -9.2169753626788648E-011
  -8.9323526777627054E-011   4.3526445616950209E-012
          79   0.0000000000000000        0.0000000000000000     
   7.1394087377011528E-010  -1.0436823411734120E-010
  -9.0920541475935210E-011   4.5994728829386107E-012
          80   0.0000000000000000        0.0000000000000000     
   7.7263216954991872E-010  -1.1900629972194602E-010
  -9.2647012584345115E-011   4.8888772799566667E-012
          81   0.0000000000000000        0.0000000000000000     
   8.3971300773981899E-010  -1.3676969185768149E-010
  -9.4527209229395207E-011   5.2329077247227330E-012
          82   0.0000000000000000        0.0000000000000000     
   9.1697560156831398E-010  -1.5860153813454074E-010
  -9.6592249996311969E-011   5.6481927365301464E-012
          83   0.0000000000000000        0.0000000000000000     
   1.0067418235411627E-009  -1.8582684616618443E-010
  -9.8882603716626019E-011   6.1581636127922999E-012
          84   0.0000000000000000        0.0000000000000000     
   1.1120664895537348E-009  -2.2035273981661333E-010
  -1.0145171258834202E-010   6.7966334752156359E-012
          85   0.0000000000000000        0.0000000000000000     
   1.2370364265528285E-009  -2.6500144376337655E-010
  -1.0437132741270916E-010   7.6137510696895277E-012
          86   0.0000000000000000        0.0000000000000000     
   1.3872167770684027E-009  -3.2408546582921762E-010
  -1.0773947536698665E-010   8.6862876170459358E-012
          87   0.0000000000000000        0.0000000000000000     
   1.5703221987214582E-009  -4.0444527878226187E-010
  -1.1169244959141203E-010   1.0136198472079450E-011
          88   0.0000000000000000        0.0000000000000000     
   1.7972164712347785E-009  -5.1741701327615364E-010
  -1.1642267242868851E-010   1.2165824644992213E-011
          89   0.0000000000000000        0.0000000000000000     
   2.0833134385192499E-009  -6.8278173206490559E-010
  -1.2220373686520035E-010   1.5128549742017337E-011
          90   0.0000000000000000        0.0000000000000000     
   2.4500810157503909E-009  -9.3720935054714969E-010
  -1.2941731062722905E-010   1.9679878888561228E-011
          91   0.0000000000000000        0.0000000000000000     
   2.9242512463071499E-009  -1.3535216858595944E-009
  -1.3853888225045189E-010   2.7122099444011588E-011
          92   0.0000000000000000        0.0000000000000000     
   3.5215047580513445E-009  -2.0866559150264218E-009
  -1.4984592184100719E-010   4.0226694922390352E-011
          93   0.0000000000000000        0.0000000000000000     
   4.1458345938883609E-009  -3.4751437006430895E-009
  -1.6161707631706986E-010   6.5050089531115459E-011
          94   0.0000000000000000        0.0000000000000000     
   4.1003263542151198E-009  -6.0888454411940638E-009
  -1.6137856560823656E-010   1.1178774033226291E-010
          95   0.0000000000000000        0.0000000000000000     
   1.1487689967339059E-009  -9.1779790572004520E-009
  -1.0911359361457339E-010   1.6702269622769130E-010
          96   0.0000000000000000        0.0000000000000000     
  -3.7165177733242434E-009  -8.1470314699282378E-009
  -2.2572705262994014E-011   1.4852644534909202E-010
          97   0.0000000000000000        0.0000000000000000     
  -5.1958738142989213E-009  -4.8291881435454106E-009
   3.4232130159845072E-012   8.9098576760550813E-011
          98   0.0000000000000000        0.0000000000000000     
  -4.7784414112367771E-009  -2.7454238408589013E-009
  -4.4744420876832416E-012   5.1737981626519700E-011
          99   0.0000000000000000        0.0000000000000000     
  -4.1128624892735116E-009  -1.6734050527375617E-009
  -1.6759573387842808E-011   3.2464556459405472E-011
         100   0.0000000000000000        0.0000000000000000     
  -3.5507412569212366E-009  -1.0967671684518861E-009
  -2.7133005204831563E-011   2.2036855326244702E-011
         101   0.0000000000000000        0.0000000000000000     
  -3.1157931064006179E-009  -7.6148496868745447E-010
  -3.5161447275806269E-011   1.5907149675383172E-011
         102   0.0000000000000000        0.0000000000000000     
  -2.7812920197453528E-009  -5.5227448173017729E-010
  -4.1312986629703360E-011   1.2009847008087189E-011
         103   0.0000000000000000        0.0000000000000000     
  -2.5207756025907726E-009  -4.1389077959318582E-010
  -4.6049758433209035E-011   9.3532245621678242E-012
         104   0.0000000000000000        0.0000000000000000     
  -2.3145832456640593E-009  -3.1789029551460865E-010
  -4.9710639386203270E-011   7.4246401547824952E-012
         105   0.0000000000000000        0.0000000000000000     
  -2.1488750664288225E-009  -2.4862112097799874E-010
  -5.2528680278234832E-011   5.9397824983896253E-012
         106   0.0000000000000000        0.0000000000000000     
  -2.0139343377656423E-009  -1.9696083445832060E-010
  -5.4661211020890856E-011   4.7305298524194677E-012
         107   0.0000000000000000        0.0000000000000000     
  -1.9028520646412314E-009  -1.5732613824171920E-010
  -5.6213089849894836E-011   3.6913340154762060E-012
         108   0.0000000000000000        0.0000000000000000     
  -1.8106309242953350E-009  -1.2615434944339083E-010
  -5.7252400406733908E-011   2.7519187492221036E-012
         109   0.0000000000000000        0.0000000000000000     
  -1.7335921713488582E-009  -1.0108916342674315E-010
  -5.7820670068652798E-011   1.8625536052747854E-012
         110   0.0000000000000000        0.0000000000000000     
  -1.6689825549470369E-009  -8.0522781554750261E-011
  -5.7939440269558047E-011   9.8567212926535460E-013
         111   0.0000000000000000        0.0000000000000000     
  -1.6147106256418023E-009  -6.3327510737751687E-011
  -5.7614438509371545E-011   9.0840786428234838E-014
         112   0.0000000000000000        0.0000000000000000     
  -1.5691670111413390E-009  -4.8692586482907617E-011
  -5.6838147613918242E-011  -8.4843827285589199E-013
         113   0.0000000000000000        0.0000000000000000     
  -1.5310998599456059E-009  -3.6021715326818100E-011
  -5.5591266401471948E-011  -1.8568989114948270E-012
         114   0.0000000000000000        0.0000000000000000     
  -1.4995271136160631E-009  -2.4866859208494276E-011
  -5.3843363601883576E-011  -2.9591104864827029E-012
         115   0.0000000000000000        0.0000000000000000     
  -1.4736737933287227E-009  -1.4884305553804311E-011
  -5.1552903615146344E-011  -4.1807745841021799E-012
         116   0.0000000000000000        0.0000000000000000     
  -1.4529265787681229E-009  -5.8048041008668615E-012
  -4.8666741135933715E-011  -5.5498916692090039E-012
         117   0.0000000000000000        0.0000000000000000     
  -1.4368005555218636E-009   2.5872141784705209E-012
  -4.5119124431912137E-011  -7.0979202436878969E-012
         118   0.0000000000000000        0.0000000000000000     
  -1.4249146818510387E-009   1.0468442681327969E-011
  -4.0830203168507719E-011  -8.8610280164148721E-012
         119   0.0000000000000000        0.0000000000000000     
  -1.4169736235838406E-009   1.7987516813172620E-011
  -3.5703998838745584E-011  -1.0881528837465563E-011
         120   0.0000000000000000        0.0000000000000000     
  -1.4127543388659648E-009   2.5273149618021008E-011
  -2.9625758844820212E-011  -1.3209606514475402E-011
         121   0.0000000000000000        0.0000000000000000     
  -1.4120962939615184E-009   3.2440469522470467E-011
  -2.2458574707669803E-011  -1.5905446144047828E-011
         122   0.0000000000000000        0.0000000000000000     
  -1.4148945400006254E-009   3.9596181513377908E-011
  -1.4039096453368174E-011  -1.9041926718986261E-011
         123   0.0000000000000000        0.0000000000000000     
  -1.4210951318276363E-009   4.6843011405919450E-011
  -4.1721140441323757E-012  -2.2708079338591495E-011
         124   0.0000000000000000        0.0000000000000000     
  -1.4306925592640036E-009   5.4283799145470006E-011
   7.3763034699991786E-012  -2.7013590109287723E-011
         125   0.0000000000000000        0.0000000000000000     
  -1.4437290126786549E-009   6.2025563205493516E-011
   2.0887528024943728E-011  -3.2094736701461014E-011
         126   0.0000000000000000        0.0000000000000000     
  -1.4602954369956004E-009   7.0183856108739793E-011
   3.6701515678778668E-011  -3.8122309876988409E-011
         127   0.0000000000000000        0.0000000000000000     
  -1.4805344562748098E-009   7.8887771029621167E-011
   5.5231139745824664E-011  -4.5312313764981051E-011
         128   0.0000000000000000        0.0000000000000000     
  -1.5046453891523509E-009   8.8286049698544037E-011
   7.6980764655930991E-011  -5.3940605821965740E-011
         129   0.0000000000000000        0.0000000000000000     
  -1.5328917395647166E-009   9.8554901455502660E-011
   1.0257051148994725E-010  -6.4363202383276022E-011
         130   0.0000000000000000        0.0000000000000000     
  -1.5656117571159747E-009   1.0990840761200698E-010
   1.3276823322092077E-010  -7.7044860658803747E-011
         131   0.0000000000000000        0.0000000000000000     
  -1.6032329406406197E-009   1.2261281678208629E-010
   1.6853204116074285E-010  -9.2599962085552822E-011
         132   0.0000000000000000        0.0000000000000000     
  -1.6462917514908903E-009   1.3700674663800014E-010
   2.1106735310692332E-010  -1.1185202796199763E-010
         133   0.0000000000000000        0.0000000000000000     
  -1.6954603331798141E-009   1.5353049425824217E-010
   2.6190414399239186E-010  -1.3592205374451169E-010
         134   0.0000000000000000        0.0000000000000000     
  -1.7515827880291883E-009   1.7276968902602800E-010
   3.2300233757939051E-010  -1.6636244924048769E-010
         135   0.0000000000000000        0.0000000000000000     
  -1.8157245434002059E-009   1.9552209290224938E-010
   3.9689639903490484E-010  -2.0536500173280893E-010
         136   0.0000000000000000        0.0000000000000000     
  -1.8892395128857177E-009   2.2290281994793172E-010
   4.8689380932831567E-010  -2.5609237992649337E-010
         137   0.0000000000000000        0.0000000000000000     
  -1.9738606622889073E-009   2.5651534148662687E-010
   5.9734487700227001E-010  -3.2322223493778343E-010
         138   0.0000000000000000        0.0000000000000000     
  -2.0718185492657233E-009   2.9873904514489312E-010
   7.3399750144633355E-010  -4.1386956783526036E-010
