   262144.00000000000     
         256           1           3
   1.7567330116226543E-005   4.4367741432200001        174.97364918450000     
   6.0401400154609997        12.000000000000000        1200.0000000000000     
           0   0.0000000000000000        0.0000000000000000     
   0.0000000000000000        0.0000000000000000     
   0.0000000000000000        0.0000000000000000     
           1  -3.6490522921840547E-008   5.1897576888898743E-009
  -1.3833342644866232E-008   1.8949958377086963E-009
   0.0000000000000000        0.0000000000000000     
           2  -4.3514029095910587E-008   1.4529569071400158E-008
  -1.6381894865406611E-008   5.2888006607473405E-009
   0.0000000000000000        0.0000000000000000     
           3  -5.1187794788105145E-008   4.8091924627454757E-008
  -1.9168887629384961E-008   1.7484647062587037E-008
   0.0000000000000000        0.0000000000000000     
           4   2.1829714143379288E-008   7.5273293569431113E-008
   7.3649462229749451E-009   2.7362824416049539E-008
   0.0000000000000000        0.0000000000000000     
           5   3.2707626346497843E-008   2.2805742368865113E-008
   1.1318975560572176E-008   8.2974127167244644E-009
   0.0000000000000000        0.0000000000000000     
           6   2.1528842309127860E-008   8.5795924220470009E-009
   7.2571588088560109E-009   3.1278922690590763E-009
   0.0000000000000000        0.0000000000000000     
           7   1.5095037862717485E-008   4.2060106471415747E-009
   4.9191210284579973E-009   1.5386691711062435E-009
   0.0000000000000000        0.0000000000000000     
           8   1.1373739920478910E-008   2.4088058010625106E-009
   3.5664381334008862E-009   8.8569461856609562E-010
   0.0000000000000000        0.0000000000000000     
           9   9.0423558962302651E-009   1.5204373291735073E-009
   2.7185542048611390E-009   5.6300042175995272E-010
   0.0000000000000000        0.0000000000000000     
          10   7.4822248248673051E-009   1.0245665216448196E-009
   2.1506844793939479E-009   3.8295127697211826E-010
   0.0000000000000000        0.0000000000000000     
          11   6.3843171368720767E-009   7.2314173415073090E-010
   1.7505481849212251E-009   2.7357514037540792E-010
   0.0000000000000000        0.0000000000000000     
          12   5.5811555406980203E-009   5.2797429887008929E-010
   1.4572965357605962E-009   2.0282390143583697E-010
   0.0000000000000000        0.0000000000000000     
          13   4.9754555129105741E-009   3.9529206960288522E-010
   1.2355841769727857E-009   1.5479051202521926E-010
   0.0000000000000000        0.0000000000000000     
          14   4.5074201413142290E-009   3.0150514665659054E-010
   1.0636855040853765E-009   1.2090230174618520E-010
   0.0000000000000000        0.0000000000000000     
          15   4.1385585853227882E-009   2.3305327165903244E-010
   9.2761567615855259E-010   9.6231503318877049E-011
   0.0000000000000000        0.0000000000000000     
          16   3.8431317137332114E-009   1.8172603035932596E-010
   8.1802219398996025E-010   7.7794592886016456E-011
   0.0000000000000000        0.0000000000000000     
          17   3.6033691651077866E-009   1.4233508994445078E-010
   7.2844719551457036E-010   6.3706361499077101E-011
   0.0000000000000000        0.0000000000000000     
          18   3.4066655995810368E-009   1.1148219145762823E-010
   6.5430879280122737E-010   5.2732189818513878E-011
   0.0000000000000000        0.0000000000000000     
          19   3.2438695696136143E-009   8.6872547419402268E-011
   5.9227939308179622E-010   4.4038527571885101E-011
   0.0000000000000000        0.0000000000000000     
          20   3.1082024331402278E-009   6.6915138276741802E-011
   5.3989292929982078E-010   3.7047635458174174E-011
   0.0000000000000000        0.0000000000000000     
          21   2.9945545102910301E-009   5.0481169592788309E-011
   4.9528914845501748E-010   3.1349805193799549E-011
   0.0000000000000000        0.0000000000000000     
          22   2.8990146532555915E-009   3.6753303811694392E-011
   4.5704269929746515E-010   2.6648568932286582E-011
   0.0000000000000000        0.0000000000000000     
          23   2.8185484602887192E-009   2.5128846912079927E-011
   4.2404622040770814E-010   2.2725517347781370E-011
   0.0000000000000000        0.0000000000000000     
          24   2.7507735970745578E-009   1.5156004907900874E-011
   3.9542870419604245E-010   1.9417136467349188E-011
   0.0000000000000000        0.0000000000000000     
          25   2.6938000161694912E-009   6.4909674009654404E-012
   3.7049743461268639E-010   1.6599214032092496E-011
   0.0000000000000000        0.0000000000000000     
          26   2.6461144426686381E-009  -1.1315709687648633E-012
   3.4869600273682137E-010   1.4176130052513044E-011
   0.0000000000000000        0.0000000000000000     
          27   2.6064956145358897E-009  -7.9190286506257444E-012
   3.2957349131548313E-010   1.2073368040152183E-011
   0.0000000000000000        0.0000000000000000     
          28   2.5739512503737187E-009  -1.4035597784371032E-011
   3.1276154851888022E-010   1.0232191978296968E-011
   0.0000000000000000        0.0000000000000000     
          29   2.5476706033725493E-009  -1.9612827616856966E-011
   2.9795711962373634E-010   8.6058057212498471E-012
   0.0000000000000000        0.0000000000000000     
          30   2.5269883538551130E-009  -2.4757372417182644E-011
   2.8490929328017784E-010   7.1565436245787795E-012
   0.0000000000000000        0.0000000000000000     
          31   2.5113568580658399E-009  -2.9556738419494188E-011
   2.7340917860341091E-010   5.8537891908528568E-012
   0.0000000000000000        0.0000000000000000     
          32   2.5003246301104498E-009  -3.4083599832933276E-011
   2.6328204144574528E-010   4.6724146506432425E-012
   0.0000000000000000        0.0000000000000000     
          33   2.4935195263394198E-009  -3.8399079184822324E-011
   2.5438114333955361E-010   3.5915979315144748E-012
   0.0000000000000000        0.0000000000000000     
          34   2.4906355158242937E-009  -4.2555269935323940E-011
   2.4658287705202719E-010   2.5939161257278104E-012
   0.0000000000000000        0.0000000000000000     
          35   2.4914222139445987E-009  -4.6597199387900653E-011
   2.3978289919190014E-010   1.6646436301956779E-012
   0.0000000000000000        0.0000000000000000     
          36   2.4956765666932173E-009  -5.0564374772898839E-011
   2.3389303670301819E-010   7.9120319841970085E-013
   0.0000000000000000        0.0000000000000000     
          37   2.5032362259336034E-009  -5.4492016851710652E-011
   2.2883879942579605E-010  -3.7267826141597322E-014
   0.0000000000000000        0.0000000000000000     
          38   2.5139742678906724E-009  -5.8412058184407414E-011
   2.2455737147889106E-010  -8.3026390637244754E-013
   0.0000000000000000        0.0000000000000000     
          39   2.5277949902861988E-009  -6.2353963803991228E-011
   2.2099598427571483E-010  -1.5961910607456607E-012
   0.0000000000000000        0.0000000000000000     
          40   2.5446305857337751E-009  -6.6345418103052332E-011
   2.1811059641333912E-010  -2.3425955785722069E-012
   0.0000000000000000        0.0000000000000000     
          41   2.5644385362490668E-009  -7.0412911661009022E-011
   2.1586482264680558E-010  -3.0763535992588324E-012
   0.0000000000000000        0.0000000000000000     
          42   2.5871996099248428E-009  -7.4582254436736472E-011
   2.1422906708229439E-010  -3.8038307361820137E-012
   0.0000000000000000        0.0000000000000000     
          43   2.6129163688958970E-009  -7.8879036465828341E-011
   2.1317982566066430E-010  -4.5310189296626608E-012
   0.0000000000000000        0.0000000000000000     
          44   2.6416121199046578E-009  -8.3329053412371780E-011
   2.1269913075440376E-010  -5.2636562460607596E-012
   0.0000000000000000        0.0000000000000000     
          45   2.6733302565615841E-009  -8.7958711666549503E-011
   2.1277411679816829E-010  -6.0073342651254519E-012
   0.0000000000000000        0.0000000000000000     
          46   2.7081339569953298E-009  -9.2795425904523248E-011
   2.1339669074609215E-010  -6.7675969210893068E-012
   0.0000000000000000        0.0000000000000000     
          47   2.7461062128688307E-009  -9.7868020959938578E-011
   2.1456329510726108E-010  -7.5500341161723061E-012
   0.0000000000000000        0.0000000000000000     
          48   2.7873501764840174E-009  -1.0320714939757595E-010
   2.1627475459873815E-010  -8.3603730635330266E-012
   0.0000000000000000        0.0000000000000000     
          49   2.8319898224014653E-009  -1.0884573625774751E-010
   2.1853620025759105E-010  -9.2045701075861520E-012
   0.0000000000000000        0.0000000000000000     
          50   2.8801709291696809E-009  -1.1481946303727974E-010
   2.2135706731785733E-010  -1.0088905695109556E-011
   0.0000000000000000        0.0000000000000000     
          51   2.9320623959121034E-009  -1.2116730410754305E-010
   2.2475116541568837E-010  -1.1020085221394946E-011
   0.0000000000000000        0.0000000000000000     
          52   2.9878579178906372E-009  -1.2793213047556657E-010
   2.2873682183224515E-010  -1.2005348649821577E-011
   0.0000000000000000        0.0000000000000000     
          53   3.0477780553865817E-009  -1.3516139817309413E-010
   2.3333710064020331E-010  -1.3052592110659734E-011
   0.0000000000000000        0.0000000000000000     
          54   3.1120727416567698E-009  -1.4290794172922800E-010
   2.3858010287230351E-010  -1.4170505139988503E-011
   0.0000000000000000        0.0000000000000000     
          55   3.1810242887975715E-009  -1.5123089732714587E-010
   2.4449935526789465E-010  -1.5368727849661371E-011
   0.0000000000000000        0.0000000000000000     
          56   3.2549509659217520E-009  -1.6019678562561495E-010
   2.5113429793934748E-010  -1.6658033163680980E-011
   0.0000000000000000        0.0000000000000000     
          57   3.3342112426444579E-009  -1.6988079117088415E-010
   2.5853088451666823E-010  -1.8050540368208806E-011
   0.0000000000000000        0.0000000000000000     
          58   3.4192088136245707E-009  -1.8036828430693939E-010
   2.6674231217216683E-010  -1.9559967677401034E-011
   0.0000000000000000        0.0000000000000000     
          59   3.5103985480361898E-009  -1.9175664313895926E-010
   2.7582990361721779E-010  -2.1201933418782638E-011
   0.0000000000000000        0.0000000000000000     
          60   3.6082935428757755E-009  -2.0415744826624470E-010
   2.8586416893362207E-010  -2.2994317928646671E-011
   0.0000000000000000        0.0000000000000000     
          61   3.7134735032630715E-009  -2.1769914286863693E-010
   2.9692608233587961E-010  -2.4957701516488807E-011
   0.0000000000000000        0.0000000000000000     
          62   3.8265947289663323E-009  -2.3253027690292205E-010
   3.0910861810373356E-010  -2.7115898172175609E-011
   0.0000000000000000        0.0000000000000000     
          63   3.9484020583572530E-009  -2.4882348893163271E-010
   3.2251860161339806E-010  -2.9496610427587323E-011
   0.0000000000000000        0.0000000000000000     
          64   4.0797432137969160E-009  -2.6678042561944704E-010
   3.3727894644113733E-010  -3.2132238467023352E-011
   0.0000000000000000        0.0000000000000000     
          65   4.2215861132498296E-009  -2.8663786170659751E-010
   3.5353136810127506E-010  -3.5060886954936474E-011
   0.0000000000000000        0.0000000000000000     
          66   4.3750398714473389E-009  -3.0867536877032149E-010
   3.7143969064358041E-010  -3.8327627181732167E-011
   0.0000000000000000        0.0000000000000000     
          67   4.5413804235884577E-009  -3.3322499865949680E-010
   3.9119389631363080E-010  -4.1986091565756682E-011
   0.0000000000000000        0.0000000000000000     
          68   4.7220819845373934E-009  -3.6068361088521125E-010
   4.1301511381359893E-010  -4.6100504560002439E-011
   0.0000000000000000        0.0000000000000000     
          69   4.9188559337018640E-009  -3.9152870285061389E-010
   4.3716180182722204E-010  -5.0748291964616789E-011
   0.0000000000000000        0.0000000000000000     
          70   5.1336992289992540E-009  -4.2633892830165369E-010
   4.6393746762897859E-010  -5.6023464605959307E-011
   0.0000000000000000        0.0000000000000000     
          71   5.3689551590479436E-009  -4.6582095966617750E-010
   4.9370037497204282E-010  -6.2041050049051240E-011
   0.0000000000000000        0.0000000000000000     
          72   5.6273902604593862E-009  -5.1084503700065311E-010
   5.2687578635262640E-010  -6.8942958913311800E-011
   0.0000000000000000        0.0000000000000000     
          73   5.9122923503874257E-009  -5.6249256210732442E-010
   5.6397198513843366E-010  -7.6905844228883280E-011
   0.0000000000000000        0.0000000000000000     
          74   6.2275973584186971E-009  -6.2212063532254259E-010
   6.0560021167211724E-010  -8.6151753970793466E-011
   0.0000000000000000        0.0000000000000000     
          75   6.5780541954798221E-009  -6.9145077162314792E-010
   6.5250148961155887E-010  -9.6962783421358894E-011
   0.0000000000000000        0.0000000000000000     
          76   6.9694423259813797E-009  -7.7269271102819659E-010
   7.0558160884348342E-010  -1.0970152016947335E-010
   0.0000000000000000        0.0000000000000000     
          77   7.4088620983283228E-009  -8.6872007999499671E-010
   7.6595795788170659E-010  -1.2484004987032230E-010
   0.0000000000000000        0.0000000000000000     
          78   7.9051274269827602E-009  -9.8332419652281474E-010
   8.3502292569897721E-010  -1.4300185799250683E-010
   0.0000000000000000        0.0000000000000000     
          79   8.4693045969600673E-009  -1.1215882450081539E-009
   9.1453096168746601E-010  -1.6502358712707673E-010
   0.0000000000000000        0.0000000000000000     
          80   9.1154630772085814E-009  -1.2904514126716189E-009
   1.0067199592030514E-009  -1.9204811305371244E-010
   0.0000000000000000        0.0000000000000000     
          81   9.8617391629027152E-009  -1.4995810220460576E-009
   1.1144832716784160E-009  -2.2566836984407765E-010
   0.0000000000000000        0.0000000000000000     
          82   1.0731869163761204E-008  -1.7627593782255433E-009
   1.2416176864144237E-009  -2.6815592949248116E-010
   0.0000000000000000        0.0000000000000000     
          83   1.1757438960648328E-008  -2.1001606111582402E-009
   1.3931871816163313E-009  -3.2283602378717198E-010
   0.0000000000000000        0.0000000000000000     
          84   1.2981241214161494E-008  -2.5422269213898348E-009
   1.5760654551798858E-009  -3.9472552400386104E-010
   0.0000000000000000        0.0000000000000000     
          85   1.4462354592558256E-008  -3.1365478853854387E-009
   1.7997557430565807E-009  -4.9166421260364122E-010
   0.0000000000000000        0.0000000000000000     
          86   1.6283859948505046E-008  -3.9606668937190178E-009
   2.0776335216925893E-009  -6.2641869495492587E-010
   0.0000000000000000        0.0000000000000000     
          87   1.8564301722217792E-008  -5.1472674098051704E-009
   2.4287845106816862E-009  -8.2081553737454150E-010
   0.0000000000000000        0.0000000000000000     
          88   2.1472956264012704E-008  -6.9368999661083530E-009
   2.8804274433575736E-009  -1.1143827212021593E-009
   0.0000000000000000        0.0000000000000000     
          89   2.5240855689703728E-008  -9.7961611486556046E-009
   3.4695536115710708E-009  -1.5836875305818191E-009
   0.0000000000000000        0.0000000000000000     
          90   3.0114364254103834E-008  -1.4700012738490643E-008
   4.2349501694857706E-009  -2.3884357730058660E-009
   0.0000000000000000        0.0000000000000000     
          91   3.5955400447715432E-008  -2.3814821994834027E-008
   5.1508990233540170E-009  -3.8826159504158319E-009
   0.0000000000000000        0.0000000000000000     
          92   3.9949347978569419E-008  -4.1686422731409472E-008
   5.7507716185928973E-009  -6.8056577689273135E-009
   0.0000000000000000        0.0000000000000000     
          93   2.7874460548446091E-008  -7.1094859184539158E-008
   3.7050492410199096E-009  -1.1592785894504777E-008
   0.0000000000000000        0.0000000000000000     
          94  -1.5564176377066765E-008  -8.1299475818716684E-008
  -3.4458960799936958E-009  -1.3196595843317630E-008
   0.0000000000000000        0.0000000000000000     
          95  -4.2265075344340554E-008  -5.3157844050758531E-008
  -7.8111672095744567E-009  -8.5520462344471649E-009
   0.0000000000000000        0.0000000000000000     
          96  -4.2112007110752336E-008  -2.9610183792809032E-008
  -7.7952363667453481E-009  -4.6940755868469918E-009
   0.0000000000000000        0.0000000000000000     
          97  -3.6170406319778750E-008  -1.7416529325258308E-008
  -6.8523305479001113E-009  -2.6993090170119379E-009
   0.0000000000000000        0.0000000000000000     
          98  -3.0684559920235482E-008  -1.1103438154018326E-008
  -5.9967248373497960E-009  -1.6640344763439020E-009
   0.0000000000000000        0.0000000000000000     
          99  -2.6399252940395613E-008  -7.5684365222292470E-009
  -5.3467945820046160E-009  -1.0796079728097806E-009
   0.0000000000000000        0.0000000000000000     
         100  -2.3117023158644495E-008  -5.4299665388402497E-009
  -4.8693549794635417E-009  -7.1995859255653774E-010
   0.0000000000000000        0.0000000000000000     
         101  -2.0574584426644103E-008  -4.0504278745383532E-009
  -4.5217019883444859E-009  -4.8061479921752637E-010
   0.0000000000000000        0.0000000000000000     
         102  -1.8569815446387678E-008  -3.1129461806413458E-009
  -4.2718754416108584E-009  -3.0927099288523940E-010
   0.0000000000000000        0.0000000000000000     
         103  -1.6960612502095695E-008  -2.4483069357990750E-009
  -4.0983390631500635E-009  -1.7740498736884412E-010
   0.0000000000000000        0.0000000000000000     
         104  -1.5648067268694372E-008  -1.9603296517074744E-009
  -3.9872719624098378E-009  -6.7966936077874609E-011
   0.0000000000000000        0.0000000000000000     
         105  -1.4562515754859613E-008  -1.5913855924856130E-009
  -3.9304456153914572E-009   3.0448815722968919E-011
   0.0000000000000000        0.0000000000000000     
         106  -1.3653968424201828E-008  -1.3053838754057299E-009
  -3.9239333415780279E-009   1.2671473579937956E-010
   0.0000000000000000        0.0000000000000000     
         107  -1.2885806820933887E-008  -1.0788794134003109E-009
  -3.9675042937403466E-009   2.2919615407556151E-010
   0.0000000000000000        0.0000000000000000     
         108  -1.2230626486855579E-008  -8.9619903036715186E-010
  -4.0645819505379596E-009   3.4756910496518900E-010
   0.0000000000000000        0.0000000000000000     
         109  -1.1667441228674942E-008  -7.4668183640225897E-010
  -4.2227238111103281E-009   4.9516817313236121E-010
   0.0000000000000000        0.0000000000000000     
         110  -1.1179737589400412E-008  -6.2312461009071667E-010
  -4.4545915923290113E-009   6.9294437403449074E-010
   0.0000000000000000        0.0000000000000000     
         111  -1.0754049941276216E-008  -5.2103468634252012E-010
  -4.7790955925762112E-009   9.7724254202421970E-010
   0.0000000000000000        0.0000000000000000     
         112  -1.0378869488470520E-008  -4.3866679965298017E-010
  -5.2207816409951720E-009   1.4165774612167944E-009
   0.0000000000000000        0.0000000000000000     
         113  -1.0043998733447635E-008  -3.7834958167479567E-010
  -5.7977506510022277E-009   2.1498718851500152E-009
   0.0000000000000000        0.0000000000000000     
         114  -9.7419039751200761E-009  -3.5067124374212423E-010
  -6.4512878546155596E-009   3.4703791886621000E-009
   0.0000000000000000        0.0000000000000000     
         115  -9.4801418205950735E-009  -3.8282819943849590E-010
  -6.7110183860685800E-009   5.9204281706427408E-009
   0.0000000000000000        0.0000000000000000     
         116  -9.3319983905851841E-009  -4.9923385029985528E-010
  -4.7338819026274242E-009   9.5197123139685505E-009
   0.0000000000000000        0.0000000000000000     
         117  -9.3971863453828089E-009  -5.5193837444317671E-010
   6.6365614625939867E-010   1.0388996601243315E-008
   0.0000000000000000        0.0000000000000000     
         118  -9.4601083301445078E-009  -3.9840487037791873E-010
   3.8949300817498781E-009   6.9789823059401280E-009
   0.0000000000000000        0.0000000000000000     
         119  -9.4138026751272422E-009  -2.2405679321380445E-010
   4.0020829357026281E-009   4.0438542503588785E-009
   0.0000000000000000        0.0000000000000000     
         120  -9.3433832416899718E-009  -9.6030798198053094E-011
   3.3234289734018834E-009   2.4430918434477227E-009
   0.0000000000000000        0.0000000000000000     
         121  -9.2893388885278637E-009   4.2041605280601058E-013
   2.6512627285172694E-009   1.5874166884266657E-009
   0.0000000000000000        0.0000000000000000     
         122  -9.2616586452130727E-009   8.0233367294677370E-011
   2.1103647796814200E-009   1.1001027459545280E-009
   0.0000000000000000        0.0000000000000000     
         123  -9.2623046075860055E-009   1.5188956911614433E-010
   1.6892723731470071E-009   8.0301988810003925E-010
   0.0000000000000000        0.0000000000000000     
         124  -9.2916672169701524E-009   2.2025063725631772E-010
   1.3596294609517907E-009   6.1102423656042108E-010
   0.0000000000000000        0.0000000000000000     
         125  -9.3501803708079067E-009   2.8844941772659451E-010
   1.0975773473443239E-009   4.8084553789504179E-010
   0.0000000000000000        0.0000000000000000     
         126  -9.4387400661194324E-009   3.5883524316940333E-010
   8.8568453150699900E-010   3.8901685271958306E-010
   0.0000000000000000        0.0000000000000000     
         127  -9.5588377555565297E-009   4.3346161064391953E-010
   7.1158794742089995E-010   3.2203754864471921E-010
   0.0000000000000000        0.0000000000000000     
         128  -9.7126421642585836E-009   5.1437399450275916E-010
   5.6651863091859991E-010   2.7172433351637417E-010
   0.0000000000000000        0.0000000000000000     
         129  -9.9030959274222601E-009   6.0381934623659300E-010
   4.4420587454947524E-010   2.3287722827355768E-010
   0.0000000000000000        0.0000000000000000     
         130  -1.0134051706422495E-008   7.0444032393917343E-010
   3.4013064317076449E-010   2.0203908697572680E-010
   0.0000000000000000        0.0000000000000000     
         131  -1.0410464377847902E-008   8.1949587494305135E-010
   2.5103002707318859E-010   1.7679945303499360E-010
   0.0000000000000000        0.0000000000000000     
         132  -1.0738658087125941E-008   9.5314698851604997E-010
   1.7457173802843165E-010   1.5538099888645059E-010
   0.0000000000000000        0.0000000000000000     
         133  -1.1126695331810431E-008   1.1108564399087286E-009
   1.0914541947854627E-010   1.3637593896318461E-010
   0.0000000000000000        0.0000000000000000     
         134  -1.1584885493832398E-008   1.2999753381501601E-009
   5.3735196992306083E-011   1.1855996955319575E-010
   0.0000000000000000        0.0000000000000000     
         135  -1.2126488379361995E-008   1.5306347673319652E-009
   7.8548581526383754E-012   1.0073894416237504E-010
   0.0000000000000000        0.0000000000000000     
         136  -1.2768690108015647E-008   1.8171444500883147E-009
  -2.8463865715841155E-011   8.1593780453848887E-011
   0.0000000000000000        0.0000000000000000     
         137  -1.3533954121793508E-008   2.1802567960299962E-009
  -5.4632947999025922E-011   5.9486979135881128E-011
   0.0000000000000000        0.0000000000000000     
         138  -1.4451868351047667E-008   2.6509562366954957E-009
  -6.9414493751423882E-011   3.2178058273864530E-011
   0.0000000000000000        0.0000000000000000     
