   262144.00000000000     
         256           1           3
   1.7567330116226543E-005   4.4367741432200001        174.97364918450000     
   6.0401400154609997        12.000000000000000        1200.0000000000000     
           0   0.0000000000000000        0.0000000000000000     
   0.0000000000000000        0.0000000000000000     
   0.0000000000000000        0.0000000000000000     
           1   0.0000000000000000        0.0000000000000000     
   5.4308262361514452E-010   2.1760592278276406E-009
  -8.0945176248546455E-010  -3.3927289506338526E-009
           2   0.0000000000000000        0.0000000000000000     
   7.1339980416153674E-010   5.0276938377196607E-010
  -1.0752605308635856E-009  -7.8450629863041025E-010
           3   0.0000000000000000        0.0000000000000000     
   4.6575689392727793E-010   1.6338937519483182E-010
  -6.8941351403293957E-010  -2.5550794134388845E-010
           4   0.0000000000000000        0.0000000000000000     
   3.4218529444159877E-010   6.9282082351919732E-011
  -4.9688536957531770E-010  -1.0882862051183221E-010
           5   0.0000000000000000        0.0000000000000000     
   2.7802329693657569E-010   3.4260332201188566E-011
  -3.9691277897183436E-010  -5.4250057106855321E-011
           6   0.0000000000000000        0.0000000000000000     
   2.4137500148567470E-010   1.8428989532597805E-011
  -3.3979045060439566E-010  -2.9585743965716185E-011
           7   0.0000000000000000        0.0000000000000000     
   2.1877476439276916E-010   1.0251521948291025E-011
  -3.0453532618591331E-010  -1.6853051489662962E-011
           8   0.0000000000000000        0.0000000000000000     
   2.0402366792431642E-010   5.5947102681131045E-012
  -2.8148862816332752E-010  -9.6092769134179995E-012
           9   0.0000000000000000        0.0000000000000000     
   1.9399368035280607E-010   2.7348479846317636E-012
  -2.6577688415229555E-010  -5.1675671808224520E-012
          10   0.0000000000000000        0.0000000000000000     
   1.8697975397262457E-010   8.6736844386236225E-013
  -2.5474386039775261E-010  -2.2737966242776572E-012
          11   0.0000000000000000        0.0000000000000000     
   1.8199201112657625E-010  -4.1735305388609980E-013
  -2.4684756716606657E-010  -2.8946925221638567E-013
          12   0.0000000000000000        0.0000000000000000     
   1.7842530488152113E-010  -1.3427868332893298E-012
  -2.4114535988078626E-010   1.1337320006781766E-012
          13   0.0000000000000000        0.0000000000000000     
   1.7589355093749067E-010  -2.0379191209997297E-012
  -2.3703580685916470E-010   2.1968383973516775E-012
          14   0.0000000000000000        0.0000000000000000     
   1.7414150865505213E-010  -2.5807860225965178E-012
  -2.3412124191003811E-010   3.0214553274739022E-012
          15   0.0000000000000000        0.0000000000000000     
   1.7299534012484551E-010  -3.0205272940344089E-012
  -2.3213073944698273E-010   3.6841394639488563E-012
          16   0.0000000000000000        0.0000000000000000     
   1.7233366418195302E-010  -3.3891801970002994E-012
  -2.3087502214922782E-010   4.2347829318877216E-012
          17   0.0000000000000000        0.0000000000000000     
   1.7206995887828925E-010  -3.7082840812459923E-012
  -2.3021904912159363E-010   4.7069084578759587E-012
          18   0.0000000000000000        0.0000000000000000     
   1.7214150714146648E-010  -3.9927289069221001E-012
  -2.3006479733893726E-010   5.1236683363678967E-012
          19   0.0000000000000000        0.0000000000000000     
   1.7250225092270619E-010  -4.2530768991081948E-012
  -2.3034013139344738E-010   5.5014632587746416E-012
          20   0.0000000000000000        0.0000000000000000     
   1.7311805406414622E-010  -4.4970065737170571E-012
  -2.3099142495652800E-010   5.8521930337382169E-012
          21   0.0000000000000000        0.0000000000000000     
   1.7396349140449591E-010  -4.7302356915850955E-012
  -2.3197855915395779E-010   6.1846949983462051E-012
          22   0.0000000000000000        0.0000000000000000     
   1.7501962930250744E-010  -4.9571258242946750E-012
  -2.3327146471105353E-010   6.5056860633405311E-012
          23   0.0000000000000000        0.0000000000000000     
   1.7627246481085582E-010  -5.1810873348461192E-012
  -2.3484768950734019E-010   6.8203935820130067E-012
          24   0.0000000000000000        0.0000000000000000     
   1.7771181144173827E-010  -5.4048563541307275E-012
  -2.3669066122451664E-010   7.1329866215508030E-012
          25   0.0000000000000000        0.0000000000000000     
   1.7933049354852777E-010  -5.6306879643958739E-012
  -2.3878843017207915E-010   7.4468765503318617E-012
          26   0.0000000000000000        0.0000000000000000     
   1.8112375769837805E-010  -5.8604935246564957E-012
  -2.4113274957104509E-010   7.7649304820114280E-012
          27   0.0000000000000000        0.0000000000000000     
   1.8308883920389324E-010  -6.0959401555609794E-012
  -2.4371839697780595E-010   8.0896256565853158E-012
          28   0.0000000000000000        0.0000000000000000     
   1.8522464136976966E-010  -6.3385242323621146E-012
  -2.4654267072173971E-010   8.4231632212405284E-012
          29   0.0000000000000000        0.0000000000000000     
   1.8753149793662721E-010  -6.5896268193333567E-012
  -2.4960501535695548E-010   8.7675537691718016E-012
          30   0.0000000000000000        0.0000000000000000     
   1.9001099791502156E-010  -6.8505564500470958E-012
  -2.5290674368787000E-010   9.1246830509155116E-012
          31   0.0000000000000000        0.0000000000000000     
   1.9266585801009891E-010  -7.1225829984577971E-012
  -2.5645083227675700E-010   9.4963636842437060E-012
          32   0.0000000000000000        0.0000000000000000     
   1.9549983200663492E-010  -7.4069652813192903E-012
  -2.6024177382629820E-010   9.8843769652063058E-012
          33   0.0000000000000000        0.0000000000000000     
   1.9851764942988650E-010  -7.7049742877580279E-012
  -2.6428547440818399E-010   1.0290507719902196E-011
          34   0.0000000000000000        0.0000000000000000     
   2.0172497793868275E-010  -8.0179134261191027E-012
  -2.6858918683280811E-010   1.0716574345777868E-011
          35   0.0000000000000000        0.0000000000000000     
   2.0512840543832598E-010  -8.3471368310694875E-012
  -2.7316147382811748E-010   1.1164455647330666E-011
          36   0.0000000000000000        0.0000000000000000     
   2.0873543905712344E-010  -8.6940665370307155E-012
  -2.7801219648320154E-010   1.1636115698454717E-011
          37   0.0000000000000000        0.0000000000000000     
   2.1255451899423422E-010  -9.0602091620083330E-012
  -2.8315252474307453E-010   1.2133627707330311E-011
          38   0.0000000000000000        0.0000000000000000     
   2.1659504593195757E-010  -9.4471726384187266E-012
  -2.8859496779138247E-010   1.2659197687693989E-011
          39   0.0000000000000000        0.0000000000000000     
   2.2086742122286364E-010  -9.8566834593903065E-012
  -2.9435342294446836E-010   1.3215188628878376E-011
          40   0.0000000000000000        0.0000000000000000     
   2.2538309952366348E-010  -1.0290604870401839E-011
  -3.0044324237643945E-010   1.3804145790554826E-011
          41   0.0000000000000000        0.0000000000000000     
   2.3015465391243834E-010  -1.0750956421359622E-011
  -3.0688131753742217E-010   1.4428823717734547E-011
          42   0.0000000000000000        0.0000000000000000     
   2.3519585388078913E-010  -1.1239935299328188E-011
  -3.1368618164982525E-010   1.5092215570773330E-011
          43   0.0000000000000000        0.0000000000000000     
   2.4052175689751466E-010  -1.1759939884266092E-011
  -3.2087813110796855E-010   1.5797585389205091E-011
          44   0.0000000000000000        0.0000000000000000     
   2.4614881456888848E-010  -1.2313596010043489E-011
  -3.2847936707678608E-010   1.6548503957972316E-011
          45   0.0000000000000000        0.0000000000000000     
   2.5209499474893039E-010  -1.2903786469134316E-011
  -3.3651415904899048E-010   1.7348889017144002E-011
          46   0.0000000000000000        0.0000000000000000     
   2.5837992128571345E-010  -1.3533684375299821E-011
  -3.4500903258140312E-010   1.8203050656559999E-011
          47   0.0000000000000000        0.0000000000000000     
   2.6502503349484595E-010  -1.4206791094450482E-011
  -3.5399298399504969E-010   1.9115742864536756E-011
          48   0.0000000000000000        0.0000000000000000     
   2.7205376787540040E-010  -1.4926979575330707E-011
  -3.6349772540492945E-010   2.0092222362772286E-011
          49   0.0000000000000000        0.0000000000000000     
   2.7949176508934547E-010  -1.5698544062020998E-011
  -3.7355796413805121E-010   2.1138316061890052E-011
          50   0.0000000000000000        0.0000000000000000     
   2.8736710580417774E-010  -1.6526257356624663E-011
  -3.8421172138663705E-010   2.2260498723465886E-011
          51   0.0000000000000000        0.0000000000000000     
   2.9571057969681649E-010  -1.7415437031166794E-011
  -3.9550069589490419E-010   2.3465982725931335E-011
          52   0.0000000000000000        0.0000000000000000     
   3.0455599273989568E-010  -1.8372022273171891E-011
  -4.0747067959602553E-010   2.4762822217576229E-011
          53   0.0000000000000000        0.0000000000000000     
   3.1394051886716467E-010  -1.9402663403742125E-011
  -4.2017203343770194E-010   2.6160034419179327E-011
          54   0.0000000000000000        0.0000000000000000     
   3.2390510332965814E-010  -2.0514826548588033E-011
  -4.3366023328579085E-010   2.7667741436276699E-011
          55   0.0000000000000000        0.0000000000000000     
   3.3449492647841088E-010  -2.1716916494174846E-011
  -4.4799649772148548E-010   2.9297336687729359E-011
          56   0.0000000000000000        0.0000000000000000     
   3.4575993850542380E-010  -2.3018421454978309E-011
  -4.6324851198439368E-010   3.1061680996307810E-011
          57   0.0000000000000000        0.0000000000000000     
   3.5775547783404456E-010  -2.4430084352943498E-011
  -4.7949126523632914E-010   3.2975334571513529E-011
          58   0.0000000000000000        0.0000000000000000     
   3.7054298854481014E-010  -2.5964106321509997E-011
  -4.9680802197148659E-010   3.5054832619166934E-011
          59   0.0000000000000000        0.0000000000000000     
   3.8419085555840402E-010  -2.7634389564819456E-011
  -5.1529145291471992E-010   3.7319014232115714E-011
          60   0.0000000000000000        0.0000000000000000     
   3.9877538046296465E-010  -2.9456828523618238E-011
  -5.3504495639094565E-010   3.9789416681475641E-011
          61   0.0000000000000000        0.0000000000000000     
   4.1438192610105335E-010  -3.1449660652914366E-011
  -5.5618420822577625E-010   4.2490750413822893E-011
          62   0.0000000000000000        0.0000000000000000     
   4.3110626463729116E-010  -3.3633891177858012E-011
  -5.7883898718187515E-010   4.5451474204177844E-011
          63   0.0000000000000000        0.0000000000000000     
   4.4905617222161046E-010  -3.6033810206028014E-011
  -6.0315533429969092E-010   4.8704495345449165E-011
          64   0.0000000000000000        0.0000000000000000     
   4.6835332479499545E-010  -3.8677625886681738E-011
  -6.2929812076359068E-010   5.2288026965715451E-011
          65   0.0000000000000000        0.0000000000000000     
   4.8913555845921884E-010  -4.1598244232149290E-011
  -6.5745410549431923E-010   5.6246643805376927E-011
          66   0.0000000000000000        0.0000000000000000     
   5.1155959058947638E-010  -4.4834236035090822E-011
  -6.8783562431799147E-010   6.0632591478409230E-011
          67   0.0000000000000000        0.0000000000000000     
   5.3580429653460600E-010  -4.8431043506465437E-011
  -7.2068502359086224E-010   6.5507420078808171E-011
          68   0.0000000000000000        0.0000000000000000     
   5.6207469229751970E-010  -5.2442497357277636E-011
  -7.5628005351475754E-010   7.0944038160005831E-011
          69   0.0000000000000000        0.0000000000000000     
   5.9060679967178146E-010  -5.6932738828146250E-011
  -7.9494045539998743E-010   7.7029314908825739E-011
          70   0.0000000000000000        0.0000000000000000     
   6.2167363005185070E-010  -6.1978674981997868E-011
  -8.3703606343508697E-010   8.3867404240274982E-011
          71   0.0000000000000000        0.0000000000000000     
   6.5559259653340600E-010  -6.7673143107937450E-011
  -8.8299684011207536E-010   9.1584028867394768E-011
          72   0.0000000000000000        0.0000000000000000     
   6.9273476508711522E-010  -7.4129028021901844E-011
  -9.3332540140971894E-010   1.0033205436998163E-010
          73   0.0000000000000000        0.0000000000000000     
   7.3353649520625400E-010  -8.1484674405519527E-011
  -9.8861277684363650E-010   1.1029881643381473E-010
          74   0.0000000000000000        0.0000000000000000     
   7.7851421519892276E-010  -8.9911080740250566E-011
  -1.0495584131597222E-009   1.2171585993255948E-010
          75   0.0000000000000000        0.0000000000000000     
   8.2828335229729696E-010  -9.9621576706018576E-011
  -1.1169958027285401E-009   1.3487203999995937E-010
          76   0.0000000000000000        0.0000000000000000     
   8.8358283084707840E-010  -1.1088501225855963E-010
  -1.1919256498400292E-009   1.5013137702414909E-010
          77   0.0000000000000000        0.0000000000000000     
   9.4530712121765898E-010  -1.2404399017025704E-010
  -1.2755592588840679E-009   1.6795773919609260E-010
          78   0.0000000000000000        0.0000000000000000     
   1.0145486582979603E-009  -1.3954046613081077E-010
  -1.3693759604291912E-009   1.8894949882227244E-010
          79   0.0000000000000000        0.0000000000000000     
   1.0926546944848866E-009  -1.5795231389168118E-010
  -1.4752000780214574E-009   2.1388903243785592E-010
          80   0.0000000000000000        0.0000000000000000     
   1.1813045367252178E-009  -1.8004654770934356E-010
  -1.5953054898447691E-009   2.4381477051567562E-010
          81   0.0000000000000000        0.0000000000000000     
   1.2826160109914914E-009  -2.0685842967136901E-010
  -1.7325597568433510E-009   2.8012828845440080E-010
          82   0.0000000000000000        0.0000000000000000     
   1.3992945060907426E-009  -2.3981182705244534E-010
  -1.8906258922362234E-009   3.2475723914424529E-010
          83   0.0000000000000000        0.0000000000000000     
   1.5348450632560727E-009  -2.8090717898285277E-010
  -2.0742494785517185E-009   3.8040981051933807E-010
          84   0.0000000000000000        0.0000000000000000     
   1.6938793004780580E-009  -3.3302382327261985E-010
  -2.2896741659524801E-009   4.5098399620890217E-010
          85   0.0000000000000000        0.0000000000000000     
   1.8825669557289693E-009  -4.0042275415094715E-010
  -2.5452529462946401E-009   5.4224819601670484E-010
          86   0.0000000000000000        0.0000000000000000     
   2.1093097362004870E-009  -4.8961506402049475E-010
  -2.8523603705045153E-009   6.6301685460005466E-010
          87   0.0000000000000000        0.0000000000000000     
   2.3857547261713405E-009  -6.1092869347182927E-010
  -3.2267644379274523E-009   8.2727142233815700E-010
          88   0.0000000000000000        0.0000000000000000     
   2.7283036426066209E-009  -7.8147936574209189E-010
  -3.6906697312419326E-009   1.0581822053421330E-009
          89   0.0000000000000000        0.0000000000000000     
   3.1602280486408663E-009  -1.0311334271186486E-009
  -4.2755808566384190E-009   1.3961804534684200E-009
          90   0.0000000000000000        0.0000000000000000     
   3.7139401768267905E-009  -1.4152569644574410E-009
  -5.0253765235423407E-009   1.9162172462533423E-009
          91   0.0000000000000000        0.0000000000000000     
   4.4298002246482293E-009  -2.0438002700193495E-009
  -5.9946950150922615E-009   2.7671360577735398E-009
          92   0.0000000000000000        0.0000000000000000     
   5.3314821715904642E-009  -3.1506961303875381E-009
  -7.2155860357139401E-009   4.2656194168245784E-009
          93   0.0000000000000000        0.0000000000000000     
   6.2740274511468910E-009  -5.2470788882617977E-009
  -8.4918162346916424E-009   7.1036064038809765E-009
          94   0.0000000000000000        0.0000000000000000     
   6.2051924319390863E-009  -9.1933563751231613E-009
  -8.3989319223848286E-009   1.2445858710521942E-008
          95   0.0000000000000000        0.0000000000000000     
   1.7486139896576482E-009  -1.3857463665437143E-008
  -2.3662454972058513E-009   1.8759864664392342E-008
          96   0.0000000000000000        0.0000000000000000     
  -5.5974483583021829E-009  -1.2300828197116614E-008
   7.5779995563477699E-009   1.6652659551783402E-008
          97   0.0000000000000000        0.0000000000000000     
  -7.8312630783258797E-009  -7.2912990369560110E-009
   1.0601603714338229E-008   9.8711687622974737E-009
          98   0.0000000000000000        0.0000000000000000     
  -7.2012263260588342E-009  -4.1450472905506703E-009
   9.7482893526730170E-009   5.6120619165840274E-009
          99   0.0000000000000000        0.0000000000000000     
  -6.1965563698972250E-009  -2.5263801693384361E-009
   8.3877870894990616E-009   3.4209017438452913E-009
         100   0.0000000000000000        0.0000000000000000     
  -5.3481291013881744E-009  -1.6556595849725297E-009
   7.2387572068962228E-009   2.2422682592396151E-009
         101   0.0000000000000000        0.0000000000000000     
  -4.6917552654373943E-009  -1.1493425547058670E-009
   6.3496742948777810E-009   1.5569480494767496E-009
         102   0.0000000000000000        0.0000000000000000     
  -4.1870866843514816E-009  -8.3336554255569462E-010
   5.6659138016391840E-009   1.1293067658221816E-009
         103   0.0000000000000000        0.0000000000000000     
  -3.7941737258684225E-009  -6.2431528964329674E-010
   5.1333903158011993E-009   8.4642633215613863E-010
         104   0.0000000000000000        0.0000000000000000     
  -3.4833370499199041E-009  -4.7924461146076121E-010
   4.7119211104544065E-009   6.5016902393402138E-010
         105   0.0000000000000000        0.0000000000000000     
  -3.2336864380224156E-009  -3.7451970819364368E-010
   4.3732210355868955E-009   5.0854242364336200E-010
         106   0.0000000000000000        0.0000000000000000     
  -3.0305577890162657E-009  -2.9636514282146374E-010
   4.0974328081275699E-009   4.0289988556425839E-010
         107   0.0000000000000000        0.0000000000000000     
  -2.8635271210698034E-009  -2.3634877848301699E-010
   3.8704384179585701E-009   3.2182838411385775E-010
         108   0.0000000000000000        0.0000000000000000     
  -2.7250577701769098E-009  -1.8908899917265980E-010
   3.6820276982558769E-009   2.5804474337738355E-010
         109   0.0000000000000000        0.0000000000000000     
  -2.6096050430504790E-009  -1.5102527264469563E-010
   3.5246861499389216E-009   2.0673135384980635E-010
         110   0.0000000000000000        0.0000000000000000     
  -2.5130228841307424E-009  -1.1972676171587976E-010
   3.3927915926665818E-009   1.6460027114585191E-010
         111   0.0000000000000000        0.0000000000000000     
  -2.4321659319049421E-009  -9.3486997378606341E-011
   3.2820752971827676E-009   1.2934457647855247E-010
         112   0.0000000000000000        0.0000000000000000     
  -2.3646183914058800E-009  -7.1077407529507181E-011
   3.1892547647014072E-009   9.9304798397507653E-011
         113   0.0000000000000000        0.0000000000000000     
  -2.3085062448121118E-009  -5.1592502306116626E-011
   3.1117792899069287E-009   7.3259429588758727E-011
         114   0.0000000000000000        0.0000000000000000     
  -2.2623651195495473E-009  -3.4349753319723966E-011
   3.0476508283182836E-009   5.0289505257753247E-011
         115   0.0000000000000000        0.0000000000000000     
  -2.2250459871927368E-009  -1.8823088111998463E-011
   2.9952960265564464E-009   2.9688713512390112E-011
         116   0.0000000000000000        0.0000000000000000     
  -2.1956470482653992E-009  -4.5975816231289510E-012
   2.9534736403292371E-009   1.0902233648356550E-011
         117   0.0000000000000000        0.0000000000000000     
  -2.1734640844701680E-009   8.6621928176923689E-012
   2.9212068774163612E-009  -6.5158925098087338E-012
         118   0.0000000000000000        0.0000000000000000     
  -2.1579540932046861E-009   2.1234858481678231E-011
   2.8977336286787278E-009  -2.2933214536733255E-011
         119   0.0000000000000000        0.0000000000000000     
  -2.1487086830399339E-009   3.3358996853621813E-011
   2.8824697976537711E-009  -3.8661226324231001E-011
         120   0.0000000000000000        0.0000000000000000     
  -2.1454348236634507E-009   4.5245974076735123E-011
   2.8749824421457446E-009  -5.3972302464818732E-011
         121   0.0000000000000000        0.0000000000000000     
  -2.1479413086436519E-009   5.7090202684554875E-011
   2.8749704682639215E-009  -6.9113045664425487E-011
         122   0.0000000000000000        0.0000000000000000     
  -2.1561298301722864E-009   6.9077825064500947E-011
   2.8822513383278819E-009  -8.4315342984339474E-011
         123   0.0000000000000000        0.0000000000000000     
  -2.1699899635155996E-009   8.1394579063513929E-011
   2.8967527786858337E-009  -9.9806108727730605E-011
         124   0.0000000000000000        0.0000000000000000     
  -2.1895976705163254E-009   9.4233490449966238E-011
   2.9185088751264322E-009  -1.1581651517777789E-010
         125   0.0000000000000000        0.0000000000000000     
  -2.2151171958455280E-009   1.0780300801869984E-010
   2.9476602738761343E-009  -1.3259144432986625E-010
         126   0.0000000000000000        0.0000000000000000     
  -2.2468064782237290E-009   1.2233624879643950E-010
   2.9844585046932534E-009  -1.5039992133715744E-010
         127   0.0000000000000000        0.0000000000000000     
  -2.2850264599449477E-009   1.3810216255106146E-010
   3.0292747434411345E-009  -1.6954741925449159E-010
         128   0.0000000000000000        0.0000000000000000     
  -2.3302549816094467E-009   1.5541968420557536E-010
   3.0826136688621721E-009  -1.9039118060783608E-010
         129   0.0000000000000000        0.0000000000000000     
  -2.3831063308600371E-009   1.7467637301021664E-010
   3.1451334813992083E-009  -2.1336013746238297E-010
         130   0.0000000000000000        0.0000000000000000     
  -2.4443580219082580E-009   1.9635373265292500E-010
   3.2176736930482811E-009  -2.3898172403003562E-010
         131   0.0000000000000000        0.0000000000000000     
  -2.5149870729132356E-009   2.2106253089149203E-010
   3.3012930141479653E-009  -2.6791903231733616E-010
         132   0.0000000000000000        0.0000000000000000     
  -2.5962190412567490E-009   2.4959328095934690E-010
   3.3973207265742982E-009  -3.0102366173135481E-010
         133   0.0000000000000000        0.0000000000000000     
  -2.6895944142209253E-009   2.8299012686203175E-010
   3.5074262803601728E-009  -3.3941278659106435E-010
         134   0.0000000000000000        0.0000000000000000     
  -2.7970588827809984E-009   3.2266165032287456E-010
   3.6337138989283675E-009  -3.8458440394490358E-010
         135   0.0000000000000000        0.0000000000000000     
  -2.9210865315330072E-009   3.7055139536493108E-010
   3.7788515488154237E-009  -4.3859428271195064E-010
         136   0.0000000000000000        0.0000000000000000     
  -3.0648479758865101E-009   4.2940772362983029E-010
   3.9462467582547657E-009  -5.0433545735238085E-010
         137   0.0000000000000000        0.0000000000000000     
  -3.2324377513818695E-009   5.0322408686122115E-010
   4.1402841125727976E-009  -5.8599351671602113E-010
         138   0.0000000000000000        0.0000000000000000     
  -3.4291724471024198E-009   5.9798173837095116E-010
   4.3666364488512896E-009  -6.8981367103584357E-010
