   262144.00000000000     
         256           1           3
   1.7567330116226543E-005  -6.2812290861650002       -178.01823173560001     
   6.0401400154609997        12.000000000000000        1200.0000000000000     
           0   0.0000000000000000        0.0000000000000000     
   0.0000000000000000        0.0000000000000000     
   0.0000000000000000        0.0000000000000000     
           1  -3.8133938024411988E-008   5.4351741128925342E-009
  -7.0139037593237573E-009   9.6158491834278738E-010
   0.0000000000000000        0.0000000000000000     
           2  -4.5493182382346908E-008   1.5220354242364496E-008
  -8.3073856450090925E-009   2.6839822952439054E-009
   0.0000000000000000        0.0000000000000000     
           3  -5.3533275938398221E-008   5.0383141978327386E-008
  -9.7218464161191842E-009   8.8735219230771367E-009
   0.0000000000000000        0.0000000000000000     
           4   2.2965953426779145E-008   7.8860652411243154E-008
   3.7443794166239750E-009   1.3886815881874453E-008
   0.0000000000000000        0.0000000000000000     
           5   3.4362527255878541E-008   2.3891096819492987E-008
   5.7510848035498202E-009   4.2108858183013707E-009
   0.0000000000000000        0.0000000000000000     
           6   2.2650704962433835E-008   8.9865195746988516E-009
   3.6896599820895577E-009   1.5872894489247736E-009
   0.0000000000000000        0.0000000000000000     
           7   1.5910214365749058E-008   4.4043370737610212E-009
   2.5030795787538869E-009   7.8073736293766718E-010
   0.0000000000000000        0.0000000000000000     
           8   1.2011653208302288E-008   2.5213855492062502E-009
   1.8165823850085073E-009   4.4934263569709671E-010
   0.0000000000000000        0.0000000000000000     
           9   9.5693536728914829E-009   1.5906061320694060E-009
   1.3862806489953688E-009   2.8556903833821746E-010
   0.0000000000000000        0.0000000000000000     
          10   7.9351497036189757E-009   1.0710379784984111E-009
   1.0980930859243450E-009   1.9418937453828612E-010
   0.0000000000000000        0.0000000000000000     
          11   6.7852730656777951E-009   7.5518511258716235E-010
   8.9503564933176483E-010   1.3867695717774439E-010
   0.0000000000000000        0.0000000000000000     
          12   5.9442587734985798E-009   5.5065343149175130E-010
   7.4622671414515295E-010   1.0276697909295731E-010
   0.0000000000000000        0.0000000000000000     
          13   5.3101824986743566E-009   4.1158337565521936E-010
   6.3372787248725690E-010   7.8386417879023401E-011
   0.0000000000000000        0.0000000000000000     
          14   4.8203955809672796E-009   3.1326002189167298E-010
   5.4651332220958854E-010   6.1184533637032174E-011
   0.0000000000000000        0.0000000000000000     
          15   4.4345718967662239E-009   2.4147634235608538E-010
   4.7748543331917076E-010   4.8660420258239196E-011
   0.0000000000000000        0.0000000000000000     
          16   4.1257454115884562E-009   1.8763024816460022E-010
   4.2189769356327742E-010   3.9299897148874604E-011
   0.0000000000000000        0.0000000000000000     
          17   3.8752991406658592E-009   1.4628582535561340E-010
   3.7647267070033572E-010   3.2146191007521642E-011
   0.0000000000000000        0.0000000000000000     
          18   3.6700276718332202E-009   1.1388257777177012E-010
   3.3888502630208679E-010   2.6572709821360058E-011
   0.0000000000000000        0.0000000000000000     
          19   3.5003444203267365E-009   8.8016082964177539E-011
   3.0744600450539753E-010   2.2156408164409658E-011
   0.0000000000000000        0.0000000000000000     
          20   3.3591489775858816E-009   6.7019227679119695E-011
   2.8090409564018622E-010   1.8604066937233462E-011
   0.0000000000000000        0.0000000000000000     
          21   3.2410896983770530E-009   4.9709145877421113E-011
   2.5831525872701786E-010   1.5707743947914256E-011
   0.0000000000000000        0.0000000000000000     
          22   3.1420708358594090E-009   3.5229259767409339E-011
   2.3895618095445591E-010   1.3316966988800535E-011
   0.0000000000000000        0.0000000000000000     
          23   3.0589154124683992E-009   2.2947848391375525E-011
   2.2226494322473162E-010   1.1320878537288041E-011
   0.0000000000000000        0.0000000000000000     
          24   2.9891298316994503E-009   1.2391262800589724E-011
   2.0779958883037455E-010   9.6364801070572423E-012
   0.0000000000000000        0.0000000000000000     
          25   2.9307364852275910E-009   3.1989612057059010E-012
   1.9520865621950788E-010   8.2007182166853695E-012
   0.0000000000000000        0.0000000000000000     
          26   2.8821527394350450E-009  -4.9073774239996646E-012
   1.8420987160426695E-010   6.9650491354758365E-012
   0.0000000000000000        0.0000000000000000     
          27   2.8421021453588618E-009  -1.2145457088993638E-011
   1.7457451005823644E-010   5.8916381504054363E-012
   0.0000000000000000        0.0000000000000000     
          28   2.8095484143206785E-009  -1.8687727163530969E-011
   1.6611576059040099E-010   4.9506579599603312E-012
   0.0000000000000000        0.0000000000000000     
          29   2.7836457251500616E-009  -2.4672473513595525E-011
   1.5867996278575208E-010   4.1183394054439750E-012
   0.0000000000000000        0.0000000000000000     
          30   2.7637009129384408E-009  -3.0211939258402176E-011
   1.5213993174539491E-010   3.3755455502322701E-012
   0.0000000000000000        0.0000000000000000     
          31   2.7491444148815976E-009  -3.5398349542566400E-011
   1.4638982130719466E-010   2.7067152198817469E-012
   0.0000000000000000        0.0000000000000000     
          32   2.7395077490386700E-009  -4.0308437590716588E-011
   1.4134113393191641E-010   2.0990709055410373E-012
   0.0000000000000000        0.0000000000000000     
          33   2.7344059225179236E-009  -4.5006886216804601E-011
   1.3691959482552627E-010   1.5420181765400512E-012
   0.0000000000000000        0.0000000000000000     
          34   2.7335235997608052E-009  -4.9548976046988689E-011
   1.3306268422584761E-010   1.0266853971168853E-012
   0.0000000000000000        0.0000000000000000     
          35   2.7366041689979902E-009  -5.3982648000693747E-011
   1.2971767583326628E-010   5.4556729157696979E-013
   0.0000000000000000        0.0000000000000000     
          36   2.7434410656419408E-009  -5.8350129810551104E-011
   1.2684006813878125E-010   9.2246085527429627E-014
   0.0000000000000000        0.0000000000000000     
          37   2.7538708713375292E-009  -6.2689236009013985E-011
   1.2439232349371668E-010  -3.3882892946524329E-013
   0.0000000000000000        0.0000000000000000     
          38   2.7677678248537710E-009  -6.7034422325000756E-011
   1.2234285035845837E-010  -7.5251752685605223E-013
   0.0000000000000000        0.0000000000000000     
          39   2.7850394681664980E-009  -7.1417655129281384E-011
   1.2066517942738918E-010  -1.1531308944117688E-012
   0.0000000000000000        0.0000000000000000     
          40   2.8056232163409636E-009  -7.5869141989484545E-011
   1.1933729571040005E-010  -1.5445481318887862E-012
   0.0000000000000000        0.0000000000000000     
          41   2.8294836894166856E-009  -8.0417958865994049E-011
   1.1834109727034481E-010  -1.9303129428162492E-012
   0.0000000000000000        0.0000000000000000     
          42   2.8566106825359164E-009  -8.5092601862615333E-011
   1.1766195787743020E-010  -2.3137151882712151E-012
   0.0000000000000000        0.0000000000000000     
          43   2.8870176801082802E-009  -8.9921485949102507E-011
   1.1728837589029391E-010  -2.6978609590074307E-012
   0.0000000000000000        0.0000000000000000     
          44   2.9207408432107475E-009  -9.4933409151796779E-011
   1.1721169561349533E-010  -3.0857340793833132E-012
   0.0000000000000000        0.0000000000000000     
          45   2.9578384182457718E-009  -1.0015799798254294E-010
   1.1742589048245151E-010  -3.4802514132301620E-012
   0.0000000000000000        0.0000000000000000     
          46   2.9983905304046196E-009  -1.0562614808835545E-010
   1.1792739990830636E-010  -3.8843139503262544E-012
   0.0000000000000000        0.0000000000000000     
          47   3.0424993386184414E-009  -1.1137047307327459E-010
   1.1871501363384618E-010  -4.3008553778685130E-012
   0.0000000000000000        0.0000000000000000     
          48   3.0902895402641635E-009  -1.1742577406967475E-010
   1.1978979913206699E-010  -4.7328896617706576E-012
   0.0000000000000000        0.0000000000000000     
          49   3.1419092244432546E-009  -1.2382954284806424E-010
   1.2115506901511005E-010  -5.1835590613296744E-012
   0.0000000000000000        0.0000000000000000     
          50   3.1975310827215413E-009  -1.3062251204004747E-010
   1.2281638668880619E-010  -5.6561839689430577E-012
   0.0000000000000000        0.0000000000000000     
          51   3.2573539963730775E-009  -1.3784926743575132E-010
   1.2478160965432525E-010  -6.1543159997216671E-012
   0.0000000000000000        0.0000000000000000     
          52   3.3216050296648947E-009  -1.4555893934865043E-010
   1.2706097097208131E-010  -6.6817958533016140E-012
   0.0000000000000000        0.0000000000000000     
          53   3.3905418702599994E-009  -1.5380599283869411E-010
   1.2966720052771304E-010  -7.2428176375461726E-012
   0.0000000000000000        0.0000000000000000     
          54   3.4644557707924901E-009  -1.6265114028950312E-010
   1.3261568891971030E-010  -7.8420015889806481E-012
   0.0000000000000000        0.0000000000000000     
          55   3.5436750606073117E-009  -1.7216240465943833E-010
   1.3592469807049651E-010  -8.4844774624354512E-012
   0.0000000000000000        0.0000000000000000     
          56   3.6285693145122521E-009  -1.8241636797367446E-010
   1.3961562413232952E-010  -9.1759813135500547E-012
   0.0000000000000000        0.0000000000000000     
          57   3.7195542867705474E-009  -1.9349964767709276E-010
   1.4371331996065644E-010  -9.9229689908441247E-012
   0.0000000000000000        0.0000000000000000     
          58   3.8170977447719026E-009  -2.0551065387369223E-010
   1.4824648646423080E-010  -1.0732750429314684E-011
   0.0000000000000000        0.0000000000000000     
          59   3.9217263692683807E-009  -2.1856169396340137E-010
   1.5324814462934354E-010  -1.1613649850020881E-011
   0.0000000000000000        0.0000000000000000     
          60   4.0340339285105591E-009  -2.3278150873557743E-010
   1.5875620307977869E-010  -1.2575198293709468E-011
   0.0000000000000000        0.0000000000000000     
          61   4.1546909847475850E-009  -2.4831834696909042E-010
   1.6481413987753468E-010  -1.3628366655720181E-011
   0.0000000000000000        0.0000000000000000     
          62   4.2844564563633917E-009  -2.6534371587113781E-010
   1.7147182212903127E-010  -1.4785849684848746E-011
   0.0000000000000000        0.0000000000000000     
          63   4.4241914421344366E-009  -2.8405698490856073E-010
   1.7878649317587154E-010  -1.6062414461117786E-011
   0.0000000000000000        0.0000000000000000     
          64   4.5748758214013492E-009  -3.0469107439461375E-010
   1.8682396514940566E-010  -1.7475330953686171E-011
   0.0000000000000000        0.0000000000000000     
          65   4.7376282836423907E-009  -3.2751953281309009E-010
   1.9566006508480546E-010  -1.9044907777749160E-011
   0.0000000000000000        0.0000000000000000     
          66   4.9137306242888968E-009  -3.5286540577080112E-010
   2.0538239643790167E-010  -2.0795163785201608E-011
   0.0000000000000000        0.0000000000000000     
          67   5.1046573861285013E-009  -3.8111243547820333E-010
   2.1609249591817614E-010  -2.2754676460847981E-011
   0.0000000000000000        0.0000000000000000     
          68   5.3121122494867105E-009  -4.1271931867420238E-010
   2.2790848966051715E-010  -2.4957662459938187E-011
   0.0000000000000000        0.0000000000000000     
          69   5.5380730107178030E-009  -4.4823801650888010E-010
   2.4096838526554404E-010  -2.7445365805272194E-011
   0.0000000000000000        0.0000000000000000     
          70   5.7848475822014203E-009  -4.8833748758434307E-010
   2.5543418046105602E-010  -3.0267857956273598E-011
   0.0000000000000000        0.0000000000000000     
          71   6.0551442633950154E-009  -5.3383475937036595E-010
   2.7149702996070701E-010  -3.3486395283517776E-011
   0.0000000000000000        0.0000000000000000     
          72   6.3521606806611049E-009  -5.8573604775141535E-010
   2.8938389687751121E-010  -3.7176540603843845E-011
   0.0000000000000000        0.0000000000000000     
          73   6.6796972966694784E-009  -6.4529181114919484E-010
   3.0936553263607720E-010  -4.1432339233575338E-011
   0.0000000000000000        0.0000000000000000     
          74   7.0423039417127326E-009  -7.1407140113271128E-010
   3.3176790226245135E-010  -4.6371991276145145E-011
   0.0000000000000000        0.0000000000000000     
          75   7.4454706344899956E-009  -7.9406568519346642E-010
   3.5698591115205725E-010  -5.2145640163757107E-011
   0.0000000000000000        0.0000000000000000     
          76   7.8958792216829677E-009  -8.8783026449225231E-010
   3.8550215118759218E-010  -5.8946246963520016E-011
   0.0000000000000000        0.0000000000000000     
          77   8.4017392099583043E-009  -9.9868867168579353E-010
   4.1791181242971970E-010  -6.7025015896702337E-011
   0.0000000000000000        0.0000000000000000     
          78   8.9732419939537280E-009  -1.1310259634249603E-009
   4.5495640649339241E-010  -7.6713677332017899E-011
   0.0000000000000000        0.0000000000000000     
          79   9.6231841132975606E-009  -1.2907215536774197E-009
   4.9757007104193321E-010  -8.8457328858334373E-011
   0.0000000000000000        0.0000000000000000     
          80   1.0367835754499557E-008  -1.4858017901755679E-009
   5.4694412670066809E-010  -1.0286392970391199E-010
   0.0000000000000000        0.0000000000000000     
          81   1.1228171123943249E-008  -1.7274488137448771E-009
   6.0461855850541949E-010  -1.2078078000861938E-010
   0.0000000000000000        0.0000000000000000     
          82   1.2231641978733784E-008  -2.0316048282883868E-009
   6.7261388808650809E-010  -1.4341606633343699E-010
   0.0000000000000000        0.0000000000000000     
          83   1.3414779833836927E-008  -2.4216058976881623E-009
   7.5362461299152897E-010  -1.7253827385691815E-010
   0.0000000000000000        0.0000000000000000     
          84   1.4827079473847125E-008  -2.9326658982612973E-009
   8.5130770574106061E-010  -2.1081541849442548E-010
   0.0000000000000000        0.0000000000000000     
          85   1.6536874456119153E-008  -3.6198343465627304E-009
   9.7071855681532314E-010  -2.6241657114892268E-010
   0.0000000000000000        0.0000000000000000     
          86   1.8640262975856393E-008  -4.5728106089215538E-009
   1.1189717773029716E-009  -3.3413055042762568E-010
   0.0000000000000000        0.0000000000000000     
          87   2.1274366124638063E-008  -5.9450788260288741E-009
   1.3062185386798472E-009  -4.3756358566442536E-010
   0.0000000000000000        0.0000000000000000     
          88   2.4634989906708581E-008  -8.0149013824438419E-009
   1.5469348514597981E-009  -5.9373411646987441E-010
   0.0000000000000000        0.0000000000000000     
          89   2.8989377337223120E-008  -1.1322025858932187E-008
   1.8607934045046287E-009  -8.4335503526964090E-010
   0.0000000000000000        0.0000000000000000     
          90   3.4622506895611742E-008  -1.6994265871503274E-008
   2.2684216141241520E-009  -1.2713452882540172E-009
   0.0000000000000000        0.0000000000000000     
          91   4.1374636149940377E-008  -2.7537627678561672E-008
   2.7561514242492139E-009  -2.0659268019866479E-009
   0.0000000000000000        0.0000000000000000     
          92   4.5989863675736802E-008  -4.8210634272983237E-008
   3.0758754127275709E-009  -3.6202660340501412E-009
   0.0000000000000000        0.0000000000000000     
          93   3.2016758269311072E-008  -8.2229180167508116E-008
   1.9889641515585867E-009  -6.1657799221926584E-009
   0.0000000000000000        0.0000000000000000     
          94  -1.8237530996055676E-008  -9.4033118659121239E-008
  -1.8123914557351681E-009  -7.0186984011361380E-009
   0.0000000000000000        0.0000000000000000     
          95  -4.9130231060308502E-008  -6.1478887954199454E-008
  -4.1324860178228401E-009  -4.5493010641206835E-009
   0.0000000000000000        0.0000000000000000     
          96  -4.8959118812166702E-008  -3.4238828924795883E-008
  -4.1229447335258565E-009  -2.4981630942645808E-009
   0.0000000000000000        0.0000000000000000     
          97  -4.2092266381716247E-008  -2.0132803753203848E-008
  -3.6204129881696728E-009  -1.4377455130365821E-009
   0.0000000000000000        0.0000000000000000     
          98  -3.5752955815021466E-008  -1.2829245379586824E-008
  -3.1641782758401678E-009  -8.8753883855328863E-010
   0.0000000000000000        0.0000000000000000     
          99  -3.0802763719128301E-008  -8.7392730359280165E-009
  -2.8171619979539357E-009  -5.7709837182197395E-010
   0.0000000000000000        0.0000000000000000     
         100  -2.7013296427277700E-008  -6.2647246565683808E-009
  -2.5616967918812001E-009  -3.8622971164373378E-010
   0.0000000000000000        0.0000000000000000     
         101  -2.4080021046155449E-008  -4.6680318623769722E-009
  -2.3750458824423813E-009  -2.5939785882730076E-010
   0.0000000000000000        0.0000000000000000     
         102  -2.1769162394116165E-008  -3.5826343698274115E-009
  -2.2401784237172446E-009  -1.6880985022442091E-010
   0.0000000000000000        0.0000000000000000     
         103  -1.9916377114848389E-008  -2.8127803846730732E-009
  -2.1455961753202973E-009  -9.9325452132518877E-011
   0.0000000000000000        0.0000000000000000     
         104  -1.8407295248990264E-008  -2.2472005773754915E-009
  -2.0838899065962326E-009  -4.1914365420924865E-011
   0.0000000000000000        0.0000000000000000     
         105  -1.7161383507675993E-008  -1.8192189560888346E-009
  -2.0506056332630592E-009   9.4376494010078941E-012
   0.0000000000000000        0.0000000000000000     
         106  -1.6120877263873305E-008  -1.4870703084681201E-009
  -2.0435512867644282E-009   5.9374697066197030E-011
   0.0000000000000000        0.0000000000000000     
         107  -1.5243492206980750E-008  -1.2236119178915755E-009
  -2.0624640085264044E-009   1.1223404240089760E-010
   0.0000000000000000        0.0000000000000000     
         108  -1.4497620448676201E-008  -1.0106816699959947E-009
  -2.1089726167779029E-009   1.7298796911859808E-010
   0.0000000000000000        0.0000000000000000     
         109  -1.3859104116513247E-008  -8.3589831968810435E-010
  -2.1868301379176086E-009   2.4844642788575569E-010
   0.0000000000000000        0.0000000000000000     
         110  -1.3308996783341698E-008  -6.9084794634614338E-010
  -2.3023988264918726E-009   3.4927233532148818E-010
   0.0000000000000000        0.0000000000000000     
         111  -1.2831933459482295E-008  -5.7018662281916534E-010
  -2.4652258796427722E-009   4.9393278877672435E-010
   0.0000000000000000        0.0000000000000000     
         112  -1.2414892149662962E-008  -4.7160569882576156E-010
  -2.6877287592939964E-009   7.1721576391922110E-010
   0.0000000000000000        0.0000000000000000     
         113  -1.2046450236151808E-008  -3.9717326737261875E-010
  -2.9790616879289367E-009   1.0896380776941425E-009
   0.0000000000000000        0.0000000000000000     
         114  -1.1718153500885797E-008  -3.5768674593248283E-010
  -3.3093997903691185E-009   1.7600382925325893E-009
   0.0000000000000000        0.0000000000000000     
         115  -1.1437500804804445E-008  -3.8139683179213817E-010
  -3.4400001175414441E-009   3.0036616304648246E-009
   0.0000000000000000        0.0000000000000000     
         116  -1.1280973020765580E-008  -4.9367523895702915E-010
  -2.4354693075193305E-009   4.8305079233515856E-009
   0.0000000000000000        0.0000000000000000     
         117  -1.1352839956305835E-008  -5.3933567455383293E-010
   3.0486829074967879E-010   5.2718220544610532E-009
   0.0000000000000000        0.0000000000000000     
         118  -1.1427113349771347E-008  -3.6887798182492547E-010
   1.9457250066150702E-009   3.5413189839668111E-009
   0.0000000000000000        0.0000000000000000     
         119  -1.1391703130045662E-008  -1.7640878162749870E-010
   2.0009899469472537E-009   2.0518074786610507E-009
   0.0000000000000000        0.0000000000000000     
         120  -1.1335830062371243E-008  -3.2107773047098481E-011
   1.6573958313764311E-009   1.2394852498634339E-009
   0.0000000000000000        0.0000000000000000     
         121  -1.1302039313795551E-008   7.9639976866263328E-011
   1.3170530955709208E-009   8.0528714849456028E-010
   0.0000000000000000        0.0000000000000000     
         122  -1.1300999591114349E-008   1.7466011401539941E-010
   1.0432995137983284E-009   5.5802037416859200E-010
   0.0000000000000000        0.0000000000000000     
         123  -1.1335053050250386E-008   2.6203509254228290E-010
   8.3032757218008816E-010   4.0728139974042265E-010
   0.0000000000000000        0.0000000000000000     
         124  -1.1404986604181359E-008   3.4708276683402565E-010
   6.6375636321416186E-010   3.0985774901474043E-010
   0.0000000000000000        0.0000000000000000     
         125  -1.1511735948245328E-008   4.3334778828620020E-010
   5.3148791198651362E-010   2.4378764585263508E-010
   0.0000000000000000        0.0000000000000000     
         126  -1.1656840493605217E-008   5.2360467424416400E-010
   4.2468694115195124E-010   1.9715894541834577E-010
   0.0000000000000000        0.0000000000000000     
         127  -1.1842604918211900E-008   6.2038529236158077E-010
   3.3709168478706901E-010   1.6311655764252867E-010
   0.0000000000000000        0.0000000000000000     
         128  -1.2072213765892236E-008   7.2630241561502271E-010
   2.6426612913203337E-010   1.3750278609440574E-010
   0.0000000000000000        0.0000000000000000     
         129  -1.2349870781128086E-008   8.4429910295271135E-010
   2.0304445683916405E-010   1.1767241819844319E-010
   0.0000000000000000        0.0000000000000000     
         130  -1.2680991856147963E-008   9.7789354204073654E-010
   1.5115290867472798E-010   1.0186264848021088E-010
   0.0000000000000000        0.0000000000000000     
         131  -1.3072473242269090E-008   1.1314684268561953E-009
   1.0695912392358986E-010   8.8839032935566034E-011
   0.0000000000000000        0.0000000000000000     
         132  -1.3533060981913382E-008   1.3106540473161985E-009
   6.9308870936468243E-011   7.7684507137663541E-011
   0.0000000000000000        0.0000000000000000     
         133  -1.4073858280691573E-008   1.5228697851253256E-009
   3.7420971236083522E-011   6.7664010757848030E-011
   0.0000000000000000        0.0000000000000000     
         134  -1.4709023030460518E-008   1.7781224240768319E-009
   1.0825633004872537E-011   5.8127615337881732E-011
   0.0000000000000000        0.0000000000000000     
         135  -1.5456730990582371E-008   2.0902222748693892E-009
  -1.0665135210623030E-011   4.8428942346451046E-011
   0.0000000000000000        0.0000000000000000     
         136  -1.6340510435876716E-008   2.4786926505866115E-009
  -2.6959493515181832E-011   3.7840484153980127E-011
   0.0000000000000000        0.0000000000000000     
         137  -1.7391089388901882E-008   2.9718621128347304E-009
  -3.7658941603568992E-011   2.5445647775737221E-011
   0.0000000000000000        0.0000000000000000     
         138  -1.8648920022871929E-008   3.6120409637359902E-009
  -4.2002530916632535E-011   9.9779062903698168E-012
   0.0000000000000000        0.0000000000000000     
