   262144.00000000000     
         256           1           3
   1.7567330116226543E-005  -6.2812290861650002       -178.01823173560001     
   6.0401400154609997        12.000000000000000        1200.0000000000000     
           0   0.0000000000000000        0.0000000000000000     
   0.0000000000000000        0.0000000000000000     
   0.0000000000000000        0.0000000000000000     
           1   0.0000000000000000        0.0000000000000000     
  -3.5584320769100702E-011  -1.4036558601277712E-010
  -1.0404868064246942E-009  -4.1475120292426670E-009
           2   0.0000000000000000        0.0000000000000000     
  -4.6566620710957375E-011  -3.2421526227869749E-011
  -1.3650686689348283E-009  -9.5817424031205335E-010
           3   0.0000000000000000        0.0000000000000000     
  -3.0588731222427450E-011  -1.0527996369629056E-011
  -8.9303058693228015E-010  -3.1130539543647120E-010
           4   0.0000000000000000        0.0000000000000000     
  -2.2615819600274406E-011  -4.4569868194960110E-012
  -6.5748690023417547E-010  -1.3193288215214310E-010
           5   0.0000000000000000        0.0000000000000000     
  -1.8476147176848994E-011  -2.1975635020928362E-012
  -5.3518659549622701E-010  -6.5178825979046516E-011
           6   0.0000000000000000        0.0000000000000000     
  -1.6111927419821368E-011  -1.1760939293907564E-012
  -4.6533343638002841E-010  -3.5002026776522103E-011
           7   0.0000000000000000        0.0000000000000000     
  -1.4654396107924762E-011  -6.4835820529838641E-013
  -4.2226060451380149E-010  -1.9413553792157100E-011
           8   0.0000000000000000        0.0000000000000000     
  -1.3703605410829530E-011  -3.4772339114442565E-013
  -3.9415224976994207E-010  -1.0535387566392894E-011
           9   0.0000000000000000        0.0000000000000000     
  -1.3057731452204490E-011  -1.6299369310162803E-013
  -3.7504592068004683E-010  -5.0821011111071306E-012
          10   0.0000000000000000        0.0000000000000000     
  -1.2606759373238684E-011  -4.2266686027450721E-014
  -3.6169153238063316E-010  -1.5201699729975787E-012
          11   0.0000000000000000        0.0000000000000000     
  -1.2286817704568684E-011   4.0882588073731667E-014
  -3.5220220939350968E-010   9.3116237505872094E-013
          12   0.0000000000000000        0.0000000000000000     
  -1.2058859178981222E-011   1.0087044390567506E-013
  -3.4542443437534897E-010   2.6978387966437262E-012
          13   0.0000000000000000        0.0000000000000000     
  -1.1897971970027634E-011   1.4601816426758275E-013
  -3.4062226544041450E-010   4.0257141916435878E-012
          14   0.0000000000000000        0.0000000000000000     
  -1.1787687744966504E-011   1.8136035353016055E-013
  -3.3730917920201107E-010   5.0635322267678813E-012
          15   0.0000000000000000        0.0000000000000000     
  -1.1716791623766243E-011   2.1006761223136438E-013
  -3.3515382908744321E-010   5.9049602922039311E-012
          16   0.0000000000000000        0.0000000000000000     
  -1.1677454472311574E-011   2.3420735040788734E-013
  -3.3392486958091417E-010   6.6110688332662834E-012
          17   0.0000000000000000        0.0000000000000000     
  -1.1664097415945625E-011   2.5516984490809600E-013
  -3.3345741221797970E-010   7.2229198235118657E-012
          18   0.0000000000000000        0.0000000000000000     
  -1.1672678541120551E-011   2.7391650608728080E-013
  -3.3363195392163218E-010   7.7689021389131664E-012
          19   0.0000000000000000        0.0000000000000000     
  -1.1700231793547912E-011   2.9112964834782688E-013
  -3.3436075560851224E-010   8.2691567001813226E-012
          20   0.0000000000000000        0.0000000000000000     
  -1.1744561305358501E-011   3.0730564649192702E-013
  -3.3557881229400093E-010   8.7383288465989275E-012
          21   0.0000000000000000        0.0000000000000000     
  -1.1804034211127114E-011   3.2281447909158556E-013
  -3.3723773255300604E-010   9.1873275457421730E-012
          22   0.0000000000000000        0.0000000000000000     
  -1.1877437443995776E-011   3.3793873382337373E-013
  -3.3930150788075941E-010   9.6244777578932108E-012
          23   0.0000000000000000        0.0000000000000000     
  -1.1963877040044770E-011   3.5289973867138927E-013
  -3.4174353764076964E-010   1.0056292396282756E-011
          24   0.0000000000000000        0.0000000000000000     
  -1.2062706267610032E-011   3.6787543665069603E-013
  -3.4454450537710791E-010   1.0488000318085276E-011
          25   0.0000000000000000        0.0000000000000000     
  -1.2173473678468195E-011   3.8301285612310516E-013
  -3.4769084348341440E-010   1.0923914613964128E-011
          26   0.0000000000000000        0.0000000000000000     
  -1.2295885168666688E-011   3.9843697882922579E-013
  -3.5117361157410050E-010   1.1367694441333075E-011
          27   0.0000000000000000        0.0000000000000000     
  -1.2429776059307067E-011   4.1425716801376849E-013
  -3.5498767069540711E-010   1.1822534743829357E-011
          28   0.0000000000000000        0.0000000000000000     
  -1.2575090458728154E-011   4.3057192109522622E-013
  -3.5913107247188067E-010   1.2291306441749387E-011
          29   0.0000000000000000        0.0000000000000000     
  -1.2731866001739519E-011   4.4747245877654580E-013
  -3.6360460692488196E-010   1.2776662215718751E-011
          30   0.0000000000000000        0.0000000000000000     
  -1.2900222623764164E-011   4.6504549937998658E-013
  -3.6841146930539685E-010   1.3281118185938084E-011
          31   0.0000000000000000        0.0000000000000000     
  -1.3080354415524845E-011   4.8337546016420978E-013
  -3.7355701773607699E-010   1.3807118626580993E-011
          32   0.0000000000000000        0.0000000000000000     
  -1.3272523873076707E-011   5.0254625616139956E-013
  -3.7904860140620334E-010   1.4357088750172204E-011
          33   0.0000000000000000        0.0000000000000000     
  -1.3477058048217803E-011   5.2264281906975932E-013
  -3.8489544467977125E-010   1.4933479177649698E-011
          34   0.0000000000000000        0.0000000000000000     
  -1.3694346242622963E-011   5.4375242614606759E-013
  -3.9110857655959473E-010   1.5538804746279512E-011
          35   0.0000000000000000        0.0000000000000000     
  -1.3924838988025241E-011   5.6596590669677499E-013
  -3.9770079787068648E-010   1.6175679646368588E-011
          36   0.0000000000000000        0.0000000000000000     
  -1.4169048129579939E-011   5.8937877852808319E-013
  -4.0468668073213422E-010   1.6846850426622265E-011
          37   0.0000000000000000        0.0000000000000000     
  -1.4427547885508617E-011   6.1409235632666588E-013
  -4.1208259653546783E-010   1.7555228099763420E-011
          38   0.0000000000000000        0.0000000000000000     
  -1.4700976800611025E-011   6.4021486707492981E-013
  -4.1990676995659172E-010   1.8303920375834738E-011
          39   0.0000000000000000        0.0000000000000000     
  -1.4990040544895414E-011   6.6786260329073787E-013
  -4.2817935751708774E-010   1.9096264921524470E-011
          40   0.0000000000000000        0.0000000000000000     
  -1.5295515538696460E-011   6.9716114248222422E-013
  -4.3692255009362864E-010   1.9935864471136287E-011
          41   0.0000000000000000        0.0000000000000000     
  -1.5618253409567404E-011   7.2824666037196230E-013
  -4.4616069947311077E-010   2.0826624587752425E-011
          42   0.0000000000000000        0.0000000000000000     
  -1.5959186309589813E-011   7.6126736589703200E-013
  -4.5592046973203524E-010   2.1772794884131707E-011
          43   0.0000000000000000        0.0000000000000000     
  -1.6319333141947522E-011   7.9638508758830920E-013
  -4.6623101480507016E-010   2.2779014556568172E-011
          44   0.0000000000000000        0.0000000000000000     
  -1.6699806767424603E-011   8.3377704368242223E-013
  -4.7712418423972572E-010   2.3850363162815976E-011
          45   0.0000000000000000        0.0000000000000000     
  -1.7101822283389554E-011   8.7363783217470812E-013
  -4.8863475976676495E-010   2.4992417684280514E-011
          46   0.0000000000000000        0.0000000000000000     
  -1.7526706490144287E-011   9.1618168218292079E-013
  -5.0080072595811657E-010   2.6211317059956348E-011
          47   0.0000000000000000        0.0000000000000000     
  -1.7975908686663948E-011   9.6164501450540124E-013
  -5.1366357902589679E-010   2.7513835565430107E-011
          48   0.0000000000000000        0.0000000000000000     
  -1.8451012966310328E-011   1.0102893674846659E-012
  -5.2726867863587980E-010   2.8907466645517809E-011
          49   0.0000000000000000        0.0000000000000000     
  -1.8953752217167046E-011   1.0624047544720291E-012
  -5.4166564858650272E-010   3.0400519100262331E-011
          50   0.0000000000000000        0.0000000000000000     
  -1.9486024070677098E-011   1.1183135317933756E-012
  -5.5690883332360131E-010   3.2002227884822860E-011
          51   0.0000000000000000        0.0000000000000000     
  -2.0049909089371806E-011   1.1783748717207385E-012
  -5.7305781861173512E-010   3.3722882230284282E-011
          52   0.0000000000000000        0.0000000000000000     
  -2.0647691540048863E-011   1.2429899542493319E-012
  -5.9017802627529818E-010   3.5573974344907341E-011
          53   0.0000000000000000        0.0000000000000000     
  -2.1281883164675421E-011   1.3126080154418885E-012
  -6.0834139481044960E-010   3.7568372641176221E-011
          54   0.0000000000000000        0.0000000000000000     
  -2.1955250443310394E-011   1.3877334199508000E-012
  -6.2762716001929316E-010   3.9720524288730487E-011
          55   0.0000000000000000        0.0000000000000000     
  -2.2670845939619516E-011   1.4689339626206158E-012
  -6.4812275257406321E-010   4.2046692961028378E-011
          56   0.0000000000000000        0.0000000000000000     
  -2.3432044440850584E-011   1.5568506509716001E-012
  -6.6992483289392550E-010   4.4565238986378415E-011
          57   0.0000000000000000        0.0000000000000000     
  -2.4242584750099843E-011   1.6522092795117426E-012
  -6.9314048789629210E-010   4.7296950807563137E-011
          58   0.0000000000000000        0.0000000000000000     
  -2.5106618170795862E-011   1.7558341819291631E-012
  -7.1788861939955440E-010   5.0265438804927323E-011
          59   0.0000000000000000        0.0000000000000000     
  -2.6028764948760970E-011   1.8686646430766082E-012
  -7.4430156040941266E-010   5.3497605282535089E-011
          60   0.0000000000000000        0.0000000000000000     
  -2.7014180218712717E-011   1.9917745757253642E-012
  -7.7252696358230657E-010   5.7024207940972798E-011
          61   0.0000000000000000        0.0000000000000000     
  -2.8068631355418197E-011   2.1263962261309192E-012
  -8.0273001627728902E-010   6.0880538715155517E-011
          62   0.0000000000000000        0.0000000000000000     
  -2.9198589076138492E-011   2.2739488793678022E-012
  -8.3509604939139248E-010   6.5107245780223457E-011
          63   0.0000000000000000        0.0000000000000000     
  -3.0411335208298977E-011   2.4360738065179307E-012
  -8.6983362341804448E-010   6.9751334292410297E-011
          64   0.0000000000000000        0.0000000000000000     
  -3.1715090628866624E-011   2.6146770504211269E-012
  -9.0717820103090373E-010   7.4867391804661159E-011
          65   0.0000000000000000        0.0000000000000000     
  -3.3119168741982046E-011   2.8119821456615265E-012
  -9.4739650650800537E-010   8.0519097055092981E-011
          66   0.0000000000000000        0.0000000000000000     
  -3.4634158295640914E-011   3.0305954392426262E-012
  -9.9079181416734383E-010   8.6781091754997433E-011
          67   0.0000000000000000        0.0000000000000000     
  -3.6272145545540554E-011   3.2735876569357913E-012
  -1.0377102746756435E-009   9.3741315387398260E-011
          68   0.0000000000000000        0.0000000000000000     
  -3.8046983232936442E-011   3.5445964290102262E-012
  -1.0885486262791597E-009   1.0150394125900521E-010
          69   0.0000000000000000        0.0000000000000000     
  -3.9974619382342721E-011   3.8479561889261013E-012
  -1.1437636100969410E-009   1.1019309614897854E-010
          70   0.0000000000000000        0.0000000000000000     
  -4.2073501704294132E-011   4.1888641128987531E-012
  -1.2038835503549999E-009   1.1995761197278584E-010
          71   0.0000000000000000        0.0000000000000000     
  -4.4365078528818827E-011   4.5735939852027409E-012
  -1.2695226987573253E-009   1.3097714977762202E-010
          72   0.0000000000000000        0.0000000000000000     
  -4.6874424032756297E-011   5.0097744657243881E-012
  -1.3413991379768513E-009   1.4347016786463695E-010
          73   0.0000000000000000        0.0000000000000000     
  -4.9631024960215596E-011   5.5067548837734117E-012
  -1.4203573094485752E-009   1.5770439618014080E-010
          74   0.0000000000000000        0.0000000000000000     
  -5.2669779199262238E-011   6.0760914426724858E-012
  -1.5073966075839142E-009   1.7401075860398375E-010
          75   0.0000000000000000        0.0000000000000000     
  -5.6032275164223709E-011   6.7322012717828852E-012
  -1.6037080147328835E-009   1.9280210145454439E-010
          76   0.0000000000000000        0.0000000000000000     
  -5.9768447500513630E-011   7.4932538190653394E-012
  -1.7107215119647545E-009   2.1459871810174690E-010
          77   0.0000000000000000        0.0000000000000000     
  -6.3938743110946213E-011   8.3824031117325138E-012
  -1.8301681026475517E-009   2.4006363413421880E-010
          78   0.0000000000000000        0.0000000000000000     
  -6.8616988019773957E-011   9.4295179619356278E-012
  -1.9641619041427039E-009   2.7005215087884856E-010
          79   0.0000000000000000        0.0000000000000000     
  -7.3894229805988563E-011   1.0673653257957884E-011
  -2.1153101743826882E-009   3.0568260944450827E-010
          80   0.0000000000000000        0.0000000000000000     
  -7.9883957714141667E-011   1.2166647059195596E-011
  -2.2868627874498943E-009   3.4843939145004881E-010
          81   0.0000000000000000        0.0000000000000000     
  -8.6729298133425308E-011   1.3978467152955912E-011
  -2.4829182726532528E-009   4.0032601448155120E-010
          82   0.0000000000000000        0.0000000000000000     
  -9.4613087849721105E-011   1.6205345546233735E-011
  -2.7087122568867275E-009   4.6409805828500103E-010
          83   0.0000000000000000        0.0000000000000000     
  -1.0377220832138326E-010   1.8982482418465098E-011
  -2.9710279187690027E-009   5.4362693453513123E-010
          84   0.0000000000000000        0.0000000000000000     
  -1.1451832947571816E-010   2.2504479251249168E-011
  -3.2787899753918685E-009   6.4448497659420231E-010
          85   0.0000000000000000        0.0000000000000000     
  -1.2726842775161750E-010   2.7059318338430367E-011
  -3.6439385484176495E-009   7.7491842109543657E-010
          86   0.0000000000000000        0.0000000000000000     
  -1.4259032897184735E-010   3.3087057520816404E-011
  -4.0827332565851396E-009   9.4752809393663950E-010
          87   0.0000000000000000        0.0000000000000000     
  -1.6127120071360773E-010   4.1285720985300411E-011
  -4.6177144523709515E-009   1.1823015248899672E-009
          88   0.0000000000000000        0.0000000000000000     
  -1.8441955717715752E-010   5.2812093683442642E-011
  -5.2806240674515153E-009   1.5123625655912787E-009
          89   0.0000000000000000        0.0000000000000000     
  -2.1360821848803583E-010   6.9684727581694817E-011
  -6.1164991619730823E-009   1.9955112116540176E-009
          90   0.0000000000000000        0.0000000000000000     
  -2.5102778812379621E-010   9.5645607258155694E-011
  -7.1880666091408803E-009   2.7388968351906124E-009
          91   0.0000000000000000        0.0000000000000000     
  -2.9940603805483825E-010   1.3812586094209289E-010
  -8.5734349231804791E-009   3.9553050454098153E-009
          92   0.0000000000000000        0.0000000000000000     
  -3.6034298172004428E-010   2.1293613381480436E-010
  -1.0318419895346598E-008   6.0974634656650790E-009
          93   0.0000000000000000        0.0000000000000000     
  -4.2404138035803992E-010   3.5462209644458795E-010
  -1.2142484516716229E-008   1.0154564976028156E-008
          94   0.0000000000000000        0.0000000000000000     
  -4.1938395724895663E-010   6.2133551960117905E-010
  -1.2009232497600493E-008   1.7791747766844557E-008
          95   0.0000000000000000        0.0000000000000000     
  -1.1817480873954238E-010   9.3656432311572439E-010
  -3.3844234730826736E-009   2.6818138416472680E-008
          96   0.0000000000000000        0.0000000000000000     
   3.7832429120944768E-010   8.3135609176153154E-010
   1.0832376931955256E-008   2.3805590234807965E-008
          97   0.0000000000000000        0.0000000000000000     
   5.2930599809727311E-010   4.9277947870649879E-010
   1.5155502013950031E-008   1.4110692386830263E-008
          98   0.0000000000000000        0.0000000000000000     
   4.8673111838984058E-010   2.8013477951331897E-010
   1.3936249594300712E-008   8.0217749136298884E-009
          99   0.0000000000000000        0.0000000000000000     
   4.1883673704196338E-010   1.7073375181342141E-010
   1.1991978036895723E-008   4.8891749956171855E-009
         100   0.0000000000000000        0.0000000000000000     
   3.6150283949280819E-010   1.1188353421256578E-010
   1.0350086306600545E-008   3.2040671246164525E-009
         101   0.0000000000000000        0.0000000000000000     
   3.1714979784583006E-010   7.7661864206173485E-011
   9.0798790337296878E-009   2.2241844785129995E-009
         102   0.0000000000000000        0.0000000000000000     
   2.8305069200141162E-010   5.6304417079770771E-011
   8.1032713215425115E-009   1.6126635946847018E-009
         103   0.0000000000000000        0.0000000000000000     
   2.5650554158402695E-010   4.2173582540750347E-011
   7.3429496774294237E-009   1.2080755216949714E-009
         104   0.0000000000000000        0.0000000000000000     
   2.3550850820290905E-010   3.2366699930848317E-011
   6.7414766174784193E-009   9.2730485867675507E-010
         105   0.0000000000000000        0.0000000000000000     
   2.1864778523138351E-010   2.5286426087502964E-011
   6.2584242416855206E-009   7.2461317231805941E-010
         106   0.0000000000000000        0.0000000000000000     
   2.0493237610852603E-010   2.0001705002081921E-011
   5.8654140736150399E-009   5.7334078908614845E-010
         107   0.0000000000000000        0.0000000000000000     
   1.9365786944100011E-010   1.5942610973759973E-011
   5.5422735909123610E-009   4.5716883765147836E-010
         108   0.0000000000000000        0.0000000000000000     
   1.8431500972583263E-010   1.2745387565820641E-011
   5.2744181762128589E-009   3.6568205210232358E-010
         109   0.0000000000000000        0.0000000000000000     
   1.7652918597743701E-010   1.0169353808363078E-011
   5.0511183769624522E-009   2.9198944918837914E-010
         110   0.0000000000000000        0.0000000000000000     
   1.7002033267536617E-010   8.0501749602351240E-012
   4.8643516526319979E-009   2.3138628377959591E-010
         111   0.0000000000000000        0.0000000000000000     
   1.6457603671732314E-010   6.2724669590085257E-012
   4.7080322599833158E-009   1.8056961526895467E-010
         112   0.0000000000000000        0.0000000000000000     
   1.6003321584690434E-010   4.7531371238935171E-012
   4.5774865681616799E-009   1.3716130375892922E-010
         113   0.0000000000000000        0.0000000000000000     
   1.5626543012427262E-010   3.4309193293478246E-012
   4.4690896617341681E-009   9.9408386059172825E-011
         114   0.0000000000000000        0.0000000000000000     
   1.5317395572233869E-010   2.2596054123554143E-012
   4.3800096626714871E-009   6.5989297386801918E-011
         115   0.0000000000000000        0.0000000000000000     
   1.5068141634672594E-010   1.2035481015077047E-012
   4.3080252726547244E-009   3.5885144716065815E-011
         116   0.0000000000000000        0.0000000000000000     
   1.4872718541761041E-010   2.3459606027420452E-013
   4.2513940009668560E-009   8.2919980109603558E-012
         117   0.0000000000000000        0.0000000000000000     
   1.4726403756913207E-010  -6.7004852533505754E-013
   4.2087561423987700E-009  -1.7440389094759373E-011
         118   0.0000000000000000        0.0000000000000000     
   1.4625569929811323E-010  -1.5293680242874728E-012
   4.1790644728259212E-009  -4.1852537269160578E-011
         119   0.0000000000000000        0.0000000000000000     
   1.4567506112051070E-010  -2.3596674980688987E-012
   4.1615328507406884E-009  -6.5407726028263019E-011
         120   0.0000000000000000        0.0000000000000000     
   1.4550288903985353E-010  -3.1754482706970367E-012
   4.1555990714011805E-009  -8.8516874771570721E-011
         121   0.0000000000000000        0.0000000000000000     
   1.4572692495605572E-010  -3.9901099869857245E-012
   4.1608988016105132E-009  -1.1155847630831451E-010
         122   0.0000000000000000        0.0000000000000000     
   1.4634130236748532E-010  -4.8165484156840629E-012
   4.1772484712655105E-009  -1.3489549705688707E-010
         123   0.0000000000000000        0.0000000000000000     
   1.4734623089034316E-010  -5.6677011956151504E-012
   4.2046357712061233E-009  -1.5889072256849176E-010
         124   0.0000000000000000        0.0000000000000000     
   1.4874792449534232E-010  -6.5570862152017356E-012
   4.2432170127117924E-009  -1.8392180584843515E-010
         125   0.0000000000000000        0.0000000000000000     
   1.5055876665854616E-010  -7.4993758115127578E-012
   4.2933211193584497E-009  -2.1039722391146460E-010
         126   0.0000000000000000        0.0000000000000000     
   1.5279772301124672E-010  -8.5110541279702425E-012
   4.3554605080817493E-009  -2.3877445378916561E-010
         127   0.0000000000000000        0.0000000000000000     
   1.5549103054219010E-010  -9.6112155327710930E-012
   4.4303496288036933E-009  -2.6958196213164078E-010
         128   0.0000000000000000        0.0000000000000000     
   1.5867321407108474E-010  -1.0822581016509851E-011
   4.5189325295272408E-009  -3.0344711755487589E-010
         129   0.0000000000000000        0.0000000000000000     
   1.6238850814262823E-010  -1.2172840847972139E-011
   4.6224215670451090E-009  -3.4113298752533940E-010
         130   0.0000000000000000        0.0000000000000000     
   1.6669279889675666E-010  -1.3696482324305231E-011
   4.7423503913867507E-009  -3.8358835864562461E-010
         131   0.0000000000000000        0.0000000000000000     
   1.7165625200261982E-010  -1.5437343194531821E-011
   4.8806456636975447E-009  -4.3201754411478579E-010
         132   0.0000000000000000        0.0000000000000000     
   1.7736685977764674E-010  -1.7452265084913218E-011
   5.0397240292313879E-009  -4.8798019469936384E-010
         133   0.0000000000000000        0.0000000000000000     
   1.8393524564762470E-010  -1.9816445177976124E-011
   5.2226233489119925E-009  -5.5353742069423130E-010
         134   0.0000000000000000        0.0000000000000000     
   1.9150119595211103E-010  -2.2631467280423101E-011
   5.4331811752471624E-009  -6.3147098022854330E-010
         135   0.0000000000000000        0.0000000000000000     
   2.0024257588741983E-010  -2.6037667438490946E-011
   5.6762783122138528E-009  -7.2562065192833422E-010
         136   0.0000000000000000        0.0000000000000000     
   2.1038750051132533E-010  -3.0233710635476392E-011
   5.9581712967018856E-009  -8.4141820163544073E-010
         137   0.0000000000000000        0.0000000000000000     
   2.2223080164126043E-010  -3.5508541422992836E-011
   6.2869420303038147E-009  -9.8675865239890049E-010
         138   0.0000000000000000        0.0000000000000000     
   2.3615561814144926E-010  -4.2295297501671637E-011
   6.6730873835577895E-009  -1.1734701988596709E-009
