   262144.00000000000     
         256           1           3
   1.7567330116226543E-005  -6.2812290861650002       -178.01823173560001     
   6.0401400154609997        12.000000000000000        6321.0000000000000     
           0   0.0000000000000000        0.0000000000000000     
   0.0000000000000000        0.0000000000000000     
   0.0000000000000000        0.0000000000000000     
           1  -1.1187327649664025E-011   4.8313144463821589E-013
  -7.8419011240491276E-011   3.4375263055342732E-013
  -2.3223265575791709E-009   9.0196340042617980E-012
           2  -1.1430940570763398E-011   7.0589420309760029E-013
  -7.5598706880320135E-011  -1.0122066900312542E-012
  -2.2370873480752485E-009  -3.2266519572431579E-011
           3  -1.2010761836210886E-011   1.0118835010247028E-012
  -7.1272116575025469E-011  -2.8372530527810632E-012
  -2.1056082186933599E-009  -8.7844591517419953E-011
           4  -1.3048385225283911E-011   1.4782442713037235E-012
  -6.4615127282109822E-011  -5.6104292848400335E-012
  -1.9030747506688293E-009  -1.7230695684890752E-010
           5  -1.4737260855668154E-011   2.2809823461231333E-012
  -5.4264003913508567E-011  -1.0376680989529576E-011
  -1.5880727732720130E-009  -3.1748311642196343E-010
           6  -1.7503252632947988E-011   3.8864718848095296E-012
  -3.7543418314184434E-011  -1.9903963956891732E-011
  -1.0788171726935216E-009  -6.0766144571080082E-010
           7  -2.2256020389329250E-011   7.8558153240048562E-012
  -9.1191178720466457E-012  -4.3468821545522936E-011
  -2.1327333671378288E-010  -1.3254106070705747E-009
           8  -2.9020931246059492E-011   2.1082884962228353E-011
   3.1181856771560466E-011  -1.2202164633708097E-010
   1.0142538249360909E-009  -3.7179768776534749E-009
           9  -5.1488581773882551E-012   5.1946864864282996E-011
  -1.1047669523043205E-010  -3.0535120103841432E-010
  -3.3005471373669549E-009  -9.3018539077216724E-009
          10   2.2407363309180567E-011   2.2175296435223254E-011
  -2.7421015519755890E-010  -1.2850568591984675E-010
  -8.2874894827354127E-009  -3.9154802831449351E-009
          11   1.5376903377953962E-011   7.8855381043488464E-012
  -2.3246478197421704E-010  -4.3596573537873743E-011
  -7.0160202365610113E-009  -1.3293193223805611E-009
          12   1.0245747721947668E-011   3.7808836588968154E-012
  -2.0195163109655307E-010  -1.9181902412517112E-011
  -6.0867329820510661E-009  -5.8570881889349430E-010
          13   7.1767909102658489E-012   2.1963494936615364E-012
  -1.8380953736538296E-010  -9.7376791984680887E-012
  -5.5341438308620363E-009  -2.9806594680955997E-010
          14   5.1910190940692028E-012   1.4435379095223200E-012
  -1.7224049982817458E-010  -5.2344412886229239E-012
  -5.1816697969010244E-009  -1.6091332742670557E-010
          15   3.8302835853668496E-012   1.0361215532280541E-012
  -1.6432451918376746E-010  -2.7747346271553520E-012
  -4.9405185983609877E-009  -8.6008315363914335E-011
          16   2.8504265782469679E-012   7.9631484548913395E-013
  -1.5859979214391186E-010  -1.3012600178802087E-012
  -4.7661512057255073E-009  -4.1146956961721005E-011
          17   2.0805532795351166E-012   6.4617685932343721E-013
  -1.5427919578025056E-010  -3.5922645350635894E-013
  -4.6344778263811270E-009  -1.2470967399971825E-011
          18   1.4614255244321442E-012   5.4944928191690421E-013
  -1.5090111442355140E-010   2.7203152271666236E-013
  -4.5314951615927907E-009   6.7372523340153198E-012
          19   9.2420097440489282E-013   4.8581280975154210E-013
  -1.4818295378859601E-010   7.0931359057128495E-013
  -4.4485541481920015E-009   2.0037194403113141E-011
          20   4.7783184541485249E-013   4.4590912700530529E-013
  -1.4593754875574387E-010   1.0190858607513994E-012
  -4.3800341571367368E-009   2.9448375932551847E-011
          21   7.9931361242575506E-014   4.2248482862327630E-013
  -1.4404110575193399E-010   1.2409532736032296E-012
  -4.3221223865763740E-009   3.6178951234124399E-011
          22  -2.6398325957621978E-013   4.1250706061215215E-013
  -1.4240472375531497E-010   1.3996898198390279E-012
  -4.2721317675309358E-009   4.0981714356306502E-011
          23  -6.0903528608174725E-013   4.1193044622654679E-013
  -1.4096562537904125E-010   1.5110885461730612E-012
  -4.2281025387103084E-009   4.4339640730703511E-011
          24  -9.4353484602995684E-013   4.2026316242258715E-013
  -1.3967460965318530E-010   1.5855645147588515E-012
  -4.1885559035802025E-009   4.6567955516550624E-011
          25  -1.2757719724341704E-012   4.3685490494070290E-013
  -1.3849391349649615E-010   1.6299044035842395E-012
  -4.1523382465308864E-009   4.7872484787010717E-011
          26  -1.6351245444940502E-012   4.6070377820963405E-013
  -1.3739318210615857E-010   1.6484317216694272E-012
  -4.1185169487686575E-009   4.8384056991039845E-011
          27  -1.9848559094896225E-012   4.9387819391445181E-013
  -1.3634655180851420E-010   1.6437120763912250E-012
  -4.0863072359464691E-009   4.8179035124531551E-011
          28  -2.3540148114183082E-012   5.3623877282606216E-013
  -1.3533175114922720E-010   1.6169006510987282E-012
  -4.0550208457286781E-009   4.7291171419784089E-011
          29  -2.7501583329793246E-012   5.8895642470200667E-013
  -1.3432822425809542E-010   1.5679819223801415E-012
  -4.0240244580739996E-009   4.5717919518279647E-011
          30  -3.1599381100888599E-012   6.5457175706358677E-013
  -1.3331664476594292E-010   1.4958076253418539E-012
  -3.9927057772147222E-009   4.3422525698534111E-011
          31  -3.6362672097164248E-012   7.3362238347307881E-013
  -1.3227599508900187E-010   1.3981633084160204E-012
  -3.9604434626154294E-009   4.0332518048030324E-011
          32  -4.1687195604204128E-012   8.3003190492748415E-013
  -1.3118544122238623E-010   1.2714476623925736E-012
  -3.9265747202556856E-009   3.6334728781935773E-011
          33  -4.7708751765706128E-012   9.4788587310450912E-013
  -1.3002131005480325E-010   1.1104872552188276E-012
  -3.8903617532058071E-009   3.1265943802405910E-011
          34  -5.4594789381879783E-012   1.0926744694817670E-012
  -1.2875624726203646E-010   9.0803419383630105E-013
  -3.8509502533366207E-009   2.4897932690735663E-011
          35  -6.2763852572981287E-012   1.2710108642849152E-012
  -1.2735644774865412E-010   6.5408984968853096E-013
  -3.8073167441920860E-009   1.6914217224598045E-011
          36  -7.2069084699053461E-012   1.4948359919317835E-012
  -1.2578371238233870E-010   3.3451905993124704E-013
  -3.7581966097853327E-009   6.8742670171909762E-012
          37  -8.3069155159824507E-012   1.7776998109283824E-012
  -1.2398578894455178E-010  -7.0365015389441762E-014
  -3.7019857369850665E-009  -5.8426429882776236E-012
          38  -9.6229497802491918E-012   2.1402107180629748E-012
  -1.2189610388967211E-010  -5.8890053832366797E-013
  -3.6365954987517359E-009  -2.2127095432025411E-011
          39  -1.1218032379058034E-011   2.6126496071234504E-012
  -1.1942582977387320E-010  -1.2627210889090641E-012
  -3.5592376992336439E-009  -4.3287430582928456E-011
          40  -1.3179401072578241E-011   3.2408714517316264E-012
  -1.1645334275316932E-010  -2.1548011767649340E-012
  -3.4660933211315226E-009  -7.1302602651461645E-011
          41  -1.5611521452923437E-011   4.0976316198001386E-012
  -1.1280913927595915E-010  -3.3639173553139130E-012
  -3.3517865138407791E-009  -1.0927369412309435E-010
          42  -1.8733557221615752E-011   5.2992885884004504E-012
  -1.0824181500802916E-010  -5.0512847528741931E-012
  -3.2085235779582079E-009  -1.6227291135728710E-010
          43  -2.2797816551510758E-011   7.0501859153208090E-012
  -1.0238159225869663E-010  -7.4951328808778330E-012
  -3.0246346419522340E-009  -2.3904099392291119E-010
          44  -2.8226422828214897E-011   9.7250372592937841E-012
  -9.4653421602407369E-011  -1.1206626578523383E-011
  -2.7820507259883309E-009  -3.5564222408451187E-010
          45  -3.5694663015223166E-011   1.4071274576884974E-011
  -8.4140329189714722E-011  -1.7203878946545045E-011
  -2.4519570925709141E-009  -5.4407313282556124E-010
          46  -4.6286046648125777E-011   2.1738445909401985E-011
  -6.9375661021824701E-011  -2.7730770895781683E-011
  -1.9882639739861474E-009  -8.7485355540663946E-010
          47  -6.1516014304801048E-011   3.6849249515314716E-011
  -4.8318679379782583E-011  -4.8387872329449572E-011
  -1.3268397043800922E-009  -1.5239972417528985E-009
          48  -8.1126194477086301E-011   7.1059619077274868E-011
  -2.1392599430107812E-011  -9.4985078109507729E-011
  -4.8105859618820477E-010  -2.9883805212006028E-009
          49  -7.9722757438812755E-011   1.5294259643912947E-010
  -2.3131581231788047E-011  -2.0614879142777070E-010
  -5.3613026362315811E-010  -6.4819454659246906E-009
          50   5.1261351589468735E-011   2.2329686065317388E-010
  -2.0049863868743978E-010  -3.0104448342009072E-010
  -6.1108863052892917E-009  -9.4642248212060721E-009
          51   1.4333051331779252E-010   1.2200390657446591E-010
  -3.2415342983296208E-010  -1.6335382034240388E-010
  -9.9976210746584149E-009  -5.1367591392506540E-009
          52   1.3004809544293084E-010   5.3523630974420850E-011
  -3.0500173748538281E-010  -7.0718562117586515E-011
  -9.3962882626581665E-009  -2.2252769305969975E-009
          53   1.0993986473299269E-010   2.6023330602925144E-011
  -2.7669896671053912E-010  -3.3726505495731856E-011
  -8.5074228137429893E-009  -1.0625284791474689E-009
          54   9.6097831188345954E-011   1.3543504082499968E-011
  -2.5685473551426966E-010  -1.7109043581634351E-011
  -7.8844718185186163E-009  -5.4008735790924731E-010
          55   8.7257835988149457E-011   6.9025908522630713E-012
  -2.4368865327404667E-010  -8.4263536602418180E-012
  -7.4714947198563135E-009  -2.6698982969178257E-010
          56   8.1805826713613452E-011   2.8449735409167852E-012
  -2.3495445278589718E-010  -3.2785607955605885E-012
  -7.1978292758535858E-009  -1.0494605959849576E-010
          57   7.8690232599122000E-011   3.9706280479009597E-014
  -2.2922552772269100E-010   1.2293354170555984E-013
  -7.0188237032612339E-009   2.2535839547995758E-012
          58   7.7332913733054930E-011  -2.1351978593519937E-012
  -2.2566355128953401E-010   2.6069106687985787E-012
  -6.9080707616617833E-009   8.0669249656597776E-011
          59   7.7401700721748196E-011  -4.0117196052963825E-012
  -2.2377561065518401E-010   4.6064843222007736E-012
  -6.8501052269161591E-009   1.4392304800429866E-010
          60   7.8727816021572652E-011  -5.7936656206127550E-012
  -2.2328268877369987E-010   6.3781522252562971E-012
  -6.8361887104314644E-009   2.0008829850026497E-010
          61   8.1254965391908604E-011  -7.6289737701763933E-012
  -2.2404862379654061E-010   8.0991031809977993E-012
  -6.8620774319234934E-009   2.5474757151730025E-010
          62   8.5015451363317925E-011  -9.6474930235806888E-012
  -2.2604591114686014E-010   9.9183798043595390E-012
  -6.9269474334655988E-009   3.1259970412183457E-010
          63   9.0123397612949918E-011  -1.1985944389859066E-011
  -2.2934528765296367E-010   1.1992457666456298E-011
  -7.0330661061297131E-009   3.7857500196328279E-010
          64   9.6781092744390223E-011  -1.4810490741361736E-011
  -2.3412475186499504E-010   1.4522492871166368E-011
  -7.1860720903607986E-009   4.5899765311096848E-010
          65   1.0529834904857164E-010  -1.8344158491107978E-011
  -2.4070009814832020E-010   1.7811667484885618E-011
  -7.3959262476221223E-009   5.6336614945359323E-010
          66   1.1612819466667530E-010  -2.2907118579766706E-011
  -2.4958471853431088E-010   2.2378437347876126E-011
  -7.6787734963356042E-009   7.0785326534652639E-010
          67   1.2991516374164859E-010  -2.8982232607060768E-011
  -2.6158294225938672E-010   2.9219477047456766E-011
  -8.0599454291363434E-009   9.2339565072911297E-010
          68   1.4764392613763455E-010  -3.7321798584891596E-011
  -2.7787995211044154E-010   4.0505854019513115E-011
  -8.5764458392221998E-009   1.2770776447546558E-009
          69   1.7077258618390908E-010  -4.9128776687175525E-011
  -2.9944828278959654E-010   6.1625489630401917E-011
  -9.2596022459620513E-009   1.9346229686097603E-009
          70   2.0190832551613337E-010  -6.6402521185870249E-011
  -3.2049063409990697E-010   1.0603450907678991E-010
  -9.9352620172347449E-009   3.3088463629687666E-009
          71   2.4691793246044635E-010  -9.4446853788216690E-011
  -2.9712450674899080E-010   1.7536729091699470E-010
  -9.2703614785909899E-009   5.4553847509468051E-009
          72   3.0964650723017623E-010  -1.5038671068386512E-010
  -2.4412889880059770E-010   1.7295725368908273E-010
  -7.7200477098425304E-009   5.4425656441473101E-009
          73   3.8667748143653334E-010  -2.5844137890869037E-010
  -2.6878793744967958E-010   1.6789444190841696E-010
  -8.5539465385547158E-009   5.4046011423503095E-009
          74   4.5508492770650628E-010  -4.8195042934572022E-010
  -3.0895550715483059E-010   2.3972761370511760E-010
  -9.8506754324057194E-009   7.8363421332138507E-009
          75   3.2021085105309050E-010  -9.0136119771647532E-010
  -2.6047050660792083E-010   4.0697647834217988E-010
  -8.2226210935817090E-009   1.3386153776793593E-008
          76  -3.2499625849480576E-010  -1.0544115444219313E-009
   6.1466001156967002E-012   4.6350818993522782E-010
   6.0316254974904012E-010   1.5266149989225871E-008
          77  -6.6963898328281617E-010  -6.1330971926788210E-010
   1.4354266136710116E-010   2.7142471590774329E-010
   5.1561671250176916E-009   8.9293706261457340E-009
          78  -6.3130091372754892E-010  -3.0529795521840356E-010
   1.1993544834769615E-010   1.3924463296983700E-010
   4.3891190668676821E-009   4.5679543785069520E-009
          79  -5.4646501296236185E-010  -1.6227303664283630E-010
   7.8134856010753908E-011   7.8188662593279352E-011
   3.0190647466323417E-009   2.5537525119446917E-009
          80  -4.8101413090889010E-010  -9.1364911485581431E-011
   4.5326237878359452E-011   4.8160671761876142E-011
   1.9449706724198594E-009   1.5632124745942530E-009
          81  -4.3630412426254331E-010  -5.1656790325684770E-011
   2.1644156314954476E-011   3.1633544081363982E-011
   1.1714793924222557E-009   1.0177932266364855E-009
          82  -4.0713418673998843E-010  -2.6654562987154183E-011
   4.6114474012395110E-012   2.1566829355325059E-011
   6.1726026052949859E-010   6.8515111513859883E-010
          83  -3.8944356343307023E-010  -9.0652476486692221E-012
  -7.6922034956178882E-012   1.4867201983504933E-011
   2.1919042869256494E-010   4.6320194193860915E-010
          84  -3.8067013723301793E-010   4.7286636042788181E-012
  -1.6525153733497206E-011   1.0026253822873782E-011
  -6.4027189849601663E-011   3.0214344915016019E-010
          85  -3.7934256387486583E-010   1.6762791723366135E-011
  -2.2682968974856008E-011   6.2302339379976530E-012
  -2.5841367941313003E-010   1.7506532019017049E-010
          86  -3.8475679761155789E-010   2.8373023633582669E-011
  -2.6654784245486279E-011   2.9904815348604813E-012
  -3.7985447938098393E-010   6.5743823398529119E-011
          87  -3.9679594937545053E-010   4.0624115223295993E-011
  -2.8718355931993769E-011  -2.7806095205680795E-014
  -4.3721475070121905E-010  -3.7023499259643628E-011
          88  -4.1586177821790029E-010   5.4570177356457598E-011
  -2.8991473182314819E-011  -3.0972499445535023E-012
  -4.3400927135852301E-010  -1.4246804477560578E-010
          89  -4.4290420072829431E-010   7.1477689625266250E-011
  -2.7449916638912796E-011  -6.4902788782082025E-012
  -3.6906757618663345E-010  -2.5994506461563203E-010
          90  -4.7948045252963352E-010   9.3105013250971108E-011
  -2.3939360931697024E-011  -1.0540184527455129E-011
  -2.3639581221861941E-010  -4.0099618366955017E-010
          91  -5.2809359119065965E-010   1.2214238948428835E-010
  -1.8122561802349674E-011  -1.5723240838685966E-011
  -2.4249283321828314E-011  -5.8224879605371265E-010
          92  -5.9237579020683231E-010   1.6304445451867397E-010
  -9.4577664505596834E-012  -2.2808891819618617E-011
   2.8669160792340811E-010  -8.3057385031421091E-010
          93  -6.7764725921125995E-010   2.2370651453927881E-010
   2.9069782889655423E-012  -3.3161904056081539E-011
   7.2595169673134616E-010  -1.1936389000940741E-009
          94  -7.9132538578972020E-010   3.1915360193576521E-010
   2.0148423158999036E-011  -4.9433931662574881E-011
   1.3347597249612457E-009  -1.7637692221854418E-009
          95  -9.4168129306557866E-010   4.8021844920334602E-010
   4.3395054542920714E-011  -7.7244606866834584E-011
   2.1530502611854926E-009  -2.7358925635147305E-009
          96  -1.1269525100361388E-009   7.7446109036659800E-010
   7.0585245480038604E-011  -1.2897194617390562E-010
   3.1131921188870326E-009  -4.5388418773825595E-009
          97  -1.2721103970089366E-009   1.3463113891213550E-009
   8.1841527245407616E-011  -2.2509425362475211E-010
   3.5440594636071791E-009  -7.8998413451254142E-009
          98  -9.6489898640892947E-010   2.3403659699113079E-009
   1.6737783827173350E-011  -3.6787805420183460E-010
   1.3007871521381228E-009  -1.2967496073008727E-008
          99   4.8032513158463936E-010   2.9202221332010652E-009
  -2.0168661726508542E-010  -4.3689000722371042E-010
  -6.4230059882374661E-009  -1.5451162585103972E-008
         100   1.6440354840293589E-009   2.0166982801737452E-009
  -3.6624811220879832E-010  -2.9461790674173475E-010
  -1.2259864215902425E-008  -1.0426268475647467E-008
         101   1.7391752879950551E-009   1.0970679776452917E-009
  -3.7405004031512333E-010  -1.5772668095219446E-010
  -1.2540098105213835E-008  -5.5813304064063500E-009
         102   1.5515962509390782E-009   6.0819966847687698E-010
  -3.4258190906148362E-010  -8.6246711515900794E-011
  -1.1427072924249429E-008  -3.0513172782706698E-009
         103   1.3704336409319733E-009   3.5532695787978146E-010
  -3.1308115261793174E-010  -4.9838765108004750E-011
  -1.0383908794895524E-008  -1.7626158309123150E-009
         104   1.2359040794350036E-009   2.1251887460414968E-010
  -2.9076338793902537E-010  -2.9705399012209645E-011
  -9.5952799250329048E-009  -1.0495251172425930E-009
         105   1.1428779275927822E-009   1.2329532663873016E-010
  -2.7451531434989406E-010  -1.7527617800179758E-011
  -9.0221976854942595E-009  -6.1749270200525076E-010
         106   1.0821951898244577E-009   6.1680829458479234E-011
  -2.6278558354478221E-010  -9.5254603268117686E-012
  -8.6098410069761828E-009  -3.3266283015219488E-010
         107   1.0470786320259028E-009   1.4628714132332121E-011
  -2.5440815772442487E-010  -3.8373237035797721E-012
  -8.3170888826527383E-009  -1.2906772072880971E-010
         108   1.0331621971028647E-009  -2.5182753313393712E-011
  -2.4859564965860660E-010   5.3874611587607373E-013
  -8.1163314978654367E-009   2.8875183651430265E-011
         109   1.0382000369079010E-009  -6.2472704294096715E-011
  -2.4484294661062466E-010   4.1968907188946549E-012
  -7.9898626814191312E-009   1.6239186674016364E-010
         110   1.0615375295194232E-009  -1.0090179459215595E-010
  -2.4283865508120589E-010   7.5352574762296223E-012
  -7.9270466580441276E-009   2.8586255466127842E-010
         111   1.1039391901938311E-009  -1.4400271566581346E-010
  -2.4241719042479294E-010   1.0868094304685833E-011
  -7.9225753098108496E-009   4.1084371474037283E-010
         112   1.1675633114128910E-009  -1.9597270733701069E-010
  -2.4353425491245339E-010   1.4499563659097336E-011
  -7.9755883399322376E-009   5.4877052754012331E-010
         113   1.2563709998866221E-009  -2.6264415489222843E-010
  -2.4626616512842496E-010   1.8791636109324498E-011
  -8.0894396310868553E-009   7.1353480119269280E-010
         114   1.3762981917447616E-009  -3.5309004432173776E-010
  -2.5079072042049977E-010   2.4257334923573838E-011
  -8.2719370074122523E-009   9.2501471440052040E-010
         115   1.5359883373976206E-009  -4.8261269987554518E-010
  -2.5743328683063487E-010   3.1715555726366929E-011
  -8.5356774493972451E-009   1.2152225721557550E-009
         116   1.7467288819244628E-009  -6.7892260200498238E-010
  -2.6659793653354286E-010   4.2605876728646806E-011
  -8.8970774707203690E-009   1.6404998814154334E-009
         117   2.0194229973973893E-009  -9.9558052208077245E-010
  -2.7858572569347457E-010   5.9647632476348563E-011
  -9.3682225717232722E-009   2.3074239206215112E-009
         118   2.3462181851884726E-009  -1.5414078581060030E-009
  -2.9255880457368628E-010   8.8240166137955789E-011
  -9.9166671704219703E-009   3.4276650248150595E-009
         119   2.6148864378637599E-009  -2.5309160035811471E-009
  -3.0207897305096746E-010   1.3865720267173253E-010
  -1.0289875061428330E-008   5.4040976564404494E-009
         120   2.2882705602264539E-009  -4.2148035932315999E-009
  -2.7936880976661291E-010   2.2137990484451484E-010
  -9.3991433237413505E-009   8.6477398264473950E-009
         121   1.8760314362024051E-010  -5.7974560607582237E-009
  -1.6846154088765875E-010   2.9223754954113516E-010
  -5.0523805393653145E-009   1.1427547411571502E-008
         122  -2.5835122874585678E-009  -4.9560847895889712E-009
  -3.3108775939975019E-011   2.3929255102998746E-010
   2.5324668252820142E-010   9.3561740462194831E-009
         123  -3.4706692346804419E-009  -3.0197357001887858E-009
   4.2286396850796710E-012   1.3823255223613207E-010
   1.7154082019696786E-009   5.4017147410146425E-009
         124  -3.3028459486260931E-009  -1.7382120697215533E-009
  -8.4900016492281328E-012   7.2961556062088674E-011
   1.2143127187903437E-009   2.8554630851936405E-009
         125  -2.9587745433708620E-009  -1.0354074035890323E-009
  -2.7713487676885398E-011   3.5709823903597877E-011
   4.5700517462169662E-010   1.4171106811685405E-009
         126  -2.6627092187680754E-009  -6.3595243593789011E-010
  -4.3820500697559764E-011   1.0502301944214427E-011
  -1.7609078310521319E-010   4.6910874872688680E-010
         127  -2.4428562645432071E-009  -3.8935579574065289E-010
  -5.8715282963871183E-011  -1.2555952550089429E-011
  -7.4256960830809622E-010  -3.6225072643088534E-010
         128  -2.2890574396549492E-009  -2.2280034058092885E-010
  -8.2111444365458148E-011  -3.5916442302180489E-011
  -1.5680291329860437E-009  -1.1801453986714574E-009
         129  -2.1885009225625369E-009  -1.0112426530038266E-010
  -1.1862642906506128E-010  -4.2060336043729157E-011
  -2.8093818640113901E-009  -1.4169900963990021E-009
         130  -2.1345963194195990E-009  -4.3997848323347745E-012
  -1.4103951848244925E-010  -2.6213181910012799E-011
  -3.5714556018753581E-009  -9.2108440239771912E-010
         131  -2.1219027542434514E-009   8.2276364243403421E-011
  -1.4604395642725895E-010  -1.3020917896172662E-011
  -3.7474790592868586E-009  -5.0999340165707796E-010
         132  -2.1467507810649835E-009   1.6842150551623381E-010
  -1.4630277551203972E-010  -6.8169318954998984E-012
  -3.7565492664584420E-009  -3.2931718274968645E-010
         133  -2.2089728524412289E-009   2.6187040536702773E-010
  -1.4607600451021459E-010  -4.4665727784616774E-012
  -3.7404275511523260E-009  -2.7770607561202494E-010
         134  -2.3114147120593833E-009   3.7142746558853829E-010
  -1.4604121008728354E-010  -4.0935126700303860E-012
  -3.7210135693921986E-009  -2.9540128911145364E-010
         135  -2.4598972605586083E-009   5.0888967399705601E-010
  -1.4613172181669891E-010  -4.9594458778899945E-012
  -3.6955637790209688E-009  -3.6085125887109893E-010
         136  -2.6634388954891543E-009   6.9207269270388050E-010
  -1.4618544897532881E-010  -6.9115595971270990E-012
  -3.6577347802078533E-009  -4.7309695999420307E-010
         137  -2.9344449670981926E-009   9.5030528525411111E-010
  -1.4607500492925479E-010  -1.0183752498404104E-011
  -3.6017834971613835E-009  -6.4630831108686935E-010
         138  -3.2871205624645434E-009   1.3352707473664860E-009
  -1.4578027936213099E-010  -1.5437116666123577E-011
  -3.5255358808640655E-009  -9.1321024047778648E-010
