   262144.00000000000     
         256           1           3
   1.7567330116226543E-005  -24.701266553260002       -41.106180222299997     
   6.0401400154609997        12.000000000000000        5733.8999999999996     
           0   0.0000000000000000        0.0000000000000000     
   0.0000000000000000        0.0000000000000000     
   0.0000000000000000        0.0000000000000000     
           1   0.0000000000000000        0.0000000000000000     
   6.6672507539729873E-009  -1.0706594943506978E-011
  -1.2036256365649502E-008  -5.8954053540470732E-012
           2   0.0000000000000000        0.0000000000000000     
   6.6690758629025553E-009  -3.7001655698807620E-012
  -1.2039711721177397E-008   1.9027981920102589E-012
           3   0.0000000000000000        0.0000000000000000     
   6.6726812219572460E-009  -2.8914331955246336E-012
  -1.2045053450309608E-008   4.9285565898826439E-012
           4   0.0000000000000000        0.0000000000000000     
   6.6766370847306364E-009  -3.1750006124415025E-012
  -1.2053413717555792E-008   7.1347222915295237E-012
           5   0.0000000000000000        0.0000000000000000     
   6.6812965677508226E-009  -3.7388117786681968E-012
  -1.2064558632444177E-008   9.1572643214816993E-012
           6   0.0000000000000000        0.0000000000000000     
   6.6868277443243443E-009  -4.4060449825427350E-012
  -1.2078409163675664E-008   1.1141735149063182E-011
           7   0.0000000000000000        0.0000000000000000     
   6.6933154963871501E-009  -5.1266496789878862E-012
  -1.2094963043440789E-008   1.3136237815878787E-011
           8   0.0000000000000000        0.0000000000000000     
   6.7008150498329125E-009  -5.8847314399057309E-012
  -1.2114254164178843E-008   1.5163108759365448E-011
           9   0.0000000000000000        0.0000000000000000     
   6.7093720278272452E-009  -6.6759070596172104E-012
  -1.2136338025606687E-008   1.7236555582414779E-011
          10   0.0000000000000000        0.0000000000000000     
   6.7190306564991493E-009  -7.5004761951781334E-012
  -1.2161286540903007E-008   1.9368094750008750E-011
          11   0.0000000000000000        0.0000000000000000     
   6.7298376535632692E-009  -8.3610448429141880E-012
  -1.2189186414643050E-008   2.1568575113686877E-011
          12   0.0000000000000000        0.0000000000000000     
   6.7418444482251419E-009  -9.2616296111225736E-012
  -1.2220139084798266E-008   2.3849089179221328E-011
          13   0.0000000000000000        0.0000000000000000     
   6.7551087513958489E-009  -1.0207328139286958E-011
  -1.2254261489764785E-008   2.6221486784669642E-011
          14   0.0000000000000000        0.0000000000000000     
   6.7696959135764850E-009  -1.1204237617227217E-011
  -1.2291687382819855E-008   2.8698746976294806E-011
          15   0.0000000000000000        0.0000000000000000     
   6.7856802850288301E-009  -1.2259501469747966E-011
  -1.2332569103937832E-008   3.1295313537391650E-011
          16   0.0000000000000000        0.0000000000000000     
   6.8031467055036472E-009  -1.3381438072336206E-011
  -1.2377079805748243E-008   3.4027446230105979E-011
          17   0.0000000000000000        0.0000000000000000     
   6.8221922174673619E-009  -1.4579736497773346E-011
  -1.2425416181486761E-008   3.6913620598288035E-011
          18   0.0000000000000000        0.0000000000000000     
   6.8429280901068602E-009  -1.5865719544784615E-011
  -1.2477801780793601E-008   3.9975003916955098E-011
          19   0.0000000000000000        0.0000000000000000     
   6.8654822501319606E-009  -1.7252683729211282E-011
  -1.2534491035040313E-008   4.3236036438392926E-011
          20   0.0000000000000000        0.0000000000000000     
   6.8900022331242233E-009  -1.8756333989383303E-011
  -1.2595774157401570E-008   4.6725152989674288E-011
          21   0.0000000000000000        0.0000000000000000     
   6.9166587991704408E-009  -2.0395339408574845E-011
  -1.2661983135781417E-008   5.0475690182224796E-011
          22   0.0000000000000000        0.0000000000000000     
   6.9456503991479461E-009  -2.2192047050151068E-011
  -1.2733499105847288E-008   5.4527039690861074E-011
          23   0.0000000000000000        0.0000000000000000     
   6.9772083344063853E-009  -2.4173405777451122E-011
  -1.2810824811062275E-008   5.8926132093718982E-011
          24   0.0000000000000000        0.0000000000000000     
   7.0116053480898689E-009  -2.6372172798272303E-011
  -1.2894342721495621E-008   6.3729353026419959E-011
          25   0.0000000000000000        0.0000000000000000     
   7.0491620632506124E-009  -2.8828505386536449E-011
  -1.2984709349304266E-008   6.9005083326891840E-011
          26   0.0000000000000000        0.0000000000000000     
   7.0902599112742859E-009  -3.1592085102779575E-011
  -1.3082620260694159E-008   7.4837051497729742E-011
          27   0.0000000000000000        0.0000000000000000     
   7.1353553658111759E-009  -3.4724987692191949E-011
  -1.3188896932408432E-008   8.1328861437253398E-011
          28   0.0000000000000000        0.0000000000000000     
   7.1849990804218558E-009  -3.8305613607257498E-011
  -1.3304517377661613E-008   8.8610173132460446E-011
          29   0.0000000000000000        0.0000000000000000     
   7.2398612269893063E-009  -4.2434151812352716E-011
  -1.3430656512056451E-008   9.6845273096957729E-011
          30   0.0000000000000000        0.0000000000000000     
   7.3007655070533319E-009  -4.7240300371524994E-011
  -1.3568740110312378E-008   1.0624515851951751E-010
          31   0.0000000000000000        0.0000000000000000     
   7.3687355000060092E-009  -5.2894375169755695E-011
  -1.3720518057291798E-008   1.1708489170761182E-010
          32   0.0000000000000000        0.0000000000000000     
   7.4450588913028737E-009  -5.9623618022426642E-011
  -1.3888165511786061E-008   1.2972903602408710E-010
          33   0.0000000000000000        0.0000000000000000     
   7.5313781568563863E-009  -6.7736681353845720E-011
  -1.4074425310354955E-008   1.4466979249008969E-010
          34   0.0000000000000000        0.0000000000000000     
   7.6298213113532545E-009  -7.7661329144936252E-011
  -1.4282812743097266E-008   1.6258565433618124E-010
          35   0.0000000000000000        0.0000000000000000     
   7.7431949283544737E-009  -9.0004173346070162E-011
  -1.4517917172440615E-008   1.8443425656316292E-010
          36   0.0000000000000000        0.0000000000000000     
   7.8752768470380060E-009  -1.0564847256306659E-010
  -1.4785858548468807E-008   2.1160427160056018E-010
          37   0.0000000000000000        0.0000000000000000     
   8.0312740406130731E-009  -1.2592040701512071E-010
  -1.5095104943882758E-008   2.4617351129215508E-010
          38   0.0000000000000000        0.0000000000000000     
   8.2185639133541930E-009  -1.5288451892827630E-010
  -1.5457207152438531E-008   2.9136728842733819E-010
          39   0.0000000000000000        0.0000000000000000     
   8.4479480511386734E-009  -1.8989677610930322E-010
  -1.5889373858600268E-008   3.5241625902466684E-010
          40   0.0000000000000000        0.0000000000000000     
   8.7358754152002192E-009  -2.4270695483479705E-010
  -1.6417541706988362E-008   4.3826581531243873E-010
          41   0.0000000000000000        0.0000000000000000     
   9.1086212866328398E-009  -3.2183167739268711E-010
  -1.7082815724223379E-008   5.6525526704904350E-010
          42   0.0000000000000000        0.0000000000000000     
   9.6107285378549284E-009  -4.4818092372286719E-010
  -1.7954694788323333E-008   7.6584040894340165E-010
          43   0.0000000000000000        0.0000000000000000     
   1.0323512052668984E-008  -6.6817521938494610E-010
  -1.9159825461691032E-008   1.1120278006677689E-009
          44   0.0000000000000000        0.0000000000000000     
   1.1409636158812896E-008  -1.1017889755066037E-009
  -2.0951143834885323E-008   1.7898481910602937E-009
          45   0.0000000000000000        0.0000000000000000     
   1.3226676157747777E-008  -2.1357049961847241E-009
  -2.3883931723382533E-008   3.3987673669472034E-009
          46   0.0000000000000000        0.0000000000000000     
   1.6466618750997588E-008  -5.4988688178426155E-009
  -2.9030603760809774E-008   8.6189070080144548E-009
          47   0.0000000000000000        0.0000000000000000     
   1.5443255827078297E-008  -1.9611181353485081E-008
  -2.7579601225036426E-008   3.0502066453578988E-008
          48   0.0000000000000000        0.0000000000000000     
  -5.2873174959367887E-009  -1.3005607985879286E-008
   4.4099042953248566E-009   2.0271246342913248E-008
          49   0.0000000000000000        0.0000000000000000     
  -2.2161283082275534E-009  -3.8582120476136322E-009
  -5.0892965390177177E-010   6.1013323611073329E-009
          50   0.0000000000000000        0.0000000000000000     
   4.8021351814142433E-010  -1.6792427332463814E-009
  -4.8600007085861368E-009   2.7343421958053466E-009
          51   0.0000000000000000        0.0000000000000000     
   2.0006443601288427E-009  -9.2503498427909187E-010
  -7.4036786788125278E-009   1.5772266835506823E-009
          52   0.0000000000000000        0.0000000000000000     
   2.9432915360786075E-009  -5.8543953659313259E-010
  -9.0690718930410848E-009   1.0643924568837930E-009
          53   0.0000000000000000        0.0000000000000000     
   3.5817360735435311E-009  -4.0555462115760154E-010
  -1.0282608149587646E-008   8.0101351441837369E-010
          54   0.0000000000000000        0.0000000000000000     
   4.0440271203533721E-009  -2.9947250256714244E-010
  -1.1245575423072134E-008   6.5429555360730346E-010
          55   0.0000000000000000        0.0000000000000000     
   4.3963257894821650E-009  -2.3204875680056020E-010
  -1.2063892093701835E-008   5.7022951551067393E-010
          56   0.0000000000000000        0.0000000000000000     
   4.6759239545253874E-009  -1.8682210422516059E-010
  -1.2799476851769753E-008   5.2389631144976753E-010
          57   0.0000000000000000        0.0000000000000000     
   4.9053878610859444E-009  -1.5528220899976845E-010
  -1.3492226098401707E-008   5.0287635580735467E-010
          58   0.0000000000000000        0.0000000000000000     
   5.0992087300344038E-009  -1.3269299187163982E-010
  -1.4170819636803206E-008   5.0084080345765688E-010
          59   0.0000000000000000        0.0000000000000000     
   5.2671875031923178E-009  -1.1627237306229254E-010
  -1.4858198938303467E-008   5.1482609506053250E-010
          60   0.0000000000000000        0.0000000000000000     
   5.4162888667722778E-009  -1.0432795651655546E-010
  -1.5575013798059457E-008   5.4403849727054433E-010
          61   0.0000000000000000        0.0000000000000000     
   5.5517261857321199E-009  -9.5820722084347919E-011
  -1.6341987309739826E-008   5.8939996664089772E-010
          62   0.0000000000000000        0.0000000000000000     
   5.6776421284172975E-009  -9.0138594049456858E-011
  -1.7182464085256146E-008   6.5354926432279211E-010
          63   0.0000000000000000        0.0000000000000000     
   5.7975864282038162E-009  -8.6984802577547869E-011
  -1.8124345640997015E-008   7.4124536364137459E-010
          64   0.0000000000000000        0.0000000000000000     
   5.9148946762399407E-009  -8.6341540822687697E-011
  -1.9203586787162483E-008   8.6029160132007709E-010
          65   0.0000000000000000        0.0000000000000000     
   6.0330651268188740E-009  -8.8501454502964526E-011
  -2.0469643136265862E-008   1.0233274695794619E-009
          66   0.0000000000000000        0.0000000000000000     
   6.1562217031302353E-009  -9.4189934880989423E-011
  -2.1992662191839730E-008   1.2512829750173602E-009
          67   0.0000000000000000        0.0000000000000000     
   6.2898201401374422E-009  -1.0485291501006193E-010
  -2.3878476835936445E-008   1.5803380679943379E-009
          68   0.0000000000000000        0.0000000000000000     
   6.4418695730764478E-009  -1.2330900429345262E-010
  -2.6294861655203126E-008   2.0769699312496850E-009
          69   0.0000000000000000        0.0000000000000000     
   6.6253471273805944E-009  -1.5532255099380712E-010
  -2.9525051661095379E-008   2.8737211415058430E-009
          70   0.0000000000000000        0.0000000000000000     
   6.8634223561509826E-009  -2.1385864183261815E-010
  -3.4085316350286457E-008   4.2655226019190515E-009
          71   0.0000000000000000        0.0000000000000000     
   7.2020202397590892E-009  -3.3266059455094094E-010
  -4.1008744148517795E-008   7.0166766551612534E-009
          72   0.0000000000000000        0.0000000000000000     
   7.7417759259550289E-009  -6.2106848731126927E-010
  -5.2567527898433523E-008   1.3599910811071785E-008
          73   0.0000000000000000        0.0000000000000000     
   8.6753074323260482E-009  -1.5707862109171220E-009
  -7.3114403604625440E-008   3.5129747478368454E-008
          74   0.0000000000000000        0.0000000000000000     
   8.3292899091295902E-009  -5.5412804015237765E-009
  -6.4832052223552414E-008   1.2493432569986874E-007
          75   0.0000000000000000        0.0000000000000000     
   2.6534999447448132E-009  -3.5578792486810042E-009
   6.3818742135385764E-008   8.0177048638597494E-008
          76   0.0000000000000000        0.0000000000000000     
   3.5415710391473462E-009  -1.0666150709138939E-009
   4.4018672694646466E-008   2.3946237096562025E-008
          77   0.0000000000000000        0.0000000000000000     
   4.2954834613570724E-009  -4.6837085318419410E-010
   2.7145804297272209E-008   1.0506477311681684E-008
          78   0.0000000000000000        0.0000000000000000     
   4.7210774136800432E-009  -2.5786654206217973E-010
   1.7577043690878605E-008   5.8387996227129420E-009
          79   0.0000000000000000        0.0000000000000000     
   4.9825290080378425E-009  -1.6042301730355771E-010
   1.1588816817007058E-008   3.7376760806683096E-009
          80   0.0000000000000000        0.0000000000000000     
   5.1543607852162338E-009  -1.0629511915049023E-010
   7.4794525977879940E-009   2.6299068120593589E-009
          81   0.0000000000000000        0.0000000000000000     
   5.2709834806938992E-009  -7.1791398621576610E-011
   4.4492816032082029E-009   1.9839591379057575E-009
          82   0.0000000000000000        0.0000000000000000     
   5.3495813235698842E-009  -4.7068744380918867E-011
   2.0821401708615220E-009   1.5823955928179238E-009
          83   0.0000000000000000        0.0000000000000000     
   5.3991060161602272E-009  -2.7350320636725076E-011
   1.3977952516877391E-010   1.3238310862476844E-009
          84   0.0000000000000000        0.0000000000000000     
   5.4240699699505924E-009  -9.9616063169216115E-012
  -1.5254819923362852E-009   1.1565955769646509E-009
          85   0.0000000000000000        0.0000000000000000     
   5.4262437470083185E-009   6.8524294908490780E-012
  -3.0132109265635745E-009   1.0529869659578339E-009
          86   0.0000000000000000        0.0000000000000000     
   5.4053959642428763E-009   2.4484526076129078E-011
  -4.3965497713080427E-009   9.9821155716778831E-010
          87   0.0000000000000000        0.0000000000000000     
   5.3595215401058241E-009   4.4294214731607569E-011
  -5.7351877487668210E-009   9.8540731331251572E-010
          88   0.0000000000000000        0.0000000000000000     
   5.2846953830749817E-009   6.7879450296631124E-011
  -7.0838116110082415E-009   1.0135942679682382E-009
          89   0.0000000000000000        0.0000000000000000     
   5.1745717819225451E-009   9.7400730523846621E-011
  -8.4991057311853869E-009   1.0874263562278901E-009
          90   0.0000000000000000        0.0000000000000000     
   5.0193647250108619E-009   1.3608598810675436E-010
  -1.0048605499324881E-008   1.2186235885014434E-009
          91   0.0000000000000000        0.0000000000000000     
   4.8039855366397649E-009   1.8914925833904788E-010
  -1.1820521925431357E-008   1.4298688686744024E-009
          92   0.0000000000000000        0.0000000000000000     
   4.5045766939647723E-009   2.6564650698332532E-010
  -1.3943497231201249E-008   1.7635642297962868E-009
          93   0.0000000000000000        0.0000000000000000     
   4.0817367064300002E-009   3.8260538049527360E-010
  -1.6619578300724536E-008   2.3019354109419487E-009
          94   0.0000000000000000        0.0000000000000000     
   3.4663434824495966E-009   5.7529810085560903E-010
  -2.0195721788423708E-008   3.2175019426258456E-009
          95   0.0000000000000000        0.0000000000000000     
   2.5271538965181506E-009   9.2670575621306586E-010
  -2.5323619072905816E-008   4.9181971562573878E-009
          96   0.0000000000000000        0.0000000000000000     
   9.8989063242167888E-010   1.6700723304610682E-009
  -3.3359049248001400E-008   8.5527937422765436E-009
          97   0.0000000000000000        0.0000000000000000     
  -1.7574532912896535E-009   3.6582546246939945E-009
  -4.7318232095049102E-008   1.8324353748284333E-008
          98   0.0000000000000000        0.0000000000000000     
  -6.1165433332695602E-009   1.1343740779518274E-008
  -6.9184953267619010E-008   5.6179241325646175E-008
          99   0.0000000000000000        0.0000000000000000     
   1.1686920786347601E-008   2.8230982200991178E-008
   1.8230177997616809E-008   1.3939078360989592E-007
         100   0.0000000000000000        0.0000000000000000     
   2.1370644822359667E-008   8.8485522692454876E-009
   6.5663397567623626E-008   4.3821142362895131E-008
         101   0.0000000000000000        0.0000000000000000     
   1.7104280219663789E-008   3.0903785845340980E-009
   4.4374965943579997E-008   1.5405828182873990E-008
         102   0.0000000000000000        0.0000000000000000     
   1.4649501617117889E-008   1.4840446534821771E-009
   3.2061717178561717E-008   7.4525699837432416E-009
         103   0.0000000000000000        0.0000000000000000     
   1.3245327583119569E-008   8.5239763069039034E-010
   2.4978289053138747E-008   4.2994302688993399E-009
         104   0.0000000000000000        0.0000000000000000     
   1.2363848970656369E-008   5.4621820139592255E-010
   2.0528526596940229E-008   2.7448609910286732E-009
         105   0.0000000000000000        0.0000000000000000     
   1.1767354628616576E-008   3.7742409599957127E-010
   1.7549727562976039E-008   1.8599741059675053E-009
         106   0.0000000000000000        0.0000000000000000     
   1.1338937908191358E-008   2.7667017572792115E-010
   1.5477307293743779E-008   1.3006370717507866E-009
         107   0.0000000000000000        0.0000000000000000     
   1.1014760993263889E-008   2.1395812718230910E-010
   1.4011782914289236E-008   9.1592218945395772E-010
         108   0.0000000000000000        0.0000000000000000     
   1.0756399064787383E-008   1.7488653038111972E-010
   1.2983581422804042E-008   6.3070853518271290E-010
         109   0.0000000000000000        0.0000000000000000     
   1.0538355404152113E-008   1.5217159978869624E-010
   1.2293700230783273E-008   4.0337873395747771E-010
         110   0.0000000000000000        0.0000000000000000     
   1.0341757237399100E-008   1.4224415621249067E-010
   1.1884290234157944E-008   2.0824170948138437E-010
         111   0.0000000000000000        0.0000000000000000     
   1.0150725139820420E-008   1.4382658115562513E-010
   1.1725945813551620E-008   2.7202647426881554E-011
         112   0.0000000000000000        0.0000000000000000     
   9.9498354111084568E-009   1.5743986923184122E-010
   1.1809916118315168E-008  -1.5490488190272699E-010
         113   0.0000000000000000        0.0000000000000000     
   9.7217914466569560E-009   1.8551268876083624E-010
   1.2147699671239318E-008  -3.5376366573045954E-010
         114   0.0000000000000000        0.0000000000000000     
   9.4445987531191937E-009   2.3313318654428558E-010
   1.2773454099980153E-008  -5.8933395619077231E-010
         115   0.0000000000000000        0.0000000000000000     
   9.0872241751558595E-009   3.0987763241219299E-010
   1.3752488050436932E-008  -8.9175408902317452E-010
         116   0.0000000000000000        0.0000000000000000     
   8.6019201782969521E-009   4.3396653742965050E-010
   1.5199770693826650E-008  -1.3130430804170877E-009
         117   0.0000000000000000        0.0000000000000000     
   7.9090244778782600E-009   6.4229590586550151E-010
   1.7319551128677508E-008  -1.9542317392257487E-009
         118   0.0000000000000000        0.0000000000000000     
   6.8637713603969566E-009   1.0176123965627543E-009
   2.0493187045966807E-008  -3.0380475111879039E-009
         119   0.0000000000000000        0.0000000000000000     
   5.1763378955138882E-009   1.7754867652863637E-009
   2.5491883426997991E-008  -5.1408806410128385E-009
         120   0.0000000000000000        0.0000000000000000     
   2.2084383321045961E-009   3.6170595804580828E-009
   3.4016685922000136E-008  -1.0132983775708766E-008
         121   0.0000000000000000        0.0000000000000000     
  -3.2479806089202851E-009   9.7143835417889710E-009
   4.9290165918311123E-008  -2.6469511395284876E-008
         122   0.0000000000000000        0.0000000000000000     
   2.5654802684632031E-011   3.4999753299409411E-008
   4.1417704506213120E-008  -9.3946660494750765E-008
         123   0.0000000000000000        0.0000000000000000     
   3.5563785566118442E-008   2.1499618024953268E-008
  -5.2309166051804676E-008  -5.8066738030341596E-008
         124   0.0000000000000000        0.0000000000000000     
   3.0306755158385989E-008   6.2559690438090246E-009
  -3.7178833462367732E-008  -1.7548535263063636E-008
         125   0.0000000000000000        0.0000000000000000     
   2.6069841071493531E-008   2.5771199591900704E-009
  -2.4617321930036595E-008  -7.8609043281866882E-009
         126   0.0000000000000000        0.0000000000000000     
   2.3871657381313285E-008   1.2745770092458217E-009
  -1.7321098296783429E-008  -4.5191370995454714E-009
         127   0.0000000000000000        0.0000000000000000     
   2.2693486448095334E-008   6.6897652755300934E-010
  -1.2556875002944456E-008  -3.0509050702239380E-009
         128   0.0000000000000000        0.0000000000000000     
   2.2073728514572902E-008   3.3168096626538166E-010
  -9.0699933321929701E-009  -2.3178296631066701E-009
         129   0.0000000000000000        0.0000000000000000     
   2.1798324317354954E-008   1.1680060928065309E-010
  -6.2594662235393249E-009  -1.9361096654071547E-009
         130   0.0000000000000000        0.0000000000000000     
   2.1759279643732939E-008  -3.6089783025683091E-011
  -3.7996312329792733E-009  -1.7511732094431886E-009
         131   0.0000000000000000        0.0000000000000000     
   2.1898855220467578E-008  -1.5591297877431724E-010
  -1.4881875111023293E-009  -1.6944736870265416E-009
         132   0.0000000000000000        0.0000000000000000     
   2.2185755139079156E-008  -2.5827443358009163E-010
   8.1929518596938279E-010  -1.7359385480787881E-009
         133   0.0000000000000000        0.0000000000000000     
   2.2604106834206270E-008  -3.5261305705310462E-010
   3.2446297521689281E-009  -1.8663336240927578E-009
         134   0.0000000000000000        0.0000000000000000     
   2.3148102362508405E-008  -4.4538489119501065E-010
   5.9080108131069233E-009  -2.0910696478306144E-009
         135   0.0000000000000000        0.0000000000000000     
   2.3819370604521914E-008  -5.4165077287465570E-010
   8.9456149608809174E-009  -2.4298167950088232E-009
         136   0.0000000000000000        0.0000000000000000     
   2.4625856475428935E-008  -6.4596548983367886E-010
   1.2531376159946365E-008  -2.9209027336816296E-009
         137   0.0000000000000000        0.0000000000000000     
   2.5581593078051786E-008  -7.6292768976649262E-010
   1.6905117363243941E-008  -3.6324469716772561E-009
         138   0.0000000000000000        0.0000000000000000     
   2.6707075950596644E-008  -8.9748858839039534E-010
   2.2424040834122652E-008  -4.6866673636894933E-009
