   262144.00000000000     
         256           1           3
   1.7567330116226543E-005  -57.518655714946000        61.607736371700000     
   6.0401400154609997        12.000000000000000        5733.8999999999996     
           0   0.0000000000000000        0.0000000000000000     
   0.0000000000000000        0.0000000000000000     
   0.0000000000000000        0.0000000000000000     
           1   4.9389816047769510E-009   1.9347062235563749E-011
  -4.0464050879247599E-009  -1.0109815366474680E-010
   0.0000000000000000        0.0000000000000000     
           2   4.9547137455613696E-009  -1.0320350169098191E-011
  -4.0451363418986365E-009  -2.0350149411323164E-011
   0.0000000000000000        0.0000000000000000     
           3   4.9798639875336307E-009  -2.3090899534061369E-011
  -4.0381934069296336E-009  -3.1781274407850756E-012
   0.0000000000000000        0.0000000000000000     
           4   5.0186142611771957E-009  -3.3178299830639219E-011
  -4.0398194002725523E-009   2.8501342997064827E-012
   0.0000000000000000        0.0000000000000000     
           5   5.0705164798862341E-009  -4.2947228417732976E-011
  -4.0464648133259917E-009   6.0777169994758926E-012
   0.0000000000000000        0.0000000000000000     
           6   5.1358171702371136E-009  -5.3026112995763105E-011
  -4.0565203426774122E-009   8.3381852232870016E-012
   0.0000000000000000        0.0000000000000000     
           7   5.2151954337639924E-009  -6.3712982012218370E-011
  -4.0692559772560326E-009   1.0162092363368301E-011
   0.0000000000000000        0.0000000000000000     
           8   5.3096454505282743E-009  -7.5237607469275625E-011
  -4.0842673185963349E-009   1.1726408706843581E-011
   0.0000000000000000        0.0000000000000000     
           9   5.4204616242026767E-009  -8.7832482128165387E-011
  -4.1012651283706025E-009   1.3085952017189278E-011
   0.0000000000000000        0.0000000000000000     
          10   5.5492694395905404E-009  -1.0176274728839939E-010
  -4.1199847993499865E-009   1.4241840854560690E-011
   0.0000000000000000        0.0000000000000000     
          11   5.6980854179634611E-009  -1.1734758349403801E-010
  -4.1401374149379357E-009   1.5163394304576077E-011
   0.0000000000000000        0.0000000000000000     
          12   5.8694048861605830E-009  -1.3498294569145164E-010
  -4.1613738704864473E-009   1.5793618656481698E-011
   0.0000000000000000        0.0000000000000000     
          13   6.0663235000493927E-009  -1.5517069950589248E-010
  -4.1832496434832034E-009   1.6047087311999335E-011
   0.0000000000000000        0.0000000000000000     
          14   6.2927042194882393E-009  -1.7855894787683398E-010
  -4.2051827952760226E-009   1.5802543864210649E-011
   0.0000000000000000        0.0000000000000000     
          15   6.5534085155217269E-009  -2.0600007230111342E-010
  -4.2263985092269000E-009   1.4889949033881560E-011
   0.0000000000000000        0.0000000000000000     
          16   6.8546211659047881E-009  -2.3863668104616646E-010
  -4.2458518378292768E-009   1.3069954290341880E-011
   0.0000000000000000        0.0000000000000000     
          17   7.2043150307808264E-009  -2.7803233940242973E-010
  -4.2621164554106036E-009   1.0001745614382736E-011
   0.0000000000000000        0.0000000000000000     
          18   7.6129308329957676E-009  -3.2637615063200463E-010
  -4.2732200991990934E-009   5.1919185493936357E-012
   0.0000000000000000        0.0000000000000000     
          19   8.0943968665561750E-009  -3.8681320835387776E-010
  -4.2763946667113022E-009  -2.0889456771039026E-012
   0.0000000000000000        0.0000000000000000     
          20   8.6677038604565367E-009  -4.6399798893805430E-010
  -4.2676857278574310E-009  -1.2947012557799724E-011
   0.0000000000000000        0.0000000000000000     
          21   9.3594206623994909E-009  -5.6506066658048901E-010
  -4.2413222451016059E-009  -2.9112307968169888E-011
   0.0000000000000000        0.0000000000000000     
          22   1.0207873851263925E-008  -7.0137945469069955E-010
  -4.1886600827212752E-009  -5.3393899081372404E-011
   0.0000000000000000        0.0000000000000000     
          23   1.1270420314695389E-008  -8.9202773759950959E-010
  -4.0963302210530669E-009  -9.0568077834082141E-011
   0.0000000000000000        0.0000000000000000     
          24   1.2636815832120080E-008  -1.1709744949830043E-009
  -3.9428149820780475E-009  -1.4923802763299676E-010
   0.0000000000000000        0.0000000000000000     
          25   1.4455555051672329E-008  -1.6035203637103395E-009
  -3.6917107908706108E-009  -2.4608584205103574E-010
   0.0000000000000000        0.0000000000000000     
          26   1.6989134016536780E-008  -2.3283229828133882E-009
  -3.2772478639765517E-009  -4.1675628705747897E-010
   0.0000000000000000        0.0000000000000000     
          27   2.0744871860087614E-008  -3.6822633731372177E-009
  -2.5710826437102967E-009  -7.4821562847996774E-010
   0.0000000000000000        0.0000000000000000     
          28   2.6801921208197828E-008  -6.6568563493205615E-009
  -1.2965654344419972E-009  -1.4970692383731518E-009
   0.0000000000000000        0.0000000000000000     
          29   3.7530225031959613E-008  -1.5135738678488300E-008
   1.1564234899244665E-009  -3.6696813731971711E-009
   0.0000000000000000        0.0000000000000000     
          30   5.0647405218126849E-008  -5.0364098053307388E-008
   4.1908081904171740E-009  -1.2773874589083231E-008
   0.0000000000000000        0.0000000000000000     
          31  -3.0880559776928449E-008  -8.2107855170666564E-008
  -1.7359280412114715E-008  -2.0969269405903155E-008
   0.0000000000000000        0.0000000000000000     
          32  -3.7970221545103080E-008  -2.3203249882539724E-008
  -1.9660218885123617E-008  -5.6539530246669937E-009
   0.0000000000000000        0.0000000000000000     
          33  -2.4523424444628863E-008  -8.9660626557840207E-009
  -1.6699109885099618E-008  -1.9117440971876073E-009
   0.0000000000000000        0.0000000000000000     
          34  -1.6885313859280077E-008  -4.6631886345212073E-009
  -1.5319771936331496E-008  -7.3407300301336175E-010
   0.0000000000000000        0.0000000000000000     
          35  -1.2241380498138370E-008  -2.8914709925665754E-009
  -1.4809929122764110E-008  -1.9750464229453021E-010
   0.0000000000000000        0.0000000000000000     
          36  -9.0983708662753077E-009  -2.0169201394170241E-009
  -1.4806534004206693E-008   1.2742279828971102E-010
   0.0000000000000000        0.0000000000000000     
          37  -6.7719086739752229E-009  -1.5385120694816061E-009
  -1.5165218130539328E-008   3.7958334652339187E-010
   0.0000000000000000        0.0000000000000000     
          38  -4.9143025051111273E-009  -1.2654593719146578E-009
  -1.5843781969657218E-008   6.2300276013867136E-010
   0.0000000000000000        0.0000000000000000     
          39  -3.3260562685623805E-009  -1.1148733937901355E-009
  -1.6863149746082225E-008   9.0422882009476637E-010
   0.0000000000000000        0.0000000000000000     
          40  -1.8767714667650989E-009  -1.0492254566448514E-009
  -1.8305063174995109E-008   1.2793999421634798E-009
   0.0000000000000000        0.0000000000000000     
          41  -4.6658352995051523E-010  -1.0545969624991641E-009
  -2.0339775995501666E-008   1.8466329612069045E-009
   0.0000000000000000        0.0000000000000000     
          42   9.9669394260493979E-010  -1.1348218814616812E-009
  -2.3305276542796227E-008   2.8234858113373876E-009
   0.0000000000000000        0.0000000000000000     
          43   2.6222547421237682E-009  -1.3183039219399755E-009
  -2.7912446649204411E-008   4.8066274016069199E-009
   0.0000000000000000        0.0000000000000000     
          44   4.5668104881288825E-009  -1.6998149278863016E-009
  -3.5746835362306008E-008   9.9424391689305734E-009
   0.0000000000000000        0.0000000000000000     
          45   7.0262869614361086E-009  -2.6924456598111309E-009
  -4.8126847466071084E-008   2.9301928887755899E-008
   0.0000000000000000        0.0000000000000000     
          46   8.3186389548665664E-009  -4.8284805716599580E-009
  -5.8459290542297273E-009   7.5814057332230040E-008
   0.0000000000000000        0.0000000000000000     
          47   1.1141265627031750E-008  -4.3221232650338746E-009
   2.1910608064095063E-008   2.5303251370390781E-008
   0.0000000000000000        0.0000000000000000     
          48   1.7237805038285452E-008  -6.1539831625819445E-009
   8.9932524974718839E-009   9.6804367308447229E-009
   0.0000000000000000        0.0000000000000000     
          49   2.7120291888990199E-008  -1.1877568250469132E-008
   3.9354901284983417E-010   5.6570768390323737E-009
   0.0000000000000000        0.0000000000000000     
          50   4.4171988531418435E-008  -3.2147489345377827E-008
  -6.0003571906596284E-009   4.3015762027056457E-009
   0.0000000000000000        0.0000000000000000     
          51   2.0022838086898501E-008  -1.0922316288485287E-007
  -1.3087394208815490E-008   3.2762721081516513E-009
   0.0000000000000000        0.0000000000000000     
          52  -6.5982457763476090E-008  -5.2016833114926064E-008
  -2.2948210776277075E-008   6.7154011715261865E-009
   0.0000000000000000        0.0000000000000000     
          53  -4.8907855985006290E-008  -1.5880151751792208E-008
  -3.4856546245560106E-008   1.4035086146188026E-008
   0.0000000000000000        0.0000000000000000     
          54  -3.7554196488612851E-008  -6.0363234496721180E-009
  -5.4776798561195905E-008   3.8157599790739301E-008
   0.0000000000000000        0.0000000000000000     
          55  -2.9550310037531328E-008   3.5761971871749414E-010
  -2.1316747273123101E-008   1.2525249980018604E-007
   0.0000000000000000        0.0000000000000000     
          56  -2.2182276911447601E-008  -6.0826144249192247E-010
   6.7126391891250215E-008   5.5390647958141150E-008
   0.0000000000000000        0.0000000000000000     
          57  -2.0111055490017889E-008  -1.1111834071916964E-009
   4.6903190516929915E-008   1.7849453505846781E-008
   0.0000000000000000        0.0000000000000000     
          58  -1.8639954518465021E-008  -9.3896401956523155E-010
   3.3404038604155069E-008   8.3022282210004105E-009
   0.0000000000000000        0.0000000000000000     
          59  -1.7511422391199982E-008  -7.2364009804579286E-010
   2.5607456002363949E-008   4.7728520226870239E-009
   0.0000000000000000        0.0000000000000000     
          60  -1.6661861763576385E-008  -5.3962677541332905E-010
   2.0634006581614591E-008   3.1119696147851154E-009
   0.0000000000000000        0.0000000000000000     
          61  -1.6039343300082835E-008  -3.8741690859528067E-010
   1.7188607394538589E-008   2.2023066587777224E-009
   0.0000000000000000        0.0000000000000000     
          62  -1.5605640899947405E-008  -2.5798368733924713E-010
   1.4652002745528039E-008   1.6500148655992612E-009
   0.0000000000000000        0.0000000000000000     
          63  -1.5335999204964753E-008  -1.4233073712682451E-010
   1.2698511442320006E-008   1.2883621508259594E-009
   0.0000000000000000        0.0000000000000000     
          64  -1.5217454950122924E-008  -3.2337916763306605E-011
   1.1142634559421982E-008   1.0366478026100758E-009
   0.0000000000000000        0.0000000000000000     
          65  -1.5247574220446543E-008   8.0075243538741903E-011
   9.8732088822503275E-009   8.5121250904514449E-010
   0.0000000000000000        0.0000000000000000     
          66  -1.5435280388233394E-008   2.0442160557269022E-010
   8.8218264416053754E-009   7.0549958880123820E-010
   0.0000000000000000        0.0000000000000000     
          67  -1.5803834202260751E-008   3.5408188659159668E-010
   7.9488763017033477E-009   5.8041556525314998E-010
   0.0000000000000000        0.0000000000000000     
          68  -1.6398438605337042E-008   5.5104381565268927E-010
   7.2377061035097908E-009   4.5800770222961596E-010
   0.0000000000000000        0.0000000000000000     
          69  -1.7301227659404949E-008   8.3665680791156835E-010
   6.6969444861724899E-009   3.1423795753533177E-010
   0.0000000000000000        0.0000000000000000     
          70  -1.8666297285532340E-008   1.2999099065054716E-009
   6.3736373251265101E-009   1.0426824987141328E-010
   0.0000000000000000        0.0000000000000000     
          71  -2.0803520676549628E-008   2.1658177993848638E-009
   6.3913529439068213E-009  -2.8081768887821345E-010
   0.0000000000000000        0.0000000000000000     
          72  -2.4391489490470782E-008   4.1439359188234659E-009
   7.0511113126788901E-009  -1.1829540619381502E-009
   0.0000000000000000        0.0000000000000000     
          73  -3.0796723631495979E-008   1.0323577943353063E-008
   8.9837360261072940E-009  -4.0951025930732252E-009
   0.0000000000000000        0.0000000000000000     
          74  -3.1552358595987382E-008   3.6607856197006231E-008
   8.0481372891014895E-009  -1.6716050270233972E-008
   0.0000000000000000        0.0000000000000000     
          75   1.1178493285309343E-008   2.8647674582683674E-008
  -1.4138150859619445E-008  -1.2702475748577440E-008
   0.0000000000000000        0.0000000000000000     
          76   5.4704131835088547E-009   8.5911869648370922E-009
  -1.3101202437643318E-008  -2.7688957066658491E-009
   0.0000000000000000        0.0000000000000000     
          77  -6.7270970245558900E-010   3.9757373699682684E-009
  -1.2194629271397106E-008  -2.3045799078954719E-010
   0.0000000000000000        0.0000000000000000     
          78  -4.5358843047912844E-009   2.5257825849880553E-009
  -1.2873746191566366E-008   9.0663931694837092E-010
   0.0000000000000000        0.0000000000000000     
          79  -7.4262273888469744E-009   2.0286923820510338E-009
  -1.4723048403653456E-008   1.7975899695335659E-009
   0.0000000000000000        0.0000000000000000     
          80  -1.0028642971637790E-008   1.9810453903059880E-009
  -1.7774293897144460E-008   2.8480229750062034E-009
   0.0000000000000000        0.0000000000000000     
          81  -1.2802156503046324E-008   2.3030416769326054E-009
  -2.2449963587089667E-008   4.4446683360542043E-009
   0.0000000000000000        0.0000000000000000     
          82  -1.6258488677637587E-008   3.1751769853829986E-009
  -2.9762519494344884E-008   7.3609011923188542E-009
   0.0000000000000000        0.0000000000000000     
          83  -2.1275963201202194E-008   5.3305535606545593E-009
  -4.1991578538284224E-008   1.3840637917638128E-008
   0.0000000000000000        0.0000000000000000     
          84  -2.9625358395284813E-008   1.1871400271619166E-008
  -6.4109859743581029E-008   3.2952870279695701E-008
   0.0000000000000000        0.0000000000000000     
          85  -3.7334041137333593E-008   3.9911161902174025E-008
  -8.4458575051647380E-008   1.1444227459159918E-007
   0.0000000000000000        0.0000000000000000     
          86   2.1529052756066827E-008   5.0122772076559151E-008
   8.8592475119086724E-008   1.4407512326733437E-007
   0.0000000000000000        0.0000000000000000     
          87   1.9810478983026403E-008   1.4377873003814193E-008
   8.5735439687127537E-008   4.0140652467917924E-008
   0.0000000000000000        0.0000000000000000     
          88   1.0558029313159249E-008   6.0834481232846300E-009
   6.1158234274623274E-008   1.5886210943060836E-008
   0.0000000000000000        0.0000000000000000     
          89   4.9888618464431720E-009   3.5245093377457838E-009
   4.7546955884429059E-008   8.2150575456470154E-009
   0.0000000000000000        0.0000000000000000     
          90   1.1929918253596521E-009   2.5146633908009669E-009
   3.9471336308289722E-008   4.9396233920024611E-009
   0.0000000000000000        0.0000000000000000     
          91  -1.8092418942901379E-009   2.1053183065630017E-009
   3.4245778027172648E-008   3.2578682936484154E-009
   0.0000000000000000        0.0000000000000000     
          92  -4.5263692701026302E-009   2.0206120377455801E-009
   3.0641409639915780E-008   2.2841762774331504E-009
   0.0000000000000000        0.0000000000000000     
          93  -7.3054388887702572E-009   2.1973610231961770E-009
   2.8038266851444084E-008   1.6730424550787055E-009
   0.0000000000000000        0.0000000000000000     
          94  -1.0498442697557693E-008   2.6998982325421257E-009
   2.6089145597099699E-008   1.2709828882674979E-009
   0.0000000000000000        0.0000000000000000     
          95  -1.4617637316825483E-008   3.7840821405300359E-009
   2.4578621748590930E-008   1.0091620671778576E-009
   0.0000000000000000        0.0000000000000000     
          96  -2.0636382366086792E-008   6.2465835875896977E-009
   2.3346832267451672E-008   8.7636926873690037E-010
   0.0000000000000000        0.0000000000000000     
          97  -3.0644275414275283E-008   1.3131037287482164E-008
   2.2231401451461868E-008   9.7159311940770125E-010
   0.0000000000000000        0.0000000000000000     
          98  -4.4887428083663755E-008   4.0753198896195022E-008
   2.1173542261943626E-008   1.9493981741744301E-009
   0.0000000000000000        0.0000000000000000     
          99   2.0606372735252774E-008   8.5804752431921019E-008
   2.3597380198016535E-008   3.6620753469778559E-009
   0.0000000000000000        0.0000000000000000     
         100   3.9440450880105917E-008   2.5645202436974445E-008
   2.4285329038337659E-008   1.0544975505757937E-009
   0.0000000000000000        0.0000000000000000     
         101   2.5555420226435403E-008   9.6851209045928980E-009
   2.3803454995923486E-008   2.6724874711769453E-010
   0.0000000000000000        0.0000000000000000     
         102   1.7324795853919149E-008   5.1034545591272974E-009
   2.3733184899278373E-008  -5.7225014689738773E-011
   0.0000000000000000        0.0000000000000000     
         103   1.2144808386003342E-008   3.2980958451995590E-009
   2.3980180504942169E-008  -2.8058407469921700E-010
   0.0000000000000000        0.0000000000000000     
         104   8.4394316305506294E-009   2.4580214104606511E-009
   2.4502520563829755E-008  -4.8685494104324527E-010
   0.0000000000000000        0.0000000000000000     
         105   5.4747506241484909E-009   2.0511060894612537E-009
   2.5308393724127537E-008  -7.1087797032732724E-010
   0.0000000000000000        0.0000000000000000     
         106   2.8586981742432996E-009   1.8867708217203074E-009
   2.6440419537397732E-008  -9.7956058970559672E-010
   0.0000000000000000        0.0000000000000000     
         107   3.3623807908563925E-010   1.8957935917503214E-009
   2.7977712729641137E-008  -1.3257872881400457E-009
   0.0000000000000000        0.0000000000000000     
         108  -2.3051219104570512E-009   2.0687130985297412E-009
   3.0050996364133966E-008  -1.8004475632711854E-009
   0.0000000000000000        0.0000000000000000     
         109  -5.2969151856010260E-009   2.4450818259056380E-009
   3.2877100572786452E-008  -2.4930577252584234E-009
   0.0000000000000000        0.0000000000000000     
         110  -8.9560694479316323E-009   3.1361470483555617E-009
   3.6826770809916092E-008  -3.5780845837626571E-009
   0.0000000000000000        0.0000000000000000     
         111  -1.3806765205513743E-008   4.4073749739324574E-009
   4.2575375354713727E-008  -5.4366272647507698E-009
   0.0000000000000000        0.0000000000000000     
         112  -2.0843505049352367E-008   6.9476980400367941E-009
   5.1469636731307938E-008  -9.0349024807401052E-009
   0.0000000000000000        0.0000000000000000     
         113  -3.2203869855055391E-008   1.2928949371256885E-008
   6.6449078673885510E-008  -1.7402647598836273E-008
   0.0000000000000000        0.0000000000000000     
         114  -5.2245860911726450E-008   3.1696091244106816E-008
   9.3550771103554680E-008  -4.3566861537828104E-008
   0.0000000000000000        0.0000000000000000     
         115  -5.8254285241110067E-008   1.1249173748643452E-007
   1.0106369222401931E-007  -1.5617727657130223E-007
   0.0000000000000000        0.0000000000000000     
         116   8.2151833855318885E-008   9.6597644628521312E-008
  -9.5649898130812142E-008  -1.3392098316170091E-007
   0.0000000000000000        0.0000000000000000     
         117   6.6704102061246860E-008   2.8029176615274356E-008
  -7.5235018538943795E-008  -3.8131832169076273E-008
   0.0000000000000000        0.0000000000000000     
         118   4.7646876249763755E-008   1.2217270114595932E-008
  -5.0115472791176909E-008  -1.5729102258488777E-008
   0.0000000000000000        0.0000000000000000     
         119   3.6343134820937304E-008   7.2999358363688901E-009
  -3.6423232965041931E-008  -8.1381397310663028E-009
   0.0000000000000000        0.0000000000000000     
         120   2.8317654261629967E-008   6.0471737956179763E-009
  -2.8540091011529613E-008  -4.5972113808727066E-009
   0.0000000000000000        0.0000000000000000     
         121   2.1095051880606340E-008   8.7234119609204231E-009
  -2.3996009956351246E-008  -2.3116779150825914E-009
   0.0000000000000000        0.0000000000000000     
         122   2.3870690712360727E-008   2.0982637960102449E-008
  -2.1954062807544727E-008   3.9095743437637733E-010
   0.0000000000000000        0.0000000000000000     
         123   3.2625340885308128E-008   1.2652510419122988E-008
  -1.9858997037495804E-008   8.1327934645165403E-009
   0.0000000000000000        0.0000000000000000     
         124   3.3463069765357298E-008   6.9481666903442733E-009
  -5.9387382850643536E-009   7.3722052317979029E-009
   0.0000000000000000        0.0000000000000000     
         125   2.9882042370548508E-008   2.9593930523300811E-009
  -6.2876601246509217E-009   2.0203053979558496E-009
   0.0000000000000000        0.0000000000000000     
         126   2.7125235423756910E-008   1.8144753206317447E-009
  -7.7918122032800070E-009   1.3984602730239905E-009
   0.0000000000000000        0.0000000000000000     
         127   2.5087881192029070E-008   1.4645715462421424E-009
  -9.7893806269504292E-009   2.2032011016121195E-009
   0.0000000000000000        0.0000000000000000     
         128   2.3208017664404634E-008   1.6691059256912250E-009
  -1.3523565942768472E-008   4.7490329522160985E-009
   0.0000000000000000        0.0000000000000000     
         129   2.0880133673969202E-008   3.1551517863921878E-009
  -2.1148643880189183E-008   1.2920746017613399E-008
   0.0000000000000000        0.0000000000000000     
         130   1.9571745061148271E-008   1.0546655540450066E-008
  -2.5434560198955242E-008   4.8644878630166451E-008
   0.0000000000000000        0.0000000000000000     
         131   3.4910398562091998E-008   1.0916665687951377E-008
   4.7160164642007252E-008   5.1337325602391746E-008
   0.0000000000000000        0.0000000000000000     
         132   3.4681531031841396E-008   2.4870035944975814E-009
   4.5342663130677391E-008   1.2752452727406933E-008
   0.0000000000000000        0.0000000000000000     
         133   3.3817856049105649E-008   2.2106166417467471E-010
   3.9112270196518565E-008   3.2893595723187199E-009
   0.0000000000000000        0.0000000000000000     
         134   3.4443069106695445E-008  -9.2712759733538566E-010
   3.8106459831588573E-008  -5.5308986942417087E-010
   0.0000000000000000        0.0000000000000000     
         135   3.6378747472041509E-008  -2.0367830472757016E-009
   4.0827735679783868E-008  -3.4601097504712823E-009
   0.0000000000000000        0.0000000000000000     
         136   3.9947825148217844E-008  -3.6872104663180085E-009
   4.7462429823446798E-008  -7.2569670875148844E-009
   0.0000000000000000        0.0000000000000000     
         137   4.6199570609069191E-008  -6.9952629430952283E-009
   6.0103392981551201E-008  -1.4610584312246244E-008
   0.0000000000000000        0.0000000000000000     
         138   5.7630259680330749E-008  -1.6030474441584213E-008
   8.4179980746913173E-008  -3.4711842141489954E-008
   0.0000000000000000        0.0000000000000000     
