   262144.00000000000     
         256           1           3
   1.7567330116226543E-005  -65.954330202115997       -160.95910566430001     
   6.0401400154609997        12.000000000000000        5733.8999999999996     
           0   0.0000000000000000        0.0000000000000000     
   0.0000000000000000        0.0000000000000000     
   0.0000000000000000        0.0000000000000000     
           1   0.0000000000000000        0.0000000000000000     
   3.0547859339840433E-009  -1.7809088993240996E-011
  -2.2378728765447714E-010   5.6259121665107729E-013
           2   0.0000000000000000        0.0000000000000000     
   3.0543023242535005E-009  -3.0430552447135128E-012
  -2.2386659115421004E-010   1.7983443864518341E-013
           3   0.0000000000000000        0.0000000000000000     
   3.0545111096413413E-009   3.4715922688022845E-013
  -2.2402894998511437E-010   1.2796506904346950E-013
           4   0.0000000000000000        0.0000000000000000     
   3.0527515281242950E-009   1.7576546235371044E-012
  -2.2419822260948708E-010   1.3454530247949780E-013
           5   0.0000000000000000        0.0000000000000000     
   3.0496271818176949E-009   2.6915198231677624E-012
  -2.2439349774822814E-010   1.5628967771701346E-013
           6   0.0000000000000000        0.0000000000000000     
   3.0453873657197738E-009   3.4844904802860970E-012
  -2.2462406796641527E-010   1.8382267539193944E-013
           7   0.0000000000000000        0.0000000000000000     
   3.0401134849153061E-009   4.2399306346486911E-012
  -2.2489487457033586E-010   2.1454227134863551E-013
           8   0.0000000000000000        0.0000000000000000     
   3.0338164106792436E-009   4.9992869974820364E-012
  -2.2520937621382944E-010   2.4767877207972585E-013
           9   0.0000000000000000        0.0000000000000000     
   3.0264720198424553E-009   5.7839257590051530E-012
  -2.2557063334950201E-010   2.8308847657672049E-013
          10   0.0000000000000000        0.0000000000000000     
   3.0180346558207372E-009   6.6079211015079145E-012
  -2.2598176369510494E-010   3.2089191328757914E-013
          11   0.0000000000000000        0.0000000000000000     
   3.0084423094654165E-009   7.4826976485154736E-012
  -2.2644617125453461E-010   3.6135019148886997E-013
          12   0.0000000000000000        0.0000000000000000     
   2.9976183300630461E-009   8.4189990345265000E-012
  -2.2696769101431520E-010   4.0482102726479832E-013
          13   0.0000000000000000        0.0000000000000000     
   2.9854714662475516E-009   9.4278765308166077E-012
  -2.2755070467840347E-010   4.5174579473993881E-013
          14   0.0000000000000000        0.0000000000000000     
   2.9718949485185854E-009   1.0521298039633366E-011
  -2.2820025201488647E-010   5.0265084113536616E-013
          15   0.0000000000000000        0.0000000000000000     
   2.9567648917173061E-009   1.1712617820121737E-011
  -2.2892215082476133E-010   5.5815693904058125E-013
          16   0.0000000000000000        0.0000000000000000     
   2.9399381049643558E-009   1.3017017312624634E-011
  -2.2972313430462322E-010   6.1899476856032391E-013
          17   0.0000000000000000        0.0000000000000000     
   2.9212492959533901E-009   1.4451977791318158E-011
  -2.3061101334206762E-010   6.8602609228817316E-013
          18   0.0000000000000000        0.0000000000000000     
   2.9005075930415019E-009   1.6037827783908930E-011
  -2.3159487164162529E-010   7.6027124595287745E-013
          19   0.0000000000000000        0.0000000000000000     
   2.8774922578005941E-009   1.7798404784889435E-011
  -2.3268530299395241E-010   8.4294427058541662E-013
          20   0.0000000000000000        0.0000000000000000     
   2.8519474039465220E-009   1.9761875064182473E-011
  -2.3389470220285006E-010   9.3549771662327916E-013
          21   0.0000000000000000        0.0000000000000000     
   2.8235754743998859E-009   2.1961766144138186E-011
  -2.3523762447935606E-010   1.0396799877676863E-012
          22   0.0000000000000000        0.0000000000000000     
   2.7920291459695729E-009   2.4438283789680314E-011
  -2.3673123268258464E-010   1.1576092032877173E-012
          23   0.0000000000000000        0.0000000000000000     
   2.7569004963665595E-009   2.7240010835490847E-011
  -2.3839135227758180E-010   1.2918689570639025E-012
          24   0.0000000000000000        0.0000000000000000     
   2.7177111627730964E-009   3.0426122409849514E-011
  -2.4025120279751557E-010   1.4456345904847875E-012
          25   0.0000000000000000        0.0000000000000000     
   2.6738918669477255E-009   3.4069307501688983E-011
  -2.4233526706485846E-010   1.6228386980162196E-012
          26   0.0000000000000000        0.0000000000000000     
   2.6247646141408025E-009   3.8259666959103907E-011
  -2.4467847557091903E-010   1.8283944306361407E-012
          27   0.0000000000000000        0.0000000000000000     
   2.5695152043664802E-009   4.3109980949710090E-011
  -2.4732321083403981E-010   2.0684971550987691E-012
          28   0.0000000000000000        0.0000000000000000     
   2.5071582008777430E-009   4.8762924670321793E-011
  -2.5032129129807895E-010   2.3510388907758035E-012
          29   0.0000000000000000        0.0000000000000000     
   2.4364905139326782E-009   5.5401101486571941E-011
  -2.5373660972611935E-010   2.6861857969624448E-012
          30   0.0000000000000000        0.0000000000000000     
   2.3560290574368966E-009   6.3261223866889002E-011
  -2.5764868910427656E-010   3.0871959261182538E-012
          31   0.0000000000000000        0.0000000000000000     
   2.2639257425647079E-009   7.2654522355248911E-011
  -2.6215754630816456E-010   3.5715980451705479E-012
          32   0.0000000000000000        0.0000000000000000     
   2.1578496198550688E-009   8.3996713315420075E-011
  -2.6739045445346104E-010   4.1629250104587758E-012
          33   0.0000000000000000        0.0000000000000000     
   2.0348204013058108E-009   9.7853000231759338E-011
  -2.7351151891643483E-010   4.8933198381025901E-012
          34   0.0000000000000000        0.0000000000000000     
   1.8909683426937308E-009   1.1500737657860720E-010
  -2.8073551973188936E-010   5.8075531630772788E-012
          35   0.0000000000000000        0.0000000000000000     
   1.7211796501920223E-009   1.3657244916013553E-010
  -2.8934839242805221E-010   6.9693949728997441E-012
          36   0.0000000000000000        0.0000000000000000     
   1.5185586083200293E-009   1.6416925654204158E-010
  -2.9973834528758786E-010   8.4720543691761607E-012
          37   0.0000000000000000        0.0000000000000000     
   1.2735859927530362E-009   2.0023301734744317E-010
  -3.1245179114805245E-010   1.0455940315864067E-011
          38   0.0000000000000000        0.0000000000000000     
   9.7275644302365360E-010   2.4855642381996313E-010
  -3.2824366182140731E-010   1.3140231936818850E-011
          39   0.0000000000000000        0.0000000000000000     
   5.9627316298583877E-010   3.1530673328706550E-010
  -3.4825428559919875E-010   1.6882003759606258E-011
          40   0.0000000000000000        0.0000000000000000     
   1.1396243445555098E-010   4.1105313197613606E-010
  -3.7421563333584948E-010   2.2294098829895796E-011
          41   0.0000000000000000        0.0000000000000000     
  -5.2242063903195094E-010   5.5513102400121430E-010
  -4.0891501345400708E-010   3.0498914105566145E-011
          42   0.0000000000000000        0.0000000000000000     
  -1.3947016300548844E-009   7.8598997437289110E-010
  -4.5707631800546714E-010   4.3730189111238525E-011
          43   0.0000000000000000        0.0000000000000000     
  -2.6523283098414442E-009   1.1889965591973524E-009
  -5.2738379648580192E-010   6.6949981891028675E-011
          44   0.0000000000000000        0.0000000000000000     
  -4.5943491054009460E-009   1.9847938684803611E-009
  -6.3716653188454122E-010   1.1298766220353377E-010
          45   0.0000000000000000        0.0000000000000000     
  -7.8782767862564388E-009   3.8845446462993140E-009
  -8.2464774581419494E-010   2.2320114263443110E-010
          46   0.0000000000000000        0.0000000000000000     
  -1.3776632582262867E-008   1.0068055141473043E-008
  -1.1637821194317542E-009   5.8252661030666144E-010
          47   0.0000000000000000        0.0000000000000000     
  -1.1831366953257931E-008   3.6020914464581314E-008
  -1.0462600806627727E-009   2.0916172791890149E-009
          48   0.0000000000000000        0.0000000000000000     
   2.6361628013875937E-008   2.3869967161201802E-008
   1.1799768961949290E-009   1.3844993427102361E-009
          49   0.0000000000000000        0.0000000000000000     
   2.0782309984526161E-008   7.0440089596804042E-009
   8.6096933373693327E-010   4.0542018487623856E-010
          50   0.0000000000000000        0.0000000000000000     
   1.5895754206826139E-008   3.0339501848245274E-009
   5.8291705458152602E-010   1.7166030584225383E-010
          51   0.0000000000000000        0.0000000000000000     
   1.3175551434308266E-008   1.6440306396320342E-009
   4.3163801427417416E-010   9.0210474251611741E-011
          52   0.0000000000000000        0.0000000000000000     
   1.1521989388126744E-008   1.0163758639928469E-009
   3.4328809248029210E-010   5.2999198979264237E-011
          53   0.0000000000000000        0.0000000000000000     
   1.0432314889914043E-008   6.8212801748948168E-010
   2.8876863369257404E-010   3.2737949088362044E-011
          54   0.0000000000000000        0.0000000000000000     
   9.6715090738451061E-009   4.8322482779339503E-010
   2.5458184393398734E-010   2.0209469979418662E-011
          55   0.0000000000000000        0.0000000000000000     
   9.1184719973859480E-009   3.5494949609940728E-010
   2.3389235035965599E-010   1.1619063251261689E-011
          56   0.0000000000000000        0.0000000000000000     
   8.7053239141478026E-009   2.6692429699224450E-010
   2.2300937565041651E-010   5.1605068661910701E-012
          57   0.0000000000000000        0.0000000000000000     
   8.3914182294533289E-009   2.0336433644496002E-010
   2.1987953174923987E-010  -1.3552327531957756E-013
          58   0.0000000000000000        0.0000000000000000     
   8.1511717139455850E-009   1.5538450636856840E-010
   2.2341171763952317E-010  -4.8533794680577758E-012
          59   0.0000000000000000        0.0000000000000000     
   7.9678958710762391E-009   1.1763495742565941E-010
   2.3313478458614677E-010  -9.3947237655722784E-012
          60   0.0000000000000000        0.0000000000000000     
   7.8304826132268492E-009   8.6686285938677923E-011
   2.4904366621978585E-010  -1.4082363827125953E-011
          61   0.0000000000000000        0.0000000000000000     
   7.7315433060931788E-009   6.0188281569119168E-011
   2.7155021716099243E-010  -1.9224465969023180E-011
          62   0.0000000000000000        0.0000000000000000     
   7.6663553955663630E-009   3.6391956645124772E-011
   3.0147479627001972E-010  -2.5166592954773964E-011
          63   0.0000000000000000        0.0000000000000000     
   7.6322850741691347E-009   1.3843438870348223E-011
   3.4016896045470309E-010  -3.2349233414757859E-011
          64   0.0000000000000000        0.0000000000000000     
   7.6285611657368199E-009  -8.8543306176528367E-012
   3.8965276771623894E-010  -4.1389255076189042E-011
          65   0.0000000000000000        0.0000000000000000     
   7.6563490684239398E-009  -3.3288557026248053E-011
   4.5296608743222721E-010  -5.3214490652735508E-011
          66   0.0000000000000000        0.0000000000000000     
   7.7191871670759067E-009  -6.1582872276037666E-011
   5.3464686276866355E-010  -6.9309143406717502E-011
          67   0.0000000000000000        0.0000000000000000     
   7.8239846788375828E-009  -9.7007686277798209E-011
   6.4172021642327732E-010  -9.2198800487036869E-011
          68   0.0000000000000000        0.0000000000000000     
   7.9830903157204105E-009  -1.4523705174894204E-010
   7.8553995191747191E-010  -1.2649242372731184E-010
          69   0.0000000000000000        0.0000000000000000     
   8.2185869143532459E-009  -2.1728827445065961E-010
   9.8541772447990274E-010  -1.8135419946449883E-010
          70   0.0000000000000000        0.0000000000000000     
   8.5718341484197126E-009  -3.3739911146818433E-010
   1.2768514190422447E-009  -2.7715630751037977E-010
          71   0.0000000000000000        0.0000000000000000     
   9.1265642202481270E-009  -5.6809811835590298E-010
   1.7309739931637335E-009  -4.6667822361061072E-010
          72   0.0000000000000000        0.0000000000000000     
   1.0067815521966049E-008  -1.1113606348541569E-009
   2.5044521223723539E-009  -9.2066940168558843E-010
          73   0.0000000000000000        0.0000000000000000     
   1.1750607260079694E-008  -2.8746097101689690E-009
   3.8976367271144970E-009  -2.4066301976732969E-009
          74   0.0000000000000000        0.0000000000000000     
   1.1087633564731502E-008  -1.0211304299971293E-008
   3.2987991489622039E-009  -8.6070993756879252E-009
          75   0.0000000000000000        0.0000000000000000     
   6.0641741679467207E-010  -6.5632948299396818E-009
  -5.6132765878677354E-009  -5.5152643886569591E-009
          76   0.0000000000000000        0.0000000000000000     
   2.2513973885799667E-009  -1.9788040134118269E-009
  -4.2759626462907784E-009  -1.6309118717107073E-009
          77   0.0000000000000000        0.0000000000000000     
   3.6655667414846036E-009  -8.8774431197578970E-010
  -3.1427683062615142E-009  -7.0122751436376872E-010
          78   0.0000000000000000        0.0000000000000000     
   4.4919455024906191E-009  -5.1315126664254855E-010
  -2.5163283028490082E-009  -3.7700451380130274E-010
          79   0.0000000000000000        0.0000000000000000     
   5.0351329805294806E-009  -3.4858663607318468E-010
  -2.1399440274191348E-009  -2.2966940076236639E-010
          80   0.0000000000000000        0.0000000000000000     
   5.4348321569074790E-009  -2.6579310921269603E-010
  -1.8966179308283474E-009  -1.5051652874480909E-010
          81   0.0000000000000000        0.0000000000000000     
   5.7573759671666635E-009  -2.2158791887601501E-010
  -1.7317458579344153E-009  -1.0275137116624006E-010
          82   0.0000000000000000        0.0000000000000000     
   6.0381170299091388E-009  -1.9848475200031895E-010
  -1.6173449269098182E-009  -7.1240966100745202E-011
          83   0.0000000000000000        0.0000000000000000     
   6.2982535342369569E-009  -1.8854989483055242E-010
  -1.5379010098995236E-009  -4.8827401088128462E-011
          84   0.0000000000000000        0.0000000000000000     
   6.5521545234396468E-009  -1.8802083467062538E-010
  -1.4843982652636692E-009  -3.1730952438899917E-011
          85   0.0000000000000000        0.0000000000000000     
   6.8109604395833819E-009  -1.9525572571300341E-010
  -1.4514754950123177E-009  -1.7747878311238344E-011
          86   0.0000000000000000        0.0000000000000000     
   7.0846364591891140E-009  -2.0991034255317637E-010
  -1.4360487563943272E-009  -5.4488942777093262E-012
          87   0.0000000000000000        0.0000000000000000     
   7.3834049395601087E-009  -2.3265983577970413E-010
  -1.4366337343413018E-009   6.2252521905539343E-012
          88   0.0000000000000000        0.0000000000000000     
   7.7190717700352906E-009  -2.6524425407072611E-010
  -1.4530122962196424E-009   1.8206359761959201E-011
          89   0.0000000000000000        0.0000000000000000     
   8.1065924273487154E-009  -3.1081675209014713E-010
  -1.4862414242049300E-009   3.1490879238507987E-011
          90   0.0000000000000000        0.0000000000000000     
   8.5663216859481093E-009  -3.7472936851557093E-010
  -1.5388250104888710E-009   4.7358627332705220E-011
          91   0.0000000000000000        0.0000000000000000     
   9.1276984278536169E-009  -4.6613580565871042E-010
  -1.6152431660827995E-009   6.7713637774321888E-011
          92   0.0000000000000000        0.0000000000000000     
   9.8357788331228811E-009  -6.0134797422588848E-010
  -1.7231460184855260E-009   9.5733737021065299E-011
          93   0.0000000000000000        0.0000000000000000     
   1.0763772635929331E-008  -8.1138906404198640E-010
  -1.8755731929514279E-009   1.3728875019780741E-010
          94   0.0000000000000000        0.0000000000000000     
   1.2039186149845554E-008  -1.1608448245296163E-009
  -2.0958108755169820E-009   2.0444835448276568E-010
          95   0.0000000000000000        0.0000000000000000     
   1.3903382320233706E-008  -1.8019830627502972E-009
  -2.4282789636724318E-009   3.2552747670018613E-010
          96   0.0000000000000000        0.0000000000000000     
   1.6860269489077823E-008  -3.1631697123740287E-009
  -2.9662727908864867E-009   5.8003738070786385E-010
          97   0.0000000000000000        0.0000000000000000     
   2.2034022960603096E-008  -6.8112258977993246E-009
  -3.9181791966783735E-009   1.2586307197047705E-009
          98   0.0000000000000000        0.0000000000000000     
   3.0162104127946586E-008  -2.0926807461845387E-008
  -5.4206484219234789E-009   3.8786201620494813E-009
          99   0.0000000000000000        0.0000000000000000     
  -2.4385163991206417E-009  -5.1948654746729893E-008
   6.2796620951440323E-010   9.6342455650166088E-009
         100   0.0000000000000000        0.0000000000000000     
  -2.0129230265028716E-008  -1.6328768668748419E-008
   3.9085927724191246E-009   3.0299638204734689E-009
         101   0.0000000000000000        0.0000000000000000     
  -1.2199148359898664E-008  -5.7403345094458297E-009
   2.4342963577187948E-009   1.0684012458236043E-009
         102   0.0000000000000000        0.0000000000000000     
  -7.6102935182174363E-009  -2.7786549213634978E-009
   1.5764703457502851E-009   5.2158499464464982E-010
         103   0.0000000000000000        0.0000000000000000     
  -4.9670699942164192E-009  -1.6056507206537920E-009
   1.0759610889152831E-009   3.0680806985796718E-010
         104   0.0000000000000000        0.0000000000000000     
  -3.3028593859767050E-009  -1.0278540006211415E-009
   7.5301031431458576E-010   2.0281441112286560E-010
         105   0.0000000000000000        0.0000000000000000     
  -2.1851770686687745E-009  -6.9889271422986543E-010
   5.2679529414434567E-010   1.4548344507415205E-010
         106   0.0000000000000000        0.0000000000000000     
  -1.4047318725125134E-009  -4.9030433453107413E-010
   3.5771337045057874E-010   1.1114572474393116E-010
         107   0.0000000000000000        0.0000000000000000     
  -8.5137161246263090E-010  -3.4556138935671780E-010
   2.2430401819858303E-010   8.9524319425508334E-011
         108   0.0000000000000000        0.0000000000000000     
  -4.6384661925807291E-010  -2.3627592618377815E-010
   1.1386222332974911E-010   7.5634780074060810E-011
         109   0.0000000000000000        0.0000000000000000     
  -2.0769216400186908E-010  -1.4637610360962502E-010
   1.8184333167052756E-011   6.6885290988584161E-011
         110   0.0000000000000000        0.0000000000000000     
  -6.4899577199984857E-011  -6.5466476066987945E-011
  -6.8487251923615342E-011   6.1900517812066118E-011
         111   0.0000000000000000        0.0000000000000000     
  -2.9116502624906055E-011   1.4421567756065905E-011
  -1.5060077867816715E-010   6.0009570192561125E-011
         112   0.0000000000000000        0.0000000000000000     
  -1.0393789146018131E-010   1.0081704372375209E-010
  -2.3210338045428872E-010   6.1031814890390532E-011
         113   0.0000000000000000        0.0000000000000000     
  -3.0344976064093546E-010   2.0253449332727295E-010
  -3.1699023772361332E-010   6.5231705337719348E-011
         114   0.0000000000000000        0.0000000000000000     
  -6.5514767973103288E-010   3.3190493948172745E-010
  -4.0989641069241602E-010   7.3420480960554694E-011
         115   0.0000000000000000        0.0000000000000000     
  -1.2064579769593981E-009   5.0863348588217039E-010
  -5.1703842684209526E-010   8.7270628394301372E-011
         116   0.0000000000000000        0.0000000000000000     
  -2.0379279745317000E-009   7.6774346677916986E-010
  -6.4750636560151097E-010   1.1006573433522563E-010
         117   0.0000000000000000        0.0000000000000000     
  -3.2905607188222745E-009   1.1782160066239077E-009
  -8.1625040229427153E-010   1.4853332586672740E-010
         118   0.0000000000000000        0.0000000000000000     
  -5.2263921340832468E-009   1.8930988518542495E-009
  -1.0501555363784455E-009   2.1782667455085862E-010
         119   0.0000000000000000        0.0000000000000000     
  -8.3752824683040830E-009   3.3095717823659821E-009
  -1.4025378200373061E-009   3.5748227492138599E-010
         120   0.0000000000000000        0.0000000000000000     
  -1.3908813950546748E-008   6.7178677309217957E-009
  -1.9908105364516342E-009   6.9615226872811354E-010
         121   0.0000000000000000        0.0000000000000000     
  -2.4047327355360644E-008   1.7953298896672477E-008
  -3.0368924275362042E-009   1.8159472675906704E-009
         122   0.0000000000000000        0.0000000000000000     
  -1.8153071382808351E-008   6.4483779411988570E-008
  -2.4819123995816146E-009   6.4571883882548021E-009
         123   0.0000000000000000        0.0000000000000000     
   4.7066057630816737E-008   3.9668627202153419E-008
   3.9927117166454031E-009   3.9807037272497622E-009
         124   0.0000000000000000        0.0000000000000000     
   3.7219203800195479E-008   1.1645898696635234E-008
   2.9792169878387024E-009   1.1843261697137474E-009
         125   0.0000000000000000        0.0000000000000000     
   2.9225053375666136E-008   4.8960840886382681E-009
   2.1514380429596635E-009   5.1034058582303668E-010
         126   0.0000000000000000        0.0000000000000000     
   2.4957565764776957E-008   2.5173036300366782E-009
   1.6962391967896364E-009   2.7246794629023646E-010
         127   0.0000000000000000        0.0000000000000000     
   2.2542934541727622E-008   1.4205014293459183E-009
   1.4266123653375180E-009   1.6247306219161027E-010
         128   0.0000000000000000        0.0000000000000000     
   2.1132034197011815E-008   8.1725722567039718E-010
   1.2579377142154084E-009   1.0163182192946102E-010
         129   0.0000000000000000        0.0000000000000000     
   2.0331071343252156E-008   4.3920146455224047E-010
   1.1510943527755302E-009   6.3080372236939978E-011
         130   0.0000000000000000        0.0000000000000000     
   1.9941406593836618E-008   1.7509547133107648E-010
   1.0865614259045343E-009   3.5594740814184519E-011
         131   0.0000000000000000        0.0000000000000000     
   1.9857028190860028E-008  -2.8467179073769844E-011
   1.0543023259173765E-009   1.3663337882706635E-011
         132   0.0000000000000000        0.0000000000000000     
   2.0020933961093788E-008  -2.0057313054320950E-010
   1.0494298809258253E-009  -5.8902640616370312E-012
         133   0.0000000000000000        0.0000000000000000     
   2.0405156282583836E-008  -3.5924595183680095E-010
   1.0704032579720848E-009  -2.5286558267060519E-011
         134   0.0000000000000000        0.0000000000000000     
   2.1001367335950524E-008  -5.1747946587231298E-010
   1.1183638733358024E-009  -4.6490200145476085E-011
         135   0.0000000000000000        0.0000000000000000     
   2.1816832597276262E-008  -6.8647211772030217E-010
   1.1970825708077187E-009  -7.1709469423509469E-011
         136   0.0000000000000000        0.0000000000000000     
   2.2873637954902842E-008  -8.7784228719799589E-010
   1.3136655937589342E-009  -1.0395025536803160E-010
         137   0.0000000000000000        0.0000000000000000     
   2.4210621896468565E-008  -1.1057666282431394E-009
   1.4800906098477713E-009  -1.4789069064633584E-010
         138   0.0000000000000000        0.0000000000000000     
   2.5888354203390918E-008  -1.3898821299115346E-009
   1.7160810670481751E-009  -2.1157150133073540E-010
