   262144.00000000000     
         256           1           3
   1.7567330116226543E-005  -18.272418975714000       -139.90772519949999     
   6.0401400154609997        12.000000000000000        5733.8999999999996     
           0   0.0000000000000000        0.0000000000000000     
   0.0000000000000000        0.0000000000000000     
   0.0000000000000000        0.0000000000000000     
           1  -3.9048614654982269E-009  -8.2807383288708656E-011
  -2.4768334013125721E-009  -4.8966313492732076E-011
   0.0000000000000000        0.0000000000000000     
           2  -3.9198775452116445E-009  -2.3467437728865631E-012
  -2.4830205839701576E-009  -3.7966080766029896E-012
   0.0000000000000000        0.0000000000000000     
           3  -3.9408950450995058E-009   2.1370419800176192E-011
  -2.4909516715515635E-009   8.5845143454310382E-012
   0.0000000000000000        0.0000000000000000     
           4  -3.9811858741711513E-009   3.5535639053060952E-011
  -2.5081757625436896E-009   1.5361411089429439E-011
   0.0000000000000000        0.0000000000000000     
           5  -4.0382836426788814E-009   4.7806231146265497E-011
  -2.5331166594744438E-009   2.0912888379587382E-011
   0.0000000000000000        0.0000000000000000     
           6  -4.1117117529150215E-009   6.0023455233882346E-011
  -2.5652913395885381E-009   2.6257714539049310E-011
   0.0000000000000000        0.0000000000000000     
           7  -4.2020687754130677E-009   7.2891687194274357E-011
  -2.6047735676814258E-009   3.1751280755500012E-011
   0.0000000000000000        0.0000000000000000     
           8  -4.3105818950307336E-009   8.6841036311389890E-011
  -2.6519243056159114E-009   3.7580463096125454E-011
   0.0000000000000000        0.0000000000000000     
           9  -4.4389849669235870E-009   1.0224913025542643E-010
  -2.7073052647986640E-009   4.3888068650524527E-011
   0.0000000000000000        0.0000000000000000     
          10  -4.5895260625947442E-009   1.1952132658480363E-010
  -2.7716617680704128E-009   5.0814472242307768E-011
   0.0000000000000000        0.0000000000000000     
          11  -4.7650416330303013E-009   1.3913578632409695E-010
  -2.8459368088637109E-009   5.8517329048332135E-011
   0.0000000000000000        0.0000000000000000     
          12  -4.9690823256746426E-009   1.6168341388443842E-010
  -2.9313050150959828E-009   6.7185921004146663E-011
   0.0000000000000000        0.0000000000000000     
          13  -5.2060947823243249E-009   1.8791506326996338E-010
  -3.0292251322937953E-009   7.7056153446388081E-011
   0.0000000000000000        0.0000000000000000     
          14  -5.4816756180448870E-009   2.1880507761270962E-010
  -3.1415146225522089E-009   8.8429669171347021E-011
   0.0000000000000000        0.0000000000000000     
          15  -5.8029259808245781E-009   2.5564198351128739E-010
  -3.2704540931075106E-009   1.0170052166877812E-010
   0.0000000000000000        0.0000000000000000     
          16  -6.1789521130204233E-009   3.0016255558082610E-010
  -3.4189344095858446E-009   1.1739419816789644E-010
   0.0000000000000000        0.0000000000000000     
          17  -6.6215842215065432E-009   3.5475579923237735E-010
  -3.5906671692639341E-009   1.3622665890708931E-010
   0.0000000000000000        0.0000000000000000     
          18  -7.1464309170513572E-009   4.2278245489153867E-010
  -3.7904921323581815E-009   1.5919646936470174E-010
   0.0000000000000000        0.0000000000000000     
          19  -7.7744647283057234E-009   5.0909158760580450E-010
  -4.0248376138856311E-009   1.8773335568754333E-010
   0.0000000000000000        0.0000000000000000     
          20  -8.5344757742631603E-009   6.2088645621252367E-010
  -4.3024303129383390E-009   2.2394666787742388E-010
   0.0000000000000000        0.0000000000000000     
          21  -9.4669979141963043E-009   7.6923757035620192E-010
  -4.6354273898390130E-009   2.7105881495947145E-010
   0.0000000000000000        0.0000000000000000     
          22  -1.0630840853183602E-008   9.7185942379956987E-010
  -5.0412946738453348E-009   3.3419963139735435E-010
   0.0000000000000000        0.0000000000000000     
          23  -1.2114468790162750E-008   1.2585134698499418E-009
  -5.5460708472316754E-009   4.2195047285546894E-010
   0.0000000000000000        0.0000000000000000     
          24  -1.4056934902931663E-008   1.6822974466272111E-009
  -6.1903618382274430E-009   5.4956811539364303E-010
   0.0000000000000000        0.0000000000000000     
          25  -1.6689041308554338E-008   2.3454203644853566E-009
  -7.0411167748947797E-009   7.4634145697425999E-010
   0.0000000000000000        0.0000000000000000     
          26  -2.0420536418030909E-008   3.4651151663358156E-009
  -8.2164859602402718E-009   1.0743978656396226E-009
   0.0000000000000000        0.0000000000000000     
          27  -2.6043960388923865E-008   5.5694939142094727E-009
  -9.9442236588297400E-009   1.6845736646224584E-009
   0.0000000000000000        0.0000000000000000     
          28  -3.5249233970587392E-008   1.0213462054468472E-008
  -1.2707890198545175E-008   3.0206172347516122E-009
   0.0000000000000000        0.0000000000000000     
          29  -5.1750285185982440E-008   2.3488439529394612E-008
  -1.7569676364418932E-008   6.8202354732097250E-009
   0.0000000000000000        0.0000000000000000     
          30  -7.1961128887163945E-008   7.8719186387619262E-008
  -2.3508808261877233E-008   2.2588615613807982E-008
   0.0000000000000000        0.0000000000000000     
          31   5.6330268547850450E-008   1.2847956488057919E-007
   1.2883768819087405E-008   3.6799637474056672E-008
   0.0000000000000000        0.0000000000000000     
          32   6.7904570815388538E-008   3.6042935009504401E-008
   1.5959536454315243E-008   1.0457445041371046E-008
   0.0000000000000000        0.0000000000000000     
          33   4.7323400399491868E-008   1.3665414446016860E-008
   9.8312699480279200E-009   4.1018982466359168E-009
   0.0000000000000000        0.0000000000000000     
          34   3.5919058777078651E-008   6.8628668646171629E-009
   6.2796089810094395E-009   2.1946925559910318E-009
   0.0000000000000000        0.0000000000000000     
          35   2.9290104865388052E-008   4.0206417924626269E-009
   4.0405134875711630E-009   1.4252027315294526E-009
   0.0000000000000000        0.0000000000000000     
          36   2.5108747372353697E-008   2.5730019045684680E-009
   2.4371071285711227E-009   1.0646783877038512E-009
   0.0000000000000000        0.0000000000000000     
          37   2.2322008081281446E-008   1.7304895555936606E-009
   1.1511622023722184E-009   8.9261514045862629E-010
   0.0000000000000000        0.0000000000000000     
          38   2.0408356854242658E-008   1.1890213793737184E-009
   8.7842065156114421E-012   8.2977505542575927E-010
   0.0000000000000000        0.0000000000000000     
          39   1.9087743873749183E-008   8.1197682349847771E-010
  -1.1082082579634703E-009   8.4994633486724284E-010
   0.0000000000000000        0.0000000000000000     
          40   1.8198382772929437E-008   5.3139859519586747E-010
  -2.3052372019061535E-009   9.5710764430783136E-010
   0.0000000000000000        0.0000000000000000     
          41   1.7641441917727118E-008   3.1314552092316696E-010
  -3.7110009757471588E-009   1.1885757340381767E-009
   0.0000000000000000        0.0000000000000000     
          42   1.7348418488874815E-008   1.4800272502792096E-010
  -5.5276954701794777E-009   1.6494292191903674E-009
   0.0000000000000000        0.0000000000000000     
          43   1.7250626718762589E-008   6.9677001056774323E-011
  -8.1431703287437969E-009   2.6443597372000489E-009
   0.0000000000000000        0.0000000000000000     
          44   1.7227831457556140E-008   2.7242658101963672E-010
  -1.2393889897066706E-008   5.2823162979995924E-009
   0.0000000000000000        0.0000000000000000     
          45   1.7250479691835957E-008   1.8971859086715793E-009
  -1.8978359981561809E-008   1.5292172532392101E-008
   0.0000000000000000        0.0000000000000000     
          46   2.3960496985304379E-008   6.2330554944047342E-009
   2.7180701637973606E-009   3.9367835432483167E-008
   0.0000000000000000        0.0000000000000000     
          47   3.0262006646909812E-008  -4.5258278871365063E-010
   1.6871140098290991E-008   1.3275537817967421E-008
   0.0000000000000000        0.0000000000000000     
          48   3.4165941332505848E-008  -4.4966141726285050E-009
   9.9010770214046716E-009   5.3002303626683357E-009
   0.0000000000000000        0.0000000000000000     
          49   4.2446676394830100E-008  -1.0619238761043270E-008
   4.9775381902332634E-009   3.5163314084103163E-009
   0.0000000000000000        0.0000000000000000     
          50   5.8057030054264535E-008  -3.0107148384409307E-008
   8.2828597069201349E-010   3.8894185888619100E-009
   0.0000000000000000        0.0000000000000000     
          51   3.5317793171806779E-008  -1.0305227208445680E-007
  -1.4520638447445750E-009   7.4797549481321437E-009
   0.0000000000000000        0.0000000000000000     
          52  -4.5160793551193317E-008  -4.9702112838766415E-008
  -1.8327275592904141E-009   6.1801382303141031E-009
   0.0000000000000000        0.0000000000000000     
          53  -2.7755700123483617E-008  -1.6797069390411630E-008
  -8.7876251490632621E-009   8.0254444379490515E-009
   0.0000000000000000        0.0000000000000000     
          54  -1.4396735217956488E-008  -1.1275232644755366E-008
  -1.9572458699432273E-008   2.0006594261976191E-008
   0.0000000000000000        0.0000000000000000     
          55  -1.2275580463577762E-008  -1.8636514121644252E-008
  -2.4326370812167597E-009   6.4873529392224232E-008
   0.0000000000000000        0.0000000000000000     
          56  -1.9093942547649050E-008  -8.9077698238918155E-009
   4.3320869339982722E-008   2.8625443871097076E-008
   0.0000000000000000        0.0000000000000000     
          57  -1.4206670249460641E-008  -3.6832872168153183E-009
   3.2956566491000345E-008   9.1349196491413506E-009
   0.0000000000000000        0.0000000000000000     
          58  -1.0854396644516908E-008  -2.1029500547462748E-009
   2.6147864652375720E-008   4.1432721746344951E-009
   0.0000000000000000        0.0000000000000000     
          59  -8.6407871625542726E-009  -1.4011478624553542E-009
   2.2354158776985063E-008   2.2715838065661412E-009
   0.0000000000000000        0.0000000000000000     
          60  -7.0668583120994306E-009  -1.0145990826078645E-009
   2.0080873702485099E-008   1.3684160149434341E-009
   0.0000000000000000        0.0000000000000000     
          61  -5.8839686944640051E-009  -7.7433280374756804E-010
   1.8657737647616291E-008   8.5276417776387104E-010
   0.0000000000000000        0.0000000000000000     
          62  -4.9589138113861607E-009  -6.1326410145989817E-010
   1.7768011455032254E-008   5.1854669912697499E-010
   0.0000000000000000        0.0000000000000000     
          63  -4.2131576529483282E-009  -4.9946136786879712E-010
   1.7249052098017456E-008   2.7727210011554101E-010
   0.0000000000000000        0.0000000000000000     
          64  -3.5975641270437422E-009  -4.1566878234968839E-010
   1.7014260510651550E-008   8.4642623241752620E-011
   0.0000000000000000        0.0000000000000000     
          65  -3.0798081049448089E-009  -3.5153823164037089E-010
   1.7019379304937459E-008  -8.5227652256160802E-011
   0.0000000000000000        0.0000000000000000     
          66  -2.6387844652862903E-009  -3.0012014701330743E-010
   1.7247144589196269E-008  -2.5077503344614576E-010
   0.0000000000000000        0.0000000000000000     
          67  -2.2610794550484976E-009  -2.5590366846220768E-010
   1.7702846811698935E-008  -4.2913374884182255E-010
   0.0000000000000000        0.0000000000000000     
          68  -1.9403627861571177E-009  -2.1322051913193268E-010
   1.8415946992213971E-008  -6.4177255738562855E-010
   0.0000000000000000        0.0000000000000000     
          69  -1.6785207073350449E-009  -1.6398710584939785E-010
   1.9449321908100311E-008  -9.2365046631894539E-010
   0.0000000000000000        0.0000000000000000     
          70  -1.4906938325662495E-009  -9.2632167126255690E-011
   2.0924919868868574E-008  -1.3450061114751093E-009
   0.0000000000000000        0.0000000000000000     
          71  -1.4183021616630351E-009   3.9209855565439050E-011
   2.3085663013472612E-008  -2.0777727566782270E-009
   0.0000000000000000        0.0000000000000000     
          72  -1.5660320734087128E-009   3.5277508871235704E-010
   2.6456094599404800E-008  -3.6558026186297015E-009
   0.0000000000000000        0.0000000000000000     
          73  -2.1544718399839624E-009   1.3789952571301807E-009
   3.2081028948455961E-008  -8.3875690533830491E-009
   0.0000000000000000        0.0000000000000000     
          74  -1.7045273865515980E-009   5.8584765038711738E-009
   3.3689615128690926E-008  -2.8130805970637901E-008
   0.0000000000000000        0.0000000000000000     
          75   6.3369994520461857E-009   4.4081997606031953E-009
   3.1457500534284587E-009  -2.2408416556255366E-008
   0.0000000000000000        0.0000000000000000     
          76   6.1411767658482671E-009   8.4124514199573352E-010
   9.0109809349052080E-009  -7.7427334427220419E-009
   0.0000000000000000        0.0000000000000000     
          77   6.0391292785865333E-009  -1.0478435803032238E-010
   1.5632300454318364E-008  -4.6841044860534108E-009
   0.0000000000000000        0.0000000000000000     
          78   6.5690506979951396E-009  -5.7153816954851716E-010
   2.1156070109081254E-008  -4.1452088096008997E-009
   0.0000000000000000        0.0000000000000000     
          79   7.6161300366218072E-009  -9.8332455959561861E-010
   2.6824302386081094E-008  -4.5821860953838730E-009
   0.0000000000000000        0.0000000000000000     
          80   9.2468312238936769E-009  -1.5098358653819566E-009
   3.3595516146368137E-008  -5.8232720328350776E-009
   0.0000000000000000        0.0000000000000000     
          81   1.1711356925280972E-008  -2.3433178059449465E-009
   4.2618111941653063E-008  -8.2466836601928837E-009
   0.0000000000000000        0.0000000000000000     
          82   1.5564929630631568E-008  -3.8943950611643750E-009
   5.5848226994673772E-008  -1.3069847935517451E-008
   0.0000000000000000        0.0000000000000000     
          83   2.2043335583249300E-008  -7.3711227561870799E-009
   7.7338027373500944E-008  -2.4110064255947052E-008
   0.0000000000000000        0.0000000000000000     
          84   3.3832882823093392E-008  -1.7668111610575999E-008
   1.1573632035347320E-007  -5.6987312160643438E-008
   0.0000000000000000        0.0000000000000000     
          85   4.4632941310037343E-008  -6.1643527281258770E-008
   1.5096067904980535E-007  -1.9751821963842296E-007
   0.0000000000000000        0.0000000000000000     
          86  -4.9028712184813559E-008  -7.7614270120818777E-008
  -1.4760358935370867E-007  -2.4858678421518815E-007
   0.0000000000000000        0.0000000000000000     
          87  -4.7754796986482755E-008  -2.1457856135389822E-008
  -1.4272620332152767E-007  -6.9197308691903508E-008
   0.0000000000000000        0.0000000000000000     
          88  -3.4806981869999570E-008  -8.3156387736845744E-009
  -1.0044331193511998E-007  -2.7295001248712379E-008
   0.0000000000000000        0.0000000000000000     
          89  -2.7850151452626862E-008  -4.1137094304829932E-009
  -7.7151190369778309E-008  -1.4003767489475298E-008
   0.0000000000000000        0.0000000000000000     
          90  -2.3975171903603650E-008  -2.2644420770145003E-009
  -6.3488966690874472E-008  -8.2886853929574451E-009
   0.0000000000000000        0.0000000000000000     
          91  -2.1765523983332984E-008  -1.2434992579160809E-009
  -5.4839140717061542E-008  -5.3070147826420497E-009
   0.0000000000000000        0.0000000000000000     
          92  -2.0611145777955688E-008  -5.5267576691763095E-010
  -4.9109661582705565E-008  -3.5178976866432616E-009
   0.0000000000000000        0.0000000000000000     
          93  -2.0265124784649252E-008   3.2626775791401601E-011
  -4.5280094247368775E-008  -2.3019109106037629E-009
   0.0000000000000000        0.0000000000000000     
          94  -2.0694147644258210E-008   6.7495184522333016E-010
  -4.2842816458733406E-008  -1.3463732200720448E-009
   0.0000000000000000        0.0000000000000000     
          95  -2.2076067119363380E-008   1.6014420250564659E-009
  -4.1600099988495249E-008  -4.1927086194768660E-010
   0.0000000000000000        0.0000000000000000     
          96  -2.4945375465881025E-008   3.3622955933378887E-009
  -4.1644283815816904E-008   8.2212757652498148E-010
   0.0000000000000000        0.0000000000000000     
          97  -3.0592632045113646E-008   7.9503685930072832E-009
  -4.3514643978537960E-008   3.4218358436578435E-009
   0.0000000000000000        0.0000000000000000     
          98  -3.9134829544137692E-008   2.5954351442868041E-008
  -4.7199261364362530E-008   1.2744267951858261E-008
   0.0000000000000000        0.0000000000000000     
          99   3.8918986735984349E-009   5.5237828658132013E-008
  -2.5192350345309588E-008   2.7729802971509472E-008
   0.0000000000000000        0.0000000000000000     
         100   1.6573407649430748E-008   1.6307631032948855E-008
  -1.8774334550020008E-008   8.3088991291895687E-009
   0.0000000000000000        0.0000000000000000     
         101   7.9628416446940118E-009   6.0196912450677159E-009
  -2.3374399259038113E-008   3.3312434407576435E-009
   0.0000000000000000        0.0000000000000000     
         102   2.9428069366351357E-009   3.1017788728688867E-009
  -2.6454247682265728E-008   2.0822176167544494E-009
   0.0000000000000000        0.0000000000000000     
         103  -1.6738757530881688E-010   1.9806050215513648E-009
  -2.8886896755587286E-008   1.7645601623072074E-009
   0.0000000000000000        0.0000000000000000     
         104  -2.3876420301943701E-009   1.4850181572476394E-009
  -3.1230059215381968E-008   1.8040719036972793E-009
   0.0000000000000000        0.0000000000000000     
         105  -4.1950921352187036E-009   1.2732922129795473E-009
  -3.3794480677197196E-008   2.0509604717113010E-009
   0.0000000000000000        0.0000000000000000     
         106  -5.8511432774349802E-009   1.2261172726929722E-009
  -3.6816402560363712E-008   2.4784549741903736E-009
   0.0000000000000000        0.0000000000000000     
         107  -7.5335587574522511E-009   1.3048884391483004E-009
  -4.0546155858612653E-008   3.1198595458240096E-009
   0.0000000000000000        0.0000000000000000     
         108  -9.4044662747526088E-009   1.5137253396965707E-009
  -4.5312838080136065E-008   4.0660790968904397E-009
   0.0000000000000000        0.0000000000000000     
         109  -1.1653853990963056E-008   1.8966151948698388E-009
  -5.1612126201570501E-008   5.4996362475427097E-009
   0.0000000000000000        0.0000000000000000     
         110  -1.4560271472616143E-008   2.5617345157353131E-009
  -6.0260501076931082E-008   7.7899617120874248E-009
   0.0000000000000000        0.0000000000000000     
         111  -1.8599624526902444E-008   3.7604358412172339E-009
  -7.2728072830361801E-008   1.1752937994934830E-008
   0.0000000000000000        0.0000000000000000     
         112  -2.4692050374877535E-008   6.1412913174467839E-009
  -9.1917971390735455E-008   1.9463229157963456E-008
   0.0000000000000000        0.0000000000000000     
         113  -3.4830715187355702E-008   1.1747791011929126E-008
  -1.2416075436314516E-007   3.7430383090211985E-008
   0.0000000000000000        0.0000000000000000     
         114  -5.3096684495849799E-008   2.9376454515352630E-008
  -1.8244158576576817E-007   9.3644983353033387E-008
   0.0000000000000000        0.0000000000000000     
         115  -5.8075029276795202E-008   1.0539264454799182E-007
  -1.9863920355884871E-007   3.3560820038197433E-007
   0.0000000000000000        0.0000000000000000     
         116   7.4941834829799311E-008   9.0319156862744336E-008
   2.2393178948636923E-007   2.8782097299196306E-007
   0.0000000000000000        0.0000000000000000     
         117   6.1360778137116414E-008   2.5584232554890116E-008
   1.7992545630284120E-007   8.2073134484126902E-008
   0.0000000000000000        0.0000000000000000     
         118   4.4653727254169103E-008   1.0431328385607770E-008
   1.2570590728294596E-007   3.4049628318801209E-008
   0.0000000000000000        0.0000000000000000     
         119   3.5685540608486306E-008   5.3504549935923978E-009
   9.5848090144394826E-008   1.7940723198374222E-008
   0.0000000000000000        0.0000000000000000     
         120   3.0568943920067370E-008   3.3171401169082972E-009
   7.8126434674454544E-008   1.0725345404459864E-008
   0.0000000000000000        0.0000000000000000     
         121   2.7686180143710897E-008   3.9511997286508374E-009
   6.6910377836503215E-008   6.7049058820645862E-009
   0.0000000000000000        0.0000000000000000     
         122   3.7806011700005433E-008   9.7174098188932339E-009
   5.9758456873375273E-008   3.5676929664782954E-009
   0.0000000000000000        0.0000000000000000     
         123   4.9165028854056048E-008  -2.6511831493908586E-008
   5.4143579349443019E-008  -1.9365098243448220E-009
   0.0000000000000000        0.0000000000000000     
         124   2.2675916310342587E-009  -2.6937642599345423E-008
   4.2506688545410773E-008  -2.0317470734601276E-009
   0.0000000000000000        0.0000000000000000     
         125   4.8991798049886435E-009  -7.5281795252885696E-009
   3.9816515414396502E-008   9.0379582112139202E-010
   0.0000000000000000        0.0000000000000000     
         126   1.0038928621249304E-008  -3.6728748874531188E-009
   3.7908352690871740E-008   1.4273638160784626E-009
   0.0000000000000000        0.0000000000000000     
         127   1.4003754725396234E-008  -3.2261300912954233E-009
   3.5806812160657517E-008   1.7863530301369670E-009
   0.0000000000000000        0.0000000000000000     
         128   1.8538059663503363E-008  -4.6739141176214353E-009
   3.3137863539619896E-008   2.8277764733256798E-009
   0.0000000000000000        0.0000000000000000     
         129   2.5594598856391698E-008  -1.0375955265709410E-008
   2.8907760762172603E-008   6.6996142567274449E-009
   0.0000000000000000        0.0000000000000000     
         130   3.0262077963760498E-008  -3.5786547644963748E-008
   2.6930462361091110E-008   2.4767174623170403E-008
   0.0000000000000000        0.0000000000000000     
         131  -1.9525927503454998E-008  -3.7855070056278808E-008
   6.5339360994834859E-008   2.5665875417590042E-008
   0.0000000000000000        0.0000000000000000     
         132  -1.6184232772946554E-008  -1.0738856310245095E-008
   6.5985809754964358E-008   5.0819516967879600E-009
   0.0000000000000000        0.0000000000000000     
         133  -9.2284667455031954E-009  -4.4806340193850559E-009
   6.5299256962148613E-008  -6.4886545523167765E-010
   0.0000000000000000        0.0000000000000000     
         134  -5.2121764362902000E-009  -2.5073147841842678E-009
   6.8630784526121676E-008  -3.8520669041516685E-009
   0.0000000000000000        0.0000000000000000     
         135  -2.5767737067506900E-009  -1.7465461006670826E-009
   7.5859964192785341E-008  -7.2987282264977721E-009
   0.0000000000000000        0.0000000000000000     
         136  -5.0494599673723536E-010  -1.5268350706529950E-009
   8.8347090327106614E-008  -1.2763203336731796E-008
   0.0000000000000000        0.0000000000000000     
         137   1.5316729553209264E-009  -1.7897284346015892E-009
   1.0985141243813027E-007  -2.4032562490551862E-008
   0.0000000000000000        0.0000000000000000     
         138   4.1298156553384288E-009  -3.1340915537761092E-009
   1.4906468128060838E-007  -5.5142618594394495E-008
   0.0000000000000000        0.0000000000000000     
