   262144.00000000000     
         256           1           3
   1.7567330116226543E-005  -18.272418975714000       -139.90772519949999     
   6.0401400154609997        12.000000000000000        5733.8999999999996     
           0   0.0000000000000000        0.0000000000000000     
   0.0000000000000000        0.0000000000000000     
   0.0000000000000000        0.0000000000000000     
           1   0.0000000000000000        0.0000000000000000     
   9.5447323131134641E-010  -7.7866240884907036E-012
  -2.1127481469131477E-009   1.3759467991704171E-011
           2   0.0000000000000000        0.0000000000000000     
   9.5394851706962937E-010  -1.0532060469954216E-012
  -2.1122096369818526E-009   2.2052282747853512E-012
           3   0.0000000000000000        0.0000000000000000     
   9.5352373293124116E-010   6.1221646777871989E-013
  -2.1120995426213550E-009  -5.1020519652043957E-013
           4   0.0000000000000000        0.0000000000000000     
   9.5200907423822582E-010   1.3987195607143902E-012
  -2.1103485166255418E-009  -1.6888032529081207E-012
           5   0.0000000000000000        0.0000000000000000     
   9.4966803885393138E-010   1.9774760702607029E-012
  -2.1074231224704746E-009  -2.4991251297704799E-012
           6   0.0000000000000000        0.0000000000000000     
   9.4660447440524432E-010   2.4994404229282195E-012
  -2.1035138306380638E-009  -3.2026447826427095E-012
           7   0.0000000000000000        0.0000000000000000     
   9.4284554470888869E-010   3.0120985648241372E-012
  -2.0986798287329532E-009  -3.8803079971614293E-012
           8   0.0000000000000000        0.0000000000000000     
   9.3838496759944166E-010   3.5354666724593901E-012
  -2.0929246111376288E-009  -4.5649981863648556E-012
           9   0.0000000000000000        0.0000000000000000     
   9.3319866259083253E-010   4.0807680927308082E-012
  -2.0862235172896259E-009  -5.2740586635882820E-012
          10   0.0000000000000000        0.0000000000000000     
   9.2725051426194489E-010   4.6561680851763681E-012
  -2.0785340959164619E-009  -6.0192441682583250E-012
          11   0.0000000000000000        0.0000000000000000     
   9.2049439396446658E-010   5.2688838664396309E-012
  -2.0698000145613682E-009  -6.8103446565249126E-012
          12   0.0000000000000000        0.0000000000000000     
   9.1287457466337532E-010   5.9261105011412438E-012
  -2.0599522488126972E-009  -7.6567342327961808E-012
          13   0.0000000000000000        0.0000000000000000     
   9.0432532951070499E-010   6.6355195937380337E-012
  -2.0489089453403528E-009  -8.5681622788878077E-012
          14   0.0000000000000000        0.0000000000000000     
   8.9477001683279873E-010   7.4056008249036233E-012
  -2.0365745061633090E-009  -9.5552542107841856E-012
          15   0.0000000000000000        0.0000000000000000     
   8.8411975726994830E-010   8.2459566355741392E-012
  -2.0228381034387505E-009  -1.0629909847739535E-011
          16   0.0000000000000000        0.0000000000000000     
   8.7227171889859644E-010   9.1676033401116424E-012
  -2.0075716838836216E-009  -1.1805686707205593E-011
          17   0.0000000000000000        0.0000000000000000     
   8.5910697502510753E-010   1.0183311056658957E-011
  -1.9906274413901109E-009  -1.3098217430229733E-011
          18   0.0000000000000000        0.0000000000000000     
   8.4448786284508723E-010   1.1308008572383887E-011
  -1.9718346839793169E-009  -1.4525697340366469E-011
          19   0.0000000000000000        0.0000000000000000     
   8.2825473773989362E-010   1.2559279998076693E-011
  -1.9509959777119778E-009  -1.6109476334114765E-011
          20   0.0000000000000000        0.0000000000000000     
   8.1022197831433924E-010   1.3957985073879642E-011
  -1.9278824006457804E-009  -1.7874793786529296E-011
          21   0.0000000000000000        0.0000000000000000     
   7.9017304940308074E-010   1.5529044092143262E-011
  -1.9022276828394049E-009  -1.9851705136466697E-011
          22   0.0000000000000000        0.0000000000000000     
   7.6785436759363204E-010   1.7302442136261160E-011
  -1.8737209346784676E-009  -2.2076264496527300E-011
          23   0.0000000000000000        0.0000000000000000     
   7.4296768013139968E-010   1.9314527244075797E-011
  -1.8418630520791979E-009  -2.4592055065285643E-011
          24   0.0000000000000000        0.0000000000000000     
   7.1516018128534625E-010   2.1609706096273899E-011
  -1.8064933272275708E-009  -2.7452161831925727E-011
          25   0.0000000000000000        0.0000000000000000     
   6.8401253433902708E-010   2.4242683187155261E-011
  -1.7669678888453825E-009  -3.0721822689034972E-011
          26   0.0000000000000000        0.0000000000000000     
   6.4902288719294279E-010   2.7281452088449363E-011
  -1.7226791490793848E-009  -3.4481914055110566E-011
          27   0.0000000000000000        0.0000000000000000     
   6.0958648200393840E-010   3.0811341594495689E-011
  -1.6728972487670718E-009  -3.8833688717988041E-011
          28   0.0000000000000000        0.0000000000000000     
   5.6496886182330816E-010   3.4940563416836557E-011
  -1.6167385822994993E-009  -4.3905260494534496E-011
          29   0.0000000000000000        0.0000000000000000     
   5.1427032122072203E-010   3.9807932169227218E-011
  -1.5531240910617284E-009  -4.9860621139588259E-011
          30   0.0000000000000000        0.0000000000000000     
   4.5637809794898199E-010   4.5593784541699058E-011
  -1.4807232427794108E-009  -5.6912385212060863E-011
          31   0.0000000000000000        0.0000000000000000     
   3.8990110981604186E-010   5.2535703703180670E-011
  -1.3978776427584118E-009  -6.5340132598575152E-011
          32   0.0000000000000000        0.0000000000000000     
   3.1307937467244302E-010   6.0951620754039802E-011
  -1.3024951196640828E-009  -7.5517342312618313E-011
          33   0.0000000000000000        0.0000000000000000     
   2.2365594311424589E-010   7.1274521110949990E-011
  -1.1919001134255957E-009  -8.7951838246457008E-011
          34   0.0000000000000000        0.0000000000000000     
   1.1869202866275315E-010   8.4105913670357696E-011
  -1.0626178778120945E-009  -1.0334807685829666E-010
          35   0.0000000000000000        0.0000000000000000     
  -5.7061952019011459E-012   1.0030058981730285E-010
  -9.1005579484396535E-010  -1.2270585415778026E-010
          36   0.0000000000000000        0.0000000000000000     
  -1.5480226319014612E-010   1.2110543900071351E-010
  -7.2801996181380893E-010  -1.4748192343833040E-010
          37   0.0000000000000000        0.0000000000000000     
  -3.3587898755494068E-010   1.4839552767934850E-010
  -5.0808540297785593E-010  -1.7986479049179648E-010
          38   0.0000000000000000        0.0000000000000000     
  -5.5928826299607138E-010   1.8509366128805284E-010
  -2.3786499244196853E-010  -2.2326304537461483E-010
          39   0.0000000000000000        0.0000000000000000     
  -8.4023309560680640E-010   2.3595593177831056E-010
   1.0030293184624228E-010  -2.8321947099339459E-010
          40   0.0000000000000000        0.0000000000000000     
  -1.2019201834739372E-009   3.0913767550580157E-010
   5.3361087516078256E-010  -3.6923324344738339E-010
          41   0.0000000000000000        0.0000000000000000     
  -1.6815031490741696E-009   4.1956468616936614E-010
   1.1052591708640307E-009  -4.9868247644242157E-010
          42   0.0000000000000000        0.0000000000000000     
  -2.3420608894573270E-009   5.9692680705840200E-010
   1.8888709115895517E-009  -7.0612485246409033E-010
          43   0.0000000000000000        0.0000000000000000     
  -3.2988889835619576E-009   9.0715554966749265E-010
   3.0186351680768237E-009  -1.0682864553612580E-009
          44   0.0000000000000000        0.0000000000000000     
  -4.7828377012235657E-009   1.5206822647025771E-009
   4.7637619840284062E-009  -1.7834782496897738E-009
          45   0.0000000000000000        0.0000000000000000     
  -7.3016342011542419E-009   2.9868665654231454E-009
   7.7146683693735635E-009  -3.4908841271092699E-009
          46   0.0000000000000000        0.0000000000000000     
  -1.1838092561850273E-008   7.7621167283805911E-009
   1.3015360423697654E-008  -9.0484742783035075E-009
          47   0.0000000000000000        0.0000000000000000     
  -1.0312986871550006E-008   2.7809180594952920E-008
   1.1266077104329479E-008  -3.2374504299330489E-008
          48   0.0000000000000000        0.0000000000000000     
   1.9216458201610129E-008   1.8420411705392893E-008
  -2.3062179994356070E-008  -2.1453297568435876E-008
          49   0.0000000000000000        0.0000000000000000     
   1.4934300541317441E-008   5.4198569089872385E-009
  -1.8048751441992537E-008  -6.3302419027207298E-009
          50   0.0000000000000000        0.0000000000000000     
   1.1190698989846590E-008   2.3193724367414441E-009
  -1.3658046304110719E-008  -2.7259509580738560E-009
          51   0.0000000000000000        0.0000000000000000     
   9.1245276046244796E-009   1.2425634576816233E-009
  -1.1214495413917897E-008  -1.4766014562443280E-009
          52   0.0000000000000000        0.0000000000000000     
   7.8868536753390603E-009   7.5412273264824421E-010
  -9.7297790143039421E-009  -9.1235884152537362E-010
          53   0.0000000000000000        0.0000000000000000     
   7.0900225851295275E-009   4.9175294089284846E-010
  -8.7520385893572397E-009  -6.1181975562102601E-010
          54   0.0000000000000000        0.0000000000000000     
   6.5533584879899589E-009   3.3322372176891622E-010
  -8.0700513561840795E-009  -4.3292039711213713E-010
          55   0.0000000000000000        0.0000000000000000     
   6.1843802724433975E-009   2.2838091993479175E-010
  -7.5749823384814440E-009  -3.1749522455134542E-010
          56   0.0000000000000000        0.0000000000000000     
   5.9319644380790742E-009   1.5355195585107737E-010
  -7.2057501927532559E-009  -2.3824297043101631E-010
          57   0.0000000000000000        0.0000000000000000     
   5.7663404549080467E-009   9.6275261247495942E-011
  -6.9259815684935824E-009  -1.8097927567024458E-010
          58   0.0000000000000000        0.0000000000000000     
   5.6697883848990487E-009   4.9333699592437904E-011
  -6.7126027699660383E-009  -1.3772281588354358E-010
          59   0.0000000000000000        0.0000000000000000     
   5.6320084230382760E-009   8.1206996662604856E-012
  -6.5506052763630412E-009  -1.0367203978146739E-010
          60   0.0000000000000000        0.0000000000000000     
   5.6477528436988509E-009  -3.0659430179782602E-011
  -6.4299849868571453E-009  -7.5754968780312606E-011
          61   0.0000000000000000        0.0000000000000000     
   5.7156653527450937E-009  -6.9721901627523277E-011
  -6.3440565195091542E-009  -5.1874925113037963E-011
          62   0.0000000000000000        0.0000000000000000     
   5.8378805200459445E-009  -1.1169842827107477E-010
  -6.2885271879084822E-009  -3.0483891940553107E-011
          63   0.0000000000000000        0.0000000000000000     
   6.0201979252071857E-009  -1.5958307445274111E-010
  -6.2609201071553207E-009  -1.0312300886322633E-011
          64   0.0000000000000000        0.0000000000000000     
   6.2728890020199555E-009  -2.1727271324494594E-010
  -6.2604901830119323E-009   9.8367228744341335E-012
          65   0.0000000000000000        0.0000000000000000     
   6.6123334274053956E-009  -2.9039168150121789E-010
  -6.2877996072748223E-009   3.1294148956720902E-011
          66   0.0000000000000000        0.0000000000000000     
   7.0640473833381272E-009  -3.8774720213619323E-010
  -6.3455118001781359E-009   5.5807787845359239E-011
          67   0.0000000000000000        0.0000000000000000     
   7.6682239960379321E-009  -5.2417147424089782E-010
  -6.4395526542402657E-009   8.6033731009017821E-011
          68   0.0000000000000000        0.0000000000000000     
   8.4903011455741928E-009  -7.2660249731803088E-010
  -6.5798881598499674E-009   1.2654232071641361E-010
          69   0.0000000000000000        0.0000000000000000     
   9.6424293083362228E-009  -1.0484901507952393E-009
  -6.7835012381976526E-009   1.8616610476077421E-010
          70   0.0000000000000000        0.0000000000000000     
   1.1330701925145209E-008  -1.6085533315083632E-009
  -7.0844518742928413E-009   2.8428738370983259E-010
          71   0.0000000000000000        0.0000000000000000     
   1.3969158992888399E-008  -2.7142681355687868E-009
  -7.5492710770155764E-009   4.7084334670694883E-010
          72   0.0000000000000000        0.0000000000000000     
   1.8470122538612659E-008  -5.3602669348505060E-009
  -8.3257066741452643E-009   9.0703993296034034E-010
          73   0.0000000000000000        0.0000000000000000     
   2.6582762993775695E-008  -1.4017205146901948E-008
  -9.6981842410935613E-009   2.3169623206563263E-009
          74   0.0000000000000000        0.0000000000000000     
   2.3093857653637894E-008  -5.0135623487077742E-008
  -9.2034569372773822E-009   8.1742733879392720E-009
          75   0.0000000000000000        0.0000000000000000     
  -2.8817825762751992E-008  -3.2126831827519051E-008
  -8.7894369699425851E-010   5.2674238073394127E-009
          76   0.0000000000000000        0.0000000000000000     
  -2.1026479222948597E-008  -9.5014852487769442E-009
  -2.2365270926365762E-009   1.6139193423159121E-009
          77   0.0000000000000000        0.0000000000000000     
  -1.4423082398847285E-008  -4.0866658161633704E-009
  -3.4159415631205178E-009   7.4847789144214565E-010
          78   0.0000000000000000        0.0000000000000000     
  -1.0771064803382451E-008  -2.1983904767665088E-009
  -4.1336968283039220E-009   4.5553112763058373E-010
          79   0.0000000000000000        0.0000000000000000     
  -8.5752958087230371E-009  -1.3402192885811120E-009
  -4.6343302977640255E-009   3.3118729093472732E-010
          80   0.0000000000000000        0.0000000000000000     
  -7.1547045966117164E-009  -8.7890647492100253E-010
  -5.0307384077066009E-009   2.7335553623234840E-010
          81   0.0000000000000000        0.0000000000000000     
  -6.1916669445412456E-009  -6.0006617999383690E-010
  -5.3777630606790456E-009   2.4789719543918297E-010
          82   0.0000000000000000        0.0000000000000000     
  -5.5236618639968779E-009  -4.1546649430683005E-010
  -5.7061268483802255E-009   2.4127512700014564E-010
          83   0.0000000000000000        0.0000000000000000     
  -5.0611079151912946E-009  -2.8329776041167284E-010
  -6.0355657127508187E-009   2.4771141276768371E-010
          84   0.0000000000000000        0.0000000000000000     
  -4.7522798128250830E-009  -1.8138319561759599E-010
  -6.3815640918427779E-009   2.6495128222274563E-010
          85   0.0000000000000000        0.0000000000000000     
  -4.5670535441328503E-009  -9.6661196045307937E-011
  -6.7580918203258562E-009   2.9271452195251035E-010
          86   0.0000000000000000        0.0000000000000000     
  -4.4889485939276653E-009  -2.0485270314766552E-011
  -7.1796039796310661E-009   3.3217540677234297E-010
          87   0.0000000000000000        0.0000000000000000     
  -4.5112562112782334E-009   5.3782086633828666E-011
  -7.6636928734267150E-009   3.8596053487218362E-010
          88   0.0000000000000000        0.0000000000000000     
  -4.6355100542208895E-009   1.3226643907408691E-010
  -8.2322168387367326E-009   4.5855080255817328E-010
          89   0.0000000000000000        0.0000000000000000     
  -4.8716394877700459E-009   2.2184613984350026E-010
  -8.9140147066797293E-009   5.5719298579667799E-010
          90   0.0000000000000000        0.0000000000000000     
  -5.2398456059877021E-009   3.3169131842719476E-010
  -9.7505637815678474E-009   6.9367799722024726E-010
          91   0.0000000000000000        0.0000000000000000     
  -5.7749032211732546E-009   4.7575869155457427E-010
  -1.0803616677854964E-008   8.8783145117453833E-010
          92   0.0000000000000000        0.0000000000000000     
  -6.5347012656279864E-009   6.7762331113325113E-010
  -1.2168037006730630E-008   1.1747409478247614E-009
          93   0.0000000000000000        0.0000000000000000     
  -7.6173114855268387E-009   9.8108585827837279E-010
  -1.3998988025094843E-008   1.6209647407802091E-009
          94   0.0000000000000000        0.0000000000000000     
  -9.1970796887316926E-009   1.4764534910840711E-009
  -1.6568222574800814E-008   2.3649471999555458E-009
          95   0.0000000000000000        0.0000000000000000     
  -1.1607243437887095E-008   2.3758369144306635E-009
  -2.0392438241823180E-008   3.7330177414983478E-009
          96   0.0000000000000000        0.0000000000000000     
  -1.5546589561918684E-008   4.2751656946236628E-009
  -2.6548885113196227E-008   6.6432171842120099E-009
          97   0.0000000000000000        0.0000000000000000     
  -2.2576724138301328E-008   9.3532748605675948E-009
  -3.7446762068809676E-008   1.4453549801801800E-008
          98   0.0000000000000000        0.0000000000000000     
  -3.3721823859914845E-008   2.8985157742616170E-008
  -5.4663734315250172E-008   4.4697115991085690E-008
          99   0.0000000000000000        0.0000000000000000     
   1.1758040094929192E-008   7.2123734976246836E-008
   1.5424903638874551E-008   1.1117360159164224E-007
         100   0.0000000000000000        0.0000000000000000     
   3.6500987880397333E-008   2.2599941740993582E-008
   5.3575041634759938E-008   3.4818082140556185E-008
         101   0.0000000000000000        0.0000000000000000     
   2.5614527775749506E-008   7.8808186620126962E-009
   3.6832791376880884E-008   1.2109298237354176E-008
         102   0.0000000000000000        0.0000000000000000     
   1.9369167077696307E-008   3.7661794021039146E-009
   2.7272829422999890E-008   5.7441563300902063E-009
         103   0.0000000000000000        0.0000000000000000     
   1.5824471316552377E-008   2.1386409294087096E-009
   2.1908495851454498E-008   3.2096682781417118E-009
         104   0.0000000000000000        0.0000000000000000     
   1.3636235707555527E-008   1.3389377649034881E-009
   1.8672901753023043E-008   1.9472882265841808E-009
         105   0.0000000000000000        0.0000000000000000     
   1.2202657078263952E-008   8.8568527123580028E-010
   1.6643877196120226E-008   1.2138168643561859E-009
         106   0.0000000000000000        0.0000000000000000     
   1.1231934223446065E-008   6.0054798733298866E-010
   1.5379723512572972E-008   7.3282066307448010E-010
         107   0.0000000000000000        0.0000000000000000     
   1.0569677061604993E-008   4.0529775080105695E-010
   1.4652731736173536E-008   3.8166312667422526E-010
         108   0.0000000000000000        0.0000000000000000     
   1.0128916181461105E-008   2.6095984358400444E-010
   1.4342063794064333E-008   9.7476619286452144E-011
         109   0.0000000000000000        0.0000000000000000     
   9.8591515383933841E-009   1.4587495798204717E-010
   1.4388263911882073E-008  -1.5700324327123893E-010
         110   0.0000000000000000        0.0000000000000000     
   9.7316672439706885E-009   4.6567594865770541E-011
   1.4771081224791935E-008  -4.0806783113451675E-010
         111   0.0000000000000000        0.0000000000000000     
   9.7323850367346685E-009  -4.6607537728738728E-011
   1.5501215260462860E-008  -6.7865600421696591E-010
         112   0.0000000000000000        0.0000000000000000     
   9.8587329021931669E-009  -1.4194809783435642E-010
   1.6620759542797231E-008  -9.9373059810591007E-010
         113   0.0000000000000000        0.0000000000000000     
   1.0119158029711625E-008  -2.4830312570537059E-010
   1.8208943652775029E-008  -1.3859645518310700E-009
         114   0.0000000000000000        0.0000000000000000     
   1.0535089672410254E-008  -3.7723729118179502E-010
   2.0396166732119679E-008  -1.9042531512591146E-009
         115   0.0000000000000000        0.0000000000000000     
   1.1146250785437702E-008  -5.4652025910554687E-010
   2.3393793450268171E-008  -2.6294360072508294E-009
         116   0.0000000000000000        0.0000000000000000     
   1.2021940876652206E-008  -7.8712508902753555E-010
   2.7549153168772327E-008  -3.7074137847806833E-009
         117   0.0000000000000000        0.0000000000000000     
   1.3284652769040074E-008  -1.1595133204058646E-009
   3.3464540108065226E-008  -5.4273822237126574E-009
         118   0.0000000000000000        0.0000000000000000     
   1.5162789008266989E-008  -1.7973117630932959E-009
   4.2247083207668137E-008  -8.4325410280687340E-009
         119   0.0000000000000000        0.0000000000000000     
   1.8118434869731432E-008  -3.0467468273075443E-009
   5.6133431333748205E-008  -1.4393493028131293E-008
         120   0.0000000000000000        0.0000000000000000     
   2.3172979419479960E-008  -6.0318453472152288E-009
   8.0056300050382700E-008  -2.8738545190624180E-008
         121   0.0000000000000000        0.0000000000000000     
   3.2261619551562122E-008  -1.5835207565215086E-008
   1.2336479550313044E-007  -7.6019703286916062E-008
         122   0.0000000000000000        0.0000000000000000     
   2.7411562939642150E-008  -5.6380518771289751E-008
   9.9226151780269913E-008  -2.7180901912477614E-007
         123   0.0000000000000000        0.0000000000000000     
  -2.9080494248926322E-008  -3.4788672416799048E-008
  -1.7450691429728834E-007  -1.6741174592973260E-007
         124   0.0000000000000000        0.0000000000000000     
  -2.0163191093126354E-008  -1.0405378734457333E-008
  -1.3237794279713720E-007  -4.9521136391327760E-008
         125   0.0000000000000000        0.0000000000000000     
  -1.2826090063105343E-008  -4.5525476658685601E-009
  -9.8020850374891925E-008  -2.1139628861979770E-008
         126   0.0000000000000000        0.0000000000000000     
  -8.6973351997348350E-009  -2.5099075011490872E-009
  -7.9315961450998892E-008  -1.1151784970236773E-008
         127   0.0000000000000000        0.0000000000000000     
  -6.1401631711610790E-009  -1.5876722080508172E-009
  -6.8377100303933761E-008  -6.5600500835103099E-009
         128   0.0000000000000000        0.0000000000000000     
  -4.4092703570971022E-009  -1.0999530545503078E-009
  -6.1628503946599247E-008  -4.0467273961224971E-009
         129   0.0000000000000000        0.0000000000000000     
  -3.1547485430836464E-009  -8.1398853039731218E-010
  -5.7411289253008377E-008  -2.4819899952923977E-009
         130   0.0000000000000000        0.0000000000000000     
  -2.1951832473846283E-009  -6.3411362476922531E-010
  -5.4888478755575916E-008  -1.3967039156193657E-009
         131   0.0000000000000000        0.0000000000000000     
  -1.4279881227646895E-009  -5.1535126508033385E-010
  -5.3615411915758841E-008  -5.6433088977087385E-010
         132   0.0000000000000000        0.0000000000000000     
  -7.9091725484761986E-010  -4.3432775206827139E-010
  -5.3356155581469607E-008   1.4057360318057335E-010
         133   0.0000000000000000        0.0000000000000000     
  -2.4401422690480005E-010  -3.7786777594102731E-010
  -5.4001964211590714E-008   7.9900059021046067E-010
         134   0.0000000000000000        0.0000000000000000     
   2.3944915801806617E-010  -3.3793266581358401E-010
  -5.5535942345567330E-008   1.4744129605427393E-009
         135   0.0000000000000000        0.0000000000000000     
   6.7767600100204881E-010  -3.0906619041054027E-010
  -5.8021617721190416E-008   2.2292019491436612E-009
         136   0.0000000000000000        0.0000000000000000     
   1.0826161376497043E-009  -2.8681492236381751E-010
  -6.1610995391446354E-008   3.1394992973169449E-009
         137   0.0000000000000000        0.0000000000000000     
   1.4604381061648247E-009  -2.6630151535871383E-010
  -6.6574764435719972E-008   4.3153086310997494E-009
         138   0.0000000000000000        0.0000000000000000     
   1.8099564109879797E-009  -2.4013387055492021E-010
  -7.3360887475155101E-008   5.9367299443264091E-009
