   262144.00000000000     
         256           1           3
   1.7567330116226543E-005   35.902873699465999        16.020003305100001     
   6.0401400154609997        12.000000000000000        5733.8999999999996     
           0   0.0000000000000000        0.0000000000000000     
   0.0000000000000000        0.0000000000000000     
   0.0000000000000000        0.0000000000000000     
           1  -2.1187590794301398E-009   9.8971276240407232E-011
  -4.3149458325879352E-009  -5.6425092923448955E-011
   0.0000000000000000        0.0000000000000000     
           2  -2.1248016324254585E-009   2.4133616308104866E-011
  -4.3126778761042966E-009  -1.2716678654408195E-011
   0.0000000000000000        0.0000000000000000     
           3  -2.1394231664367904E-009   1.0052679739715928E-011
  -4.3062795549717207E-009  -4.0076210061120174E-012
   0.0000000000000000        0.0000000000000000     
           4  -2.1490275308544113E-009   6.6092845194807675E-012
  -4.3035885530004012E-009  -1.4225795979464148E-012
   0.0000000000000000        0.0000000000000000     
           5  -2.1569869039554332E-009   5.8231349546349911E-012
  -4.3026690418622378E-009  -3.6256976164784999E-013
   0.0000000000000000        0.0000000000000000     
           6  -2.1648074360831867E-009   5.9324607411364515E-012
  -4.3026623008052938E-009   1.8892859342164762E-013
   0.0000000000000000        0.0000000000000000     
           7  -2.1731402360663575E-009   6.4175304668946138E-012
  -4.3032043683247475E-009   5.3296232588390732E-013
   0.0000000000000000        0.0000000000000000     
           8  -2.1823053500819048E-009   7.0919903699692032E-012
  -4.3041242834088058E-009   7.7860601260111553E-013
   0.0000000000000000        0.0000000000000000     
           9  -2.1924857133780289E-009   7.8800019070413013E-012
  -4.3053324815118843E-009   9.7137307551973225E-013
   0.0000000000000000        0.0000000000000000     
          10  -2.2038038829059844E-009   8.7485608517987383E-012
  -4.3067767484305299E-009   1.1322284785193567E-012
   0.0000000000000000        0.0000000000000000     
          11  -2.2163554772503388E-009   9.6834572815286899E-012
  -4.3084231462872276E-009   1.2714625971713129E-012
   0.0000000000000000        0.0000000000000000     
          12  -2.2302252115781473E-009   1.0679671881491207E-011
  -4.3102470019271575E-009   1.3942518063633190E-012
   0.0000000000000000        0.0000000000000000     
          13  -2.2454953665976908E-009   1.1737188253651965E-011
  -4.3122282947714889E-009   1.5031032347202763E-012
   0.0000000000000000        0.0000000000000000     
          14  -2.2622507635136227E-009   1.2859054948755431E-011
  -4.3143491047719415E-009   1.5990087838837669E-012
   0.0000000000000000        0.0000000000000000     
          15  -2.2805820690272061E-009   1.4050467335578558E-011
  -4.3165920776563128E-009   1.6820181795436154E-012
   0.0000000000000000        0.0000000000000000     
          16  -2.3005883116032770E-009   1.5318351531331757E-011
  -4.3189394096552278E-009   1.7515308734750639E-012
   0.0000000000000000        0.0000000000000000     
          17  -2.3223790701376435E-009   1.6671218645318820E-011
  -4.3213720982458897E-009   1.8064422254762676E-012
   0.0000000000000000        0.0000000000000000     
          18  -2.3460766007580510E-009   1.8119181657622345E-011
  -4.3238693209179469E-009   1.8452084271966551E-012
   0.0000000000000000        0.0000000000000000     
          19  -2.3718180752342393E-009   1.9674085200298746E-011
  -4.3264078608333838E-009   1.8658619171827682E-012
   0.0000000000000000        0.0000000000000000     
          20  -2.3997580634882025E-009   2.1349727865428652E-011
  -4.3289615265977266E-009   1.8659930094906143E-012
   0.0000000000000000        0.0000000000000000     
          21  -2.4300713791633134E-009   2.3162173311175502E-011
  -4.3315005272750233E-009   1.8427050487252362E-012
   0.0000000000000000        0.0000000000000000     
          22  -2.4629564109508349E-009   2.5130157508191261E-011
  -4.3339907695856414E-009   1.7925456142118870E-012
   0.0000000000000000        0.0000000000000000     
          23  -2.4986390788738470E-009   2.7275608538265721E-011
  -4.3363930451576560E-009   1.7114132265639753E-012
   0.0000000000000000        0.0000000000000000     
          24  -2.5373775830424437E-009   2.9624304469904743E-011
  -4.3386620732251196E-009   1.5944367167025761E-012
   0.0000000000000000        0.0000000000000000     
          25  -2.5794681536790370E-009   3.2206705456305631E-011
  -4.3407453588759777E-009   1.4358223984657684E-012
   0.0000000000000000        0.0000000000000000     
          26  -2.6252520684601476E-009   3.5059009718155587E-011
  -4.3425818189667529E-009   1.2286621526273302E-012
   0.0000000000000000        0.0000000000000000     
          27  -2.6751242812813328E-009   3.8224501100025987E-011
  -4.3441001170030949E-009   9.6469332506764252E-013
   0.0000000000000000        0.0000000000000000     
          28  -2.7295441129217971E-009   4.1755280555956583E-011
  -4.3452166342726924E-009   6.3399892830100884E-013
   0.0000000000000000        0.0000000000000000     
          29  -2.7890485993210844E-009   4.5714508196733504E-011
  -4.3458329870873692E-009   2.2463416813120540E-013
   0.0000000000000000        0.0000000000000000     
          30  -2.8542692928728581E-009   5.0179330647290216E-011
  -4.3458329792078560E-009  -2.7783664776791697E-013
   0.0000000000000000        0.0000000000000000     
          31  -2.9259535884711344E-009   5.5244736423039806E-011
  -4.3450788555868172E-009  -8.9090877940917881E-013
   0.0000000000000000        0.0000000000000000     
          32  -3.0049920308411196E-009   6.1028678212306316E-011
  -4.3434067024570575E-009  -1.6358218883447874E-012
   0.0000000000000000        0.0000000000000000     
          33  -3.0924535981655391E-009   6.7678936366118552E-011
  -4.3406208298177374E-009  -2.5383528448263177E-012
   0.0000000000000000        0.0000000000000000     
          34  -3.1896317113422497E-009   7.5382385067030661E-011
  -4.3364870008349599E-009  -3.6296574984613066E-012
   0.0000000000000000        0.0000000000000000     
          35  -3.2981047687141440E-009   8.4377569182728743E-011
  -4.3307244982697771E-009  -4.9469753972369374E-012
   0.0000000000000000        0.0000000000000000     
          36  -3.4198164391293384E-009   9.4971784993348782E-011
  -4.3229973823963757E-009  -6.5337005531314177E-012
   0.0000000000000000        0.0000000000000000     
          37  -3.5571827964641751E-009   1.0756405453354155E-010
  -4.3129062395101415E-009  -8.4375525779734013E-012
   0.0000000000000000        0.0000000000000000     
          38  -3.7132354233578960E-009   1.2267499871432234E-010
  -4.2999840957013818E-009  -1.0703619583578427E-011
   0.0000000000000000        0.0000000000000000     
          39  -3.8918106834242644E-009   1.4098190563640037E-010
  -4.2837061915631196E-009  -1.3353766406260220E-011
   0.0000000000000000        0.0000000000000000     
          40  -4.0977910650579348E-009   1.6334602361248319E-010
  -4.2635390758696241E-009  -1.6328638703004113E-011
   0.0000000000000000        0.0000000000000000     
          41  -4.3373794299356535E-009   1.9077545804963468E-010
  -4.2390978877394972E-009  -1.9319773296233907E-011
   0.0000000000000000        0.0000000000000000     
          42  -4.6182875970767258E-009   2.2408881405105165E-010
  -4.2106077631324703E-009  -2.1241598264131424E-011
   0.0000000000000000        0.0000000000000000     
          43  -4.9493210841806472E-009   2.6221098271164362E-010
  -4.1802627211408259E-009  -1.8314434071012409E-011
   0.0000000000000000        0.0000000000000000     
          44  -5.3383166811769630E-009   2.9315309441366460E-010
  -4.1558604517811625E-009   4.6699728956229639E-012
   0.0000000000000000        0.0000000000000000     
          45  -5.7999706883278219E-009   2.3409934765544708E-010
  -4.1471374826700043E-009   1.2873371688190668E-010
   0.0000000000000000        0.0000000000000000     
          46  -6.8759299568684097E-009  -1.5224512610731428E-010
  -3.7127632090065056E-009   5.7790137370214210E-010
   0.0000000000000000        0.0000000000000000     
          47  -8.4114081168026648E-009   6.2905596604713426E-010
  -3.0517500247568829E-009   6.4900408947393265E-011
   0.0000000000000000        0.0000000000000000     
          48  -9.7991819493447636E-009   1.3363752637634258E-009
  -2.8141465039565161E-009  -2.4746779370278561E-010
   0.0000000000000000        0.0000000000000000     
          49  -1.2073928661071552E-008   2.3931462182574078E-009
  -2.3236198379670167E-009  -5.4889891412132343E-010
   0.0000000000000000        0.0000000000000000     
          50  -1.6053005057851172E-008   4.9135085504255537E-009
  -1.3813930560660741E-009  -1.1989170271460201E-009
   0.0000000000000000        0.0000000000000000     
          51  -2.3045240469550338E-008   1.3669089508590105E-008
   3.3202017149349899E-010  -3.4205439244674804E-009
   0.0000000000000000        0.0000000000000000     
          52  -1.0955324522890839E-008   4.5492796327555168E-008
  -2.7814741761387349E-009  -1.1479665829595345E-008
   0.0000000000000000        0.0000000000000000     
          53   2.1917873107850320E-008   2.0273898379799086E-008
  -1.1156173902693474E-008  -5.0951911257987227E-009
   0.0000000000000000        0.0000000000000000     
          54   1.4699935517974122E-008   6.4499960529764823E-009
  -9.3806181213910218E-009  -1.5948637631579874E-009
   0.0000000000000000        0.0000000000000000     
          55   9.8852208136611854E-009   2.9532431635931622E-009
  -8.2136150716723311E-009  -7.0861150273297099E-010
   0.0000000000000000        0.0000000000000000     
          56   7.1433757933710810E-009   1.6700528937853146E-009
  -7.5737559535144965E-009  -3.8236634090757908E-010
   0.0000000000000000        0.0000000000000000     
          57   5.4214729788563235E-009   1.0715034315072511E-009
  -7.1940758293550467E-009  -2.2910307017807181E-010
   0.0000000000000000        0.0000000000000000     
          58   4.2465514262333532E-009   7.4713438571898288E-010
  -6.9553030407243919E-009  -1.4493004187551298E-010
   0.0000000000000000        0.0000000000000000     
          59   3.3930692084025667E-009   5.5277693259338834E-010
  -6.8010880588545813E-009  -9.3350688126666661E-011
   0.0000000000000000        0.0000000000000000     
          60   2.7426817602245203E-009   4.2775411795212290E-010
  -6.7017241875118161E-009  -5.8989270453535465E-011
   0.0000000000000000        0.0000000000000000     
          61   2.2279578163838472E-009   3.4304824706067633E-010
  -6.6406808413989823E-009  -3.4471019140943639E-011
   0.0000000000000000        0.0000000000000000     
          62   1.8078699850672464E-009   2.8340747622401072E-010
  -6.6080336598917603E-009  -1.5892702136898975E-011
   0.0000000000000000        0.0000000000000000     
          63   1.4555199913476370E-009   2.4021581660124361E-010
  -6.5975021042131624E-009  -1.0166787934540262E-012
   0.0000000000000000        0.0000000000000000     
          64   1.1529010285051106E-009   2.0832544772811773E-010
  -6.6053669681843901E-009   1.1533220872496006E-011
   0.0000000000000000        0.0000000000000000     
          65   8.8731213874596641E-010   1.8452444020223163E-010
  -6.6290464996976788E-009   2.2663159715855292E-011
   0.0000000000000000        0.0000000000000000     
          66   6.4970231321108918E-010   1.6674365974588839E-010
  -6.6672327626262404E-009   3.3015291476989243E-011
   0.0000000000000000        0.0000000000000000     
          67   4.3249256540459598E-010   1.5362364539662942E-010
  -6.7191745645011038E-009   4.3084835328124203E-011
   0.0000000000000000        0.0000000000000000     
          68   2.3051870681980882E-010   1.4426837956713549E-010
  -6.7847816451499827E-009   5.3292929931417398E-011
   0.0000000000000000        0.0000000000000000     
          69   3.8997794602032429E-011   1.3810203827788424E-010
  -6.8645557027112966E-009   6.4037903245794474E-011
   0.0000000000000000        0.0000000000000000     
          70  -1.4619625668513675E-010   1.3478622513955583E-010
  -6.9595126887589150E-009   7.5737922907873119E-011
   0.0000000000000000        0.0000000000000000     
          71  -3.2865021600064941E-010   1.3417585691970098E-010
  -7.0711664982889540E-009   8.8874109646036549E-011
   0.0000000000000000        0.0000000000000000     
          72  -5.1222753278945554E-010   1.3630315362746218E-010
  -7.2019493626160042E-009   1.0404264722300332E-010
   0.0000000000000000        0.0000000000000000     
          73  -7.0051859139960893E-010   1.4138639623659754E-010
  -7.3549510877493977E-009   1.2202668067130744E-010
   0.0000000000000000        0.0000000000000000     
          74  -8.9779810895651920E-010   1.4986619111857195E-010
  -7.5347659515783565E-009   1.4390476769945853E-010
   0.0000000000000000        0.0000000000000000     
          75  -1.1093977175267495E-009   1.6247925415440015E-010
  -7.7474172724574040E-009   1.7122515550703459E-010
   0.0000000000000000        0.0000000000000000     
          76  -1.3410173028182287E-009   1.8039130459045131E-010
  -8.0015902536275381E-009   2.0630100638386503E-010
   0.0000000000000000        0.0000000000000000     
          77  -1.6011486639065890E-009   2.0543234961660249E-010
  -8.3097730750085626E-009   2.5273706566192141E-010
   0.0000000000000000        0.0000000000000000     
          78  -1.9009769091204451E-009   2.4052238288844549E-010
  -8.6903625397556024E-009   3.1642411975564550E-010
   0.0000000000000000        0.0000000000000000     
          79  -2.2567934941928822E-009   2.9047516185272814E-010
  -9.1716510258085535E-009   4.0754579809642173E-010
   0.0000000000000000        0.0000000000000000     
          80  -2.6925460190396295E-009   3.6360736613570874E-010
  -9.7996517677770286E-009   5.4496994848148067E-010
   0.0000000000000000        0.0000000000000000     
          81  -3.2468278704981115E-009   4.7521034803553896E-010
  -1.0652622111748451E-008   7.6689005936629878E-010
   0.0000000000000000        0.0000000000000000     
          82  -3.9841131817889397E-009   6.5578464518888338E-010
  -1.1876805811853778E-008   1.1602801340111835E-009
   0.0000000000000000        0.0000000000000000     
          83  -5.0244323509389275E-009   9.7309504598089893E-010
  -1.3768929008001177E-008   1.9585538743866919E-009
   0.0000000000000000        0.0000000000000000     
          84  -6.6049591075615016E-009   1.6014142084745680E-009
  -1.6988537697756310E-008   3.9594569187735259E-009
   0.0000000000000000        0.0000000000000000     
          85  -9.2630687000084128E-009   3.0908645509626918E-009
  -2.2513020794386174E-008   1.1029122959937087E-008
   0.0000000000000000        0.0000000000000000     
          86  -1.4385824840743722E-008   8.1157710701268018E-009
  -1.1662387906030344E-008   3.4872109901829019E-008
   0.0000000000000000        0.0000000000000000     
          87  -1.0169789127029950E-008   3.0499761706553117E-008
   1.0152088424813884E-008   1.7241898661527432E-008
   0.0000000000000000        0.0000000000000000     
          88   1.7283233821480168E-008   1.6504814189081601E-008
   7.9820460094115813E-009   6.3849199114100970E-009
   0.0000000000000000        0.0000000000000000     
          89   1.2403536275983880E-008   5.0463898376786778E-009
   4.0042955816982689E-009   2.6740081643189962E-009
   0.0000000000000000        0.0000000000000000     
          90   8.7642103503788421E-009   2.2467128380685203E-009
   1.6200176640996325E-009   1.4599117714409674E-009
   0.0000000000000000        0.0000000000000000     
          91   6.7086685416960828E-009   1.2493989992655334E-009
   1.3370260718428341E-010   9.2507874342494572E-010
   0.0000000000000000        0.0000000000000000     
          92   5.4315456610029540E-009   7.9188163079518804E-010
  -8.7715981533542009E-010   6.4337968331387385E-010
   0.0000000000000000        0.0000000000000000     
          93   4.5688724273796825E-009   5.4605222412719880E-010
  -1.6123622354501508E-009   4.7727653427725528E-010
   0.0000000000000000        0.0000000000000000     
          94   3.9493329097975910E-009   3.9915671101866933E-010
  -2.1753524064945352E-009   3.7145212533369019E-010
   0.0000000000000000        0.0000000000000000     
          95   3.4832095199544128E-009   3.0444426296236765E-010
  -2.6239512618570106E-009   3.0014842899398555E-010
   0.0000000000000000        0.0000000000000000     
          96   3.1200948757878184E-009   2.3979004834731751E-010
  -2.9932669805497560E-009   2.5005043972547083E-010
   0.0000000000000000        0.0000000000000000     
          97   2.8298229094142941E-009   1.9364759872592215E-010
  -3.3056630964811676E-009   2.1371334815725900E-010
   0.0000000000000000        0.0000000000000000     
          98   2.5924332623662386E-009   1.5952036505546422E-010
  -3.5759919808596035E-009   1.8671218877126818E-010
   0.0000000000000000        0.0000000000000000     
          99   2.3948550610422278E-009   1.3352852490048947E-010
  -3.8148547469764371E-009   1.6628538698683427E-010
   0.0000000000000000        0.0000000000000000     
         100   2.2282631513447749E-009   1.1324002967839463E-010
  -4.0295425241596057E-009   1.5063996450368068E-010
   0.0000000000000000        0.0000000000000000     
         101   2.0861282274200835E-009   9.7067994634790783E-011
  -4.2257590900301296E-009   1.3857376762450482E-010
   0.0000000000000000        0.0000000000000000     
         102   1.9634365050916657E-009   8.3941504304636776E-011
  -4.4075889352451321E-009   1.2925968744695656E-010
   0.0000000000000000        0.0000000000000000     
         103   1.8571390475882190E-009   7.3116845873950706E-011
  -4.5783606488638249E-009   1.2211725739936003E-010
   0.0000000000000000        0.0000000000000000     
         104   1.7641634812794133E-009   6.4064733089313193E-011
  -4.7407512704786041E-009   1.1673361782337029E-010
   0.0000000000000000        0.0000000000000000     
         105   1.6823126823892143E-009   5.6400523849194621E-011
  -4.8968714786201244E-009   1.1281355259061008E-010
   0.0000000000000000        0.0000000000000000     
         106   1.6101387351169884E-009   4.9839735828004072E-011
  -5.0485414120887802E-009   1.1014732481412740E-010
   0.0000000000000000        0.0000000000000000     
         107   1.5463641781142952E-009   4.4168974584090807E-011
  -5.1973679745652947E-009   1.0858985603119901E-010
   0.0000000000000000        0.0000000000000000     
         108   1.4897842231643997E-009   3.9226562604413257E-011
  -5.3448080072939315E-009   1.0804748977140812E-010
   0.0000000000000000        0.0000000000000000     
         109   1.4394331239884988E-009   3.4889481075717599E-011
  -5.4921846650083971E-009   1.0847017000636567E-010
   0.0000000000000000        0.0000000000000000     
         110   1.3945493466693274E-009   3.1064581795557629E-011
  -5.6407810500353053E-009   1.0984787984808760E-010
   0.0000000000000000        0.0000000000000000     
         111   1.3545823825909815E-009   2.7682844427176233E-011
  -5.7919025904743612E-009   1.1221092390410866E-010
   0.0000000000000000        0.0000000000000000     
         112   1.3190244851764195E-009   2.4695992015852615E-011
  -5.9469370988442914E-009   1.1563430209373370E-010
   0.0000000000000000        0.0000000000000000     
         113   1.2872826573132394E-009   2.2075180679067393E-011
  -6.1073928732650768E-009   1.2024719430418796E-010
   0.0000000000000000        0.0000000000000000     
         114   1.2588659264217466E-009   1.9811858816655505E-011
  -6.2749938228459696E-009   1.2624969247701291E-010
   0.0000000000000000        0.0000000000000000     
         115   1.2332154732346498E-009   1.7921363948708553E-011
  -6.4518077939397518E-009   1.3394078171396196E-010
   0.0000000000000000        0.0000000000000000     
         116   1.2098510138301621E-009   1.6450565376212333E-011
  -6.6403884788418871E-009   1.4376497469077940E-010
   0.0000000000000000        0.0000000000000000     
         117   1.1882373296628533E-009   1.5492220755856795E-011
  -6.8440006370075032E-009   1.5639162178759357E-010
   0.0000000000000000        0.0000000000000000     
         118   1.1676291157957197E-009   1.5211454385029906E-011
  -7.0669925483327552E-009   1.7285456255384918E-010
   0.0000000000000000        0.0000000000000000     
         119   1.1469142632554885E-009   1.5895734155999046E-011
  -7.3154214194581558E-009   1.9480970430023165E-010
   0.0000000000000000        0.0000000000000000     
         120   1.1244344454380495E-009   1.8053745740418829E-011
  -7.5981216057540242E-009   2.2503853973115055E-010
   0.0000000000000000        0.0000000000000000     
         121   1.0977278118057192E-009   2.2624447908645421E-011
  -7.9286966402225030E-009   2.6850593764446444E-010
   0.0000000000000000        0.0000000000000000     
         122   1.0628582116585226E-009   3.1459424831672524E-011
  -8.3292783751696385E-009   3.3479225476592469E-010
   0.0000000000000000        0.0000000000000000     
         123   1.0124569398337765E-009   4.8570472825558390E-011
  -8.8387919629888925E-009   4.4437210561839744E-010
   0.0000000000000000        0.0000000000000000     
         124   9.3246438848740183E-010   8.3889368129398349E-011
  -9.5321795996697481E-009   6.4751818524771033E-010
   0.0000000000000000        0.0000000000000000     
         125   7.9073458879356824E-010   1.6727751238744835E-010
  -1.0569245970342644E-008   1.0947097244616594E-009
   0.0000000000000000        0.0000000000000000     
         126   5.2032537284368012E-010   4.1903724547073950E-010
  -1.2295125496241404E-008   2.3909425015627700E-009
   0.0000000000000000        0.0000000000000000     
         127   2.5052520031858539E-010   1.5006408961783451E-009
  -1.4062680853924300E-008   7.8604774686671269E-009
   0.0000000000000000        0.0000000000000000     
         128   2.6763143158007019E-009   2.0468322841976942E-009
  -2.3352121256922502E-009   1.0644281955800317E-008
   0.0000000000000000        0.0000000000000000     
         129   2.7531599152663031E-009   5.3726866561693115E-010
  -2.4702966693014306E-009   3.1042828924851808E-009
   0.0000000000000000        0.0000000000000000     
         130   2.4675042030863036E-009   1.7702056134955981E-010
  -4.4895982387978811E-009   1.3458677316259944E-009
   0.0000000000000000        0.0000000000000000     
         131   2.3478319321435619E-009   5.8536303717812437E-011
  -5.7527961846393063E-009   8.1062145902001558E-010
   0.0000000000000000        0.0000000000000000     
         132   2.3186352940006786E-009   2.3031249277833767E-012
  -6.6478958313930511E-009   5.9872714756048367E-010
   0.0000000000000000        0.0000000000000000     
         133   2.3438524192968054E-009  -3.2794751102143080E-011
  -7.3734688997429129E-009   5.0647500809755045E-010
   0.0000000000000000        0.0000000000000000     
         134   2.4089142122257082E-009  -6.0055934258205788E-011
  -8.0252579047351427E-009   4.7095974422171289E-010
   0.0000000000000000        0.0000000000000000     
         135   2.5078912811046476E-009  -8.5178588366536250E-011
  -8.6564912511661329E-009   4.6898507978880141E-010
   0.0000000000000000        0.0000000000000000     
         136   2.6413929562805671E-009  -1.1143415157605218E-010
  -9.3037060051048416E-009   4.9183972322647404E-010
   0.0000000000000000        0.0000000000000000     
         137   2.8118363057747722E-009  -1.4144322594289082E-010
  -9.9976057128951366E-009   5.3764400834849978E-010
   0.0000000000000000        0.0000000000000000     
         138   3.0267055624600346E-009  -1.7806283505371302E-010
  -1.0769621525679569E-008   6.0906347192628570E-010
   0.0000000000000000        0.0000000000000000     
