   262144.00000000000     
         256           1           3
   1.7567330116226543E-005  -3.8553127350719998        56.028443713300000     
   6.0401400154609997        12.000000000000000        5733.8999999999996     
           0   0.0000000000000000        0.0000000000000000     
   0.0000000000000000        0.0000000000000000     
   0.0000000000000000        0.0000000000000000     
           1   2.1607555207953733E-010   7.3463785555479981E-012
  -6.9502638103018886E-010   7.5168485035102025E-012
  -4.6414508962848306E-009  -5.1997137242931750E-011
           2   2.1613158708533368E-010   1.3442434570204621E-012
  -6.9534771258698960E-010   1.7110040816475746E-012
  -4.6395883778435074E-009  -1.1516645976821177E-011
           3   2.1587775376473271E-010   5.9007447544780506E-015
  -6.9623145659525922E-010   5.6161061474901605E-013
  -4.6340683651862914E-009  -3.3571280562617091E-012
           4   2.1636153671035233E-010  -5.1852908864090036E-013
  -6.9663454568333254E-010   2.2676442647844705E-013
  -4.6321327841764442E-009  -8.5018113818384266E-013
           5   2.1732875000586060E-010  -8.4293157540200798E-013
  -6.9681414875201583E-010   9.4491499916544945E-014
  -4.6319988877525647E-009   2.5262201761614146E-013
           6   2.1866995788079507E-010  -1.1036875719195325E-012
  -6.9688400739519362E-010   2.9455205262849457E-014
  -4.6328802232487010E-009   8.9123777090460342E-013
           7   2.2034290265698029E-010  -1.3418511453315377E-012
  -6.9689191001649707E-010  -8.4938000716112130E-015
  -4.6344488971467963E-009   1.3449279461625943E-012
           8   2.2233234943673609E-010  -1.5729429366446595E-012
  -6.9685983223008790E-010  -3.3969905940274114E-014
  -4.6365569953482760E-009   1.7157471170705822E-012
           9   2.2463529414022298E-010  -1.8040795689896755E-012
  -6.9679877556256030E-010  -5.3138918252261897E-014
  -4.6391336419001563E-009   2.0471533087313519E-012
          10   2.2725519465816089E-010  -2.0391878433675329E-012
  -6.9671461558327054E-010  -6.8910286539517087E-014
  -4.6421444766882182E-009   2.3600587126864416E-012
          11   2.3019955079777768E-010  -2.2808698351131894E-012
  -6.9661062513911930E-010  -8.2784872018353053E-014
  -4.6455742264877193E-009   2.6656668047200607E-012
          12   2.3347884839495073E-010  -2.5311621617959266E-012
  -6.9648865608825809E-010  -9.5596924771262532E-014
  -4.6494186040713708E-009   2.9706355143769481E-012
          13   2.3710611623454053E-010  -2.7918827619528382E-012
  -6.9634973254715775E-010  -1.0784184140495141E-013
  -4.6536803110215568E-009   3.2793672583818858E-012
          14   2.4109678821402673E-010  -3.0648091146514944E-012
  -6.9619436640157623E-010  -1.1983260632298430E-013
  -4.6583669903785112E-009   3.5951123861910596E-012
          15   2.4546873699838717E-010  -3.3517833051748100E-012
  -6.9602273320277147E-010  -1.3177944107383502E-013
  -4.6634901742494565E-009   3.9205427548585230E-012
          16   2.5024241925344544E-010  -3.6547848896835661E-012
  -6.9583477392301347E-010  -1.4383266495125766E-013
  -4.6690647766684802E-009   4.2580738456743418E-012
          17   2.5544110661384221E-010  -3.9759908480098216E-012
  -6.9563025536812753E-010  -1.5610692568020938E-013
  -4.6751089099254730E-009   4.6100623945469463E-012
          18   2.6109119380527980E-010  -4.3178327756084305E-012
  -6.9540880646651102E-010  -1.6869555080330406E-013
  -4.6816439121332258E-009   4.9789414474368975E-012
          19   2.6722258529866992E-010  -4.6830575261631268E-012
  -6.9516993982734262E-010  -1.8167946278485205E-013
  -4.6886945299004624E-009   5.3673251706716534E-012
          20   2.7386916867236770E-010  -5.0747959313607041E-012
  -6.9491306385363090E-010  -1.9513302470141241E-013
  -4.6962892307753935E-009   5.7781017565561572E-012
          21   2.8106938858868317E-010  -5.4966438332982728E-012
  -6.9463748843071407E-010  -2.0912813836076508E-013
  -4.7044606387722002E-009   6.2145260682075393E-012
          22   2.8886694107901371E-010  -5.9527599977356300E-012
  -6.9434242590096135E-010  -2.2373737366150044E-013
  -4.7132460991825988E-009   6.6803206452356674E-012
          23   2.9731153313157161E-010  -6.4479863721897219E-012
  -6.9402056674819016E-010  -2.3903662477747769E-013
  -4.7226883910449239E-009   7.1797927204508730E-012
          24   3.0646023022356007E-010  -6.9879976143635761E-012
  -6.9368375930924642E-010  -2.5510763169635230E-013
  -4.7328366042119798E-009   7.7179752580303949E-012
          25   3.1637821684058146E-010  -7.5794889602940352E-012
  -6.9332447112475522E-010  -2.7204067962309549E-013
  -4.7437472446531755E-009   8.3008014850899875E-012
          26   3.2714403590476680E-010  -8.2304145681642922E-012
  -6.9293679597603908E-010  -2.8993773142580706E-013
  -4.7554855192598371E-009   8.9353249924550477E-012
          27   3.3883788668578378E-010  -8.9502927927810040E-012
  -6.9252867551812999E-010  -3.0891634827617486E-013
  -4.7681273046938051E-009   9.6300015158537703E-012
          28   3.5156929934573058E-010  -9.7506011466240755E-012
  -6.9209377395548016E-010  -3.2911486453028450E-013
  -4.7817607678852670E-009   1.0395054531821615E-011
          29   3.6544647189957045E-010  -1.0645292510644087E-011
  -6.9163054308928534E-010  -3.5069945449337191E-013
  -4.7964897252311049E-009   1.1242955753743663E-011
          30   3.8061733407927906E-010  -1.1651477555054999E-011
  -6.9114146023034689E-010  -3.7387412739552668E-013
  -4.8124363456895358E-009   1.2189065030570621E-011
          31   3.9723933009165123E-010  -1.2790337539857030E-011
  -6.9061500165985711E-010  -3.9889527401255546E-013
  -4.8297462684252523E-009   1.3252494592044040E-011
          32   4.1551318068009843E-010  -1.4088361481274811E-011
  -6.9005972972463243E-010  -4.2609341734580417E-013
  -4.8485938617372740E-009   1.4457294346579547E-011
          33   4.3567197621016841E-010  -1.5579046754338100E-011
  -6.8946390466765500E-010  -4.5590677439905579E-013
  -4.8691902491541771E-009   1.5834105518707436E-011
          34   4.5800602444327160E-010  -1.7305273686628663E-011
  -6.8882072066186578E-010  -4.8893464640223132E-013
  -4.8917933374894337E-009   1.7422512769275180E-011
          35   4.8287266977230138E-010  -1.9322679000968690E-011
  -6.8812518067654556E-010  -5.2602550021681852E-013
  -4.9167219716732961E-009   1.9274465336725473E-011
          36   5.1071439623167681E-010  -2.1704541729812227E-011
  -6.8737382274561122E-010  -5.6842826273362000E-013
  -4.9443755607807244E-009   2.1459385434873372E-011
          37   5.4208510700523082E-010  -2.4549015484436748E-011
  -6.8656247358353501E-010  -6.1806467490006328E-013
  -4.9752620369234573E-009   2.4072041289984616E-011
          38   5.7768950584068120E-010  -2.7990103865316030E-011
  -6.8568271663088651E-010  -6.7804742931801250E-013
  -5.0100387935255819E-009   2.7245167242903152E-011
          39   6.1844218021726755E-010  -3.2214807699560500E-011
  -6.8472523685181776E-010  -7.5373358675330401E-013
  -5.0495747179880051E-009   3.1170741747990524E-011
          40   6.6555079978790188E-010  -3.7490869593225497E-011
  -6.8364492078278162E-010  -8.5504845348632585E-013
  -5.0950484379234600E-009   3.6138375445025900E-011
          41   7.2066360732830301E-010  -4.4213704964835507E-011
  -6.8239536316783669E-010  -1.0021685524537458E-012
  -5.1481124701314067E-009   4.2611439722852043E-011
          42   7.8610376813149572E-010  -5.2990832045448254E-011
  -6.8090062436446896E-010  -1.2414191850617722E-012
  -5.2111896455931758E-009   5.1400259901392949E-011
          43   8.6512518106457103E-010  -6.4809519909242688E-011
  -6.7903532163226103E-010  -1.6986518177054969E-012
  -5.2880645783293104E-009   6.4145291018681637E-011
          44   9.6262639448566921E-010  -8.1439730597471656E-011
  -6.7640824773993743E-010  -2.8111692096722867E-012
  -5.3851351217408773E-009   8.5140158139092918E-011
          45   1.0861890049576099E-009  -1.0686474356019881E-010
  -6.7254427652474942E-010  -6.7381146127905182E-012
  -5.5118152663131968E-009   1.3155206637311327E-010
          46   1.2401422345017111E-009  -1.4970912506240641E-010
  -6.7840171764135979E-010  -1.9374646179775625E-011
  -5.6019610508035566E-009   2.4834442631839552E-010
          47   1.4482229559187826E-009  -1.9820166804663769E-010
  -6.8824936447126681E-010  -8.0279023237228544E-012
  -5.7122716130323843E-009   2.1677067229414374E-010
          48   1.7589432824477481E-009  -2.9425013657272219E-010
  -6.8421335016327676E-010  -3.2069497526027921E-012
  -5.9978739484592046E-009   2.6722158113648566E-010
          49   2.2376194386562732E-009  -4.9453593805987935E-010
  -6.8122594833259681E-010  -1.9193237958152474E-012
  -6.4187746384273333E-009   4.2872286239660012E-010
          50   3.0512667353795522E-009  -9.9610018791699722E-010
  -6.7909529527220352E-010  -1.2931725386030466E-012
  -7.1183005608320934E-009   8.5026870049116703E-010
          51   4.4664461720834361E-009  -2.7515100282890221E-009
  -6.7753854584931809E-010  -3.7771880434712325E-013
  -8.3245174587220580E-009   2.3347402487029802E-009
          52   2.0498073799551220E-009  -9.1378140858268235E-009
  -6.7439832310942396E-010   2.4409904468179799E-012
  -6.2861326280527618E-009   7.7397446546874992E-009
          53  -4.5384758256846373E-009  -4.0758377440542679E-009
  -6.6944252209988781E-010   2.3307749512325454E-013
  -7.1554598643500324E-010   3.4544841504468040E-009
          54  -3.0807729734072116E-009  -1.3011788491782654E-009
  -6.6797942183681742E-010  -1.0152264294395675E-012
  -1.9552876612277508E-009   1.1055171422940700E-009
          55  -2.1054098947173757E-009  -5.9941442470320001E-010
  -6.6619816908217699E-010  -1.3870568080566020E-012
  -2.7863213096752421E-009   5.1127161702365559E-010
          56  -1.5459090083038960E-009  -3.4205126815852142E-010
  -6.6413584651309299E-010  -1.5848544067296854E-012
  -3.2650777554124485E-009   2.9324712557799339E-010
          57  -1.1907708615099327E-009  -2.2219971876185164E-010
  -6.6188088860551776E-010  -1.7398373572278871E-012
  -3.5706392783929433E-009   1.9165011593405044E-010
          58  -9.4494457557716326E-010  -1.5746486036599550E-010
  -6.5940082840585990E-010  -1.8872610690177640E-012
  -3.7834905776856060E-009   1.3672214311243320E-010
          59  -7.6312191948482377E-010  -1.1890595336551624E-010
  -6.5672469298867313E-010  -2.0401624768084962E-012
  -3.9420082911112561E-009   1.0395631128230959E-010
          60  -6.2140895257054865E-010  -9.4344878233585005E-011
  -6.5382685982782306E-010  -2.2050534838268340E-012
  -4.0663885859130939E-009   8.3037208620245688E-011
          61  -5.0614442890323798E-010  -7.7961750321264436E-011
  -6.5069623009155524E-010  -2.3863508545591399E-012
  -4.1681979830932744E-009   6.9032867772631903E-011
          62  -4.0892759109935340E-010  -6.6703069278570785E-011
  -6.4731072838088686E-010  -2.5879402379556845E-012
  -4.2545356401169254E-009   5.9353739271651400E-011
          63  -3.2428207505194134E-010  -5.8850616714797182E-011
  -6.4364018035228727E-010  -2.8138703646390158E-012
  -4.3300202647431771E-009   5.2540901969836113E-011
          64  -2.4844291495364080E-010  -5.3385964959664857E-011
  -6.3964562134862895E-010  -3.0687649164745293E-012
  -4.3978152106349599E-009   4.7727866481738275E-011
          65  -1.7868644915345706E-010  -4.9683543702920649E-011
  -6.3527991770453995E-010  -3.3581618300469590E-012
  -4.4601940274324670E-009   4.4380574398771716E-011
          66  -1.1293833021984544E-010  -4.7352416007478503E-011
  -6.3048877204551866E-010  -3.6888760872881999E-012
  -4.5188716987158851E-009   4.2163333138980067E-011
          67  -4.9531704917050203E-011  -4.6150738311516590E-011
  -6.2521057804533370E-010  -4.0694499345699612E-012
  -4.5752101967746082E-009   4.0866328884872942E-011
          68   1.2951266610803955E-011  -4.5938314737150567E-011
  -6.1937384980585388E-010  -4.5107545926992088E-012
  -4.6303543227665974E-009   4.0365453564497787E-011
          69   7.5800604798543696E-011  -4.6650641236778386E-011
  -6.1289184450885912E-010  -5.0268273273536333E-012
  -4.6853285589626450E-009   4.0600432537120766E-011
          70   1.4023362901314838E-010  -4.8286285318391379E-011
  -6.0566828536312634E-010  -5.6360682953849320E-012
  -4.7411141691826278E-009   4.1564437458948541E-011
          71   2.0752361952627076E-010  -5.0903812378283779E-011
  -5.9753573611166934E-010  -6.3629931179749614E-012
  -4.7987172919605494E-009   4.3302145812073741E-011
          72   2.7907209612767571E-010  -5.4627097554070210E-011
  -5.8831116376035532E-010  -7.2408613949054814E-012
  -4.8592404396061931E-009   4.5915592103474378E-011
          73   3.5653689412465371E-010  -5.9659933654574835E-011
  -5.7776589914183713E-010  -8.3157230574318573E-012
  -4.9239667615030988E-009   4.9579225283654860E-011
          74   4.4182807590049324E-010  -6.6313170290631934E-011
  -5.6563111379556366E-010  -9.6528309853128052E-012
  -4.9944738559116493E-009   5.4568209577496699E-011
          75   5.3738171284160201E-010  -7.5051118279144196E-011
  -5.5145515405433497E-010  -1.1347146178893534E-011
  -5.0727936963465812E-009   6.1308372887584853E-011
          76   6.4649746089101098E-010  -8.6570180121842985E-011
  -5.3467528384347416E-010  -1.3541218047688896E-011
  -5.1616588610643470E-009   7.0464641811680365E-011
          77   7.7345684925959535E-010  -1.0193486438235776E-010
  -5.1454580605121005E-010  -1.6457011375133908E-011
  -5.2649055427266943E-009   8.3102626053058473E-011
          78   9.2437534847257805E-010  -1.2282196028565769E-010
  -4.8982231191056876E-010  -2.0455650629734777E-011
  -5.3881523109878427E-009   1.0099863383537245E-010
          79   1.1081702625980225E-009  -1.5198122104420288E-010
  -4.5882203328015739E-010  -2.6157003919939973E-011
  -5.5400292451841848E-009   1.2727371102896703E-010
          80   1.3384012845442585E-009  -1.9416057360968659E-010
  -4.1863858437193667E-010  -3.4698761770605067E-011
  -5.7345377402838278E-009   1.6779957348245641E-010
          81   1.6366579191525994E-009  -2.5811488371133015E-010
  -3.6448028897901947E-010  -4.8356865095682232E-011
  -5.9959371491893309E-009   2.3465452179942811E-010
          82   2.0399110997692102E-009  -3.6141963819639960E-010
  -2.8757620938057348E-010  -7.2239117440746880E-011
  -6.3697876868846770E-009   3.5584280351705223E-010
          83   2.6159215315300287E-009  -5.4358671554799850E-010
  -1.7020184672642261E-010  -1.1981008020820197E-010
  -6.9503338469138511E-009   6.0810125538694269E-010
          84   3.5016793757634977E-009  -9.0856952502141121E-010
   2.6529834296796978E-011  -2.3609982930096658E-010
  -7.9492081198683364E-009   1.2600617995165705E-009
          85   4.9993587391071240E-009  -1.8005826695138408E-009
   3.6320385139039449E-010  -6.3426683766756564E-010
  -9.6593886341510586E-009   3.6461919584667933E-009
          86   7.6388846587970942E-009  -4.8083177944627971E-009
  -1.2017223835230529E-010  -1.9770089062292991E-009
  -5.1869120102613406E-009   1.1695025004946791E-008
          87   5.0873462943379602E-009  -1.6726481456007888E-008
  -1.3418903449190633E-009  -1.4336446360189863E-009
   2.2106150225179776E-009   2.8571138766469926E-009
          88  -9.7671417417509467E-009  -9.0147637550343701E-009
  -1.7001013655622538E-009  -6.2075788296790222E-010
  -1.6153748952082921E-009   4.8540023394883295E-010
          89  -7.0812630908535936E-009  -2.7626461988223010E-009
  -1.4061945021839105E-009  -2.2804002757845735E-010
  -2.5189169288478267E-009   4.1231769260057858E-010
          90  -5.0852616668082385E-009  -1.2317653505652474E-009
  -1.2174926461194796E-009  -1.1596040105856981E-010
  -2.9837096138324448E-009   2.8312727180914380E-010
          91  -3.9574809656045362E-009  -6.8553342298892589E-010
  -1.1032538773923344E-009  -7.0709370099577726E-011
  -3.2988031430990249E-009   1.9984342153480699E-010
          92  -3.2564377128321121E-009  -4.3478979976856551E-010
  -1.0272937427338162E-009  -4.8098624290858127E-011
  -3.5276928636206892E-009   1.4824831533393937E-010
          93  -2.7826612856675081E-009  -3.0012268039625709E-010
  -9.7285708275967316E-010  -3.5233881839473585E-011
  -3.7022818876204534E-009   1.1497248665534174E-010
          94  -2.4417942542985200E-009  -2.1978411103138157E-010
  -9.3150671149173529E-010  -2.7260806066180011E-011
  -3.8408178868495407E-009   9.2512577241701755E-011
          95  -2.1848095119357913E-009  -1.6814065919629686E-010
  -8.9863099556759233E-010  -2.2019040622998678E-011
  -3.9543736136653548E-009   7.6736393669757650E-011
          96  -1.9839096246745647E-009  -1.3305036701394829E-010
  -8.7151383092051049E-010  -1.8428061264536864E-011
  -4.0499982426468211E-009   6.5279853814939198E-011
          97  -1.8222893056549310E-009  -1.0817316927106399E-010
  -8.4842039133036371E-010  -1.5899070110016541E-011
  -4.1323698596752767E-009   5.6727715634878233E-011
          98  -1.6890694401715097E-009  -8.9941587396077775E-011
  -8.2815740579494919E-010  -1.4089703707650280E-011
  -4.2047035800191331E-009   5.0195938047863526E-011
          99  -1.5770695541076835E-009  -7.6226328721971489E-011
  -8.0999516733452068E-010  -1.2790757261015666E-011
  -4.2692795915736094E-009   4.5110991317952023E-011
         100  -1.4812029951192522E-009  -6.5694794853249684E-011
  -7.9327679844521425E-010  -1.1869557959530581E-011
  -4.3277557147754837E-009   4.1088173866084703E-011
         101  -1.3979023408163278E-009  -5.7480260094512157E-011
  -7.7759938707996481E-010  -1.1239819276609693E-011
  -4.3813665196357323E-009   3.7861697488560583E-011
         102  -1.3244314272673781E-009  -5.1001172442890597E-011
  -7.6261005490843861E-010  -1.0844775262872837E-011
  -4.4310467206989409E-009   3.5242963630039210E-011
         103  -1.2587723818207464E-009  -4.5857645011059833E-011
  -7.4801977931175546E-010  -1.0647385341742483E-011
  -4.4775171891523580E-009   3.3094785374121534E-011
         104  -1.1993392773482569E-009  -4.1769793278549360E-011
  -7.3358135000529083E-010  -1.0624515136214121E-011
  -4.5213399920789429E-009   3.1314940302856104E-011
         105  -1.1448417700724904E-009  -3.8539830343659064E-011
  -7.1904747768194912E-010  -1.0763480031300079E-011
  -4.5629570891598200E-009   2.9825344835847225E-011
         106  -1.0942169047748685E-009  -3.6028239089738170E-011
  -7.0420266545850806E-010  -1.1060086980263188E-011
  -4.6027176068980073E-009   2.8564693662421845E-011
         107  -1.0465526500574447E-009  -3.4138651167503254E-011
  -6.8885382574690711E-010  -1.1517714038186975E-011
  -4.6408964443748783E-009   2.7483263431343245E-011
         108  -1.0010571925135607E-009  -3.2808385181350521E-011
  -6.7278027088515211E-010  -1.2147204079398162E-011
  -4.6777073376561375E-009   2.6539061198640597E-011
         109  -9.5703663973874427E-010  -3.2002918763506514E-011
  -6.5573440301780574E-010  -1.2967508785439627E-011
  -4.7133113259316280E-009   2.5694769169934755E-011
         110  -9.1377600885626019E-010  -3.1713381309862801E-011
  -6.3741150622011814E-010  -1.4007152655977276E-011
  -4.7478201960110120E-009   2.4915081795540156E-011
         111  -8.7052942031684439E-010  -3.1956719628948405E-011
  -6.1750142124853536E-010  -1.5306731398114413E-011
  -4.7812978381615281E-009   2.4164089739303334E-011
         112  -8.2656567831010812E-010  -3.2778677720962067E-011
  -5.9564726344359983E-010  -1.6922855621678241E-011
  -4.8137585630571379E-009   2.3402350898804977E-011
         113  -7.8111243997164261E-010  -3.4260281395819107E-011
  -5.7136030354432352E-010  -1.8934256576199475E-011
  -4.8451599187519084E-009   2.2583191746574998E-011
         114  -7.3313192098770804E-010  -3.6529299909087466E-011
  -5.4399364024802275E-010  -2.1451289030525933E-011
  -4.8753881482003299E-009   2.1647563759513296E-011
         115  -6.8144643806830168E-010  -3.9779452587825431E-011
  -5.1284686749006452E-010  -2.4630994378474449E-011
  -4.9042394429588846E-009   2.0516349939430566E-011
         116  -6.2465193746317434E-010  -4.4302496853790526E-011
  -4.7682606055044964E-010  -2.8701628062757128E-011
  -4.9313864878209504E-009   1.9078182709997122E-011
         117  -5.6062816693236841E-010  -5.0542930757157769E-011
  -4.3458259884226893E-010  -3.4003973726257623E-011
  -4.9563213143620496E-009   1.7169175454620089E-011
         118  -4.8684894447817092E-010  -5.9194519166860562E-011
  -3.8411948037482301E-010  -4.1063847625155076E-011
  -4.9782723385327786E-009   1.4537520594988449E-011
         119  -3.9928861441283795E-010  -7.1378662969147883E-011
  -3.2266663609189861E-010  -5.0725741304885771E-011
  -4.9960488474942792E-009   1.0778318424736019E-011
         120  -2.9230683722515820E-010  -8.8993574290622815E-011
  -2.4591828633154931E-010  -6.4414167407581132E-011
  -5.0077833465570655E-009   5.2061170645236024E-012
         121  -1.5696206676105467E-010  -1.1544861387892380E-010
  -1.4725910329548799E-010  -8.4683043162605682E-011
  -5.0104396388948432E-009  -3.4131691888693684E-012
         122   2.1692335937375764E-011  -1.5735394338268034E-010
  -1.5618886176617007E-011  -1.1647957851584632E-010
  -4.9988441209046595E-009  -1.7479330252605215E-011
         123   2.7001918021458945E-010  -2.2888457062058833E-010
   1.6876227757101155E-010  -1.7040848637326207E-010
  -4.9636114717093279E-009  -4.2152195802737327E-011
         124   6.3956848306734809E-010  -3.6492286867563285E-010
   4.4435915158349464E-010  -2.7256216717801237E-010
  -4.8862679909623695E-009  -9.0154184192593398E-011
         125   1.2403451349886535E-009  -6.7001501922860442E-010
   8.9352769500746911E-010  -5.0113850975314756E-010
  -4.7268733558955099E-009  -1.9966227971162184E-010
         126   2.3120426328895856E-009  -1.5647427879925213E-009
   1.6952229934493251E-009  -1.1707189043091603E-009
  -4.3984124137770478E-009  -5.2435364976731324E-010
         127   3.4031976372854850E-009  -5.3605541605875422E-009
   2.5124420996706869E-009  -4.0101903385767849E-009
  -4.0661313107536791E-009  -1.9089942720775107E-009
         128  -4.9017433251207985E-009  -7.2877115201674329E-009
  -3.6983091739151762E-009  -5.4519414810542323E-009
  -7.1720723059250388E-009  -2.6102052738175713E-009
         129  -4.9693219263858941E-009  -2.0347095922263958E-009
  -3.7476577768007726E-009  -1.5231348429461551E-009
  -7.2720017514563526E-009  -6.8657590324889026E-010
         130  -3.7411916947981714E-009  -8.0045452781460689E-010
  -2.8271059301537944E-009  -6.0018306251153331E-010
  -6.9036972990198791E-009  -2.3112498347024919E-010
         131  -3.0561228880710606E-009  -4.1479321141946039E-010
  -2.3125547361009955E-009  -3.1190592267272099E-010
  -6.7403054598094249E-009  -8.5033161567544204E-011
         132  -2.6468681825994235E-009  -2.5153230565769331E-010
  -2.0040402335870274E-009  -1.8991890483749242E-010
  -6.6853175551971082E-009  -1.9235566555226865E-011
         133  -2.3787568625377560E-009  -1.6836555076893119E-010
  -1.8010127230050397E-009  -1.2776412437465870E-010
  -6.6910574084657223E-009   1.8541346905668459E-011
         134  -2.1904500885869098E-009  -1.2066197619371161E-010
  -1.6576322051391460E-009  -9.2034136252714871E-011
  -6.7369531863954764E-009   4.4966663975702630E-011
         135  -2.0507999869731602E-009  -9.1056912490020665E-011
  -1.5508174016453905E-009  -6.9704694899622232E-011
  -6.8141373454104725E-009   6.6883613153247207E-011
         136  -1.9425760291942856E-009  -7.1736418797746724E-011
  -1.4678846913913458E-009  -5.4878313187857154E-011
  -6.9195706280066875E-009   8.7855415332816252E-011
         137  -1.8553633267807421E-009  -5.8826500373792490E-011
  -1.4013353255386139E-009  -4.4578035853850647E-011
  -7.0538317401839237E-009   1.1033271165506160E-010
         138  -1.7823069658881054E-009  -5.0309126120306620E-011
  -1.3464054798733281E-009  -3.7172300888383366E-011
  -7.2204755140972244E-009   1.3661491091672946E-010
