   262144.00000000000     
         256           1           3
   1.7567330116226543E-005  -3.8553127350719998        56.028443713300000     
   6.0401400154609997        12.000000000000000        600.00000000000000     
           0   0.0000000000000000        0.0000000000000000     
   0.0000000000000000        0.0000000000000000     
   0.0000000000000000        0.0000000000000000     
           1   6.5620979159269511E-007  -2.8348052582568670E-007
  -6.5390521968597120E-007   2.8455866248734387E-007
   0.0000000000000000        0.0000000000000000     
           2   1.8423273213441580E-007  -8.7954063601787116E-007
  -1.8005111761943215E-007   8.8303625249766929E-007
   0.0000000000000000        0.0000000000000000     
           3  -3.0334540694319081E-007  -3.1792844296556489E-007
   3.0949097521698744E-007   3.1915530751241123E-007
   0.0000000000000000        0.0000000000000000     
           4  -1.8666696181567733E-007  -1.0083323817186372E-007
   1.9233292609478209E-007   1.0118018858364684E-007
   0.0000000000000000        0.0000000000000000     
           5  -1.1550405572067280E-007  -4.4128225385455285E-008
   1.2087645628374319E-007   4.4244874823859651E-008
   0.0000000000000000        0.0000000000000000     
           6  -7.7117039209603144E-008  -2.3419560870499432E-008
   8.2330478930076279E-008   2.3451907439616860E-008
   0.0000000000000000        0.0000000000000000     
           7  -5.4517134967473191E-008  -1.4018445020093130E-008
   5.9637121382855275E-008   1.4012413934243161E-008
   0.0000000000000000        0.0000000000000000     
           8  -4.0132928133325464E-008  -9.1085401664104582E-009
   4.5194037986192688E-008   9.0824117632092005E-009
   0.0000000000000000        0.0000000000000000     
           9  -3.0408201112673472E-008  -6.2838518333324787E-009
   3.5430398416177590E-008   6.2461493548715336E-009
   0.0000000000000000        0.0000000000000000     
          10  -2.3517130760624989E-008  -4.5399400375523309E-009
   2.8512815235919987E-008   4.4951185058129030E-009
   0.0000000000000000        0.0000000000000000     
          11  -1.8447191291553718E-008  -3.4039085441953031E-009
   2.3424516627578471E-008   3.3545143637073700E-009
   0.0000000000000000        0.0000000000000000     
          12  -1.4600448942425509E-008  -2.6321008245322392E-009
   1.9565015029337200E-008   2.5797046739399961E-009
   0.0000000000000000        0.0000000000000000     
          13  -1.1605205875456398E-008  -2.0898465517999350E-009
   1.6560979973530140E-008   2.0354883367691132E-009
   0.0000000000000000        0.0000000000000000     
          14  -9.2203732925079099E-009  -1.6984108470793191E-009
   1.4170217832231748E-008   1.6428295804174487E-009
   0.0000000000000000        0.0000000000000000     
          15  -7.2838868950727494E-009  -1.4095963408250591E-009
   1.2229873394403060E-008   1.3533573254875855E-009
   0.0000000000000000        0.0000000000000000     
          16  -5.6834204238585271E-009  -1.1927503595475502E-009
   1.0627020382824891E-008   1.1363201679139533E-009
   0.0000000000000000        0.0000000000000000     
          17  -4.3390192947193406E-009  -1.0277431818420377E-009
   9.2812204915961160E-009   9.7153682216253119E-010
   0.0000000000000000        0.0000000000000000     
          18  -3.1924097620390708E-009  -9.0099395179066314E-010
   8.1337848282955321E-009   8.4540677152860130E-010
   0.0000000000000000        0.0000000000000000     
          19  -2.2001992527569070E-009  -8.0313133578607227E-010
   7.1409418661046388E-009   7.4856251506835167E-010
   0.0000000000000000        0.0000000000000000     
          20  -1.3294249493338233E-009  -7.2756933912506621E-010
   6.2693624831554523E-009   6.7444096113608494E-010
   0.0000000000000000        0.0000000000000000     
          21  -5.5456290830442805E-010  -6.6961496760122124E-010
   5.4931505093689884E-009   6.1838917120988554E-010
   0.0000000000000000        0.0000000000000000     
          22   1.4453032550918606E-010  -6.2589546507299180E-010
   4.7917682868222607E-009   5.7709142394135725E-010
   0.0000000000000000        0.0000000000000000     
          23   7.8406727502403138E-010  -5.9398357327057819E-010
   4.1485718798533508E-009   5.4819568849579642E-010
   0.0000000000000000        0.0000000000000000     
          24   1.3773742339097080E-009  -5.7214920430874109E-010
   3.5497506402091510E-009   5.3006779261256393E-010
   0.0000000000000000        0.0000000000000000     
          25   1.9356631546258042E-009  -5.5919438331791623E-010
   2.9835379146874231E-009   5.2163022301923905E-010
   0.0000000000000000        0.0000000000000000     
          26   2.4686186041800192E-009  -5.5434511196658529E-010
   2.4396038090966352E-009   5.2225945708408328E-010
   0.0000000000000000        0.0000000000000000     
          27   2.9848601880961824E-009  -5.5718410291127209E-010
   1.9085682240590730E-009   5.3172621039285760E-010
   0.0000000000000000        0.0000000000000000     
          28   3.4923237229686857E-009  -5.6761499157937737E-010
   1.3815891539789595E-009   5.5016988152465213E-010
   0.0000000000000000        0.0000000000000000     
          29   3.9985940569586887E-009  -5.8585330253877086E-010
   8.4999107107639575E-010   5.7810348419691579E-010
   0.0000000000000000        0.0000000000000000     
          30   4.5112167647163002E-009  -6.1244318851204461E-010
   3.0490305209848514E-010   6.1644959875900580E-010
   0.0000000000000000        0.0000000000000000     
          31   5.0380139599365374E-009  -6.4830256537220147E-010
  -2.6312297047463630E-010   6.6661224847945709E-010
   0.0000000000000000        0.0000000000000000     
          32   5.5874309102812866E-009  -6.9480351044962141E-010
  -8.6454679589026375E-010   7.3059506011960634E-010
   0.0000000000000000        0.0000000000000000     
          33   6.1689454469266035E-009  -7.5390066781997029E-010
  -1.5113685663531271E-009   8.1118389915834464E-010
   0.0000000000000000        0.0000000000000000     
          34   6.7935826436064080E-009  -8.2832946724961980E-010
  -2.2178076093350859E-009   9.1222447240398418E-010
   0.0000000000000000        0.0000000000000000     
          35   7.4745955149697465E-009  -9.2191093498765816E-010
  -3.0012132077027253E-009   1.0390458816848206E-009
   0.0000000000000000        0.0000000000000000     
          36   8.2284033929002944E-009  -1.0400258487355788E-009
  -3.8833316295958711E-009   1.1991167815593678E-009
   0.0000000000000000        0.0000000000000000     
          37   9.0759320597396203E-009  -1.1903679807528640E-009
  -4.8921257062109489E-009   1.4030854034179524E-009
   0.0000000000000000        0.0000000000000000     
          38   1.0044590159518835E-008  -1.3841747928107248E-009
  -6.0644671109789769E-009   1.6664765887086209E-009
   0.0000000000000000        0.0000000000000000     
          39   1.1171276270211451E-008  -1.6383087089432883E-009
  -7.4502401698801794E-009   2.0125593075013930E-009
   0.0000000000000000        0.0000000000000000     
          40   1.2507101368540277E-008  -1.9789244334419111E-009
  -9.1187928765813677E-009   2.4773963091399783E-009
   0.0000000000000000        0.0000000000000000     
          41   1.4125052811863707E-008  -2.4482533746499172E-009
  -1.1169410157734514E-008   3.1191810314106918E-009
   0.0000000000000000        0.0000000000000000     
          42   1.6132853841670103E-008  -3.1179032171987843E-009
  -1.3748886657176800E-008   4.0365319584194956E-009
   0.0000000000000000        0.0000000000000000     
          43   1.8695203738973677E-008  -4.1168061524389048E-009
  -1.7081905637442016E-008   5.4069179875065547E-009
   0.0000000000000000        0.0000000000000000     
          44   2.2072808965447012E-008  -5.6951071118695919E-009
  -2.1524300259649683E-008   7.5744497055816708E-009
   0.0000000000000000        0.0000000000000000     
          45   2.6687552555069015E-008  -8.3859027327453361E-009
  -2.7651763024124291E-008   1.1271995508414148E-008
   0.0000000000000000        0.0000000000000000     
          46   3.3191980062873175E-008  -1.3466945443135699E-008
  -3.6353238473244386E-008   1.8254765406006852E-008
   0.0000000000000000        0.0000000000000000     
          47   4.2156939653770484E-008  -2.4438832619618710E-008
  -4.8396364050557076E-008   3.3326597303119262E-008
   0.0000000000000000        0.0000000000000000     
          48   4.9475084417528988E-008  -5.1284579676401482E-008
  -5.8105059797937825E-008   7.0163732800624117E-008
   0.0000000000000000        0.0000000000000000     
          49   1.7968252724480052E-008  -9.7577622283481010E-008
  -1.4467413885178984E-008   1.3351445911974178E-007
   0.0000000000000000        0.0000000000000000     
          50  -4.5973347497421924E-008  -7.4433800334201090E-008
   7.3387009219462399E-008   1.0148553614651768E-007
   0.0000000000000000        0.0000000000000000     
          51  -4.9111525319871028E-008  -3.4036074273734795E-008
   7.7783248014775632E-008   4.6037751110640617E-008
   0.0000000000000000        0.0000000000000000     
          52  -3.9238281982679937E-008  -1.7092641018862330E-008
   6.4445533110166224E-008   2.2811788759890464E-008
   0.0000000000000000        0.0000000000000000     
          53  -3.1383545500807048E-008  -9.8639734816960726E-009
   5.3935950732651098E-008   1.2898962902667916E-008
   0.0000000000000000        0.0000000000000000     
          54  -2.5876966165231690E-008  -6.2971150086368214E-009
   4.6685067604165019E-008   7.9941522461809485E-009
   0.0000000000000000        0.0000000000000000     
          55  -2.1950024167641812E-008  -4.3121482555182485E-009
   4.1634444209935571E-008   5.2459301661641882E-009
   0.0000000000000000        0.0000000000000000     
          56  -1.9052548964583591E-008  -3.1030429373276209E-009
   3.8031761620570555E-008   3.5485332612726281E-009
   0.0000000000000000        0.0000000000000000     
          57  -1.6845235320431176E-008  -2.3143509593388264E-009
   3.5417804520773078E-008   2.4121123477594984E-009
   0.0000000000000000        0.0000000000000000     
          58  -1.5117587638190305E-008  -1.7720601660596893E-009
   3.3513808713163397E-008   1.5930388153255259E-009
   0.0000000000000000        0.0000000000000000     
          59  -1.3734358680247188E-008  -1.3840105983131532E-009
   3.2149222405633011E-008   9.5595211061591650E-010
   0.0000000000000000        0.0000000000000000     
          60  -1.2604762373722629E-008  -1.0989793632198552E-009
   3.1222046756836778E-008   4.1469334871088386E-010
   0.0000000000000000        0.0000000000000000     
          61  -1.1664473581508627E-008  -8.8889318307482495E-010
   3.0678751823954743E-008  -9.8375071721100882E-011
   0.0000000000000000        0.0000000000000000     
          62  -1.0864239438607546E-008  -7.4202680547432812E-010
   3.0506663758633556E-008  -6.5580252229678485E-010
   0.0000000000000000        0.0000000000000000     
          63  -1.0161616961197206E-008  -6.6433269771360429E-010
   3.0735647558762649E-008  -1.3675724846416965E-009
   0.0000000000000000        0.0000000000000000     
          64  -9.5148876239948702E-009  -6.9381090021823339E-010
   3.1443678065964454E-008  -2.4538361942091835E-009
   0.0000000000000000        0.0000000000000000     
          65  -8.8895693713795183E-009  -9.5063490595816248E-010
   3.2720171115120972E-008  -4.4510389831425360E-009
   0.0000000000000000        0.0000000000000000     
          66  -8.3784219042969248E-009  -1.7891669947449995E-009
   3.4192036538217934E-008  -8.8033733288859421E-009
   0.0000000000000000        0.0000000000000000     
          67  -9.0926556656618867E-009  -3.7843687474901465E-009
   3.1602020028161120E-008  -1.7766567252265047E-008
   0.0000000000000000        0.0000000000000000     
          68  -1.3057594920433547E-008  -4.0371151483280921E-009
   1.7510731558229928E-008  -2.0245271966506101E-008
   0.0000000000000000        0.0000000000000000     
          69  -1.5216148873700790E-008  -8.6012808123496166E-010
   1.1733562100816894E-008  -1.0552460685873896E-008
   0.0000000000000000        0.0000000000000000     
          70  -1.5934312817557206E-008   1.8154124594607467E-009
   1.2870742795612413E-008  -4.6805908838818631E-009
   0.0000000000000000        0.0000000000000000     
          71  -1.6990981519396077E-008   4.8247022321573068E-009
   1.4274530755051470E-008  -1.3864274427156341E-009
   0.0000000000000000        0.0000000000000000     
          72  -1.8005555850308976E-008   1.0160791654450784E-008
   1.5406300132540449E-008   1.9014233949981907E-009
   0.0000000000000000        0.0000000000000000     
          73  -1.4408968050019959E-008   1.9682730884090283E-008
   1.8472733222598889E-008   6.6351368851065992E-009
   0.0000000000000000        0.0000000000000000     
          74   1.2206565569240270E-010   2.2637074096037969E-008
   2.6453748396278093E-008   8.0306871497506162E-009
   0.0000000000000000        0.0000000000000000     
          75   7.3849413529581509E-009   1.3135393804797022E-008
   3.0967648960246832E-008   3.5672046929262704E-009
   0.0000000000000000        0.0000000000000000     
          76   6.6609832305479211E-009   6.7346899651873132E-009
   3.1833414571542427E-008   4.9703932213629520E-010
   0.0000000000000000        0.0000000000000000     
          77   4.9650400841739525E-009   3.7881869432585671E-009
   3.2347161166342302E-008  -1.0392380345383541E-009
   0.0000000000000000        0.0000000000000000     
          78   3.6267905642857655E-009   2.3560183637655202E-009
   3.3152180921921237E-008  -1.9419071762587583E-009
   0.0000000000000000        0.0000000000000000     
          79   2.6720250022146379E-009   1.5904341528202296E-009
   3.4293144294391351E-008  -2.6057411019773944E-009
   0.0000000000000000        0.0000000000000000     
          80   1.9913252679681663E-009   1.1493022987536471E-009
   3.5757567814196669E-008  -3.1968994440963014E-009
   0.0000000000000000        0.0000000000000000     
          81   1.4958435850987867E-009   8.8283936104743096E-010
   3.7549454231424436E-008  -3.7989184977130560E-009
   0.0000000000000000        0.0000000000000000     
          82   1.1249231358545581E-009   7.1963354677063263E-010
   3.9695774399252309E-008  -4.4667929769563758E-009
   0.0000000000000000        0.0000000000000000     
          83   8.3732431682320052E-010   6.2359709597441399E-010
   4.2246644832176618E-008  -5.2494992954937532E-009
   0.0000000000000000        0.0000000000000000     
          84   6.0367787875792141E-010   5.7641984781976616E-010
   4.5277813072179463E-008  -6.2026841224328954E-009
   0.0000000000000000        0.0000000000000000     
          85   4.0133183966795422E-010   5.7010900363093132E-010
   4.8896927945234940E-008  -7.3999067307821262E-009
   0.0000000000000000        0.0000000000000000     
          86   2.1073882761247016E-010   6.0414610309647196E-010
   5.3254756405084333E-008  -8.9474169994302359E-009
   0.0000000000000000        0.0000000000000000     
          87   1.2563316978470755E-011   6.8545014730980340E-010
   5.8563487402970134E-008  -1.1008231270916069E-008
   0.0000000000000000        0.0000000000000000     
          88  -2.1508431973322286E-010   8.3116641580988560E-010
   6.5125819492483460E-008  -1.3845844807433242E-008
   0.0000000000000000        0.0000000000000000     
          89  -4.9953097365463026E-010   1.0761533719947593E-009
   7.3380321436591644E-008  -1.7909748620869097E-008
   0.0000000000000000        0.0000000000000000     
          90  -8.7542622297270221E-010   1.4907237488518509E-009
   8.3967941165357599E-008  -2.4014958483005503E-008
   0.0000000000000000        0.0000000000000000     
          91  -1.3776010244840374E-009   2.2235001907498655E-009
   9.7805686311995661E-008  -3.3748298392478130E-008
   0.0000000000000000        0.0000000000000000     
          92  -1.9803374264291284E-009   3.6052036310876289E-009
   1.1602789956640699E-007  -5.0460425412656899E-008
   0.0000000000000000        0.0000000000000000     
          93  -2.2521741698496643E-009   6.3313520045782034E-009
   1.3891115561825694E-007  -8.1799880859608825E-008
   0.0000000000000000        0.0000000000000000     
          94  -2.9488792785602463E-011   1.0867215298919156E-008
   1.5860394276922827E-007  -1.4514228345545982E-007
   0.0000000000000000        0.0000000000000000     
          95   7.2144741575918594E-009   1.2628851656992707E-008
   1.2491640057562578E-007  -2.5929771823490074E-007
   0.0000000000000000        0.0000000000000000     
          96   1.2340457682315713E-008   8.2040916854472358E-009
  -4.2808833307546797E-008  -3.1486575562073451E-007
   0.0000000000000000        0.0000000000000000     
          97   1.3121237615851512E-008   4.1044356570474628E-009
  -1.5516383673709981E-007  -2.0389602891685743E-007
   0.0000000000000000        0.0000000000000000     
          98   1.2922901168626670E-008   1.8921121150880559E-009
  -1.5311852206813755E-007  -1.0989958934686358E-007
   0.0000000000000000        0.0000000000000000     
          99   1.3003825726599163E-008   6.5883635107012960E-010
  -1.2849692162558777E-007  -6.3238862584705616E-008
   0.0000000000000000        0.0000000000000000     
         100   1.3579581974703863E-008  -1.8816948489469754E-010
  -1.0663330080039941E-007  -3.9859688081701656E-008
   0.0000000000000000        0.0000000000000000     
         101   1.4730560288123573E-008  -9.4800734794755635E-010
  -8.9863419193522610E-008  -2.7067088503531671E-008
   0.0000000000000000        0.0000000000000000     
         102   1.6612744500395539E-008  -1.8413362886580299E-009
  -7.7116693718824545E-008  -1.9466260973554937E-008
   0.0000000000000000        0.0000000000000000     
         103   1.9560040030776797E-008  -3.1698497082832006E-009
  -6.7248084415976049E-008  -1.4642012159210586E-008
   0.0000000000000000        0.0000000000000000     
         104   2.4267752748207323E-008  -5.6001260774711133E-009
  -5.9425355509993576E-008  -1.1419041903792615E-008
   0.0000000000000000        0.0000000000000000     
         105   3.2189836483633128E-008  -1.1163931439578014E-008
  -5.3078407339930099E-008  -9.1796451716940891E-009
   0.0000000000000000        0.0000000000000000     
         106   4.5200084994324448E-008  -2.8298147804723966E-008
  -4.7815683608086876E-008  -7.5774663891481865E-009
   0.0000000000000000        0.0000000000000000     
         107   3.2683961229341616E-008  -8.6675363742353221E-008
  -4.3362695192339975E-008  -6.4077911834820393E-009
   0.0000000000000000        0.0000000000000000     
         108  -4.8610047227760901E-008  -5.8660203717917014E-008
  -3.9521823759416615E-008  -5.5444822690756358E-009
   0.0000000000000000        0.0000000000000000     
         109  -3.9408572968313396E-008  -1.9128768188287259E-008
  -3.6146487358882577E-008  -4.9073745961575657E-009
   0.0000000000000000        0.0000000000000000     
         110  -2.8240338982843631E-008  -8.3449543605149288E-009
  -3.3124251785600860E-008  -4.4444509548167643E-009
   0.0000000000000000        0.0000000000000000     
         111  -2.1668597897808954E-008  -4.3385020979322678E-009
  -3.0365213232841588E-008  -4.1214450295898475E-009
   0.0000000000000000        0.0000000000000000     
         112  -1.7577967571830248E-008  -2.2861734100868559E-009
  -2.7792545831724091E-008  -3.9151401810485343E-009
   0.0000000000000000        0.0000000000000000     
         113  -1.4699819911280068E-008  -8.1111513701384350E-010
  -2.5330188836563385E-008  -3.8102507045971493E-009
   0.0000000000000000        0.0000000000000000     
         114  -1.2055937144198481E-008   4.1535588436153410E-010
  -2.2885597076663583E-008  -3.8166816298927636E-009
   0.0000000000000000        0.0000000000000000     
         115  -9.3668065821659579E-009   7.0199544627436937E-010
  -2.0395589055948244E-008  -4.0102870530896798E-009
   0.0000000000000000        0.0000000000000000     
         116  -7.5795274824314140E-009   1.7752896824810691E-010
  -1.7870674351936049E-008  -4.4175784134518012E-009
   0.0000000000000000        0.0000000000000000     
         117  -6.5399280227918339E-009  -2.6395334414655502E-010
  -1.5227843052557553E-008  -5.0275334146672305E-009
   0.0000000000000000        0.0000000000000000     
         118  -5.7655351981959167E-009  -5.2373739044375722E-010
  -1.2338188222020469E-008  -5.9181281441139415E-009
   0.0000000000000000        0.0000000000000000     
         119  -5.0776086479979038E-009  -7.0724400120426337E-010
  -9.0641064373867870E-009  -7.2410195913859385E-009
   0.0000000000000000        0.0000000000000000     
         120  -4.4152355176923692E-009  -8.8954481498400497E-010
  -5.2369827352057518E-009  -9.2558392479000063E-009
   0.0000000000000000        0.0000000000000000     
         121  -3.7461392718385027E-009  -1.1283361134268456E-009
  -6.5168696203348256E-010  -1.2438665464183884E-008
   0.0000000000000000        0.0000000000000000     
         122  -3.0485480440665210E-009  -1.4958837932591149E-009
   4.8713574052598356E-009  -1.7721121723519512E-008
   0.0000000000000000        0.0000000000000000     
         123  -2.3293204093286697E-009  -2.1195284470277212E-009
   1.1123506559038614E-008  -2.7006741821496934E-008
   0.0000000000000000        0.0000000000000000     
         124  -1.7297083928568716E-009  -3.2333104637127140E-009
   1.5831921103105681E-008  -4.3963162669463468E-008
   0.0000000000000000        0.0000000000000000     
         125  -1.8887837043657643E-009  -5.0343336133370320E-009
   8.8741226179728728E-009  -7.1856912673919667E-008
   0.0000000000000000        0.0000000000000000     
         126  -3.8916345914584589E-009  -6.3874072688265575E-009
  -2.7360028216860459E-008  -9.3118850898246756E-008
   0.0000000000000000        0.0000000000000000     
         127  -6.0079543776552463E-009  -5.2513994101631621E-009
  -6.6470911152687636E-008  -7.4924686907606646E-008
   0.0000000000000000        0.0000000000000000     
         128  -6.1791406302444053E-009  -3.4964620497396585E-009
  -7.5578262171217984E-008  -4.5890069108919988E-008
   0.0000000000000000        0.0000000000000000     
         129  -5.4566515988731148E-009  -2.5018832392948778E-009
  -7.0996689635071430E-008  -2.7888881511049372E-008
   0.0000000000000000        0.0000000000000000     
         130  -4.5577104672285713E-009  -2.1104731368216768E-009
  -6.4377487217346326E-008  -1.8341862954626859E-008
   0.0000000000000000        0.0000000000000000     
         131  -3.6229888907578355E-009  -2.1118284651646170E-009
  -5.8418500043047354E-008  -1.3361211794165623E-008
   0.0000000000000000        0.0000000000000000     
         132  -2.6315649675570502E-009  -2.4614088675085620E-009
  -5.3357065465812386E-008  -1.1030112923148011E-008
   0.0000000000000000        0.0000000000000000     
         133  -1.5431329415301341E-009  -3.2875900419569981E-009
  -4.9011764590224859E-008  -1.0690206052769318E-008
   0.0000000000000000        0.0000000000000000     
         134  -4.7001006652623808E-010  -4.9685637906522441E-009
  -4.5449818155082212E-008  -1.2537305913007576E-008
   0.0000000000000000        0.0000000000000000     
         135  -1.4554499293010859E-010  -8.0522976333227150E-009
  -4.3892845786703093E-008  -1.7305724517602482E-008
   0.0000000000000000        0.0000000000000000     
         136  -2.6278369182594724E-009  -1.2130750145273771E-008
  -4.8119205868188487E-008  -2.3969955828358807E-008
   0.0000000000000000        0.0000000000000000     
         137  -8.5976221859935747E-009  -1.3056392515484234E-008
  -5.9033866916895458E-008  -2.4497192357217639E-008
   0.0000000000000000        0.0000000000000000     
         138  -1.2515002823025988E-008  -9.4538398737444966E-009
  -6.5925982429297465E-008  -1.6678533007970176E-008
   0.0000000000000000        0.0000000000000000     
