   262144.00000000000     
         256           1           3
   1.7567330116226543E-005   14.463779801378999       -127.33399034630000     
   6.0401400154609997        12.000000000000000        5733.8999999999996     
           0   0.0000000000000000        0.0000000000000000     
   0.0000000000000000        0.0000000000000000     
   0.0000000000000000        0.0000000000000000     
           1   0.0000000000000000        0.0000000000000000     
  -1.3466067922608626E-009   5.4966260790577642E-011
  -3.2381751157809871E-009   1.0636132577905203E-010
           2   0.0000000000000000        0.0000000000000000     
  -1.3335606744457595E-009   3.3883183645605814E-011
  -3.2083328549270276E-009   7.7642857969455773E-011
           3   0.0000000000000000        0.0000000000000000     
  -1.3274886456016750E-009   2.9083387648872857E-011
  -3.1944953207698730E-009   7.1529079664469005E-011
           4   0.0000000000000000        0.0000000000000000     
  -1.3212982750396840E-009   2.7144738434295756E-011
  -3.1836121783907736E-009   6.9468834903785104E-011
           5   0.0000000000000000        0.0000000000000000     
  -1.3148532240927655E-009   2.5900801056912808E-011
  -3.1744856169439504E-009   6.8458238320732748E-011
           6   0.0000000000000000        0.0000000000000000     
  -1.3080798611062948E-009   2.4861423679141277E-011
  -3.1665850750417259E-009   6.7816769522823546E-011
           7   0.0000000000000000        0.0000000000000000     
  -1.3008783253003545E-009   2.3872747288049770E-011
  -3.1595658118159615E-009   6.7333857254653961E-011
           8   0.0000000000000000        0.0000000000000000     
  -1.2931479703743363E-009   2.2871598563162309E-011
  -3.1531887835251008E-009   6.6927760463852277E-011
           9   0.0000000000000000        0.0000000000000000     
  -1.2847925849985842E-009   2.1824642282044310E-011
  -3.1472818208082218E-009   6.6560661294307024E-011
          10   0.0000000000000000        0.0000000000000000     
  -1.2757186044443707E-009   2.0709521945222905E-011
  -3.1417162269334985E-009   6.6212302969346833E-011
          11   0.0000000000000000        0.0000000000000000     
  -1.2658318754751602E-009   1.9507878835039974E-011
  -3.1363921275968980E-009   6.5870335364502934E-011
          12   0.0000000000000000        0.0000000000000000     
  -1.2550344421072758E-009   1.8202308105977589E-011
  -3.1312290977384844E-009   6.5526288974667195E-011
          13   0.0000000000000000        0.0000000000000000     
  -1.2432215440010964E-009   1.6774775274786253E-011
  -3.1261599697964010E-009   6.5173712534180926E-011
          14   0.0000000000000000        0.0000000000000000     
  -1.2302787654899116E-009   1.5205597933607285E-011
  -3.1211266490890580E-009   6.4807227339124447E-011
          15   0.0000000000000000        0.0000000000000000     
  -1.2160791560136954E-009   1.3472631307853986E-011
  -3.1160771779735234E-009   6.4422008438492493E-011
          16   0.0000000000000000        0.0000000000000000     
  -1.2004801721255755E-009   1.1550483345058804E-011
  -3.1109636218179033E-009   6.4013475949512008E-011
          17   0.0000000000000000        0.0000000000000000     
  -1.1833202718220766E-009   9.4096599513830949E-012
  -3.1057404885627517E-009   6.3577097205781740E-011
          18   0.0000000000000000        0.0000000000000000     
  -1.1644149979356492E-009   7.0155645524188698E-012
  -3.1003635150060077E-009   6.3108249052289039E-011
          19   0.0000000000000000        0.0000000000000000     
  -1.1435528577218246E-009   4.3272905758793344E-012
  -3.0948745912389272E-009   6.2603947366584133E-011
          20   0.0000000000000000        0.0000000000000000     
  -1.1204877273702377E-009   1.2960579661078105E-012
  -3.0890573058515969E-009   6.2055432164918285E-011
          21   0.0000000000000000        0.0000000000000000     
  -1.0949351056156998E-009  -2.1366498765684291E-012
  -3.0829518147372774E-009   6.1459097166484176E-011
          22   0.0000000000000000        0.0000000000000000     
  -1.0665616933080737E-009  -6.0416065357762886E-012
  -3.0765104595187597E-009   6.0809091933073748E-011
          23   0.0000000000000000        0.0000000000000000     
  -1.0349754260678700E-009  -1.0505051519969054E-011
  -3.0696831649973224E-009   6.0099100299489376E-011
          24   0.0000000000000000        0.0000000000000000     
  -9.9971226105427746E-010  -1.5632923179396956E-011
  -3.0624169162130379E-009   5.9322291790418890E-011
          25   0.0000000000000000        0.0000000000000000     
  -9.6021933906512913E-010  -2.1556489066696927E-011
  -3.0546552671592046E-009   5.8471283257579988E-011
          26   0.0000000000000000        0.0000000000000000     
  -9.1583330067854251E-010  -2.8439928285011179E-011
  -3.0463378780987974E-009   5.7538116474474083E-011
          27   0.0000000000000000        0.0000000000000000     
  -8.6575205089853225E-010  -3.6490679488823830E-011
  -3.0374000942588763E-009   5.6514261772605438E-011
          28   0.0000000000000000        0.0000000000000000     
  -8.0899755119389195E-010  -4.5973768965477903E-011
  -3.0277725817612542E-009   5.5390664267576660E-011
          29   0.0000000000000000        0.0000000000000000     
  -7.4436615580046508E-010  -5.7231966258397423E-011
  -3.0173810637820546E-009   5.4157859648785622E-011
          30   0.0000000000000000        0.0000000000000000     
  -6.7036138395263426E-010  -7.0714635997735174E-011
  -3.0061462155919993E-009   5.2806203588747270E-011
          31   0.0000000000000000        0.0000000000000000     
  -5.8510151010020826E-010  -8.7019843036370557E-011
  -2.9939838270071596E-009   5.1326287469818329E-011
          32   0.0000000000000000        0.0000000000000000     
  -4.8619037043568290E-010  -1.0695713435301384E-010
  -2.9808054004916492E-009   4.9709662508575961E-011
          33   0.0000000000000000        0.0000000000000000     
  -3.7053330490767517E-010  -1.3164343549304118E-010
  -2.9663786829507222E-009   4.7947083604568160E-011
          34   0.0000000000000000        0.0000000000000000     
  -2.3406963761699869E-010  -1.6265356092256916E-010
  -2.9508933276532312E-009   4.6042629666707544E-011
          35   0.0000000000000000        0.0000000000000000     
  -7.1374179016980361E-011  -2.0226386960717188E-010
  -2.9341205096180537E-009   4.3999395096598892E-011
          36   0.0000000000000000        0.0000000000000000     
   1.2495089874411793E-010  -2.5386091065943450E-010
  -2.9159839339116772E-009   4.1837981731315490E-011
          37   0.0000000000000000        0.0000000000000000     
   3.6523232780582234E-010  -3.2265547983259299E-010
  -2.8965474268904033E-009   3.9607739866270060E-011
          38   0.0000000000000000        0.0000000000000000     
   6.6427256918158243E-010  -4.1699144408004963E-010
  -2.8755781556369293E-009   3.7399194149662475E-011
          39   0.0000000000000000        0.0000000000000000     
   1.0439496609509877E-009  -5.5088479246065098E-010
  -2.8532781189330555E-009   3.5402708579823373E-011
          40   0.0000000000000000        0.0000000000000000     
   1.5377091139034184E-009  -7.4929392470422018E-010
  -2.8298919383063059E-009   3.3991063727850693E-011
          41   0.0000000000000000        0.0000000000000000     
   2.1985307383952037E-009  -1.0599948442489115E-009
  -2.8058493976046533E-009   3.3929883146914938E-011
          42   0.0000000000000000        0.0000000000000000     
   3.1127374688111238E-009  -1.5831491825636039E-009
  -2.7827118618319149E-009   3.6919024466172044E-011
          43   0.0000000000000000        0.0000000000000000     
   4.4187889374583267E-009  -2.5543008149625368E-009
  -2.7616912137470078E-009   4.7035732081940154E-011
          44   0.0000000000000000        0.0000000000000000     
   6.2805230125920707E-009  -4.6088120338165775E-009
  -2.7458825043285671E-009   7.5519870742371520E-011
          45   0.0000000000000000        0.0000000000000000     
   8.2496219264586520E-009  -9.6272392262560751E-009
  -2.7258884176535864E-009   1.5583183901516168E-010
          46   0.0000000000000000        0.0000000000000000     
   3.9949159437052491E-009  -2.0113376919171633E-008
  -2.5876184530861461E-009   3.3256225774141640E-010
          47   0.0000000000000000        0.0000000000000000     
  -1.1750409773712856E-008  -1.8514208274697099E-008
  -2.2367557265015197E-009   2.9140017783160664E-010
          48   0.0000000000000000        0.0000000000000000     
  -1.4134320407530843E-008  -8.4215305001640019E-009
  -2.1156731397517527E-009   9.6277052002585541E-011
          49   0.0000000000000000        0.0000000000000000     
  -1.1979112806452534E-008  -4.0088376466949197E-009
  -2.0658641343791427E-009   4.2966514051069650E-013
          50   0.0000000000000000        0.0000000000000000     
  -1.0177412846140507E-008  -2.1866629137903731E-009
  -1.9979193543347191E-009  -5.1902877123857317E-011
          51   0.0000000000000000        0.0000000000000000     
  -8.9451981736784879E-009  -1.3097363389920851E-009
  -1.9060366799826175E-009  -9.0754764699224671E-011
          52   0.0000000000000000        0.0000000000000000     
  -8.1013998981245162E-009  -8.2725183434359756E-010
  -1.7911969553021957E-009  -1.2673180394811018E-010
          53   0.0000000000000000        0.0000000000000000     
  -7.5113401188831845E-009  -5.3247801162777836E-010
  -1.6526861195144668E-009  -1.6449825554882775E-010
          54   0.0000000000000000        0.0000000000000000     
  -7.0931187270056917E-009  -3.3630755001145241E-010
  -1.4885250008495295E-009  -2.0688509738858526E-010
          55   0.0000000000000000        0.0000000000000000     
  -6.7973011196097206E-009  -1.9557514479762338E-010
  -1.2951811303788319E-009  -2.5628315178682959E-010
          56   0.0000000000000000        0.0000000000000000     
  -6.5934992143627383E-009  -8.7194465523200381E-011
  -1.0676612563364804E-009  -3.1524885687476969E-010
          57   0.0000000000000000        0.0000000000000000     
  -6.4628610491138771E-009   2.3776142560540287E-012
  -7.9927774558515722E-010  -3.8690706292038813E-010
          58   0.0000000000000000        0.0000000000000000     
  -6.3939388112718053E-009   8.1922138383870863E-011
  -4.8124019673483776E-010  -4.7535836968981304E-010
          59   0.0000000000000000        0.0000000000000000     
  -6.3804426362203733E-009   1.5787969145187074E-010
  -1.0193469648821578E-010  -5.8622051629186637E-010
          60   0.0000000000000000        0.0000000000000000     
  -6.4200814574939884E-009   2.3576715784017488E-010
   3.5408323390211416E-010  -7.2744207924095651E-010
          61   0.0000000000000000        0.0000000000000000     
  -6.5141292537733873E-009   3.2121682454485010E-010
   9.0778251824029505E-010  -9.1061583821393754E-010
          62   0.0000000000000000        0.0000000000000000     
  -6.6675737443939483E-009   4.2101746999847464E-010
   1.5875040889090410E-009  -1.1531797798055609E-009
          63   0.0000000000000000        0.0000000000000000     
  -6.8898596949557144E-009   5.4452408371450104E-010
   2.4332372409503365E-009  -1.4823389904274633E-009
          64   0.0000000000000000        0.0000000000000000     
  -7.1964252515274397E-009   7.0600460858455253E-010
   3.5028191165340317E-009  -1.9423360561775702E-009
          65   0.0000000000000000        0.0000000000000000     
  -7.6113986899677211E-009   9.2907580885023871E-010
   4.8803772819254651E-009  -2.6087218536966051E-009
          66   0.0000000000000000        0.0000000000000000     
  -8.1720256220944725E-009   1.2559096896604543E-009
   6.6914467706253700E-009  -3.6184308723287155E-009
          67   0.0000000000000000        0.0000000000000000     
  -8.9351308557994574E-009   1.7680841648498616E-009
   9.1250808355520423E-009  -5.2382057427276801E-009
          68   0.0000000000000000        0.0000000000000000     
  -9.9817847158540403E-009   2.6382576436048281E-009
   1.2449845448490814E-008  -8.0343906193312372E-009
          69   0.0000000000000000        0.0000000000000000     
  -1.1387472875623674E-008   4.2689277326080563E-009
   1.6913215727386029E-008  -1.3328973009292843E-008
          70   0.0000000000000000        0.0000000000000000     
  -1.2930084440359834E-008   7.6546723569476938E-009
   2.1785792061978192E-008  -2.4390491875710541E-008
          71   0.0000000000000000        0.0000000000000000     
  -1.2242488442466553E-008   1.4574706193282505E-008
   1.9283378191002203E-008  -4.7066921435322139E-008
          72   0.0000000000000000        0.0000000000000000     
  -2.3811137582912745E-009   2.0392515500279417E-008
  -1.3422689701227993E-008  -6.6114166880673151E-008
          73   0.0000000000000000        0.0000000000000000     
   6.5947379293059111E-009   1.3728390968144900E-008
  -4.3264807857985036E-008  -4.4119389988820189E-008
          74   0.0000000000000000        0.0000000000000000     
   6.7491399952959286E-009   7.1077283872370706E-009
  -4.4157321868288481E-008  -2.2258608297555926E-008
          75   0.0000000000000000        0.0000000000000000     
   5.0972362757122940E-009   3.9563913677181391E-009
  -3.9167211996051745E-008  -1.1792390240631788E-008
          76   0.0000000000000000        0.0000000000000000     
   3.6590442627450214E-009   2.4477014055798611E-009
  -3.4941393023159970E-008  -6.7128601980352653E-009
          77   0.0000000000000000        0.0000000000000000     
   2.5846845957788266E-009   1.6477348082678449E-009
  -3.1981013987616363E-008  -3.9464785872678207E-009
          78   0.0000000000000000        0.0000000000000000     
   1.7859118078983802E-009   1.1819107450776016E-009
  -3.0005240533304715E-008  -2.2577110021093597E-009
          79   0.0000000000000000        0.0000000000000000     
   1.1792657887729947E-009   8.8945115610190088E-010
  -2.8751743540556183E-008  -1.1127096203277940E-009
          80   0.0000000000000000        0.0000000000000000     
   7.0728957460423555E-010   6.9428046870235528E-010
  -2.8046318201658104E-008  -2.5443408757071420E-010
          81   0.0000000000000000        0.0000000000000000     
   3.3220671799654555E-010   5.5702826990080764E-010
  -2.7783783418626370E-008   4.5586074412055390E-010
          82   0.0000000000000000        0.0000000000000000     
   2.9145592703129434E-011   4.5561028406521448E-010
  -2.7906021679031316E-008   1.1035148849588990E-009
          83   0.0000000000000000        0.0000000000000000     
  -2.1836479695305133E-010   3.7660740261502424E-010
  -2.8390328206234464E-008   1.7505091869499519E-009
          84   0.0000000000000000        0.0000000000000000     
  -4.2112252365824374E-010   3.1105595098954822E-010
  -2.9242120748878878E-008   2.4519922552587819E-009
          85   0.0000000000000000        0.0000000000000000     
  -5.8581986834097936E-010   2.5212964538282798E-010
  -3.0494670995877676E-008   3.2684547700726940E-009
          86   0.0000000000000000        0.0000000000000000     
  -7.1585497693484742E-010   1.9358347738169890E-010
  -3.2211366683039091E-008   4.2787220327376089E-009
          87   0.0000000000000000        0.0000000000000000     
  -8.1158037220496056E-010   1.2830702777239028E-010
  -3.4494500523996132E-008   5.5991251114619005E-009
          88   0.0000000000000000        0.0000000000000000     
  -8.7006304329573002E-010   4.6367370649099287E-011
  -3.7499273227805714E-008   7.4175972460517516E-009
          89   0.0000000000000000        0.0000000000000000     
  -8.8444549468946851E-010  -6.8475673478396620E-011
  -4.1452543586984082E-008   1.0061479287906613E-008
          90   0.0000000000000000        0.0000000000000000     
  -8.4335329289982346E-010  -2.4604068229092198E-010
  -4.6673469583454113E-008   1.4144097016963107E-008
          91   0.0000000000000000        0.0000000000000000     
  -7.3301433130250278E-010  -5.4640638774476519E-010
  -5.3531953930462649E-008   2.0903699303790676E-008
          92   0.0000000000000000        0.0000000000000000     
  -5.5628580177824771E-010  -1.0997048029472376E-009
  -6.2070610462215717E-008   3.3013215469432626E-008
          93   0.0000000000000000        0.0000000000000000     
  -4.4149087962003250E-010  -2.1862527165272060E-009
  -6.9798906933314071E-008   5.6210667192538896E-008
          94   0.0000000000000000        0.0000000000000000     
  -1.1188854691361822E-009  -4.1629016259699159E-009
  -6.2028692115041778E-008   9.7809154563006298E-008
          95   0.0000000000000000        0.0000000000000000     
  -4.1837271841140496E-009  -5.7476422048446005E-009
  -6.5364509649514653E-009   1.3187172925809565E-007
          96   0.0000000000000000        0.0000000000000000     
  -7.4499583550131948E-009  -4.0980072911640041E-009
   5.2062826471894673E-008   1.0081825838354200E-007
          97   0.0000000000000000        0.0000000000000000     
  -8.3584205026409622E-009  -1.8242927784068535E-009
   6.1512496791230259E-008   5.7864549964638106E-008
          98   0.0000000000000000        0.0000000000000000     
  -8.4849219371338378E-009  -4.2638291174960323E-010
   5.3424727563895336E-008   3.3787698669834211E-008
          99   0.0000000000000000        0.0000000000000000     
  -8.6592410236604301E-009   4.6669517455912593E-010
   4.4120958661624749E-008   2.1557532824598280E-008
         100   0.0000000000000000        0.0000000000000000     
  -9.0550181226715828E-009   1.1946011461637720E-009
   3.6396179822237796E-008   1.5099896886577858E-008
         101   0.0000000000000000        0.0000000000000000     
  -9.7182770934712871E-009   1.9629876467924741E-009
   3.0171091770407566E-008   1.1648698265314294E-008
         102   0.0000000000000000        0.0000000000000000     
  -1.0693303590871380E-008   2.9539782850505940E-009
   2.4974578425716233E-008   1.0052968086479604E-008
         103   0.0000000000000000        0.0000000000000000     
  -1.2039247311293964E-008   4.4247847415459221E-009
   2.0377360380663872E-008   9.9748775042858699E-009
         104   0.0000000000000000        0.0000000000000000     
  -1.3784249759744486E-008   6.8507600805406109E-009
   1.6100344255218673E-008   1.1695603428891874E-008
         105   0.0000000000000000        0.0000000000000000     
  -1.5667428724486164E-008   1.1195709786037714E-008
   1.2346860302073442E-008   1.6318606356902334E-008
         106   0.0000000000000000        0.0000000000000000     
  -1.5990164304711509E-008   1.9118620789386888E-008
   1.1363893782100896E-008   2.5974690442651209E-008
         107   0.0000000000000000        0.0000000000000000     
  -8.8075208982796989E-009   3.0047785669566303E-008
   2.1287345434307440E-008   3.9757338792000699E-008
         108   0.0000000000000000        0.0000000000000000     
   8.1182099643569655E-009   3.1543262590230707E-008
   4.5200518853813301E-008   4.0445010812328848E-008
         109   0.0000000000000000        0.0000000000000000     
   1.7679456965743095E-008   2.0781352492967126E-008
   5.9638945450459091E-008   2.4008037030949347E-008
         110   0.0000000000000000        0.0000000000000000     
   1.8195466300279835E-008   1.1731348617704332E-008
   6.2396297432307859E-008   9.4350897120275554E-009
         111   0.0000000000000000        0.0000000000000000     
   1.6499090525404376E-008   6.5783924620625371E-009
   6.3025970832384196E-008  -6.2269211634249114E-010
         112   0.0000000000000000        0.0000000000000000     
   1.4908628523266841E-008   3.5397589436382340E-009
   6.4922363534888042E-008  -9.2484472951020715E-009
         113   0.0000000000000000        0.0000000000000000     
   1.3819794839104872E-008   1.4013739047811125E-009
   6.8782876858255447E-008  -1.9327201438989293E-008
         114   0.0000000000000000        0.0000000000000000     
   1.3175907858690558E-008  -5.7225210848728017E-010
   7.4127785149797527E-008  -3.4305144535837166E-008
         115   0.0000000000000000        0.0000000000000000     
   1.2641239176583879E-008  -3.0096881717583855E-009
   7.7335762229000289E-008  -5.9561336296051674E-008
         116   0.0000000000000000        0.0000000000000000     
   1.1098750013026341E-008  -6.3184416770377922E-009
   6.3965815109186103E-008  -9.9003939488574012E-008
         117   0.0000000000000000        0.0000000000000000     
   6.8435994544478838E-009  -8.7407785908539740E-009
   1.1305400649021198E-008  -1.2767953177504640E-007
         118   0.0000000000000000        0.0000000000000000     
   2.5075039098386726E-009  -7.2100449836050437E-009
  -4.4268422264104355E-008  -1.0311037540856932E-007
         119   0.0000000000000000        0.0000000000000000     
   1.2335531908153624E-009  -4.5283343120058433E-009
  -5.9536739995846649E-008  -6.3237588981787274E-008
         120   0.0000000000000000        0.0000000000000000     
   1.4706264460508570E-009  -2.8816646181562852E-009
  -5.5563291097065664E-008  -3.7676207008380719E-008
         121   0.0000000000000000        0.0000000000000000     
   2.0427320536810541E-009  -2.0746912065106434E-009
  -4.8377202042319462E-008  -2.3526333138065717E-008
         122   0.0000000000000000        0.0000000000000000     
   2.6558367382216169E-009  -1.7342634433536073E-009
  -4.2035285833137445E-008  -1.5455555251233251E-008
         123   0.0000000000000000        0.0000000000000000     
   3.2798273065172392E-009  -1.6671840884816991E-009
  -3.7073680402968714E-008  -1.0549707145922610E-008
         124   0.0000000000000000        0.0000000000000000     
   3.9443354914513091E-009  -1.7947996319525121E-009
  -3.3309312452635485E-008  -7.3675205911327607E-009
         125   0.0000000000000000        0.0000000000000000     
   4.6931983946729955E-009  -2.1025991689875930E-009
  -3.0484352171423808E-008  -5.1717598189905972E-009
         126   0.0000000000000000        0.0000000000000000     
   5.5773893189322874E-009  -2.6234901610409302E-009
  -2.8390410486515128E-008  -3.5606883592446854E-009
         127   0.0000000000000000        0.0000000000000000     
   6.6555253381719486E-009  -3.4446720334078303E-009
  -2.6877761192146248E-008  -2.2982104060863476E-009
         128   0.0000000000000000        0.0000000000000000     
   7.9901616135487760E-009  -4.7399661859273158E-009
  -2.5847622343582927E-008  -1.2314152999937110E-009
         129   0.0000000000000000        0.0000000000000000     
   9.6190094103024002E-009  -6.8450806247494088E-009
  -2.5236956425493917E-008  -2.4628339976539865E-010
         130   0.0000000000000000        0.0000000000000000     
   1.1426747580842976E-008  -1.0410372616702371E-008
  -2.5011983635122321E-008   7.6157099125339282E-010
         131   0.0000000000000000        0.0000000000000000     
   1.2646638018686430E-008  -1.6612314173296920E-008
  -2.5152236546326800E-008   1.9121894654363748E-009
         132   0.0000000000000000        0.0000000000000000     
   1.0301998546738702E-008  -2.6674369213419566E-008
  -2.5622723177704030E-008   3.3584212288752205E-009
         133   0.0000000000000000        0.0000000000000000     
  -1.9131973876343901E-009  -3.6943253486752929E-008
  -2.6339963631788403E-008   5.2391390174936692E-009
         134   0.0000000000000000        0.0000000000000000     
  -2.1179741116183971E-008  -3.4450184691137612E-008
  -2.7370245878179952E-008   7.6778793226523747E-009
         135   0.0000000000000000        0.0000000000000000     
  -3.1620058960759819E-008  -2.0890908809274123E-008
  -2.8865268453345328E-008   1.1358271150909453E-008
         136   0.0000000000000000        0.0000000000000000     
  -3.3081837153154518E-008  -8.0043187692327118E-009
  -3.0075145282003506E-008   1.7630664663153780E-008
         137   0.0000000000000000        0.0000000000000000     
  -3.0382327334213600E-008   2.6432719287961642E-009
  -2.8119670198208893E-008   2.7682421122181172E-008
         138   0.0000000000000000        0.0000000000000000     
  -2.3302135175014728E-008   1.1016914565873004E-008
  -1.7178337693772670E-008   3.8254560887930768E-008
