   262144.00000000000     
         256           1           3
   1.7567330116226543E-005   20.860845378598000        104.28469363400001     
   6.0401400154609997        12.000000000000000        1200.0000000000000     
           0   0.0000000000000000        0.0000000000000000     
   0.0000000000000000        0.0000000000000000     
   0.0000000000000000        0.0000000000000000     
           1   0.0000000000000000        0.0000000000000000     
   1.2064296529077416E-010   1.5072169502703970E-009
   6.0232721185642905E-010  -1.3546941835174707E-011
           2   0.0000000000000000        0.0000000000000000     
   3.2500971654853460E-010   3.5597591875876976E-010
   5.9687735522466558E-010  -1.3308000604920004E-011
           3   0.0000000000000000        0.0000000000000000     
   1.5791589052651881E-010   1.1665477164358410E-010
   5.9412689321097131E-010  -1.3333175687668233E-011
           4   0.0000000000000000        0.0000000000000000     
   7.3618490207829369E-011   5.1261967664903186E-011
   5.9254907727822064E-010  -1.3432454637914167E-011
           5   0.0000000000000000        0.0000000000000000     
   2.9906665073333695E-011   2.7149472188044646E-011
   5.9170545695358247E-010  -1.3565999381268908E-011
           6   0.0000000000000000        0.0000000000000000     
   4.9179517727691047E-012   1.6326884529516042E-011
   5.9140293033980576E-010  -1.3722399784294782E-011
           7   0.0000000000000000        0.0000000000000000     
  -1.0576464716665437E-011   1.0779688303717422E-011
   5.9153914851908960E-010  -1.3897127006098425E-011
           8   0.0000000000000000        0.0000000000000000     
  -2.0812789091254159E-011   7.6534564145959338E-012
   5.9205380024376124E-010  -1.4088036158357832E-011
           9   0.0000000000000000        0.0000000000000000     
  -2.7922735700137246E-011   5.7622475716930133E-012
   5.9290889079902441E-010  -1.4294039982050829E-011
          10   0.0000000000000000        0.0000000000000000     
  -3.3065550118939504E-011   4.5539152580587261E-012
   5.9407946817647062E-010  -1.4514607268596042E-011
          11   0.0000000000000000        0.0000000000000000     
  -3.6912975094700008E-011   3.7478788470586654E-012
   5.9554878680082280E-010  -1.4749538055883711E-011
          12   0.0000000000000000        0.0000000000000000     
  -3.9875121348838883E-011   3.1913111137986375E-012
   5.9730558457339593E-010  -1.4998850267560825E-011
          13   0.0000000000000000        0.0000000000000000     
  -4.2213477539270823E-011   2.7961407491774495E-012
   5.9934245663089628E-010  -1.5262717648200974E-011
          14   0.0000000000000000        0.0000000000000000     
  -4.4100980336188779E-011   2.5091856023336450E-012
   6.0165483807266042E-010  -1.5541433838053387E-011
          15   0.0000000000000000        0.0000000000000000     
  -4.5655625777121460E-011   2.2970419552785977E-012
   6.0424034398558681E-010  -1.5835390885024847E-011
          16   0.0000000000000000        0.0000000000000000     
  -4.6960119232387219E-011   2.1380117716659168E-012
   6.0709832902239205E-010  -1.6145066280933651E-011
          17   0.0000000000000000        0.0000000000000000     
  -4.8073806152035572E-011   2.0175856778729934E-012
   6.1022958737643219E-010  -1.6471015333819596E-011
          18   0.0000000000000000        0.0000000000000000     
  -4.9040158429500596E-011   1.9258128122551007E-012
   6.1363614576104282E-010  -1.6813867067017496E-011
          19   0.0000000000000000        0.0000000000000000     
  -4.9891609664627570E-011   1.8557153370592846E-012
   6.1732112002348606E-010  -1.7174322577325617E-011
          20   0.0000000000000000        0.0000000000000000     
  -5.0652758935930406E-011   1.8023031401543439E-012
   6.2128861664649997E-010  -1.7553155204327117E-011
          21   0.0000000000000000        0.0000000000000000     
  -5.1342542384992696E-011   1.7619447915628886E-012
   6.2554366687937160E-010  -1.7951212112051981E-011
          22   0.0000000000000000        0.0000000000000000     
  -5.1975735448360731E-011   1.7319561708670832E-012
   6.3009218531724791E-010  -1.8369417037974870E-011
          23   0.0000000000000000        0.0000000000000000     
  -5.2564011292585479E-011   1.7103255764208533E-012
   6.3494094738903208E-010  -1.8808774063838711E-011
          24   0.0000000000000000        0.0000000000000000     
  -5.3116699071642611E-011   1.6955264232737426E-012
   6.4009758196562905E-010  -1.9270372329764498E-011
          25   0.0000000000000000        0.0000000000000000     
  -5.3641335397105556E-011   1.6863873486250662E-012
   6.4557057649506149E-010  -1.9755391660713613E-011
          26   0.0000000000000000        0.0000000000000000     
  -5.4144071016697213E-011   1.6820006682356971E-012
   6.5136929290417761E-010  -2.0265109110015964E-011
          27   0.0000000000000000        0.0000000000000000     
  -5.4629974536461072E-011   1.6816569054919287E-012
   6.5750399310471308E-010  -2.0800906453248674E-011
          28   0.0000000000000000        0.0000000000000000     
  -5.5103261929178869E-011   1.6847973311624034E-012
   6.6398587338504259E-010  -2.1364278690311520E-011
          29   0.0000000000000000        0.0000000000000000     
  -5.5567471847660224E-011   1.6909791294895864E-012
   6.7082710730597841E-010  -2.1956843636014505E-011
          30   0.0000000000000000        0.0000000000000000     
  -5.6025600900364628E-011   1.6998495372284891E-012
   6.7804089698904028E-010  -2.2580352701559922E-011
          31   0.0000000000000000        0.0000000000000000     
  -5.6480209016168550E-011   1.7111264402746759E-012
   6.8564153291025116E-010  -2.3236702991985678E-011
          32   0.0000000000000000        0.0000000000000000     
  -5.6933502237138778E-011   1.7245836722973431E-012
   6.9364446250569325E-010  -2.3927950868825312E-011
          33   0.0000000000000000        0.0000000000000000     
  -5.7387398321544477E-011   1.7400397749766703E-012
   7.0206636807649840E-010  -2.4656327154042170E-011
          34   0.0000000000000000        0.0000000000000000     
  -5.7843579131606169E-011   1.7573493325824634E-012
   7.1092525465311840E-010  -2.5424254181408474E-011
          35   0.0000000000000000        0.0000000000000000     
  -5.8303532783762372E-011   1.7763962398192846E-012
   7.2024054865214089E-010  -2.6234364935854059E-011
          36   0.0000000000000000        0.0000000000000000     
  -5.8768587805454920E-011   1.7970884344884976E-012
   7.3003320834244518E-010  -2.7089524561156966E-011
          37   0.0000000000000000        0.0000000000000000     
  -5.9239941007638501E-011   1.8193537496681843E-012
   7.4032584732995382E-010  -2.7992854562401589E-011
          38   0.0000000000000000        0.0000000000000000     
  -5.9718680377472837E-011   1.8431366285499880E-012
   7.5114287248968069E-010  -2.8947760084067700E-011
          39   0.0000000000000000        0.0000000000000000     
  -6.0205804010137705E-011   1.8683955090001268E-012
   7.6251063801304015E-010  -2.9957960708325219E-011
          40   0.0000000000000000        0.0000000000000000     
  -6.0702235862953291E-011   1.8951007321515955E-012
   7.7445761751411224E-010  -3.1027525293576185E-011
          41   0.0000000000000000        0.0000000000000000     
  -6.1208838953302937E-011   1.9232328638731951E-012
   7.8701459645377939E-010  -3.2160911463056881E-011
          42   0.0000000000000000        0.0000000000000000     
  -6.1726426483196878E-011   1.9527813437902554E-012
   8.0021488750823353E-010  -3.3363010460159858E-011
          43   0.0000000000000000        0.0000000000000000     
  -6.2255771282826256E-011   1.9837433961164696E-012
   8.1409457193235183E-010  -3.4639198215068444E-011
          44   0.0000000000000000        0.0000000000000000     
  -6.2797613880156972E-011   2.0161231509348501E-012
   8.2869277046984572E-010  -3.5995393620858666E-011
          45   0.0000000000000000        0.0000000000000000     
  -6.3352669441285272E-011   2.0499309361069378E-012
   8.4405194794975913E-010  -3.7438125202359810E-011
          46   0.0000000000000000        0.0000000000000000     
  -6.3921633789843647E-011   2.0851827081335552E-012
   8.6021825640617895E-010  -3.8974607585056090E-011
          47   0.0000000000000000        0.0000000000000000     
  -6.4505188663335462E-011   2.1218995973189366E-012
   8.7724192238391006E-010  -4.0612829443175643E-011
          48   0.0000000000000000        0.0000000000000000     
  -6.5104006340884800E-011   2.1601075473851548E-012
   8.9517768508076274E-010  -4.2361654937741995E-011
          49   0.0000000000000000        0.0000000000000000     
  -6.5718753751306454E-011   2.1998370339008947E-012
   9.1408529315698527E-010  -4.4230941061200372E-011
          50   0.0000000000000000        0.0000000000000000     
  -6.6350096154136473E-011   2.2411228489596904E-012
   9.3403006946317863E-010  -4.6231673804109422E-011
          51   0.0000000000000000        0.0000000000000000     
  -6.6998700467167105E-011   2.2840039419889551E-012
   9.5508355465098705E-010  -4.8376126675466239E-011
          52   0.0000000000000000        0.0000000000000000     
  -6.7665238301261895E-011   2.3285233086398257E-012
   9.7732424270896642E-010  -5.0678045872394701E-011
          53   0.0000000000000000        0.0000000000000000     
  -6.8350388760059914E-011   2.3747279211708637E-012
   1.0008384239908940E-009  -5.3152867347037674E-011
          54   0.0000000000000000        0.0000000000000000     
  -6.9054841042259513E-011   2.4226686950810940E-012
   1.0257211543995139E-009  -5.5817972211758980E-011
          55   0.0000000000000000        0.0000000000000000     
  -6.9779296891083518E-011   2.4724004876779393E-012
   1.0520773731744653E-009  -5.8692988425009999E-011
          56   0.0000000000000000        0.0000000000000000     
  -7.0524472917426084E-011   2.5239821250876326E-012
   1.0800231964249429E-009  -6.1800148602191109E-011
          57   0.0000000000000000        0.0000000000000000     
  -7.1291102827412724E-011   2.5774764548957908E-012
   1.1096874193474391E-009  -6.5164716216350582E-011
          58   0.0000000000000000        0.0000000000000000     
  -7.2079939576717841E-011   2.6329504220067903E-012
   1.1412132639964963E-009  -6.8815495474531434E-011
          59   0.0000000000000000        0.0000000000000000     
  -7.2891757473172545E-011   2.6904751657979438E-012
   1.1747604417126178E-009  -7.2785444710681175E-011
          60   0.0000000000000000        0.0000000000000000     
  -7.3727354244595017E-011   2.7501261368007815E-012
   1.2105075412735972E-009  -7.7112416650096990E-011
          61   0.0000000000000000        0.0000000000000000     
  -7.4587553087914385E-011   2.8119832313949472E-012
   1.2486548840764106E-009  -8.1840058461568507E-011
          62   0.0000000000000000        0.0000000000000000     
  -7.5473204713321386E-011   2.8761309430090684E-012
   1.2894278904414771E-009  -8.7018910651107779E-011
          63   0.0000000000000000        0.0000000000000000     
  -7.6385189393384160E-011   2.9426585282520641E-012
   1.3330810942963137E-009  -9.2707757352989232E-011
          64   0.0000000000000000        0.0000000000000000     
  -7.7324419029652715E-011   3.0116601862577656E-012
   1.3799029510896743E-009  -9.8975295845369805E-011
          65   0.0000000000000000        0.0000000000000000     
  -7.8291839241639080E-011   3.0832352490084057E-012
   1.4302216271279576E-009  -1.0590221455306576E-010
          66   0.0000000000000000        0.0000000000000000     
  -7.9288431485784728E-011   3.1574883799441554E-012
   1.4844120110865380E-009  -1.1358379788115063E-010
          67   0.0000000000000000        0.0000000000000000     
  -8.0315215207222105E-011   3.2345297770955561E-012
   1.5429042580357700E-009  -1.2213321621793241E-010
          68   0.0000000000000000        0.0000000000000000     
  -8.1373250025679487E-011   3.3144753756153977E-012
   1.6061942692389744E-009  -1.3168571502722492E-010
          69   0.0000000000000000        0.0000000000000000     
  -8.2463637950958825E-011   3.3974470425760844E-012
   1.6748566362004975E-009  -1.4240399506274486E-010
          70   0.0000000000000000        0.0000000000000000     
  -8.3587525621887573E-011   3.4835727538791203E-012
   1.7495607478191130E-009  -1.5448518683295309E-010
          71   0.0000000000000000        0.0000000000000000     
  -8.4746106553475420E-011   3.5729867387786462E-012
   1.8310909937672597E-009  -1.6816998249453722E-010
          72   0.0000000000000000        0.0000000000000000     
  -8.5940623369586347E-011   3.6658295710468143E-012
   1.9203723227976171E-009  -1.8375472211984980E-010
          73   0.0000000000000000        0.0000000000000000     
  -8.7172369984151613E-011   3.7622481761592934E-012
   2.0185028725132081E-009  -2.0160757783700003E-010
          74   0.0000000000000000        0.0000000000000000     
  -8.8442693678117991E-011   3.8623957092738346E-012
   2.1267960388384253E-009  -2.2219050139370228E-010
          75   0.0000000000000000        0.0000000000000000     
  -8.9752996991865756E-011   3.9664312362574063E-012
   2.2468352932946269E-009  -2.4608940091706163E-010
          76   0.0000000000000000        0.0000000000000000     
  -9.1104739313631826E-011   4.0745191148154556E-012
   2.3805464303324840E-009  -2.7405626263040800E-010
          77   0.0000000000000000        0.0000000000000000     
  -9.2499437989473651E-011   4.1868279164891515E-012
   2.5302939652596633E-009  -3.0706892647262383E-010
          78   0.0000000000000000        0.0000000000000000     
  -9.3938668692696110E-011   4.3035286384393888E-012
   2.6990114723998779E-009  -3.4641747526550332E-010
          79   0.0000000000000000        0.0000000000000000     
  -9.5424064658585809E-011   4.4247918002841588E-012
   2.8903803458143017E-009  -3.9383163154734235E-010
          80   0.0000000000000000        0.0000000000000000     
  -9.6957314185370989E-011   4.5507827571086045E-012
   3.1090787502515223E-009  -4.5167289285664798E-010
          81   0.0000000000000000        0.0000000000000000     
  -9.8540155478259075E-011   4.6816540920425382E-012
   3.3611340023857010E-009  -5.2323166912654128E-010
          82   0.0000000000000000        0.0000000000000000     
  -1.0017436739658859E-010   4.8175330950476003E-012
   3.6544298953850396E-009  -6.1319996105549160E-010
          83   0.0000000000000000        0.0000000000000000     
  -1.0186175383757208E-010   4.9585007058344840E-012
   3.9994497248854212E-009  -7.2844767397742928E-010
          84   0.0000000000000000        0.0000000000000000     
  -1.0360411818010944E-010   5.1045550700465022E-012
   4.4103820903237252E-009  -8.7934475792128260E-010
          85   0.0000000000000000        0.0000000000000000     
  -1.0540322223843218E-010   5.2555461503105982E-012
   4.9067863553221614E-009  -1.0821083883960147E-009
          86   0.0000000000000000        0.0000000000000000     
  -1.0726072167822699E-010   5.4110531534519695E-012
   5.5161027508279690E-009  -1.3631731543694295E-009
          87   0.0000000000000000        0.0000000000000000     
  -1.0917806901406173E-010   5.5701425173703330E-012
   6.2773218373617818E-009  -1.7677843237328598E-009
          88   0.0000000000000000        0.0000000000000000     
  -1.1115638772616348E-010   5.7308605084204086E-012
   7.2456703806474602E-009  -2.3779712223284095E-009
          89   0.0000000000000000        0.0000000000000000     
  -1.1319641182966107E-010   5.8890975419905073E-012
   8.4950920218228962E-009  -3.3527273132951576E-009
          90   0.0000000000000000        0.0000000000000000     
  -1.1529903974845770E-010   6.0358916349145983E-012
   1.0098850729366082E-008  -5.0233450016340536E-009
          91   0.0000000000000000        0.0000000000000000     
  -1.1746950707304927E-010   6.1510321278637985E-012
   1.1982452919679667E-008  -8.1194972951551580E-009
          92   0.0000000000000000        0.0000000000000000     
  -1.1974015798069473E-010   6.1929917020168861E-012
   1.3119262328200532E-008  -1.4125068400360423E-008
          93   0.0000000000000000        0.0000000000000000     
  -1.2225036888751157E-010   6.1451588799738796E-012
   8.7065285566636223E-009  -2.3644463245834821E-008
          94   0.0000000000000000        0.0000000000000000     
  -1.2512252400120945E-010   6.3018383261160597E-012
  -5.4515319793743444E-009  -2.6296102018016055E-008
          95   0.0000000000000000        0.0000000000000000     
  -1.2791677595259455E-010   6.8042644035321126E-012
  -1.3675916423406670E-008  -1.7108641064672354E-008
          96   0.0000000000000000        0.0000000000000000     
  -1.3056857255217896E-010   7.2702823955046096E-012
  -1.3542382110674477E-008  -9.6072044878074772E-009
          97   0.0000000000000000        0.0000000000000000     
  -1.3326804868794823E-010   7.6466344011295149E-012
  -1.1619038784904619E-008  -5.6957103983682792E-009
          98   0.0000000000000000        0.0000000000000000     
  -1.3607443237862184E-010   7.9826399851162694E-012
  -9.8399635295378048E-009  -3.6545069448921046E-009
          99   0.0000000000000000        0.0000000000000000     
  -1.3899917579504455E-010   8.3066759845478724E-012
  -8.4424133885006574E-009  -2.5053299777686811E-009
         100   0.0000000000000000        0.0000000000000000     
  -1.4204556018307356E-010   8.6319344069081105E-012
  -7.3659195002579848E-009  -1.8078782116365645E-009
         101   0.0000000000000000        0.0000000000000000     
  -1.4521649387297561E-010   8.9649859569777287E-012
  -6.5273750346635105E-009  -1.3572355476791636E-009
         102   0.0000000000000000        0.0000000000000000     
  -1.4851569137952649E-010   9.3095424745575583E-012
  -5.8623224194837058E-009  -1.0509362327660924E-009
         103   0.0000000000000000        0.0000000000000000     
  -1.5194769518776007E-010   9.6680121550246539E-012
  -5.3251558851661244E-009  -8.3401455874903630E-010
         104   0.0000000000000000        0.0000000000000000     
  -1.5551774072258451E-010   1.0042174754886222E-011
  -4.8839924860950436E-009  -6.7512091930872351E-010
         105   0.0000000000000000        0.0000000000000000     
  -1.5923164484764780E-010   1.0433494202032603E-011
  -4.5163072736388872E-009  -5.5541890524343544E-010
         106   0.0000000000000000        0.0000000000000000     
  -1.6309573038795225E-010   1.0843271461171321E-011
  -4.2059081006944018E-009  -4.6307985303592306E-010
         107   0.0000000000000000        0.0000000000000000     
  -1.6711677761405195E-010   1.1272721657582548E-011
  -3.9409337429337309E-009  -3.9039116953268806E-010
         108   0.0000000000000000        0.0000000000000000     
  -1.7130199217968548E-010   1.1723012208208044E-011
  -3.7125345074551108E-009  -3.3215914877616892E-010
         109   0.0000000000000000        0.0000000000000000     
  -1.7565898153595500E-010   1.2195278708508883E-011
  -3.5139933696524035E-009  -2.8478728690642757E-010
         110   0.0000000000000000        0.0000000000000000     
  -1.8019573391969900E-010   1.2690626234342846E-011
  -3.3401311505915107E-009  -2.4572367848152915E-010
         111   0.0000000000000000        0.0000000000000000     
  -1.8492059519104409E-010   1.3210119223867944E-011
  -3.1868968163722713E-009  -2.1311840033917749E-010
         112   0.0000000000000000        0.0000000000000000     
  -1.8984223922845562E-010   1.3754760604231586E-011
  -3.0510802942636831E-009  -1.8560471107981191E-010
         113   0.0000000000000000        0.0000000000000000     
  -1.9496962745415979E-010   1.4325459172110770E-011
  -2.9301077496869386E-009  -1.6215560516223462E-010
         114   0.0000000000000000        0.0000000000000000     
  -2.0031195242862418E-010   1.4922982863687913E-011
  -2.8218933133896696E-009  -1.4198754063883233E-010
         115   0.0000000000000000        0.0000000000000000     
  -2.0587855934052140E-010   1.5547894137905303E-011
  -2.7247300928968503E-009  -1.2449445449202233E-010
         116   0.0000000000000000        0.0000000000000000     
  -2.1167883756439035E-010   1.6200462010577774E-011
  -2.6372089526088031E-009  -1.0920167135971966E-010
         117   0.0000000000000000        0.0000000000000000     
  -2.1772207212505627E-010   1.6880543084473236E-011
  -2.5581572131663580E-009  -9.5733150054976205E-011
         118   0.0000000000000000        0.0000000000000000     
  -2.2401724169947948E-010   1.7587420942222567E-011
  -2.4865918374630835E-009  -8.3787841144609333E-011
         119   0.0000000000000000        0.0000000000000000     
  -2.3057274538690087E-010   1.8319589120244047E-011
  -2.4216832886375320E-009  -7.3122375140747854E-011
         120   0.0000000000000000        0.0000000000000000     
  -2.3739603445090298E-010   1.9074457007942261E-011
  -2.3627273447776247E-009  -6.3538218391571818E-011
         121   0.0000000000000000        0.0000000000000000     
  -2.4449311693637059E-010   1.9847949587619940E-011
  -2.3091229128053714E-009  -5.4872027312513864E-011
         122   0.0000000000000000        0.0000000000000000     
  -2.5186789157270934E-010   2.0633959684376874E-011
  -2.2603544133054521E-009  -4.6988322508495483E-011
         123   0.0000000000000000        0.0000000000000000     
  -2.5952125136413843E-010   2.1423593378997463E-011
  -2.2159776825250785E-009  -3.9773866068076154E-011
         124   0.0000000000000000        0.0000000000000000     
  -2.6744987478572755E-010   2.2204122376568968E-011
  -2.1756086058912569E-009  -3.3133303227226663E-011
         125   0.0000000000000000        0.0000000000000000     
  -2.7564459071926944E-010   2.2957516508855998E-011
  -2.1389138915556932E-009  -2.6985752241806101E-011
         126   0.0000000000000000        0.0000000000000000     
  -2.8408815798220588E-010   2.3658367186017943E-011
  -2.1056035346162159E-009  -2.1262111924746650E-011
         127   0.0000000000000000        0.0000000000000000     
  -2.9275223535966576E-010   2.4270915253598385E-011
  -2.0754246278018726E-009  -1.5902916744239740E-011
         128   0.0000000000000000        0.0000000000000000     
  -3.0159322438635356E-010   2.4744741938672478E-011
  -2.0481562529564322E-009  -1.0856612432832011E-011
         129   0.0000000000000000        0.0000000000000000     
  -3.1054653156124078E-010   2.5008430620579037E-011
  -2.0236052469563293E-009  -6.0781558833658011E-012
         130   0.0000000000000000        0.0000000000000000     
  -3.1951860063399425E-010   2.4960091400311464E-011
  -2.0016026809391827E-009  -1.5278651107465894E-012
         131   0.0000000000000000        0.0000000000000000     
  -3.2837578460119984E-010   2.4452935185353738E-011
  -1.9820009266438253E-009   2.8295395933808889E-012
         132   0.0000000000000000        0.0000000000000000     
  -3.3692873424687547E-010   2.3272856419093172E-011
  -1.9646712110249370E-009   7.0257523035958431E-012
         133   0.0000000000000000        0.0000000000000000     
  -3.4491046430393243E-010   2.1102785850577551E-011
  -1.9495015820420326E-009   1.1089600256498335E-011
         134   0.0000000000000000        0.0000000000000000     
  -3.5194568852509358E-010   1.7464518193640446E-011
  -1.9363952259531732E-009   1.5047710838743317E-011
         135   0.0000000000000000        0.0000000000000000     
  -3.5750875176636774E-010   1.1620982877815554E-011
  -1.9252690898360253E-009   1.8925184128172917E-011
         136   0.0000000000000000        0.0000000000000000     
  -3.6086886283411434E-010   2.4066573001952702E-012
  -1.9160527703794430E-009   2.2746357156024829E-011
         137   0.0000000000000000        0.0000000000000000     
  -3.6102886619429542E-010  -1.2077344572208713E-011
  -1.9086876221353106E-009   2.6535810005870686E-011
         138   0.0000000000000000        0.0000000000000000     
  -3.5669264439622208E-010  -3.5032403412046883E-011
  -1.9031259833580271E-009   3.0319902158331429E-011
