   262144.00000000000     
         256           1           3
   1.7567330116226543E-005  -3.8553127350719998        56.028443713300000     
   6.0401400154609997        12.000000000000000        600.00000000000000     
           0   0.0000000000000000        0.0000000000000000     
   0.0000000000000000        0.0000000000000000     
   0.0000000000000000        0.0000000000000000     
           1   2.9832844261131066E-009  -8.9111235109094924E-011
  -2.9283556099567903E-009   9.0102513967145467E-011
   0.0000000000000000        0.0000000000000000     
           2   2.9518811111599510E-009  -8.8296245765773857E-011
  -2.8980760526453757E-009   8.9966109599966671E-011
   0.0000000000000000        0.0000000000000000     
           3   2.9394849976584111E-009  -8.9933028667400463E-011
  -2.8877064129050886E-009   9.2322591305327952E-011
   0.0000000000000000        0.0000000000000000     
           4   2.9365470567880716E-009  -9.2343590865423207E-011
  -2.8876696359054736E-009   9.5500340387911682E-011
   0.0000000000000000        0.0000000000000000     
           5   2.9403332335687223E-009  -9.5227234202884343E-011
  -2.8952382449886622E-009   9.9206292515118756E-011
   0.0000000000000000        0.0000000000000000     
           6   2.9496915103943442E-009  -9.8512148539959157E-011
  -2.9092816280025347E-009   1.0337692643292941E-010
   0.0000000000000000        0.0000000000000000     
           7   2.9640741046729680E-009  -1.0218726122830979E-010
  -2.9292843736246714E-009   1.0801031700271183E-010
   0.0000000000000000        0.0000000000000000     
           8   2.9832288040253221E-009  -1.0626623370946245E-010
  -2.9550367493325380E-009   1.1313039106357687E-010
   0.0000000000000000        0.0000000000000000     
           9   3.0070754724074395E-009  -1.1077705173898535E-010
  -2.9865113765876622E-009   1.1877679284361549E-010
   0.0000000000000000        0.0000000000000000     
          10   3.0356499071689369E-009  -1.1575866834684451E-010
  -3.0238077940644644E-009   1.2500183650730716E-010
   0.0000000000000000        0.0000000000000000     
          11   3.0690768861100214E-009  -1.2126023484606517E-010
  -3.0671265916576450E-009   1.3187009807081860E-010
   0.0000000000000000        0.0000000000000000     
          12   3.1075576639892116E-009  -1.2734156854015791E-010
  -3.1167583893307616E-009   1.3945932385082317E-010
   0.0000000000000000        0.0000000000000000     
          13   3.1513656922977114E-009  -1.3407443001072108E-010
  -3.1730814146834133E-009   1.4786224276202337E-010
   0.0000000000000000        0.0000000000000000     
          14   3.2008476463258890E-009  -1.4154448032902948E-010
  -3.2365648633313268E-009   1.5718919058916168E-010
   0.0000000000000000        0.0000000000000000     
          15   3.2564285059529368E-009  -1.4985395262970382E-010
  -3.3077768707524807E-009   1.6757161749344275E-010
   0.0000000000000000        0.0000000000000000     
          16   3.3186202433234683E-009  -1.5912516386377405E-010
  -3.3873967827643390E-009   1.7916665782313297E-010
   0.0000000000000000        0.0000000000000000     
          17   3.3880341882949870E-009  -1.6950508058512016E-010
  -3.4762319721179674E-009   1.9216304742115784E-010
   0.0000000000000000        0.0000000000000000     
          18   3.4653975333642362E-009  -1.8117125446395417E-010
  -3.5752398985897014E-009   2.0678880181156889E-010
   0.0000000000000000        0.0000000000000000     
          19   3.5515748106332238E-009  -1.9433957792443788E-010
  -3.6855565608436074E-009   2.2332124113406990E-010
   0.0000000000000000        0.0000000000000000     
          20   3.6475955977396412E-009  -2.0927449942070497E-010
  -3.8085330231437943E-009   2.4210019164602225E-010
   0.0000000000000000        0.0000000000000000     
          21   3.7546902481930100E-009  -2.2630261251163457E-010
  -3.9457823931994069E-009   2.6354554894219566E-010
   0.0000000000000000        0.0000000000000000     
          22   3.8743361768106947E-009  -2.4583094047332357E-010
  -4.0992405824924400E-009   2.8818091616713062E-010
   0.0000000000000000        0.0000000000000000     
          23   4.0083182681014315E-009  -2.6837185522886998E-010
  -4.2712455344240000E-009   3.1666583065668823E-010
   0.0000000000000000        0.0000000000000000     
          24   4.1588084805120511E-009  -2.9457752155026979E-010
  -4.4646415745016486E-009   3.4984032790389980E-010
   0.0000000000000000        0.0000000000000000     
          25   4.3284719480536563E-009  -3.2528825701685431E-010
  -4.6829184553096948E-009   3.8878753827212409E-010
   0.0000000000000000        0.0000000000000000     
          26   4.5206102461629228E-009  -3.6160161198938908E-010
  -4.9303990787701118E-009   4.3492314648621746E-010
   0.0000000000000000        0.0000000000000000     
          27   4.7393576702077471E-009  -4.0497295348596865E-010
  -5.2124966707139294E-009   4.9012571409796035E-010
   0.0000000000000000        0.0000000000000000     
          28   4.9899545199820754E-009  -4.5736507366361794E-010
  -5.5360728631552215E-009   5.5693062085424548E-010
   0.0000000000000000        0.0000000000000000     
          29   5.2791344657983303E-009  -5.2147608687886464E-010
  -5.9099453002174546E-009   6.3882564973082790E-010
   0.0000000000000000        0.0000000000000000     
          30   5.6156845740312387E-009  -6.0109602964039638E-010
  -6.3456215998272495E-009   7.4071375212815650E-010
   0.0000000000000000        0.0000000000000000     
          31   6.0112727766774839E-009  -7.0168209471986983E-010
  -6.8583840373008156E-009   8.6965995467353826E-010
   0.0000000000000000        0.0000000000000000     
          32   6.4817000534797396E-009  -8.3131938906306312E-010
  -7.4689313989924281E-009   1.0361395635948752E-009
   0.0000000000000000        0.0000000000000000     
          33   7.0488449832703310E-009  -1.0023912184560357E-009
  -8.2059295855834379E-009   1.2562094710803393E-009
   0.0000000000000000        0.0000000000000000     
          34   7.7437669193758636E-009  -1.2346214573885911E-009
  -9.1100839679299467E-009   1.5554655784586537E-009
   0.0000000000000000        0.0000000000000000     
          35   8.6117922395290337E-009  -1.5609279545904451E-009
  -1.0240818953541383E-008   1.9766617114419103E-009
   0.0000000000000000        0.0000000000000000     
          36   9.7210253648065582E-009  -2.0394392946399022E-009
  -1.1687467650245583E-008   2.5953618191893562E-009
   0.0000000000000000        0.0000000000000000     
          37   1.1176559005351202E-008  -2.7801503858346671E-009
  -1.3587991905000239E-008   3.5546862256960517E-009
   0.0000000000000000        0.0000000000000000     
          38   1.3142132534393753E-008  -4.0097458050312186E-009
  -1.6157652488696373E-008   5.1498840706666808E-009
   0.0000000000000000        0.0000000000000000     
          39   1.5855892527314801E-008  -6.2466178422357430E-009
  -1.9710604327836068E-008   8.0569163777325035E-009
   0.0000000000000000        0.0000000000000000     
          40   1.9494131758639687E-008  -1.0818923889519372E-008
  -2.4484829084857477E-008   1.4010113209365242E-008
   0.0000000000000000        0.0000000000000000     
          41   2.2671327108332966E-008  -2.1239301550774557E-008
  -2.8690204280035673E-008   2.7606916435219303E-008
   0.0000000000000000        0.0000000000000000     
          42   1.3518292662832829E-008  -4.0466919385383366E-008
  -1.6835846125521604E-008   5.2781628166601709E-008
   0.0000000000000000        0.0000000000000000     
          43  -1.5359749278571824E-008  -3.8445370608027325E-008
   2.0911951232939586E-008   5.0305888991233158E-008
   0.0000000000000000        0.0000000000000000     
          44  -2.1946421519540038E-008  -1.9335243111021921E-008
   2.9632057614980167E-008   2.5375354702991793E-008
   0.0000000000000000        0.0000000000000000     
          45  -1.8264440415728990E-008  -9.7414696320116467E-009
   2.4880553670214951E-008   1.2820008260543388E-008
   0.0000000000000000        0.0000000000000000     
          46  -1.4588031011882044E-008  -5.5626146457768711E-009
   2.0104695620018379E-008   7.3399168317869014E-009
   0.0000000000000000        0.0000000000000000     
          47  -1.1899945326445685E-008  -3.5178381574896822E-009
   1.6607055369279672E-008   4.6541593958265688E-009
   0.0000000000000000        0.0000000000000000     
          48  -9.9652827383908793E-009  -2.3938205817854218E-009
   1.4087349781044881E-008   3.1762378050081000E-009
   0.0000000000000000        0.0000000000000000     
          49  -8.5389688958517848E-009  -1.7166128380235414E-009
   1.2227662459420223E-008   2.2856903551349159E-009
   0.0000000000000000        0.0000000000000000     
          50  -7.4582740290204764E-009  -1.2781907839872040E-009
   1.0815987196734364E-008   1.7100656853432911E-009
   0.0000000000000000        0.0000000000000000     
          51  -6.6202719535451097E-009  -9.7706821233601978E-010
   9.7176152419268284E-009   1.3166003662667107E-009
   0.0000000000000000        0.0000000000000000     
          52  -5.9592653245045548E-009  -7.5900134988019528E-010
   8.8458621124756515E-009   1.0347176924329718E-009
   0.0000000000000000        0.0000000000000000     
          53  -5.4327358483047429E-009  -5.9233761315258719E-010
   8.1436594861753460E-009   8.2393143188341563E-010
   0.0000000000000000        0.0000000000000000     
          54  -5.0133033022699365E-009  -4.5649036311482619E-010
   7.5727913548203337E-009   6.5913020667886879E-010
   0.0000000000000000        0.0000000000000000     
          55  -4.6843922386462919E-009  -3.3548138210724836E-010
   7.1077143669226527E-009   5.2296102416554706E-010
   0.0000000000000000        0.0000000000000000     
          56  -4.4383109195262506E-009  -2.1258999497587372E-010
   6.7321512197803672E-009   4.0083637882736947E-010
   0.0000000000000000        0.0000000000000000     
          57  -4.2758062573115677E-009  -6.2102238524920141E-011
   6.4373176470767465E-009   2.7545552662980199E-010
   0.0000000000000000        0.0000000000000000     
          58  -4.2032467445566633E-009   1.7128887833450320E-010
   6.2193940428858878E-009   1.1551659600517916E-010
   0.0000000000000000        0.0000000000000000     
          59  -4.1950470603995155E-009   6.3274962757678682E-010
   6.0592367111320346E-009  -1.5548164903884027E-010
   0.0000000000000000        0.0000000000000000     
          60  -3.8841758016502460E-009   1.6122653825346811E-009
   5.7625516319047006E-009  -6.8603560017491270E-010
   0.0000000000000000        0.0000000000000000     
          61  -2.2315713713638683E-009   2.2040068544991606E-009
   4.7971213105004860E-009  -1.0058437383288344E-009
   0.0000000000000000        0.0000000000000000     
          62  -1.2342977498120291E-009   1.1615926309524071E-009
   4.1939374230942823E-009  -4.8617131275656836E-010
   0.0000000000000000        0.0000000000000000     
          63  -1.2313491015344941E-009   4.8872110934035006E-010
   4.1141271680483089E-009  -1.5950853333412250E-010
   0.0000000000000000        0.0000000000000000     
          64  -1.3181343944257273E-009   2.1194795291192830E-010
   4.0909715698024285E-009  -3.4983029701846764E-011
   0.0000000000000000        0.0000000000000000     
          65  -1.3620790236944728E-009   8.9253884385349593E-011
   4.0564003269709967E-009   1.2140190552502050E-011
   0.0000000000000000        0.0000000000000000     
          66  -1.3696651527920222E-009   2.9088305681072881E-011
   4.0132414857492275E-009   2.8552006888505763E-011
   0.0000000000000000        0.0000000000000000     
          67  -1.3548190486279696E-009  -2.5571323880695916E-012
   3.9680406108647833E-009   3.1378737648615447E-011
   0.0000000000000000        0.0000000000000000     
          68  -1.3269103799572589E-009  -1.9854439836364665E-011
   3.9250682331804236E-009   2.7616323346490159E-011
   0.0000000000000000        0.0000000000000000     
          69  -1.2916216500346647E-009  -2.9381333930814524E-011
   3.8868099564616538E-009   2.0407086151721088E-011
   0.0000000000000000        0.0000000000000000     
          70  -1.2523772205310276E-009  -3.4466802306244642E-011
   3.8547070620132686E-009   1.1256638368504095E-011
   0.0000000000000000        0.0000000000000000     
          71  -1.2112642722407616E-009  -3.6913906753120707E-011
   3.8296268313406628E-009   9.0697766534896442E-013
   0.0000000000000000        0.0000000000000000     
          72  -1.1695688166271233E-009  -3.7752494864828747E-011
   3.8121341855433581E-009  -1.0285959770526075E-011
   0.0000000000000000        0.0000000000000000     
          73  -1.1280863080206512E-009  -3.7595784691989348E-011
   3.8026492994779118E-009  -2.2176591114658924E-011
   0.0000000000000000        0.0000000000000000     
          74  -1.0873051167417432E-009  -3.6820976558324718E-011
   3.8015426466656727E-009  -3.4743594775841972E-011
   0.0000000000000000        0.0000000000000000     
          75  -1.0475175814315021E-009  -3.5665959114638720E-011
   3.8091960772486976E-009  -4.8046785619794313E-011
   0.0000000000000000        0.0000000000000000     
          76  -1.0088888514369822E-009  -3.4283552609491599E-011
   3.8260458876342979E-009  -6.2206216111497999E-011
   0.0000000000000000        0.0000000000000000     
          77  -9.7150047865723655E-010  -3.2773150488487106E-011
   3.8526171631369560E-009  -7.7393845233692307E-011
   0.0000000000000000        0.0000000000000000     
          78  -9.3537851026301729E-010  -3.1199801640651883E-011
   3.8895552146202669E-009  -9.3833238950212454E-011
   0.0000000000000000        0.0000000000000000     
          79  -9.0051183137472900E-010  -2.9606051077607833E-011
   3.9376582244577427E-009  -1.1180535693170293E-010
   0.0000000000000000        0.0000000000000000     
          80  -8.6686422745158078E-010  -2.8019470465564618E-011
   3.9979145334686843E-009  -1.3165997968746196E-010
   0.0000000000000000        0.0000000000000000     
          81  -8.3438230284979507E-010  -2.6457552604574206E-011
   4.0715479980883085E-009  -1.5383340651054527E-010
   0.0000000000000000        0.0000000000000000     
          82  -8.0300059017423790E-010  -2.4930956733513605E-011
   4.1600754068267933E-009  -1.7887407702713896E-010
   0.0000000000000000        0.0000000000000000     
          83  -7.7264468777768440E-010  -2.3445703947132589E-011
   4.2653810988686092E-009  -2.0747901613488932E-010
   0.0000000000000000        0.0000000000000000     
          84  -7.4323294213511321E-010  -2.2004697818884168E-011
   4.3898158440751368E-009  -2.4054578224090650E-010
   0.0000000000000000        0.0000000000000000     
          85  -7.1467697267934347E-010  -2.0608813583731920E-011
   4.5363300605547967E-009  -2.7924736402124711E-010
   0.0000000000000000        0.0000000000000000     
          86  -6.8688117181520334E-010  -1.9257722100551730E-011
   4.7086561542817133E-009  -3.2514198301788322E-010
   0.0000000000000000        0.0000000000000000     
          87  -6.5974116859693209E-010  -1.7950571992145704E-011
   4.9115621702759957E-009  -3.8033739190282840E-010
   0.0000000000000000        0.0000000000000000     
          88  -6.3314109101259960E-010  -1.6686634395376485E-011
   5.1512107610273833E-009  -4.4774260164384765E-010
   0.0000000000000000        0.0000000000000000     
          89  -6.0694926321902967E-010  -1.5466015104285574E-011
   5.4356766548974289E-009  -5.3146410571020159E-010
   0.0000000000000000        0.0000000000000000     
          90  -5.8101167538431045E-010  -1.4290557490292373E-011
   5.7757074583560108E-009  -6.3744897363264386E-010
   0.0000000000000000        0.0000000000000000     
          91  -5.5514206445213905E-010  -1.3165095656308533E-011
   6.1858655706613944E-009  -7.7456581757201359E-010
   0.0000000000000000        0.0000000000000000     
          92  -5.2910653771201578E-010  -1.2099261203207137E-011
   6.6862778970830331E-009  -9.5649629456011000E-010
   0.0000000000000000        0.0000000000000000     
          93  -5.0259888858016538E-010  -1.1110049408161476E-011
   7.3053662161162403E-009  -1.2052022748057139E-009
   0.0000000000000000        0.0000000000000000     
          94  -4.7519890410641576E-010  -1.0225120176691395E-011
   8.0841492171399063E-009  -1.5576337745128581E-009
   0.0000000000000000        0.0000000000000000     
          95  -4.4629659430164804E-010  -9.4856973327066183E-012
   9.0829106183996821E-009  -2.0795488231932712E-009
   0.0000000000000000        0.0000000000000000     
          96  -4.1493873923110681E-010  -8.9440847502918262E-012
   1.0390490303223625E-008  -2.8961275322893931E-009
   0.0000000000000000        0.0000000000000000     
          97  -3.7946414444855690E-010  -8.6420660052251617E-012
   1.2130788888192927E-008  -4.2654432177193969E-009
   0.0000000000000000        0.0000000000000000     
          98  -3.3642574323133303E-010  -8.5826631088093542E-012
   1.4424165766733602E-008  -6.7680856573061561E-009
   0.0000000000000000        0.0000000000000000     
          99  -2.7659613850190640E-010  -9.4875023602635135E-012
   1.7032206624196862E-008  -1.1789558985038271E-008
   0.0000000000000000        0.0000000000000000     
         100  -1.7054685019058854E-010  -2.5864649275488480E-011
   1.7177688210544819E-008  -2.2024274831111941E-008
   0.0000000000000000        0.0000000000000000     
         101   3.8024521963286124E-012  -1.8509037231559682E-010
   4.4859218610314150E-009  -3.4000601170410763E-008
   0.0000000000000000        0.0000000000000000     
         102  -1.1933870562400827E-010  -5.6361390701109280E-010
  -1.3649051744931695E-008  -2.6980367662779579E-008
   0.0000000000000000        0.0000000000000000     
         103  -4.9994568139732602E-010  -5.4377279857885722E-010
  -1.6470197226889459E-008  -1.4523718026618304E-008
   0.0000000000000000        0.0000000000000000     
         104  -6.0515835518392539E-010  -3.3599621071608421E-010
  -1.4031724932101438E-008  -8.0141966246088677E-009
   0.0000000000000000        0.0000000000000000     
         105  -5.8199009050491452E-010  -2.0981621670982526E-010
  -1.1514658516053021E-008  -4.8732169945983449E-009
   0.0000000000000000        0.0000000000000000     
         106  -5.4007023526761349E-010  -1.4419380278028046E-010
  -9.5707362399652466E-009  -3.2168697397973643E-009
   0.0000000000000000        0.0000000000000000     
         107  -5.0139919228822730E-010  -1.0778185434145106E-010
  -8.1146594439559335E-009  -2.2591371140457378E-009
   0.0000000000000000        0.0000000000000000     
         108  -4.6830050185564154E-010  -8.5782567989130804E-011
  -7.0094616595756711E-009  -1.6620877761667843E-009
   0.0000000000000000        0.0000000000000000     
         109  -4.3986366404494017E-010  -7.1487409405628913E-011
  -6.1524625896938611E-009  -1.2670595070374533E-009
   0.0000000000000000        0.0000000000000000     
         110  -4.1495852069089377E-010  -6.1645460103560626E-011
  -5.4737582942019087E-009  -9.9300370027467724E-010
   0.0000000000000000        0.0000000000000000     
         111  -3.9269842537069558E-010  -5.4555807522220420E-011
  -4.9260756134839976E-009  -7.9543419355270874E-010
   0.0000000000000000        0.0000000000000000     
         112  -3.7244113737674488E-010  -4.9265100289984407E-011
  -4.4769284856492689E-009  -6.4842642959359647E-010
   0.0000000000000000        0.0000000000000000     
         113  -3.5372546140325294E-010  -4.5206785330269958E-011
  -4.1034984793405451E-009  -5.3609865508501353E-010
   0.0000000000000000        0.0000000000000000     
         114  -3.3621586810969849E-010  -4.2027236933500628E-011
  -3.7893950999473386E-009  -4.4830368960137793E-010
   0.0000000000000000        0.0000000000000000     
         115  -3.1966315044198011E-010  -3.9496485560298852E-011
  -3.5225945760022606E-009  -3.7832230984245714E-010
   0.0000000000000000        0.0000000000000000     
         116  -3.0387781746785916E-010  -3.7459770067198106E-011
  -3.2941057799366323E-009  -3.2156633090769661E-010
   0.0000000000000000        0.0000000000000000     
         117  -2.8871221288621612E-010  -3.5809950993332990E-011
  -3.0970887118755575E-009  -2.7481791497947838E-010
   0.0000000000000000        0.0000000000000000     
         118  -2.7404838019360821E-010  -3.4471137077565846E-011
  -2.9262595797929852E-009  -2.3576669105035264E-010
   0.0000000000000000        0.0000000000000000     
         119  -2.5978969065290100E-010  -3.3388614147606078E-011
  -2.7774810617275464E-009  -2.0271887210117845E-010
   0.0000000000000000        0.0000000000000000     
         120  -2.4585495043023097E-010  -3.2522459585801748E-011
  -2.6474747002523439E-009  -1.7440918439297845E-010
   0.0000000000000000        0.0000000000000000     
         121  -2.3217415775951925E-010  -3.1843390739125894E-011
  -2.5336154626013199E-009  -1.4987615200492294E-010
   0.0000000000000000        0.0000000000000000     
         122  -2.1868536897627884E-010  -3.1330013284206668E-011
  -2.4337826294713280E-009  -1.2837749311260236E-010
   0.0000000000000000        0.0000000000000000     
         123  -2.0533231409473693E-010  -3.0966975938482646E-011
  -2.3462499890426580E-009  -1.0933153284303382E-010
   0.0000000000000000        0.0000000000000000     
         124  -1.9206251780363534E-010  -3.0743732429555769E-011
  -2.2696039160750468E-009  -9.2275859169758216E-011
   0.0000000000000000        0.0000000000000000     
         125  -1.7882575495413940E-010  -3.0653726880767303E-011
  -2.2026815450723575E-009  -7.6837629910882474E-011
   0.0000000000000000        0.0000000000000000     
         126  -1.6557271585331463E-010  -3.0693889828422885E-011
  -2.1445236392937702E-009  -6.2711888627160301E-011
   0.0000000000000000        0.0000000000000000     
         127  -1.5225378507065981E-010  -3.0864378211175402E-011
  -2.0943383620872403E-009  -4.9645468940968921E-011
   0.0000000000000000        0.0000000000000000     
         128  -1.3881785342615961E-010  -3.1168524974414265E-011
  -2.0514732508862338E-009  -3.7424847744350499E-011
   0.0000000000000000        0.0000000000000000     
         129  -1.2521108935372916E-010  -3.1612989326331942E-011
  -2.0153934517834310E-009  -2.5866815745870235E-011
   0.0000000000000000        0.0000000000000000     
         130  -1.1137559427631792E-010  -3.2208122084413749E-011
  -1.9856648056606879E-009  -1.4811169021497905E-011
   0.0000000000000000        0.0000000000000000     
         131  -9.7247857019436467E-011  -3.2968586272426501E-011
  -1.9619407582473573E-009  -4.1148486152214642E-012
   0.0000000000000000        0.0000000000000000     
         132  -8.2756903391130152E-011  -3.3914306023701988E-011
  -1.9439523445758595E-009   6.3528956864146373E-012
   0.0000000000000000        0.0000000000000000     
         133  -6.7822006176552447E-011  -3.5071863645156046E-011
  -1.9315007058224776E-009   1.6714643393583364E-011
   0.0000000000000000        0.0000000000000000     
         134  -5.2349773335602378E-011  -3.6476535988301052E-011
  -1.9244517563498293E-009   2.7088508659848300E-011
   0.0000000000000000        0.0000000000000000     
         135  -3.6230360803226601E-011  -3.8175274990947785E-011
  -1.9227327474097051E-009   3.7591648216373185E-011
   0.0000000000000000        0.0000000000000000     
         136  -1.9332449858665948E-011  -4.0231125163647567E-011
  -1.9263305841124604E-009   4.8343805842348543E-011
   0.0000000000000000        0.0000000000000000     
         137  -1.4964706846306926E-012  -4.2729891295697112E-011
  -1.9352918556041987E-009   5.9471160143332655E-011
   0.0000000000000000        0.0000000000000000     
         138   1.7474676906948053E-011  -4.5790433457280172E-011
  -1.9497246408500618E-009   7.1110824180254092E-011
   0.0000000000000000        0.0000000000000000     
