   262144.00000000000     
         256           1           3
   1.7567330116226543E-005   51.164887766128999        59.692950296100001     
   6.0401400154609997        12.000000000000000        600.00000000000000     
           0   0.0000000000000000        0.0000000000000000     
   0.0000000000000000        0.0000000000000000     
   0.0000000000000000        0.0000000000000000     
           1   2.1400067833881434E-009  -6.3402774453108609E-011
  -3.5768437113994138E-009   1.1005671679780823E-010
   0.0000000000000000        0.0000000000000000     
           2   2.1177936200476270E-009  -6.2878881540087768E-011
  -3.5398602682353822E-009   1.0989109951819580E-010
   0.0000000000000000        0.0000000000000000     
           3   2.1091642963126810E-009  -6.4101790174850449E-011
  -3.5271968536208067E-009   1.1277056520270416E-010
   0.0000000000000000        0.0000000000000000     
           4   2.1073305772642851E-009  -6.5877932870649876E-011
  -3.5271555939476980E-009   1.1665334238362598E-010
   0.0000000000000000        0.0000000000000000     
           5   2.1103494697842355E-009  -6.7993663383852792E-011
  -3.5364050867089817E-009   1.2118150134613491E-010
   0.0000000000000000        0.0000000000000000     
           6   2.1174029253303828E-009  -7.0398182085801023E-011
  -3.5535644522228693E-009   1.2627748645639666E-010
   0.0000000000000000        0.0000000000000000     
           7   2.1281027473924113E-009  -7.3083910674748095E-011
  -3.5780042811866463E-009   1.3193898089098443E-010
   0.0000000000000000        0.0000000000000000     
           8   2.1422711750411488E-009  -7.6060884816407373E-011
  -3.6094685690507879E-009   1.3819524773527555E-010
   0.0000000000000000        0.0000000000000000     
           9   2.1598531023569146E-009  -7.9349353945138401E-011
  -3.6479240819589373E-009   1.4509475172112977E-010
   0.0000000000000000        0.0000000000000000     
          10   2.1808761840322776E-009  -8.2977398713957350E-011
  -3.6934926501840881E-009   1.5270143847500760E-010
   0.0000000000000000        0.0000000000000000     
          11   2.2054316780695610E-009  -8.6980385994047269E-011
  -3.7464195576163133E-009   1.6109423299113631E-010
   0.0000000000000000        0.0000000000000000     
          12   2.2336655996963408E-009  -9.1401310802291170E-011
  -3.8070601095880820E-009   1.7036815532915355E-010
   0.0000000000000000        0.0000000000000000     
          13   2.2657756929434995E-009  -9.6291707904490419E-011
  -3.8758766605233014E-009   1.8063653154245404E-010
   0.0000000000000000        0.0000000000000000     
          14   2.3020121964983338E-009  -1.0171305105923973E-010
  -3.9534427265699698E-009   1.9203420081633620E-010
   0.0000000000000000        0.0000000000000000     
          15   2.3426814943592578E-009  -1.0773866067530456E-010
  -4.0404527275818028E-009   2.0472180071968035E-010
   0.0000000000000000        0.0000000000000000     
          16   2.3881523375317563E-009  -1.1445621023568836E-010
  -4.1377369804424999E-009   2.1889135016269340E-010
   0.0000000000000000        0.0000000000000000     
          17   2.4388646882309063E-009  -1.2197098386260563E-010
  -4.2462822461319350E-009   2.3477347843983200E-010
   0.0000000000000000        0.0000000000000000     
          18   2.4953415161761801E-009  -1.3041010989263466E-010
  -4.3672586824817110E-009   2.5264680531935705E-010
   0.0000000000000000        0.0000000000000000     
          19   2.5582041405588084E-009  -1.3992809122321370E-010
  -4.5020546053384611E-009   2.7285018783312332E-010
   0.0000000000000000        0.0000000000000000     
          20   2.6281920133976976E-009  -1.5071408781523969E-010
  -4.6523211141254315E-009   2.9579884740275167E-010
   0.0000000000000000        0.0000000000000000     
          21   2.7061882234246920E-009  -1.6300160223474035E-010
  -4.8200294845474015E-009   3.2200582496931136E-010
   0.0000000000000000        0.0000000000000000     
          22   2.7932525231200886E-009  -1.7708150922312332E-010
  -5.0075453978008881E-009   3.5211085688682045E-010
   0.0000000000000000        0.0000000000000000     
          23   2.8906644198982707E-009  -1.9331980946080402E-010
  -5.2177257295388242E-009   3.8691974171708780E-010
   0.0000000000000000        0.0000000000000000     
          24   2.9999799438656193E-009  -2.1218216536271181E-010
  -5.4540460268126900E-009   4.2745877713959118E-010
   0.0000000000000000        0.0000000000000000     
          25   3.1231072909496175E-009  -2.3426834393178369E-010
  -5.7207703661365327E-009   4.7505122380950771E-010
   0.0000000000000000        0.0000000000000000     
          26   3.2624089355810001E-009  -2.6036140947322036E-010
  -6.0231806722474214E-009   5.3142658180678069E-010
   0.0000000000000000        0.0000000000000000     
          27   3.4208414950250947E-009  -2.9149934100821714E-010
  -6.3678908740057768E-009   5.9887978047518937E-010
   0.0000000000000000        0.0000000000000000     
          28   3.6021504242366961E-009  -3.2908154324535525E-010
  -6.7632843196189386E-009   6.8050807721699063E-010
   0.0000000000000000        0.0000000000000000     
          29   3.8111459303950423E-009  -3.7503107646943329E-010
  -7.2201338343934750E-009   7.8057211103280346E-010
   0.0000000000000000        0.0000000000000000     
          30   4.0541017982635019E-009  -4.3204848100675095E-010
  -7.7524982691977318E-009   9.0506116095366208E-010
   0.0000000000000000        0.0000000000000000     
          31   4.3393445830884419E-009  -5.0402119126407550E-010
  -8.3790474486881424E-009   1.0626054727331766E-009
   0.0000000000000000        0.0000000000000000     
          32   4.6781450917601335E-009  -5.9670729551863185E-010
  -9.1250676880850430E-009   1.2660009000980551E-009
   0.0000000000000000        0.0000000000000000     
          33   5.0861026242944994E-009  -7.1892419365022044E-010
  -1.0025577318904150E-008   1.5348610752398470E-009
   0.0000000000000000        0.0000000000000000     
          34   5.5853537665184729E-009  -8.8471360711779947E-010
  -1.1130300980816113E-008   1.9004512406319669E-009
   0.0000000000000000        0.0000000000000000     
          35   6.2081924074552988E-009  -1.1175068417180444E-009
  -1.2511828518949235E-008   2.4149944236612176E-009
   0.0000000000000000        0.0000000000000000     
          36   7.0031268666413327E-009  -1.4586756693533657E-009
  -1.4279282776619000E-008   3.1707898873412162E-009
   0.0000000000000000        0.0000000000000000     
          37   8.0449925852951403E-009  -1.9864995856480830E-009
  -1.6601185414818729E-008   4.3426540503022602E-009
   0.0000000000000000        0.0000000000000000     
          38   9.4503648957772338E-009  -2.8622915188216144E-009
  -1.9740476402768497E-008   6.2912216881541725E-009
   0.0000000000000000        0.0000000000000000     
          39   1.1388775643131918E-008  -4.4549329003870909E-009
  -2.4080891867953305E-008   9.8421491209877651E-009
   0.0000000000000000        0.0000000000000000     
          40   1.3985759306319564E-008  -7.7094990642466913E-009
  -2.9913128202310027E-008   1.7113839534166944E-008
   0.0000000000000000        0.0000000000000000     
          41   1.6255556753712615E-008  -1.5125440869100478E-008
  -3.5050654245835646E-008   3.3721848458188504E-008
   0.0000000000000000        0.0000000000000000     
          42   9.7527688422391430E-009  -2.8808395447534797E-008
  -2.0572130613901841E-008   6.4471739774009366E-008
   0.0000000000000000        0.0000000000000000     
          43  -1.0784203427115814E-008  -2.7371737146231646E-008
   2.5533810772031546E-008   6.1447993237806945E-008
   0.0000000000000000        0.0000000000000000     
          44  -1.5458352974085333E-008  -1.3775999376370691E-008
   3.6183658577250874E-008   3.0996858588834757E-008
   0.0000000000000000        0.0000000000000000     
          45  -1.2824206863496655E-008  -6.9520366314031882E-009
   3.0378369522807321E-008   1.5661473836732652E-008
   0.0000000000000000        0.0000000000000000     
          46  -1.0192085582080176E-008  -3.9815772310635252E-009
   2.4543064358794217E-008   8.9682465523982659E-009
   0.0000000000000000        0.0000000000000000     
          47  -8.2608625859104022E-009  -2.5302855835554523E-009
   2.0268711137532572E-008   5.6882637635424272E-009
   0.0000000000000000        0.0000000000000000     
          48  -6.8628687708859046E-009  -1.7350322581202226E-009
   1.7188450628427871E-008   3.8837277930437009E-009
   0.0000000000000000        0.0000000000000000     
          49  -5.8230280192670350E-009  -1.2588778805806493E-009
   1.4913860270589475E-008   2.7968212408849034E-009
   0.0000000000000000        0.0000000000000000     
          50  -5.0246171738005578E-009  -9.5424293594129923E-010
   1.3185845739688952E-008   2.0948260101285278E-009
   0.0000000000000000        0.0000000000000000     
          51  -4.3931164823029795E-009  -7.4958263765683822E-010
   1.1839675341632623E-008   1.6156809570824888E-009
   0.0000000000000000        0.0000000000000000     
          52  -3.8799711387002783E-009  -6.0735120724934259E-010
   1.0769197974389599E-008   1.2733418277234016E-009
   0.0000000000000000        0.0000000000000000     
          53  -3.4523072864453710E-009  -5.0675665039357593E-010
   9.9043156697066610E-009   1.0186223782862367E-009
   0.0000000000000000        0.0000000000000000     
          54  -3.0867289102821046E-009  -4.3615477484479539E-010
   9.1977642455566182E-009   8.2131067749513101E-010
   0.0000000000000000        0.0000000000000000     
          55  -2.7654134032952499E-009  -3.8974417721091355E-010
   8.6174431482583383E-009   6.6106230427626258E-010
   0.0000000000000000        0.0000000000000000     
          56  -2.4733857881366987E-009  -3.6681553049083706E-010
   8.1420540247941152E-009   5.2176610803608276E-010
   0.0000000000000000        0.0000000000000000     
          57  -2.1964432294051149E-009  -3.7392310956360229E-010
   7.7586823415856300E-009   3.8607095930208489E-010
   0.0000000000000000        0.0000000000000000     
          58  -1.9210492725770762E-009  -4.3384502178591825E-010
   7.4600347973453324E-009   2.2516566433004717E-010
   0.0000000000000000        0.0000000000000000     
          59  -1.6516339410423268E-009  -6.1426167158157740E-010
   7.2264322849015659E-009  -2.8581422241728302E-011
   0.0000000000000000        0.0000000000000000     
          60  -1.5604629705151964E-009  -1.0540945143821345E-009
   6.8866479795116496E-009  -5.0506329504944328E-010
   0.0000000000000000        0.0000000000000000     
          61  -2.1479689842161189E-009  -1.3112016601554325E-009
   5.9762621418188703E-009  -7.9614581362070947E-010
   0.0000000000000000        0.0000000000000000     
          62  -2.4388654832443901E-009  -7.7819398333266718E-010
   5.3898608620447805E-009  -3.5584596494351389E-010
   0.0000000000000000        0.0000000000000000     
          63  -2.2650648247529240E-009  -4.2872692765549061E-010
   5.2663020735830352E-009  -8.1885387821965556E-011
   0.0000000000000000        0.0000000000000000     
          64  -2.0639124590269775E-009  -2.7502232615821986E-010
   5.1989952262313060E-009   1.7522632897214785E-011
   0.0000000000000000        0.0000000000000000     
          65  -1.8977179207613434E-009  -1.9882427539039330E-010
   5.1280061241733252E-009   5.0565726015674033E-011
   0.0000000000000000        0.0000000000000000     
          66  -1.7615172229642182E-009  -1.5517493678174306E-010
   5.0551653438683998E-009   5.7644172114160229E-011
   0.0000000000000000        0.0000000000000000     
          67  -1.6470139931998883E-009  -1.2719014163692762E-010
   4.9856529470896983E-009   5.3494909544928898E-011
   0.0000000000000000        0.0000000000000000     
          68  -1.5483606009356401E-009  -1.0770026383931543E-010
   4.9227699822551130E-009   4.4074242244886932E-011
   0.0000000000000000        0.0000000000000000     
          69  -1.4616918203983466E-009  -9.3281266170093053E-011
   4.8683491504322141E-009   3.2007021711004544E-011
   0.0000000000000000        0.0000000000000000     
          70  -1.3843955373335348E-009  -8.2130093537863117E-011
   4.8233869811892599E-009   1.8508651570767198E-011
   0.0000000000000000        0.0000000000000000     
          71  -1.3146375553305086E-009  -7.3218389763375365E-011
   4.7884441002433563E-009   4.1400787918503952E-012
   0.0000000000000000        0.0000000000000000     
          72  -1.2510789800555377E-009  -6.5920014677607357E-011
   4.7638752621680274E-009  -1.0867278175417310E-011
   0.0000000000000000        0.0000000000000000     
          73  -1.1927073543860825E-009  -5.9832699110308285E-011
   4.7499623518254974E-009  -2.6461638795304539E-011
   0.0000000000000000        0.0000000000000000     
          74  -1.1387328260741399E-009  -5.4686402753220124E-011
   4.7469948432177975E-009  -4.2698658651682477E-011
   0.0000000000000000        0.0000000000000000     
          75  -1.0885220234159610E-009  -5.0293338466043447E-011
   4.7553224608334650E-009  -5.9706545056068753E-011
   0.0000000000000000        0.0000000000000000     
          76  -1.0415543910841866E-009  -4.6519320890795506E-011
   4.7753939084309610E-009  -7.7670633250701304E-011
   0.0000000000000000        0.0000000000000000     
          77  -9.9739229684756724E-010  -4.3266647255700442E-011
   4.8077898363060886E-009  -9.6829215196584923E-011
   0.0000000000000000        0.0000000000000000     
          78  -9.5565980647264396E-010  -4.0463534607623419E-011
   4.8532553320988495E-009  -1.1747690118930448E-010
   0.0000000000000000        0.0000000000000000     
          79  -9.1602702578398418E-010  -3.8057468703869278E-011
   4.9127358843033678E-009  -1.3997410974893279E-010
   0.0000000000000000        0.0000000000000000     
          80  -8.7819805106714150E-010  -3.6011009732056375E-011
   4.9874203621609036E-009  -1.6476268526168342E-010
   0.0000000000000000        0.0000000000000000     
          81  -8.4190123136235898E-010  -3.4299240547345833E-011
   5.0787948085394068E-009  -1.9238873484221571E-010
   0.0000000000000000        0.0000000000000000     
          82  -8.0688082990359219E-010  -3.2908409980073839E-011
   5.1887116856865478E-009  -2.2353490709388570E-010
   0.0000000000000000        0.0000000000000000     
          83  -7.7288938418997455E-010  -3.1835553639084680E-011
   5.3194807293594273E-009  -2.5906579866237437E-010
   0.0000000000000000        0.0000000000000000     
          84  -7.3968016042509335E-010  -3.1089041308126376E-011
   5.4739899861967726E-009  -3.0009232421563122E-010
   0.0000000000000000        0.0000000000000000     
          85  -7.0699910301614553E-010  -3.0690150079493158E-011
   5.6558693617482130E-009  -3.4806426483589477E-010
   0.0000000000000000        0.0000000000000000     
          86  -6.7457559620365283E-010  -3.0675934544418765E-011
   5.8697148272799450E-009  -4.0490574867585707E-010
   0.0000000000000000        0.0000000000000000     
          87  -6.4211116528670368E-010  -3.1103905237440799E-011
   6.1214005636287983E-009  -4.7321780183384026E-010
   0.0000000000000000        0.0000000000000000     
          88  -6.0926490688041289E-010  -3.2059403912553389E-011
   6.4185208711385879E-009  -5.5658852025647786E-010
   0.0000000000000000        0.0000000000000000     
          89  -5.7563387118668704E-010  -3.3667202606143379E-011
   6.7710272744955512E-009  -6.6008110040203480E-010
   0.0000000000000000        0.0000000000000000     
          90  -5.4072568165782809E-010  -3.6109988435284654E-011
   7.1921651862932712E-009  -7.9102568277940037E-010
   0.0000000000000000        0.0000000000000000     
          91  -5.0391911753776317E-010  -3.9658501050792472E-011
   7.6998796029123978E-009  -9.6034993615457220E-010
   0.0000000000000000        0.0000000000000000     
          92  -4.6440576201096653E-010  -4.4722160264077205E-011
   8.3189686160359531E-009  -1.1849065955851432E-009
   0.0000000000000000        0.0000000000000000     
          93  -4.2110137393505154E-010  -5.1937253862907165E-011
   9.0844432062395519E-009  -1.4917384045628732E-009
   0.0000000000000000        0.0000000000000000     
          94  -3.7250814522105337E-010  -6.2327253078981897E-011
   1.0046819986008372E-008  -1.9263263206834055E-009
   0.0000000000000000        0.0000000000000000     
          95  -3.1649686983629409E-010  -7.7609150218155423E-011
   1.1280324050998838E-008  -2.5695754273238588E-009
   0.0000000000000000        0.0000000000000000     
          96  -2.4996127384834691E-010  -1.0081391484196322E-010
   1.2894322221015412E-008  -3.5754247891414739E-009
   0.0000000000000000        0.0000000000000000     
          97  -1.6828855781769007E-010  -1.3763230713931240E-010
   1.5041366988875172E-008  -5.2610627708928775E-009
   0.0000000000000000        0.0000000000000000     
          98  -6.4678440092727600E-011  -1.9958869220641651E-010
   1.7870027513569829E-008  -8.3396571611888714E-009
   0.0000000000000000        0.0000000000000000     
          99   6.9928941158626630E-011  -3.1245279477031685E-010
   2.1090052386296624E-008  -1.4512337195944930E-008
   0.0000000000000000        0.0000000000000000     
         100   2.3874872432875264E-010  -5.4325704180900294E-010
   2.1303219875940805E-008  -2.7090044248376514E-008
   0.0000000000000000        0.0000000000000000     
         101   3.2738740337561623E-010  -1.0725796484773031E-009
   5.7922910251630369E-009  -4.1864197526436294E-008
   0.0000000000000000        0.0000000000000000     
         102  -2.9045627948900124E-010  -1.7539316312044126E-009
  -1.6539686886583983E-008  -3.3435374755928838E-008
   0.0000000000000000        0.0000000000000000     
         103  -1.2213772264230407E-009  -1.4555480871923848E-009
  -2.0214195537116804E-008  -1.8123812913447123E-008
   0.0000000000000000        0.0000000000000000     
         104  -1.4160638427347568E-009  -8.4033178902532279E-010
  -1.7276319558051770E-008  -1.0010563874636819E-008
   0.0000000000000000        0.0000000000000000     
         105  -1.3157168794626168E-009  -4.8895846553515145E-010
  -1.4170442561426814E-008  -6.0828930570203931E-009
   0.0000000000000000        0.0000000000000000     
         106  -1.1895394408921453E-009  -3.1017416494681629E-010
  -1.1759601468832721E-008  -4.0137763577547333E-009
   0.0000000000000000        0.0000000000000000     
         107  -1.0847831915952372E-009  -2.1283776303204127E-010
  -9.9508735706426540E-009  -2.8192332192374270E-009
   0.0000000000000000        0.0000000000000000     
         108  -1.0023717775634926E-009  -1.5520898389556197E-010
  -8.5768123675655858E-009  -2.0756080533418091E-009
   0.0000000000000000        0.0000000000000000     
         109  -9.3712546176705889E-010  -1.1854117990839359E-010
  -7.5104607435442254E-009  -1.5842136468082016E-009
   0.0000000000000000        0.0000000000000000     
         110  -8.8445715696795895E-010  -9.3809072943408656E-011
  -6.6651304650589751E-009  -1.2436999410718105E-009
   0.0000000000000000        0.0000000000000000     
         111  -8.4104502291584304E-010  -7.6323744210712297E-011
  -5.9821439907844766E-009  -9.9850821615451450E-010
   0.0000000000000000        0.0000000000000000     
         112  -8.0456751301027839E-010  -6.3478396951338951E-011
  -5.4211671676675511E-009  -8.1629579065052764E-010
   0.0000000000000000        0.0000000000000000     
         113  -7.7339525057414035E-010  -5.3737858859126959E-011
  -4.9538669374062164E-009  -6.7726683010251407E-010
   0.0000000000000000        0.0000000000000000     
         114  -7.4636591335497431E-010  -4.6153042360718390E-011
  -4.5598906479834361E-009  -5.6878318618367674E-010
   0.0000000000000000        0.0000000000000000     
         115  -7.2263394331125227E-010  -4.0112570070223545E-011
  -4.2243062927201409E-009  -4.8248208025680115E-010
   0.0000000000000000        0.0000000000000000     
         116  -7.0157188817873527E-010  -3.5208574662840644E-011
  -3.9359454372331849E-009  -4.1265693738420785E-010
   0.0000000000000000        0.0000000000000000     
         117  -6.8270521960709181E-010  -3.1160663970148907E-011
  -3.6863082702969854E-009  -3.5530841243859357E-010
   0.0000000000000000        0.0000000000000000     
         118  -6.6566862366153203E-010  -2.7771028952586147E-011
  -3.4688246803249643E-009  -3.0756732768043284E-010
   0.0000000000000000        0.0000000000000000     
         119  -6.5017616328518562E-010  -2.4896970382289406E-011
  -3.2783453599803540E-009  -2.6733225684317674E-010
   0.0000000000000000        0.0000000000000000     
         120  -6.3600052897107310E-010  -2.2433550347970813E-011
  -3.1107845926703523E-009  -2.3303534188611581E-010
   0.0000000000000000        0.0000000000000000     
         121  -6.2295834143696993E-010  -2.0302333561177907E-011
  -2.9628650570072730E-009  -2.0348709363962057E-010
   0.0000000000000000        0.0000000000000000     
         122  -6.1089955141886838E-010  -1.8443905737707787E-011
  -2.8319325441476568E-009  -1.7777118260176342E-010
   0.0000000000000000        0.0000000000000000     
         123  -5.9969965642306811E-010  -1.6812801403197818E-011
  -2.7158194347584454E-009  -1.5517164826477114E-010
   0.0000000000000000        0.0000000000000000     
         124  -5.8925388072800075E-010  -1.5374010017584621E-011
  -2.6127427437908534E-009  -1.3512159652130492E-010
   0.0000000000000000        0.0000000000000000     
         125  -5.7947273822273615E-010  -1.4100543663528268E-011
  -2.5212270484921799E-009  -1.1716642398008469E-010
   0.0000000000000000        0.0000000000000000     
         126  -5.7027857503440935E-010  -1.2971739392562812E-011
  -2.4400455851861166E-009  -1.0093704036055678E-010
   0.0000000000000000        0.0000000000000000     
         127  -5.6160280503307543E-010  -1.1972087693219426E-011
  -2.3681747903450780E-009  -8.6130084993726308E-011
   0.0000000000000000        0.0000000000000000     
         128  -5.5338362741040236E-010  -1.1090455236265440E-011
  -2.3047589157002279E-009  -7.2493109681572557E-011
   0.0000000000000000        0.0000000000000000     
         129  -5.4556406458262331E-010  -1.0319622506451026E-011
  -2.2490822821127579E-009  -5.9813337612597133E-011
   0.0000000000000000        0.0000000000000000     
         130  -5.3809018850670063E-010  -9.6560959892224398E-012
  -2.2005473909892679E-009  -4.7909032409284478E-011
   0.0000000000000000        0.0000000000000000     
         131  -5.3090941858170111E-010  -9.1001877193418153E-012
  -2.1586575748040046E-009  -3.6622799846180556E-011
   0.0000000000000000        0.0000000000000000     
         132  -5.2396877664734852E-010  -8.6563883782065130E-012
  -2.1230031986167902E-009  -2.5816346031808819E-011
   0.0000000000000000        0.0000000000000000     
         133  -5.1721297419398408E-010  -8.3341002457728247E-012
  -2.0932506610924881E-009  -1.5366361892616616E-011
   0.0000000000000000        0.0000000000000000     
         134  -5.1058218178467174E-010  -8.1488518340032367E-012
  -2.0691336120167615E-009  -5.1613172582382069E-012
   0.0000000000000000        0.0000000000000000     
         135  -5.0400928648436767E-010  -8.1242005172923108E-012
  -2.0504459198742550E-009   4.9009529382215351E-012
   0.0000000000000000        0.0000000000000000     
         136  -4.9741637240784055E-010  -8.2946662238870520E-012
  -2.0370359973407973E-009   1.4914884188085448E-011
   0.0000000000000000        0.0000000000000000     
         137  -4.9071005124580418E-010  -8.7102705263979660E-012
  -2.0288021276076576E-009   2.4967920602990462E-011
   0.0000000000000000        0.0000000000000000     
         138  -4.8377510735569434E-010  -9.4436613350982061E-012
  -2.0256884337172658E-009   3.5140034346554563E-011
   0.0000000000000000        0.0000000000000000     
