   262144.00000000000     
         256           1           3
   1.7567330116226543E-005  -9.2646085535570002        161.96561313430001     
   6.0401400154609997        12.000000000000000        600.00000000000000     
           0   0.0000000000000000        0.0000000000000000     
   0.0000000000000000        0.0000000000000000     
   0.0000000000000000        0.0000000000000000     
           1  -3.5265265263003353E-009   1.0989843680124544E-010
  -2.0645808554544722E-009   6.3543183170259584E-011
   0.0000000000000000        0.0000000000000000     
           2  -3.4880680075663932E-009   1.0903845788272558E-010
  -2.0432679030186135E-009   6.3466150633757095E-011
   0.0000000000000000        0.0000000000000000     
           3  -3.4731817562856519E-009   1.1119204239853492E-010
  -2.0360150982900951E-009   6.5147783948199562E-011
   0.0000000000000000        0.0000000000000000     
           4  -3.4701054843097275E-009   1.1430198651443570E-010
  -2.0360704234602046E-009   6.7409762737238364E-011
   0.0000000000000000        0.0000000000000000     
           5  -3.4754714335549830E-009   1.1800033869239994E-010
  -2.0415112334721475E-009   7.0045649934133355E-011
   0.0000000000000000        0.0000000000000000     
           6  -3.4878619899547991E-009   1.2219986852376376E-010
  -2.0515409109288687E-009   7.3010837300697381E-011
   0.0000000000000000        0.0000000000000000     
           7  -3.5066048531741441E-009   1.2688786667065908E-010
  -2.0657967545820349E-009   7.6304150080071137E-011
   0.0000000000000000        0.0000000000000000     
           8  -3.5313926664346996E-009   1.3208201069953156E-010
  -2.0841317549476101E-009   7.9942652051992298E-011
   0.0000000000000000        0.0000000000000000     
           9  -3.5621308407496362E-009   1.3781761525162487E-010
  -2.1065276495484419E-009   8.3954504240658655E-011
   0.0000000000000000        0.0000000000000000     
          10  -3.5988683861986593E-009   1.4414352992747845E-010
  -2.1330558483976895E-009   8.8376820332637173E-011
   0.0000000000000000        0.0000000000000000     
          11  -3.6417647203769511E-009   1.5112121053735537E-010
  -2.1638591941270459E-009   9.3255379552253511E-011
   0.0000000000000000        0.0000000000000000     
          12  -3.6910742932695840E-009   1.5882530838343331E-010
  -2.1991442230076569E-009   9.8645274264288486E-011
   0.0000000000000000        0.0000000000000000     
          13  -3.7471413485475196E-009   1.6734525319128920E-010
  -2.2391794604925854E-009   1.0461218890178628E-010
   0.0000000000000000        0.0000000000000000     
          14  -3.8104012322449681E-009   1.7678767219619899E-010
  -2.2842978115170939E-009   1.1123425482763476E-010
   0.0000000000000000        0.0000000000000000     
          15  -3.8813867015789812E-009   1.8727968781964226E-010
  -2.3349022024465460E-009   1.1860452786294683E-010
   0.0000000000000000        0.0000000000000000     
          16  -3.9607386828450460E-009   1.9897324890290197E-010
  -2.3914742572981971E-009   1.2683421544705206E-010
   0.0000000000000000        0.0000000000000000     
          17  -4.0492215646683606E-009   2.1205075845885721E-010
  -2.4545861831841489E-009   1.3605685463797005E-010
   0.0000000000000000        0.0000000000000000     
          18  -4.1477435939507267E-009   2.2673238592697435E-010
  -2.5249163572232977E-009   1.4643373256270358E-010
   0.0000000000000000        0.0000000000000000     
          19  -4.2573833980029845E-009   2.4328561729138248E-010
  -2.6032694251904915E-009   1.5816096256679817E-010
   0.0000000000000000        0.0000000000000000     
          20  -4.3794241779841573E-009   2.6203782858623104E-010
  -2.6906020993749472E-009   1.7147880134518866E-010
   0.0000000000000000        0.0000000000000000     
          21  -4.5153977804236380E-009   2.8339300544338182E-010
  -2.7880563320296994E-009   1.8668404290670311E-010
   0.0000000000000000        0.0000000000000000     
          22  -4.6671417566815169E-009   3.0785423159540491E-010
  -2.8970022143634066E-009   2.0414669763335171E-010
   0.0000000000000000        0.0000000000000000     
          23  -4.8368737937969652E-009   3.3605432652635495E-010
  -3.0190939058944843E-009   2.2433272891622277E-010
   0.0000000000000000        0.0000000000000000     
          24  -5.0272897480102632E-009   3.6879818094561221E-010
  -3.1563432874431486E-009   2.4783549099032680E-010
   0.0000000000000000        0.0000000000000000     
          25  -5.2416942479775004E-009   4.0712217880229094E-010
  -3.3112180890925101E-009   2.7541988408582420E-010
   0.0000000000000000        0.0000000000000000     
          26  -5.4841769653132678E-009   4.5237905625661838E-010
  -3.4867743539828599E-009   3.0808545317848427E-010
   0.0000000000000000        0.0000000000000000     
          27  -5.7598540092313387E-009   5.0636143074599424E-010
  -3.6868378883770298E-009   3.4715830196734723E-010
   0.0000000000000000        0.0000000000000000     
          28  -6.0752038971103631E-009   5.7148549848993358E-010
  -3.9162568792404270E-009   3.9442786705172427E-010
   0.0000000000000000        0.0000000000000000     
          29  -6.4385436054150857E-009   6.5107080568286807E-010
  -4.1812599603346784E-009   4.5235536264441606E-010
   0.0000000000000000        0.0000000000000000     
          30  -6.8607165879917488E-009   7.4977794549917095E-010
  -4.4899739024107136E-009   5.2440010325180818E-010
   0.0000000000000000        0.0000000000000000     
          31  -7.3561090707812253E-009   8.7431451051493894E-010
  -4.8531886177218742E-009   6.1554616853327426E-010
   0.0000000000000000        0.0000000000000000     
          32  -7.9441875901574111E-009   1.0346140370831238E-009
  -5.2855150416275147E-009   7.3318251554789557E-010
   0.0000000000000000        0.0000000000000000     
          33  -8.6518861663258797E-009   1.2458854104973462E-009
  -5.8071837789798527E-009   8.8863392799569929E-010
   0.0000000000000000        0.0000000000000000     
          34  -9.5174151369817613E-009   1.5323455043270866E-009
  -6.4469167181143733E-009   1.0999512600269549E-009
   0.0000000000000000        0.0000000000000000     
          35  -1.0596503090318795E-008   1.9344002168843109E-009
  -7.2466369153493210E-009   1.3972831782393527E-009
   0.0000000000000000        0.0000000000000000     
          36  -1.1972840526895645E-008   2.5233861610551939E-009
  -8.2693583711617057E-009   1.8339116553544950E-009
   0.0000000000000000        0.0000000000000000     
          37  -1.3775515454243639E-008   3.4342697114132113E-009
  -9.6123851227731051E-009   2.5107493976150998E-009
   0.0000000000000000        0.0000000000000000     
          38  -1.6205586497602515E-008   4.9451658064129556E-009
  -1.1427525716724625E-008   3.6359662835542468E-009
   0.0000000000000000        0.0000000000000000     
          39  -1.9555422749324435E-008   7.6920301148202013E-009
  -1.3936319944023842E-008   5.6861476245430976E-009
   0.0000000000000000        0.0000000000000000     
          40  -2.4041564936416765E-008   1.3304148854015535E-008
  -1.7306613082988437E-008   9.8840629329221039E-009
   0.0000000000000000        0.0000000000000000     
          41  -2.7964774907249013E-008   2.6090467992853882E-008
  -2.0276390137092032E-008   1.9471063170542715E-008
   0.0000000000000000        0.0000000000000000     
          42  -1.6765868622611572E-008   4.9681032913739846E-008
  -1.1924215298265969E-008   3.7220971880953785E-008
   0.0000000000000000        0.0000000000000000     
          43   1.8625613814216512E-008   4.7206632379299801E-008
   1.4682852116576366E-008   3.5476684746313880E-008
   0.0000000000000000        0.0000000000000000     
          44   2.6668722352268684E-008   2.3771137192827916E-008
   2.0823679524349312E-008   1.7901333668062211E-008
   0.0000000000000000        0.0000000000000000     
          45   2.2110608169612166E-008   1.2010334780162188E-008
   1.7465590273786427E-008   9.0511291705943191E-009
   0.0000000000000000        0.0000000000000000     
          46   1.7553392491414507E-008   6.8934507640517140E-009
   1.4089081208504939E-008   5.1895401313734513E-009
   0.0000000000000000        0.0000000000000000     
          47   1.4201329984762554E-008   4.3964385663985489E-009
   1.1612233688356728E-008   3.2984962669437859E-009
   0.0000000000000000        0.0000000000000000     
          48   1.1764638833315406E-008   3.0316073769183824E-009
   9.8229890053235933E-009   2.2596149200502002E-009
   0.0000000000000000        0.0000000000000000     
          49   9.9405329010242890E-009   2.2185132207789476E-009
   8.4967441643976578E-009   1.6356591765868315E-009
   0.0000000000000000        0.0000000000000000     
          50   8.5264876849721066E-009   1.7033545928741003E-009
   7.4834057978382712E-009   1.2348460323195123E-009
   0.0000000000000000        0.0000000000000000     
          51   7.3922444752475659E-009   1.3637285566055314E-009
   6.6871435919323810E-009   9.6403234941537082E-010
   0.0000000000000000        0.0000000000000000     
          52   6.4515700701340814E-009   1.1363826575877920E-009
   6.0456347718161552E-009   7.7418065813431114E-010
   0.0000000000000000        0.0000000000000000     
          53   5.6441254417335021E-009   9.8789969735865512E-010
   5.5168948913896275E-009   6.3793143307037341E-010
   0.0000000000000000        0.0000000000000000     
          54   4.9240961628243419E-009   9.0242019599206791E-010
   5.0713689016103623E-009   5.3963235354491369E-010
   0.0000000000000000        0.0000000000000000     
          55   4.2523092676950534E-009   8.7775481388571217E-010
   4.6870306464541909E-009   4.7084332722609929E-010
   0.0000000000000000        0.0000000000000000     
          56   3.5896273542958224E-009   9.2837974855351172E-010
   4.3460880417239881E-009   4.2888533919232542E-010
   0.0000000000000000        0.0000000000000000     
          57   2.8909024802833353E-009   1.1004665224022984E-009
   4.0326068989327129E-009   4.1840820206445220E-010
   0.0000000000000000        0.0000000000000000     
          58   2.1074585250056360E-009   1.5204729169416072E-009
   3.7321795335884034E-009   4.5932817178228106E-010
   0.0000000000000000        0.0000000000000000     
          59   1.2787143880175321E-009   2.5450072272302688E-009
   3.4478066792510624E-009   6.1271681824476310E-010
   0.0000000000000000        0.0000000000000000     
          60   1.3099098593581284E-009   4.8980768568413403E-009
   3.3369945715535771E-009   1.0032978224053455E-009
   0.0000000000000000        0.0000000000000000     
          61   4.8036101325468185E-009   6.2924636639499783E-009
   3.8517479784587240E-009   1.2215889630024620E-009
   0.0000000000000000        0.0000000000000000     
          62   6.7156807540715422E-009   3.5841173396065002E-009
   4.0938452931710413E-009   7.2175971545308991E-010
   0.0000000000000000        0.0000000000000000     
          63   6.1819873604556255E-009   1.8187143076243025E-009
   3.9186625659507299E-009   3.9515288609602936E-010
   0.0000000000000000        0.0000000000000000     
          64   5.4735354707452653E-009   1.0609879565494298E-009
   3.7255789000901829E-009   2.4841543718515696E-010
   0.0000000000000000        0.0000000000000000     
          65   4.9175963078243214E-009   6.9944585301907443E-010
   3.5700106360451330E-009   1.7268125309795906E-010
   0.0000000000000000        0.0000000000000000     
          66   4.4922064765856728E-009   5.0206846287803563E-010
   3.4467043507728736E-009   1.2677061383613032E-010
   0.0000000000000000        0.0000000000000000     
          67   4.1575517189537478E-009   3.8208824745489552E-010
   3.3477181906841289E-009   9.5215119488828330E-011
   0.0000000000000000        0.0000000000000000     
          68   3.8860299224100876E-009   3.0292424482291941E-010
   3.2675141755808699E-009   7.1414515595341976E-011
   0.0000000000000000        0.0000000000000000     
          69   3.6599252165886840E-009   2.4729102996922978E-010
   3.2024659413328486E-009   5.2181155310023987E-011
   0.0000000000000000        0.0000000000000000     
          70   3.4677010702105612E-009   2.0621499424811772E-010
   3.1501667133849191E-009   3.5801571941879361E-011
   0.0000000000000000        0.0000000000000000     
          71   3.3015954950898316E-009   1.7466719750867746E-010
   3.1089843497517713E-009   2.1264389878999103E-011
   0.0000000000000000        0.0000000000000000     
          72   3.1562030586629208E-009   1.4964654334748784E-010
   3.0777990476783559E-009   7.9196079001838571E-012
   0.0000000000000000        0.0000000000000000     
          73   3.0276379135422679E-009   1.2926554529168947E-010
   3.0558488137931349E-009  -4.6857819961647765E-012
   0.0000000000000000        0.0000000000000000     
          74   2.9130274224484955E-009   1.1228284618036580E-010
   3.0426371396927444E-009  -1.6893748988547851E-011
   0.0000000000000000        0.0000000000000000     
          75   2.8101963549493588E-009   9.7849683845163940E-011
   3.0378776149076863E-009  -2.8983850173857266E-011
   0.0000000000000000        0.0000000000000000     
          76   2.7174638911231500E-009   8.5365261645083440E-011
   3.0414616215425944E-009  -4.1203210357057502E-011
   0.0000000000000000        0.0000000000000000     
          77   2.6335094363781127E-009   7.4390510275189004E-011
   3.0534415082223728E-009  -5.3787016266726042E-011
   0.0000000000000000        0.0000000000000000     
          78   2.5572817012520990E-009   6.4594571957146599E-011
   3.0740251617261997E-009  -6.6974412573554490E-011
   0.0000000000000000        0.0000000000000000     
          79   2.4879358054857418E-009   5.5720314007640011E-011
   3.1035800050644155E-009  -8.1022717443351224E-011
   0.0000000000000000        0.0000000000000000     
          80   2.4247890816971855E-009   4.7561237280499658E-011
   3.1426458581737369E-009  -9.6222011731327927E-011
   0.0000000000000000        0.0000000000000000     
          81   2.3672897520242664E-009   3.9945336267383481E-011
   3.1919572011671470E-009  -1.1291189895142848E-010
   0.0000000000000000        0.0000000000000000     
          82   2.3149947868041858E-009   3.2723200429984571E-011
   3.2524764365237393E-009  -1.3150239428983337E-010
   0.0000000000000000        0.0000000000000000     
          83   2.2675546086048451E-009   2.5758598954667778E-011
   3.3254409633466795E-009  -1.5250145863448001E-010
   0.0000000000000000        0.0000000000000000     
          84   2.2247032085482980E-009   1.8920298612396031E-011
   3.4124284754083918E-009  -1.7655275453876613E-010
   0.0000000000000000        0.0000000000000000     
          85   2.1862528934900150E-009   1.2074089487770185E-011
   3.5154471710692227E-009  -2.0448902436135699E-010
   0.0000000000000000        0.0000000000000000     
          86   2.1520934116954786E-009   5.0740016703196753E-012
   3.6370609657317090E-009  -2.3740957856213996E-010
   0.0000000000000000        0.0000000000000000     
          87   2.1221957097934866E-009  -2.2485159091266458E-012
   3.7805650509830839E-009  -2.7679567849778578E-010
   0.0000000000000000        0.0000000000000000     
          88   2.0966211479822138E-009  -1.0099191544417330E-011
   3.9502354621751412E-009  -3.2468690675773322E-010
   0.0000000000000000        0.0000000000000000     
          89   2.0755377543271817E-009  -1.8742029373128757E-011
   4.1516897717141885E-009  -3.8395849112972542E-010
   0.0000000000000000        0.0000000000000000     
          90   2.0592461840976499E-009  -2.8531503365145914E-011
   4.3924182054378017E-009  -4.5877125148522062E-010
   0.0000000000000000        0.0000000000000000     
          91   2.0482196838912359E-009  -3.9963999608981662E-011
   4.6825815665812542E-009  -5.5532789554339088E-010
   0.0000000000000000        0.0000000000000000     
          92   2.0431648226295904E-009  -5.3763683680037657E-011
   5.0362346270272901E-009  -6.8319663324925122E-010
   0.0000000000000000        0.0000000000000000     
          93   2.0451132276282129E-009  -7.1032444421061532E-011
   5.4732360339970657E-009  -8.5773809043005446E-010
   0.0000000000000000        0.0000000000000000     
          94   2.0555582717678999E-009  -9.3524955257824069E-011
   6.0222585780132091E-009  -1.1048023785932243E-009
   0.0000000000000000        0.0000000000000000     
          95   2.0766488389759488E-009  -1.2418194994780941E-010
   6.7254558583658015E-009  -1.4704102740515352E-009
   0.0000000000000000        0.0000000000000000     
          96   2.1114160648103406E-009  -1.6823036452082352E-010
   7.6449626781981376E-009  -2.0422094911266871E-009
   0.0000000000000000        0.0000000000000000     
          97   2.1638001367523852E-009  -2.3560922824450613E-010
   8.8674224040066047E-009  -3.0009943697471249E-009
   0.0000000000000000        0.0000000000000000     
          98   2.2371751981008215E-009  -3.4663373444362210E-010
   1.0476782312740501E-008  -4.7537381555540455E-009
   0.0000000000000000        0.0000000000000000     
          99   2.3245661109763157E-009  -5.4494200535686352E-010
   1.2304397807620954E-008  -8.2720710067675888E-009
   0.0000000000000000        0.0000000000000000     
         100   2.3585898037443192E-009  -9.1269415342399292E-010
   1.2395787002743664E-008  -1.5443923154007432E-008
   0.0000000000000000        0.0000000000000000     
         101   2.0828182541388407E-009  -1.4521711323557126E-009
   3.4630990324832820E-009  -2.3802903468759051E-008
   0.0000000000000000        0.0000000000000000     
         102   1.3008245512058187E-009  -1.7155487782462064E-009
  -9.2048573089150263E-009  -1.8768576358319879E-008
   0.0000000000000000        0.0000000000000000     
         103   6.0664890568701605E-010  -1.2404142664616196E-009
  -1.1047398348433108E-008  -1.0044530323684347E-008
   0.0000000000000000        0.0000000000000000     
         104   5.2774103382972662E-010  -6.7308935995816363E-010
  -9.2920663407311056E-009  -5.5522847094142547E-009
   0.0000000000000000        0.0000000000000000     
         105   6.5118821230818121E-010  -3.6835432651544230E-010
  -7.5231478174516445E-009  -3.3930913304446785E-009
   0.0000000000000000        0.0000000000000000     
         106   7.7447962877363361E-010  -2.1757669283689044E-010
  -6.1605902979089716E-009  -2.2540406770292676E-009
   0.0000000000000000        0.0000000000000000     
         107   8.6890239196876644E-010  -1.3789446798972652E-010
  -5.1375777062862753E-009  -1.5950758092911101E-009
   0.0000000000000000        0.0000000000000000     
         108   9.3858485370916077E-010  -9.2457670218635063E-011
  -4.3575992926784496E-009  -1.1843774082196596E-009
   0.0000000000000000        0.0000000000000000     
         109   9.9039281738208966E-010  -6.4874070378136248E-011
  -3.7491339973306285E-009  -9.1297606604127132E-010
   0.0000000000000000        0.0000000000000000     
         110   1.0296058997181532E-009  -4.7307453873149022E-011
  -3.2636276617433387E-009  -7.2512634754542997E-010
   0.0000000000000000        0.0000000000000000     
         111   1.0598810153069474E-009  -3.5719139030774209E-011
  -2.8682607101264149E-009  -5.9019298318975914E-010
   0.0000000000000000        0.0000000000000000     
         112   1.0837215351200882E-009  -2.7885709990922473E-011
  -2.5404689829735741E-009  -4.9030690003511369E-010
   0.0000000000000000        0.0000000000000000     
         113   1.1028631479959966E-009  -2.2513084291813163E-011
  -2.2643866491635360E-009  -4.1451502818225661E-010
   0.0000000000000000        0.0000000000000000     
         114   1.1185332602993605E-009  -1.8812166503323060E-011
  -2.0285992951860073E-009  -3.5581783405046830E-010
   0.0000000000000000        0.0000000000000000     
         115   1.1316183346655186E-009  -1.6282628584459622E-011
  -1.8247151625477064E-009  -3.0958149570905345E-010
   0.0000000000000000        0.0000000000000000     
         116   1.1427718644648827E-009  -1.4596650879248315E-011
  -1.6464404126478435E-009  -2.7264434182915188E-010
   0.0000000000000000        0.0000000000000000     
         117   1.1524850289576509E-009  -1.3533433519714193E-011
  -1.4889678934060504E-009  -2.4279238516248978E-010
   0.0000000000000000        0.0000000000000000     
         118   1.1611338013105654E-009  -1.2940788616804086E-011
  -1.3485643817703009E-009  -2.1844003337825709E-010
   0.0000000000000000        0.0000000000000000     
         119   1.1690109874973987E-009  -1.2711810270714588E-011
  -1.2222860465302345E-009  -1.9842939729965767E-010
   0.0000000000000000        0.0000000000000000     
         120   1.1763484481993460E-009  -1.2770262104118725E-011
  -1.1077784554490330E-009  -1.8190054919438296E-010
   0.0000000000000000        0.0000000000000000     
         121   1.1833328048728535E-009  -1.3061175933838401E-011
  -1.0031334352983332E-009  -1.6820554084617867E-010
   0.0000000000000000        0.0000000000000000     
         122   1.1901167416504952E-009  -1.3544659485100224E-011
  -9.0678487533945316E-010  -1.5685015718648209E-010
   0.0000000000000000        0.0000000000000000     
         123   1.1968272789706895E-009  -1.4191733701805177E-011
  -8.1743166517997735E-010  -1.4745368667880704E-010
   0.0000000000000000        0.0000000000000000     
         124   1.2035719319828759E-009  -1.4981485171525239E-011
  -7.3397983507850613E-010  -1.3972066070584374E-010
   0.0000000000000000        0.0000000000000000     
         125   1.2104433704698259E-009  -1.5899089890607389E-011
  -6.5549847627339522E-010  -1.3342071145572044E-010
   0.0000000000000000        0.0000000000000000     
         126   1.2175230040676959E-009  -1.6934426473793800E-011
  -5.8118567125942072E-010  -1.2837404667368773E-010
   0.0000000000000000        0.0000000000000000     
         127   1.2248837887962329E-009  -1.8081096080549636E-011
  -5.1034176911812480E-010  -1.2444088753712532E-010
   0.0000000000000000        0.0000000000000000     
         128   1.2325924649902139E-009  -1.9335728404912697E-011
  -4.4234809047806205E-010  -1.2151376127035560E-010
   0.0000000000000000        0.0000000000000000     
         129   1.2407113780791207E-009  -2.0697492660388276E-011
  -3.7664966062770675E-010  -1.1951189937295477E-010
   0.0000000000000000        0.0000000000000000     
         130   1.2492999930481217E-009  -2.2167758086538399E-011
  -3.1274092418429578E-010  -1.1837723572144912E-010
   0.0000000000000000        0.0000000000000000     
         131   1.2584161848693830E-009  -2.3749865122914142E-011
  -2.5015363962743955E-010  -1.1807167010438369E-010
   0.0000000000000000        0.0000000000000000     
         132   1.2681173667549415E-009  -2.5448978980233258E-011
  -1.8844631846490674E-010  -1.1857539066369569E-010
   0.0000000000000000        0.0000000000000000     
         133   1.2784615030520715E-009  -2.7272003507786765E-011
  -1.2719468160496424E-010  -1.1988615377215408E-010
   0.0000000000000000        0.0000000000000000     
         134   1.2895080420335524E-009  -2.9227535665862186E-011
  -6.5982666234525920E-011  -1.2201951930028134E-010
   0.0000000000000000        0.0000000000000000     
         135   1.3013187941856230E-009  -3.1325839317576194E-011
  -4.3935352409382969E-012  -1.2501015121975886E-010
   0.0000000000000000        0.0000000000000000     
         136   1.3139587724255285E-009  -3.3578810062047697E-011
   5.7999382380741690E-011  -1.2891444260480586E-010
   0.0000000000000000        0.0000000000000000     
         137   1.3274970012203256E-009  -3.5999887255175207E-011
   1.2164286483981877E-010  -1.3381495004813641E-010
   0.0000000000000000        0.0000000000000000     
         138   1.3420072876952520E-009  -3.8603838315532219E-011
   1.8701555911718054E-010  -1.3982749625239343E-010
   0.0000000000000000        0.0000000000000000     
