   262144.00000000000     
         256           1           3
   1.7567330116226543E-005  -6.2812290861650002       -178.01823173560001     
   6.0401400154609997        12.000000000000000        600.00000000000000     
           0   0.0000000000000000        0.0000000000000000     
   0.0000000000000000        0.0000000000000000     
   0.0000000000000000        0.0000000000000000     
           1  -4.0160885816040064E-009   1.2490463732825133E-010
  -7.1592651559873030E-010   2.2035377098750139E-011
   0.0000000000000000        0.0000000000000000     
           2  -3.9724549056522072E-009   1.2396032107285905E-010
  -7.0853739073774861E-010   2.2009460580499009E-011
   0.0000000000000000        0.0000000000000000     
           3  -3.9556474899747440E-009   1.2644231699056698E-010
  -7.0602482762897365E-010   2.2593430954935439E-011
   0.0000000000000000        0.0000000000000000     
           4  -3.9523015208944133E-009   1.3001287960372949E-010
  -7.0604745097457579E-010   2.3378688856194644E-011
   0.0000000000000000        0.0000000000000000     
           5  -3.9585908182065194E-009   1.3425404166301194E-010
  -7.0793856296521185E-010   2.4293656579517969E-011
   0.0000000000000000        0.0000000000000000     
           6  -3.9729052765462076E-009   1.3906687374776214E-010
  -7.1142193758926872E-010   2.5322870812504224E-011
   0.0000000000000000        0.0000000000000000     
           7  -3.9944818739451555E-009   1.4443714551175676E-010
  -7.1637182173015880E-010   2.6465929605417735E-011
   0.0000000000000000        0.0000000000000000     
           8  -4.0229724805096571E-009   1.5038517385059107E-010
  -7.2273726224214824E-010   2.7728755812497885E-011
   0.0000000000000000        0.0000000000000000     
           9  -4.0582709554136078E-009   1.5695133728159069E-010
  -7.3051195649924110E-010   2.9121120857056462E-011
   0.0000000000000000        0.0000000000000000     
          10  -4.1004345761851921E-009   1.6419142009525783E-010
  -7.3972069536188676E-010   3.0655899723037809E-011
   0.0000000000000000        0.0000000000000000     
          11  -4.1496462913634044E-009   1.7217555131887005E-010
  -7.5041306676047992E-010   3.2348977057082701E-011
   0.0000000000000000        0.0000000000000000     
          12  -4.2061973337538682E-009   1.8098889163656646E-010
  -7.6266073213469826E-010   3.4219463723344442E-011
   0.0000000000000000        0.0000000000000000     
          13  -4.2704812463200851E-009   1.9073342792864976E-010
  -7.7655686126787941E-010   3.6290145626717654E-011
   0.0000000000000000        0.0000000000000000     
          14  -4.3429954035724175E-009   2.0153072931316151E-010
  -7.9221695559593779E-010   3.8588125758922615E-011
   0.0000000000000000        0.0000000000000000     
          15  -4.4243482088073309E-009   2.1352570024134965E-010
  -8.0978080521857114E-010   4.1145683445925582E-011
   0.0000000000000000        0.0000000000000000     
          16  -4.5152713516281742E-009   2.2689150900371457E-010
  -8.2941549819145172E-010   4.4001393559646543E-011
   0.0000000000000000        0.0000000000000000     
          17  -4.6166372245327809E-009   2.4183599066624124E-010
  -8.5131954277694823E-010   4.7201575470103687E-011
   0.0000000000000000        0.0000000000000000     
          18  -4.7294821441484726E-009   2.5860996557385748E-010
  -8.7572827336300864E-010   5.0802172862522798E-011
   0.0000000000000000        0.0000000000000000     
          19  -4.8550365412293257E-009   2.7751810254436600E-010
  -9.0292082104189235E-010   5.4871207725389284E-011
   0.0000000000000000        0.0000000000000000     
          20  -4.9947638765274525E-009   2.9893321977965174E-010
  -9.3322906064588252E-010   5.9492011471503777E-011
   0.0000000000000000        0.0000000000000000     
          21  -5.1504107918315865E-009   3.2331529973294213E-010
  -9.6704911557912587E-010   6.4767523044706603E-011
   0.0000000000000000        0.0000000000000000     
          22  -5.3240720320789923E-009   3.5123706279422159E-010
  -1.0048562353614761E-009   7.0826073005317030E-011
   0.0000000000000000        0.0000000000000000     
          23  -5.5182751222180632E-009   3.8341880540716757E-010
  -1.0472241919232322E-009   7.7829268242021449E-011
   0.0000000000000000        0.0000000000000000     
          24  -5.7360918829783902E-009   4.2077653634481927E-010
  -1.0948508221674739E-009   8.5982894042574870E-011
   0.0000000000000000        0.0000000000000000     
          25  -5.9812869793871617E-009   4.6448953625267752E-010
  -1.1485920579911211E-009   9.5552226193781561E-011
   0.0000000000000000        0.0000000000000000     
          26  -6.2585183909769843E-009   5.1609683176724175E-010
  -1.2095078632495531E-009   1.0688391219587621E-010
   0.0000000000000000        0.0000000000000000     
          27  -6.5736119206286695E-009   5.7763762503536430E-010
  -1.2789251580277526E-009   1.2043784476388415E-010
   0.0000000000000000        0.0000000000000000     
          28  -6.9339432194615476E-009   6.5186011328018372E-010
  -1.3585254220295682E-009   1.3683459150176417E-010
   0.0000000000000000        0.0000000000000000     
          29  -7.3489790503801698E-009   7.4253950707777272E-010
  -1.4504688647074205E-009   1.5692767770712291E-010
   0.0000000000000000        0.0000000000000000     
          30  -7.8310594985627206E-009   8.5497554544388185E-010
  -1.5575739485554937E-009   1.8191674552919648E-010
   0.0000000000000000        0.0000000000000000     
          31  -8.3965533253031660E-009   9.9679490167845631E-010
  -1.6835826737693886E-009   2.1353018533772873E-010
   0.0000000000000000        0.0000000000000000     
          32  -9.0676057870294281E-009   1.1792911692280105E-009
  -1.8335621007645249E-009   2.5433033107567783E-010
   0.0000000000000000        0.0000000000000000     
          33  -9.8748521557056511E-009   1.4197541600788457E-009
  -2.0145280699224323E-009   3.0824434431650105E-010
   0.0000000000000000        0.0000000000000000     
          34  -1.0861747073409841E-008   1.7457122470977043E-009
  -2.2364409922472742E-009   3.8153177956665093E-010
   0.0000000000000000        0.0000000000000000     
          35  -1.2091659277765778E-008   2.2030938827447582E-009
  -2.5138390925189320E-009   4.8464732623242772E-010
   0.0000000000000000        0.0000000000000000     
          36  -1.3659741796610665E-008   2.8729819203166679E-009
  -2.8685743342614573E-009   6.3606754809876135E-010
   0.0000000000000000        0.0000000000000000     
          37  -1.5712748749688525E-008   3.9087766931093890E-009
  -3.3343894395475716E-009   8.7078576466688827E-010
   0.0000000000000000        0.0000000000000000     
          38  -1.8479237295858976E-008   5.6265702193311671E-009
  -3.9639276097955986E-009   1.2609884794326480E-009
   0.0000000000000000        0.0000000000000000     
          39  -2.2291549300424627E-008   8.7491461352661966E-009
  -4.8340126772570673E-009   1.9719395886454410E-009
   0.0000000000000000        0.0000000000000000     
          40  -2.7395859037234530E-008   1.5128219631348367E-008
  -6.0028493061595591E-009   3.4276543334097157E-009
   0.0000000000000000        0.0000000000000000     
          41  -3.1861058131061019E-008   2.9660964787123166E-008
  -7.0328156493165536E-009   6.7521233462671790E-009
   0.0000000000000000        0.0000000000000000     
          42  -1.9140628848141048E-008   5.6472986293978932E-008
  -4.1367321783382267E-009   1.2907214820048472E-008
   0.0000000000000000        0.0000000000000000     
          43   2.1073945163512788E-008   5.3662178567576308E-008
   5.0895058773012161E-009   1.2302387989616879E-008
   0.0000000000000000        0.0000000000000000     
          44   3.0205812601146713E-008   2.7029180548601920E-008
   7.2187252261579136E-009   6.2078933421086936E-009
   0.0000000000000000        0.0000000000000000     
          45   2.5015022498511606E-008   1.3664883841869677E-008
   6.0540155832848702E-009   3.1389896640671932E-009
   0.0000000000000000        0.0000000000000000     
          46   1.9823727557825920E-008   7.8518636196439788E-009
   4.8828847345049958E-009   1.7999772394378008E-009
   0.0000000000000000        0.0000000000000000     
          47   1.6000245324986484E-008   5.0168818618916410E-009
   4.0236849159887931E-009   1.1442948222022244E-009
   0.0000000000000000        0.0000000000000000     
          48   1.3214811390347430E-008   3.4693370007816507E-009
   3.4028721816986018E-009   7.8412918990770409E-010
   0.0000000000000000        0.0000000000000000     
          49   1.1122745137137514E-008   2.5497939581329570E-009
   2.9425497191973026E-009   5.6786687499137474E-010
   0.0000000000000000        0.0000000000000000     
          50   9.4931190301893917E-009   1.9701640457431700E-009
   2.5906539340481316E-009   4.2901198105732798E-010
   0.0000000000000000        0.0000000000000000     
          51   8.1768510483242436E-009   1.5918796383521224E-009
   2.3139316863897661E-009   3.3527762254436486E-010
   0.0000000000000000        0.0000000000000000     
          52   7.0744662277844689E-009   1.3439109914594093E-009
   2.0907400005430269E-009   2.6967809225671685E-010
   0.0000000000000000        0.0000000000000000     
          53   6.1152564359098852E-009   1.1896902384693048E-009
   1.9064743491406525E-009   2.2275694223401029E-010
   0.0000000000000000        0.0000000000000000     
          54   5.2439658350008799E-009   1.1136431537128737E-009
   1.7508178238526015E-009   1.8914000639948248E-010
   0.0000000000000000        0.0000000000000000     
          55   4.4111618425397276E-009   1.1178231874856997E-009
   1.6160276124323274E-009   1.6599951144200606E-010
   0.0000000000000000        0.0000000000000000     
          56   3.5646189282761387E-009   1.2278095398797206E-009
   1.4957691769746342E-009   1.5260482137357274E-010
   0.0000000000000000        0.0000000000000000     
          57   2.6410123222009003E-009   1.5163499557171209E-009
   1.3842629085032149E-009   1.5100769170207238E-010
   0.0000000000000000        0.0000000000000000     
          58   1.5702883669301660E-009   2.1778532352762563E-009
   1.2762070534850246E-009   1.6920929002097662E-010
   0.0000000000000000        0.0000000000000000     
          59   4.1572222469116129E-010   3.7570935517793881E-009
   1.1730721963270797E-009   2.3138628386322774E-010
   0.0000000000000000        0.0000000000000000     
          60   5.5974339105995356E-010   7.3585876830406327E-009
   1.1371554742523801E-009   3.8677127554696113E-010
   0.0000000000000000        0.0000000000000000     
          61   5.9716604480509042E-009   9.4963290298845434E-009
   1.3467687066908850E-009   4.7404486137424363E-010
   0.0000000000000000        0.0000000000000000     
          62   8.9637851299775625E-009   5.3780037567951347E-009
   1.4480604269703850E-009   2.7813821424855619E-010
   0.0000000000000000        0.0000000000000000     
          63   8.2201108916147104E-009   2.6955823165214341E-009
   1.3841458873767151E-009   1.5036543704250751E-010
   0.0000000000000000        0.0000000000000000     
          64   7.2035985800480982E-009   1.5480192319049977E-009
   1.3125114806698647E-009   9.3372672113737180E-011
   0.0000000000000000        0.0000000000000000     
          65   6.4140056974001611E-009   1.0033722997155371E-009
   1.2550699941386196E-009   6.4276658442255313E-011
   0.0000000000000000        0.0000000000000000     
          66   5.8185747398913888E-009   7.0812150220589496E-010
   1.2098103605324828E-009   4.6865443641097075E-011
   0.0000000000000000        0.0000000000000000     
          67   5.3572223895021410E-009   5.3013409160728579E-010
   1.1736507584681217E-009   3.5056938150870864E-011
   0.0000000000000000        0.0000000000000000     
          68   4.9883896877084790E-009   4.1375500000787066E-010
   1.1444474138007201E-009   2.6261744675559373E-011
   0.0000000000000000        0.0000000000000000     
          69   4.6855137835873166E-009   3.3272244246604557E-010
   1.1208020466103740E-009   1.9233698095026518E-011
   0.0000000000000000        0.0000000000000000     
          70   4.4313908449651193E-009   2.7342871323509252E-010
   1.1017902287175609E-009   1.3306379335352817E-011
   0.0000000000000000        0.0000000000000000     
          71   4.2145211407204385E-009   2.2826619723550251E-010
   1.0867868270360204E-009   8.0891979768337523E-012
   0.0000000000000000        0.0000000000000000     
          72   4.0269563104972582E-009   1.9270785572661291E-010
   1.0753632027312121E-009   3.3334207057057539E-012
   0.0000000000000000        0.0000000000000000     
          73   3.8630307267479764E-009   1.6391546313876868E-010
   1.0672266832019290E-009  -1.1323427442800125E-012
   0.0000000000000000        0.0000000000000000     
          74   3.7185955822075094E-009   1.4002841622552130E-010
   1.0621843742187121E-009  -5.4357638957751767E-012
   0.0000000000000000        0.0000000000000000     
          75   3.5905425425973451E-009   1.1977832317238875E-010
   1.0601213645516332E-009  -9.6797109045264893E-012
   0.0000000000000000        0.0000000000000000     
          76   3.4764986516952150E-009   1.0226931553166173E-010
   1.0609878626666105E-009  -1.3953800836413984E-011
   0.0000000000000000        0.0000000000000000     
          77   3.3746256119863031E-009   8.6847124789997160E-011
   1.0647922590423806E-009  -1.8342181507081271E-011
   0.0000000000000000        0.0000000000000000     
          78   3.2834846613825224E-009   7.3017819406865753E-011
   1.0715984835497115E-009  -2.2929447594880979E-011
   0.0000000000000000        0.0000000000000000     
          79   3.2019439608995718E-009   6.0395336779900470E-011
   1.0815268449594408E-009  -2.7805813374105565E-011
   0.0000000000000000        0.0000000000000000     
          80   3.1291144224137709E-009   4.8666162357954519E-011
   1.0947580761687852E-009  -3.3072314329730742E-011
   0.0000000000000000        0.0000000000000000     
          81   3.0643052453810531E-009   3.7564352307279796E-011
   1.1115407191966697E-009  -3.8846693547761623E-011
   0.0000000000000000        0.0000000000000000     
          82   3.0069937078099098E-009   2.6852711027974002E-011
   1.1322023660185178E-009  -4.5270668904961575E-011
   0.0000000000000000        0.0000000000000000     
          83   2.9568058591674212E-009   1.6307349845128959E-011
   1.1571657014849299E-009  -5.2519460336893249E-011
   0.0000000000000000        0.0000000000000000     
          84   2.9135062022631023E-009   5.7035718192390933E-012
   1.1869708520550530E-009  -6.0814816580438189E-011
   0.0000000000000000        0.0000000000000000     
          85   2.8769955412444981E-009  -5.1987141858043171E-012
   1.2223063324532836E-009  -7.0443405453382423E-011
   0.0000000000000000        0.0000000000000000     
          86   2.8473171290148038E-009  -1.6671969873669202E-011
   1.2640520570907428E-009  -8.1783493054790926E-011
   0.0000000000000000        0.0000000000000000     
          87   2.8246722495143439E-009  -2.9042859854026656E-011
   1.3133396944945303E-009  -9.5344660119984686E-011
   0.0000000000000000        0.0000000000000000     
          88   2.8094476092655694E-009  -4.2722557178423121E-011
   1.3716385095611180E-009  -1.1182850950603077E-010
   0.0000000000000000        0.0000000000000000     
          89   2.8022586395926280E-009  -5.8251306613261648E-011
   1.4408794753346220E-009  -1.3222413170562267E-010
   0.0000000000000000        0.0000000000000000     
          90   2.8040153977493360E-009  -7.6367057061924529E-011
   1.5236380800267676E-009  -1.5796302055673159E-010
   0.0000000000000000        0.0000000000000000     
          91   2.8160217744413922E-009  -9.8115610460545607E-011
   1.6234090383343334E-009  -1.9117952273699616E-010
   0.0000000000000000        0.0000000000000000     
          92   2.8401250045121758E-009  -1.2503473049539057E-010
   1.7450275848757703E-009  -2.3516677938239123E-010
   0.0000000000000000        0.0000000000000000     
          93   2.8789419939823448E-009  -1.5947542475614510E-010
   1.8953273293799096E-009  -2.9521297402755352E-010
   0.0000000000000000        0.0000000000000000     
          94   2.9362014993686580E-009  -2.0519003762083284E-010
   2.0841773312939719E-009  -3.8022037445853705E-010
   0.0000000000000000        0.0000000000000000     
          95   3.0172486718397909E-009  -2.6846854634056595E-010
   2.3260899927274394E-009  -5.0604364992268226E-010
   0.0000000000000000        0.0000000000000000     
          96   3.1297136522032810E-009  -3.6047279626158422E-010
   2.6424601150906786E-009  -7.0289170270726450E-010
   0.0000000000000000        0.0000000000000000     
          97   3.2840113347232150E-009  -5.0236440694703188E-010
   3.0631172215860106E-009  -1.0331086234916032E-009
   0.0000000000000000        0.0000000000000000     
          98   3.4915144174852108E-009  -7.3730478406995932E-010
   3.6168952136295202E-009  -1.6371064535884206E-009
   0.0000000000000000        0.0000000000000000     
          99   3.7486095207118545E-009  -1.1588809083066827E-009
   4.2451439263592084E-009  -2.8502473867189582E-009
   0.0000000000000000        0.0000000000000000     
         100   3.9478189801826528E-009  -1.9592390096968580E-009
   4.2711804114238137E-009  -5.3236700517166761E-009
   0.0000000000000000        0.0000000000000000     
         101   3.5710930381512615E-009  -3.2976232508203012E-009
   1.1758450264805517E-009  -8.1964478227542843E-009
   0.0000000000000000        0.0000000000000000     
         102   1.7576956749908021E-009  -4.3152122090583746E-009
  -3.1840348474103607E-009  -6.4248162701420595E-009
   0.0000000000000000        0.0000000000000000     
         103  -1.8169619901740369E-010  -3.2808037852911013E-009
  -3.7815153643666240E-009  -3.4168519802779384E-009
   0.0000000000000000        0.0000000000000000     
         104  -4.8048960821337609E-010  -1.8227037997629932E-009
  -3.1647862042392533E-009  -1.8880461231756407E-009
   0.0000000000000000        0.0000000000000000     
         105  -1.9419696497108547E-010  -1.0214261920470936E-009
  -2.5561123488358795E-009  -1.1556235010064448E-009
   0.0000000000000000        0.0000000000000000     
         106   1.1402169023096645E-010  -6.2065410929792232E-010
  -2.0891998571048112E-009  -7.6892405834918020E-010
   0.0000000000000000        0.0000000000000000     
         107   3.5649229274657634E-010  -4.0632973668118689E-010
  -1.7388726597231235E-009  -5.4492687858977602E-010
   0.0000000000000000        0.0000000000000000     
         108   5.3916791073564688E-010  -2.8221707139410555E-010
  -1.4716881893953733E-009  -4.0518276011734791E-010
   0.0000000000000000        0.0000000000000000     
         109   6.7773599788951747E-010  -2.0535197986965585E-010
  -1.2631164514058203E-009  -3.1277519870722418E-010
   0.0000000000000000        0.0000000000000000     
         110   7.8477804820763170E-010  -1.5514028564919202E-010
  -1.0965497063503746E-009  -2.4879280205305410E-010
   0.0000000000000000        0.0000000000000000     
         111   8.6913052780521899E-010  -1.2093506813492272E-010
  -9.6077063603686823E-010  -2.0283015564639425E-010
   0.0000000000000000        0.0000000000000000     
         112   9.3688055178068219E-010  -9.6852203835440327E-011
  -8.4806776384496337E-010  -1.6881200515383670E-010
   0.0000000000000000        0.0000000000000000     
         113   9.9226243292596666E-010  -7.9450667400520243E-011
  -7.5301780312084158E-010  -1.4301156848290779E-010
   0.0000000000000000        0.0000000000000000     
         114   1.0382758345527710E-009  -6.6620097982702493E-011
  -6.7171778472489533E-010  -1.2304583433977022E-010
   0.0000000000000000        0.0000000000000000     
         115   1.0770888503739449E-009  -5.7013110492613401E-011
  -6.0129706614014702E-010  -1.0733651561809799E-010
   0.0000000000000000        0.0000000000000000     
         116   1.1102994755771570E-009  -4.9739465441836032E-011
  -5.3960153039905516E-010  -9.4806439617465524E-011
   0.0000000000000000        0.0000000000000000     
         117   1.1391071667587310E-009  -4.4193382508765416E-011
  -4.8498482938289723E-010  -8.4701222332677111E-011
   0.0000000000000000        0.0000000000000000     
         118   1.1644273554042305E-009  -3.9951966092538665E-011
  -4.3616738454304008E-010  -7.6480643661590615E-011
   0.0000000000000000        0.0000000000000000     
         119   1.1869693242597338E-009  -3.6713282658289301E-011
  -3.9213915973407610E-010  -6.9750339786098002E-011
   0.0000000000000000        0.0000000000000000     
         120   1.2072901508314174E-009  -3.4257398078630687E-011
  -3.5209129677758115E-010  -6.4217630279272616E-011
   0.0000000000000000        0.0000000000000000     
         121   1.2258327232733568E-009  -3.2421157458445007E-011
  -3.1536716025923756E-010  -5.9662239692561605E-011
   0.0000000000000000        0.0000000000000000     
         122   1.2429529538149641E-009  -3.1081432375524498E-011
  -2.8142667629938923E-010  -5.5916465350588154E-011
   0.0000000000000000        0.0000000000000000     
         123   1.2589395263945023E-009  -3.0143717693154747E-011
  -2.4981993173643602E-010  -5.2851485813067407E-011
   0.0000000000000000        0.0000000000000000     
         124   1.2740283858359720E-009  -2.9534179340437137E-011
  -2.2016732309386927E-010  -5.0367752809685508E-011
   0.0000000000000000        0.0000000000000000     
         125   1.2884134493490442E-009  -2.9193963137532172E-011
  -1.9214440079829430E-010  -4.8388157209319782E-011
   0.0000000000000000        0.0000000000000000     
         126   1.3022545440650903E-009  -2.9074996148317107E-011
  -1.6547011750839449E-010  -4.6853119132214645E-011
   0.0000000000000000        0.0000000000000000     
         127   1.3156832535893680E-009  -2.9136766350141918E-011
  -1.3989756580438826E-010  -4.5717041730646919E-011
   0.0000000000000000        0.0000000000000000     
         128   1.3288071344604700E-009  -2.9343719763829978E-011
  -1.1520654510537317E-010  -4.4945755002349447E-011
   0.0000000000000000        0.0000000000000000     
         129   1.3417126031736977E-009  -2.9663003282677690E-011
  -9.1197471402391857E-011  -4.4514700018999068E-011
   0.0000000000000000        0.0000000000000000     
         130   1.3544666715408487E-009  -3.0062326018921921E-011
  -6.7686262106696387E-011  -4.4407689306232488E-011
   0.0000000000000000        0.0000000000000000     
         131   1.3671176051614031E-009  -3.0507721067804508E-011
  -4.4499908468536205E-011  -4.4616141130875714E-011
   0.0000000000000000        0.0000000000000000     
         132   1.3796944826775757E-009  -3.0960964094654952E-011
  -2.1472499933198668E-011  -4.5138734607135814E-011
   0.0000000000000000        0.0000000000000000     
         133   1.3922055291511843E-009  -3.1376337956841979E-011
   1.5585054519450225E-012  -4.5981476989641197E-011
   0.0000000000000000        0.0000000000000000     
         134   1.4046349707575574E-009  -3.1696305984804619E-011
   2.4755959954450661E-011  -4.7158222141995262E-011
   0.0000000000000000        0.0000000000000000     
         135   1.4169379914336881E-009  -3.1845435959776792E-011
   4.8286858302288513E-011  -4.8691739648317556E-011
   0.0000000000000000        0.0000000000000000     
         136   1.4290331395391095E-009  -3.1721537680119522E-011
   7.2326557247741169E-011  -5.0615522020842743E-011
   0.0000000000000000        0.0000000000000000     
         137   1.4407911992996774E-009  -3.1182318482818489E-011
   9.7063672019106113E-011  -5.2976657827775133E-011
   0.0000000000000000        0.0000000000000000     
         138   1.4520190570361906E-009  -3.0024691527512215E-011
   1.2270603675810438E-010  -5.5840338304424572E-011
   0.0000000000000000        0.0000000000000000     
