   262144.00000000000     
         256           1           3
   1.7567330116226543E-005  -9.9392488747699996        24.225335234399999     
   6.0401400154609997        12.000000000000000        5733.8999999999996     
           0   0.0000000000000000        0.0000000000000000     
   0.0000000000000000        0.0000000000000000     
   0.0000000000000000        0.0000000000000000     
           1   2.2852266140278454E-008  -5.9097098094809257E-011
  -6.7388041086027962E-009  -1.5075015265606016E-010
  -4.7080084736036349E-008   1.2377236340676553E-010
           2   2.2802774204837293E-008  -2.2810404906319396E-010
  -6.8994488376926132E-009  -6.0402738848172734E-010
  -4.6949290281712053E-008   4.9522219938307831E-010
           3   2.2634766549992871E-008  -1.1923803692619907E-010
  -7.4026479502813130E-009  -2.9236826145747192E-010
  -4.6538531745018341E-008   2.4042300587155278E-010
           4   2.2690325107653528E-008  -5.1408382392004915E-011
  -7.3068265559372103E-009  -9.3608841713123247E-011
  -4.6618672028457875E-008   7.8054680089196286E-011
           5   2.2743465688467208E-008  -3.8971787143921303E-011
  -7.2341439995156932E-009  -4.7247824362617216E-011
  -4.6680353341584798E-008   4.0454767692793954E-011
           6   2.2793931949523706E-008  -3.8122216155136373E-011
  -7.1854309562259713E-009  -3.2679746370126068E-011
  -4.6722896623667223E-008   2.8884402533321610E-011
           7   2.2846998398712565E-008  -4.0768935330937932E-011
  -7.1463229243474057E-009  -2.7611355436521675E-011
  -4.6758063289303360E-008   2.5092420602772821E-011
           8   2.2905041925763385E-008  -4.4807804750395275E-011
  -7.1104622098536052E-009  -2.6227720401299222E-011
  -4.6791059912319124E-008   2.4318392938258108E-011
           9   2.2969215878130287E-008  -4.9527749843553239E-011
  -7.0748910429859887E-009  -2.6547514823126621E-011
  -4.6824309888341823E-008   2.4940467992901652E-011
          10   2.3040166504918868E-008  -5.4645014066003149E-011
  -7.0380810179709307E-009  -2.7764414430006618E-011
  -4.6859066760252394E-008   2.6298793038863427E-011
          11   2.3118314641922824E-008  -6.0034602716156798E-011
  -6.9991595823336232E-009  -2.9507615963531833E-011
  -4.6896047533032140E-008   2.8090110801672555E-011
          12   2.3203976511951997E-008  -6.5639411974936068E-011
  -6.9575797249754970E-009  -3.1591436347176201E-011
  -4.6935703152772105E-008   3.0162764456297417E-011
          13   2.3297420695241051E-008  -7.1434809606072336E-011
  -6.9129657480723444E-009  -3.3917514989257416E-011
  -4.6978344836771980E-008   3.2436639097854541E-011
          14   2.3398897531219039E-008  -7.7413307931467547E-011
  -6.8650353634859171E-009  -3.6432277630604849E-011
  -4.7024207928813807E-008   3.4868346891654650E-011
          15   2.3508655722906990E-008  -8.3577405194757069E-011
  -6.8135575225196773E-009  -3.9106828718599075E-011
  -4.7073486513375853E-008   3.7434775990757528E-011
          16   2.3626952677031051E-008  -8.9936072347037470E-011
  -6.7583280800123911E-009  -4.1926809199192482E-011
  -4.7126353445116407E-008   4.0124800120823982E-011
          17   2.3754061694461569E-008  -9.6503003775674012E-011
  -6.6991548235170424E-009  -4.4887024585668800E-011
  -4.7182972730411159E-008   4.2934896074492251E-011
          18   2.3890277606502669E-008  -1.0329579077108574E-010
  -6.6358476039496402E-009  -4.7988507544845217E-011
  -4.7243507755324718E-008   4.5866757443276437E-011
          19   2.4035921740065192E-008  -1.1033562135339318E-010
  -6.5682112963307070E-009  -5.1236898270524652E-011
  -4.7308127224273374E-008   4.8925991091015774E-011
          20   2.4191346748579852E-008  -1.1764731474811664E-010
  -6.4960403109512943E-009  -5.4641582143777310E-011
  -4.7377009862927799E-008   5.2121438469943717E-011
          21   2.4356941677562184E-008  -1.2525960014855530E-010
  -6.4191138881316285E-009  -5.8215293678795291E-011
  -4.7450348520498480E-008   5.5464884803150082E-011
          22   2.4533137558908903E-008  -1.3320560423343636E-010
  -6.3371916805078841E-009  -6.1974034013004865E-011
  -4.7528354086870694E-008   5.8971032730368872E-011
          23   2.4720413807475263E-008  -1.4152354554302219E-010
  -6.2500092681380411E-009  -6.5937224705195649E-011
  -4.7611259526825345E-008   6.2657679343170525E-011
          24   2.4919305709533084E-008  -1.5025765851962999E-010
  -6.1572733189671410E-009  -7.0128065367254345E-011
  -4.7699324281892790E-008   6.6546072880419391E-011
          25   2.5130413339123755E-008  -1.5945939249167677E-010
  -6.0586561275183429E-009  -7.4574092577695293E-011
  -4.7792839278184666E-008   7.0661450812354798E-011
          26   2.5354412315425910E-008  -1.6918895561357309E-010
  -5.9537892508770519E-009  -7.9307961258575950E-011
  -4.7892132795799715E-008   7.5033781805414857E-011
          27   2.5592066927926982E-008  -1.7951730473136225E-010
  -5.8422559169411230E-009  -8.4368492610893223E-011
  -4.7997577499568218E-008   7.9698754692216956E-011
          28   2.5844246317606100E-008  -1.9052872388070264E-010
  -5.7235818037866066E-009  -8.9802059008045710E-011
  -4.8109599004292353E-008   8.4699081769252477E-011
          29   2.6111944629470276E-008  -2.0232419282408452E-010
  -5.5972236733734852E-009  -9.5664410230079378E-011
  -4.8228686457611099E-008   9.0086215402764918E-011
          30   2.6396306373032289E-008  -2.1502583188015024E-010
  -5.4625551742208529E-009  -1.0202309255944347E-010
  -4.8355405783147140E-008   9.5922621118247289E-011
          31   2.6698658685214138E-008  -2.2878283451961788E-010
  -5.3188488838480687E-009  -1.0896068048040752E-010
  -4.8490416456768538E-008   1.0228481451142833E-010
          32   2.7020552851851695E-008  -2.4377948757040610E-010
  -5.1652533076747008E-009  -1.1657914239665664E-010
  -4.8634493022818914E-008   1.0926746508513971E-010
          33   2.7363818413959008E-008  -2.6024616764664831E-010
  -5.0007630308905878E-009  -1.2500581690774628E-010
  -4.8788553047624984E-008   1.1698901634301660E-010
          34   2.7730634631001728E-008  -2.7847465404199548E-010
  -4.8241794442408311E-009  -1.3440171817517578E-010
  -4.8953693938864356E-008   1.2559949967069126E-010
          35   2.8123626269528373E-008  -2.9883982002504811E-010
  -4.6340582875752971E-009  -1.4497327499614681E-010
  -4.9131242169382663E-008   1.3529158371025863E-010
          36   2.8545843925687013E-008  -3.2183094270527653E-010
  -4.4285950297395479E-009  -1.5698923985425987E-010
  -4.9322821410167761E-008   1.4631649623680437E-010
          37   2.9001545629225957E-008  -3.4809787191514929E-010
  -4.2057000308529469E-009  -1.7080555840175378E-010
  -4.9530440072298738E-008   1.5900745432300870E-010
          38   2.9495551829306232E-008  -3.7852067262044851E-010
  -3.9625993025929847E-009  -1.8690283206731898E-010
  -4.9756629365712296E-008   1.7381496450959882E-010
          39   3.0034090278324013E-008  -4.1431755725434674E-010
  -3.6957275734915270E-009  -2.0594424810033061E-010
  -5.0004627778236501E-008   1.9136143300747259E-010
          40   3.0625698387609578E-008  -4.5721717715284464E-010
  -3.4007102169952673E-009  -2.2886790242470875E-010
  -5.0278656901350271E-008   2.1252822446374560E-010
          41   3.1281304796334020E-008  -5.0974319412206380E-010
  -3.0714307626783253E-009  -2.5703910094038239E-010
  -5.0584352100028964E-008   2.3859929878772335E-010
          42   3.2015969492922850E-008  -5.7570331653797337E-010
  -2.6995330957419573E-009  -2.9251174256316771E-010
  -5.0929426396557151E-008   2.7150778748202505E-010
          43   3.2851221303193096E-008  -6.6106940550317573E-010
  -2.2734986744645102E-009  -3.3849826801607592E-010
  -5.1324758790117594E-008   3.1427938900414930E-010
          44   3.3818340063057515E-008  -7.7565073441015650E-010
  -1.7765319542035125E-009  -4.0026245022611765E-010
  -5.1786257247382858E-008   3.7187480690700429E-010
          45   3.4965226689455883E-008  -9.3649319548246075E-010
  -1.1825405052652295E-009  -4.8693201115163678E-010
  -5.2338198784425095E-008   4.5290028717695898E-010
          46   3.6369029843515973E-008  -1.1753724979276295E-009
  -4.5019556569425496E-010  -6.1549262368576492E-010
  -5.3019619599432864E-008   5.7337696834488820E-010
          47   3.8162486121377489E-008  -1.5571100151272865E-009
   4.9160407825781620E-010  -8.2054783561083162E-010
  -5.3897469711596710E-008   7.6595217784250381E-010
          48   4.0592059217549983E-008  -2.2308087271658869E-009
   1.7746105081633866E-009  -1.1816162452450074E-009
  -5.5096186079801845E-008   1.1056628677987984E-009
          49   4.4163267916959811E-008  -3.6019995572456382E-009
   3.6687280385845765E-009  -1.9148378343133044E-009
  -5.6870564395483773E-008   1.7964904203801003E-009
          50   5.0000760346460611E-008  -7.0818432193960633E-009
   6.7749458952620000E-009  -3.7720736054804604E-009
  -5.9787352734894994E-008   3.5480435522197181E-009
          51   5.9621261821842646E-008  -1.9651730085348068E-008
   1.1904209056912565E-008  -1.0472428936801392E-008
  -6.4609291697323569E-008   9.8705122449841459E-009
          52   3.7459153236968535E-008  -5.9816684875157966E-008
   1.0444570490344182E-010  -3.1873582170826068E-008
  -5.3453636046773378E-008   3.0067875058263497E-008
          53   3.7681030025152155E-009  -2.3213454709483442E-008
  -1.7821697941248960E-008  -1.2382709239909616E-008
  -3.6511335674206554E-008   1.1669662825939206E-008
          54   1.3634052636979030E-008  -7.9810550230836742E-009
  -1.2538499301455820E-008  -4.2778371788919891E-009
  -4.1472277102467443E-008   4.0176132163284120E-009
          55   2.0054334676643968E-008  -4.0153469675444946E-009
  -9.0749136504601026E-009  -2.1772120980510405E-009
  -4.4712540036619375E-008   2.0321574338015025E-009
          56   2.4054938587186661E-008  -2.5404955600213861E-009
  -6.8828839376468497E-009  -1.4068835711513481E-009
  -4.6748546090312716E-008   1.3017462830938205E-009
          57   2.6882438341938382E-008  -1.8597721735392749E-009
  -5.2919169030668576E-009  -1.0642030774239468E-009
  -4.8212046372114918E-008   9.7427189568981740E-010
          58   2.9098921841004901E-008  -1.5050524715803949E-009
  -3.9956545798190461E-009  -9.0149736314924851E-010
  -4.9391352503024189E-008   8.1575018765722435E-010
          59   3.0977352920838627E-008  -1.3091949835855742E-009
  -2.8385802747693060E-009  -8.3221469970434354E-010
  -5.0431721176581804E-008   7.4417030736992275E-010
          60   3.2665737509268880E-008  -1.2013592672349270E-009
  -1.7280347792261906E-009  -8.2236534533001949E-010
  -5.1418754337168988E-008   7.2697478092354035E-010
          61   3.4252559780736516E-008  -1.1477947218961415E-009
  -5.9688746873937167E-010  -8.5980957157029734E-010
  -5.2413238969539002E-008   7.5197184344863805E-010
          62   3.5796028276839604E-008  -1.1310747212139558E-009
   6.1593665835980068E-010  -9.4472206118126034E-010
  -5.3468639443096872E-008   8.1815106691422550E-010
          63   3.7338138942319790E-008  -1.1416317470188558E-009
   1.9783542064598682E-009  -1.0880544512958940E-009
  -5.4643210680523074E-008   9.3387493349870169E-010
          64   3.8910991340265097E-008  -1.1736793585440875E-009
   3.5804647267430070E-009  -1.3155596690991485E-009
  -5.6012980121271640E-008   1.1199348853267781E-009
          65   4.0541177352334709E-008  -1.2224321373361520E-009
   5.5592930239191304E-009  -1.6803801088692340E-009
  -5.7691913067510035E-008   1.4197527106369389E-009
          66   4.2248077262304316E-008  -1.2803343833426130E-009
   8.1460647050493137E-009  -2.2966486184217084E-009
  -5.9871228210775785E-008   1.9268539004913534E-009
          67   4.4038638276903347E-008  -1.3274103445783073E-009
   1.1774148317292731E-008  -3.4383931057190129E-009
  -6.2907686476229765E-008   2.8658521495325084E-009
          68   4.5885037959563543E-008  -1.2963075814768169E-009
   1.7347339140147380E-008  -5.8913078348115016E-009
  -6.7543666135593198E-008   4.8805045721124627E-009
          69   4.7672611882810604E-008  -9.0272835155257441E-010
   2.6867108926539354E-008  -1.2608325058041084E-008
  -7.5419710112611723E-008   1.0389258639036194E-008
          70   4.9516237754796113E-008   1.4636965385191411E-009
   4.0569801042100295E-008  -3.9370155151208901E-008
  -8.6738213136788605E-008   3.2313268807697848E-008
          71   6.0123992803946208E-008   5.4084216107531494E-009
  -2.2771341524197320E-008  -8.3155263451876599E-008
  -3.5004245944996763E-008   6.8181682478856265E-008
          72   6.7058513085528357E-008  -1.6897111594181549E-009
  -4.1049918207938463E-008  -2.4956415289487905E-008
  -2.0194927010699869E-008   2.0569493853120459E-008
          73   7.2303486232428116E-008  -4.9806704970844978E-009
  -2.7413352934337297E-008  -9.6043604261958921E-009
  -3.1576603835019877E-008   8.0608916024936422E-009
          74   8.0934787331708728E-008  -8.5879053258377211E-009
  -1.9042959032822686E-008  -5.4022365264701711E-009
  -3.8747393439315622E-008   4.7354879080223333E-009
          75   9.5205836396354655E-008  -1.5774989292090362E-008
  -1.3220719090930340E-008  -4.2123679845654870E-009
  -4.4026519419123341E-008   4.0202007619709480E-009
          76   1.2039233827606524E-007  -3.6377743240088687E-008
  -7.9719757104014412E-009  -5.1178992678988592E-009
  -4.9235057962301947E-008   5.5247812882723801E-009
          77   1.4527682827019432E-007  -1.2348028784107844E-007
  -3.5924312514559038E-009  -1.2232008308160088E-008
  -5.3715234255957174E-008   1.4596848165935061E-008
          78  -4.1644083366001000E-008  -1.6274585170440918E-007
  -1.8234778580379802E-008  -1.5359526145892896E-008
  -3.4705065872797985E-008   1.8619339710550662E-008
          79  -3.9856565099677502E-008  -4.6204581134127374E-008
  -1.6701529474828166E-008  -4.9729199146604357E-009
  -3.5979786594153696E-008   5.7599621109660172E-009
          80  -1.0919891244535663E-008  -1.8980450304799095E-008
  -1.3006864582059339E-008  -2.4607135204543255E-009
  -4.0032796118215147E-008   2.6825360337610538E-009
          81   6.0088762446039076E-009  -1.0508825374129204E-008
  -1.0507990747841001E-008  -1.6300938997827926E-009
  -4.2652654356974492E-008   1.6818959465690822E-009
          82   1.6931684000901102E-008  -6.9825984073194546E-009
  -8.6321691806933846E-009  -1.2606667082176123E-009
  -4.4531089987719715E-008   1.2432215229068605E-009
          83   2.4862519359171342E-008  -5.2523692259349435E-009
  -7.0851786044975929E-009  -1.0692633405961996E-009
  -4.6022550799734287E-008   1.0169775014150496E-009
          84   3.1195080282311861E-008  -4.3301472806475177E-009
  -5.7207010804948068E-009  -9.6484347222093476E-010
  -4.7298228320355018E-008   8.9162500942413128E-010
          85   3.6649050809862563E-008  -3.8341072336254536E-009
  -4.4554610072588488E-009  -9.1136521138897624E-010
  -4.8451967672901306E-008   8.2326524836198813E-010
          86   4.1642610853106517E-008  -3.5964109427381205E-009
  -3.2355809117103504E-009  -8.9290960331589167E-010
  -4.9542694581147013E-008   7.9242653986938530E-010
          87   4.6453736348780807E-008  -3.5393263456036969E-009
  -2.0202522029452409E-009  -9.0259252250797009E-010
  -5.0612922436526588E-008   7.9033770820481677E-010
          88   5.1294073831501913E-008  -3.6300642638174697E-009
  -7.7387095359336453E-010  -9.3859416458292727E-010
  -5.1698171886737645E-008   8.1395477210536720E-010
          89   5.6353217424482549E-008  -3.8637443628207729E-009
   5.3949684969587648E-010  -1.0028739750665931E-009
  -5.2832824634504656E-008   8.6421145495575538E-010
          90   6.1830178541833969E-008  -4.2591049531815648E-009
   1.9606548254802459E-009  -1.1012961316005348E-009
  -5.4054974359744457E-008   9.4585181042668333E-010
          91   6.7965191586919722E-008  -4.8630287382792059E-009
   3.5418918697763931E-009  -1.2450102246477212E-009
  -5.5411880258490562E-008   1.0685207016683277E-009
          92   7.5083798003923094E-008  -5.7660565548802771E-009
   5.3540946558996423E-009  -1.4536958517938656E-009
  -5.6967751772777262E-008   1.2495754622235467E-009
          93   8.3670405710117159E-008  -7.1389510999564444E-009
   7.5026799749048622E-009  -1.7624908848651767E-009
  -5.8816714817230601E-008   1.5201914420386355E-009
          94   9.4508130690051534E-008  -9.3195568218124445E-009
   1.0153406067670071E-008  -2.2373880556808391E-009
  -6.1106783962325023E-008   1.9389519891674495E-009
          95   1.0897512791454614E-007  -1.3039916566095830E-008
   1.3587469942747295E-008  -3.0126539695680174E-009
  -6.4088312230738476E-008   2.6247614399470751E-009
          96   1.2973939497558488E-007  -2.0116216243597715E-008
   1.8321453306282278E-008  -4.3941701149283402E-009
  -6.8221340707377254E-008   3.8471228244362238E-009
          97   1.6251984623993426E-007  -3.6045249331624833E-008
   2.5404616657608969E-008  -7.1997811995576831E-009
  -7.4437550520864359E-008   6.3200958757135021E-009
          98   2.1959173279899382E-007  -8.3249406477309786E-008
   3.7179172635754217E-008  -1.4196167765958827E-008
  -8.4814678535721901E-008   1.2419412947054352E-008
          99   2.7101770428913463E-007  -2.8478119631355824E-007
   5.7605538691948274E-008  -3.8649115580971115E-008
  -1.0339989758316086E-007   3.3373849054251044E-008
         100  -1.5100803098043788E-007  -3.5107640496190123E-007
   2.2168748348171845E-008  -1.2978596380939630E-007
  -7.4223909824586195E-008   1.1867522009770128E-007
         101  -1.3761818729737315E-007  -9.9320465433100239E-008
  -6.7337792306788601E-008  -5.5948967356358533E-008
   1.0561414383272650E-008   5.1623088881919898E-008
         102  -7.4556888627776379E-008  -4.1012026336818547E-008
  -4.6411316934602144E-008  -1.8194101459126109E-008
  -8.3337154753982894E-009   1.6592424865012151E-008
         103  -3.7979068351253010E-008  -2.2632332200353494E-008
  -3.2505009865724442E-008  -8.5889941837646017E-009
  -2.0861979127048220E-008   7.7066068381439958E-009
         104  -1.4556985700183778E-008  -1.4909547064374187E-008
  -2.4334354787614455E-008  -5.0525374118469680E-009
  -2.8097707935770915E-008   4.4340580031051554E-009
         105   2.2752276076613777E-009  -1.1090800675663828E-008
  -1.8975686906534199E-008  -3.4048843350366783E-009
  -3.2724638204061176E-008   2.9005223989075121E-009
         106   1.5561733840995870E-008  -9.0419404812465417E-009
  -1.5117476516569073E-008  -2.5174813739620016E-009
  -3.5944542968990930E-008   2.0626702459969826E-009
         107   2.6885898525221275E-008  -7.9359130980195736E-009
  -1.2133546510546886E-008  -1.9926043393443748E-009
  -3.8327676957729215E-008   1.5528978398216987E-009
         108   3.7183271977514184E-008  -7.4112851747056880E-009
  -9.6928067734829859E-009  -1.6626275146851722E-009
  -4.0170656523514423E-008   1.2154748864491266E-009
         109   4.7087406096766639E-008  -7.3059993482443340E-009
  -7.6035800965076881E-009  -1.4474871716328667E-009
  -4.1638760036845638E-008   9.7460611266115423E-010
         110   5.7101485708970933E-008  -7.5619361948891567E-009
  -5.7470007866818019E-009  -1.3053741204024816E-009
  -4.2827194859639067E-008   7.8852813044145772E-010
         111   6.7702927382192960E-008  -8.1927878540068665E-009
  -4.0438833503864999E-009  -1.2131080019982619E-009
  -4.3789103906909699E-008   6.3065808335950793E-010
         112   7.9433292415441107E-008  -9.2848785612859384E-009
  -2.4380451477936777E-009  -1.1575158400267829E-009
  -4.4547922442204559E-008   4.8018588151971175E-010
         113   9.3002780822703671E-008  -1.1029457479914587E-008
  -8.8573118146602449E-010  -1.1314729828190587E-009
  -4.5100519019754989E-008   3.1544786234675825E-010
         114   1.0946681115782580E-007  -1.3810156016258322E-008
   6.4988569697857257E-010  -1.1323145499224131E-009
  -4.5411905346646026E-008   1.0592727596174562E-010
         115   1.3055714332397624E-007  -1.8424709297719737E-008
   2.2036481568058313E-009  -1.1620809247136469E-009
  -4.5397366765175098E-008  -2.0335400890040490E-010
         116   1.5941816317275132E-007  -2.6703431832493017E-008
   3.8166351781942955E-009  -1.2307683057413719E-009
  -4.4877554905881339E-008  -7.3256061606873788E-010
         117   2.0238480253838017E-007  -4.3553033288205746E-008
   5.5514005781499396E-009  -1.3687771195319505E-009
  -4.3464986613085797E-008  -1.7997546957566515E-009
         118   2.7348565044975654E-007  -8.5618438622925255E-008
   7.5223638654840026E-009  -1.6808206101795836E-009
  -4.0274860992406158E-008  -4.4820897625478994E-009
         119   3.9517314922262477E-007  -2.3259986521927295E-007
   9.8854952929206802E-009  -2.6658321990288742E-009
  -3.3879995081975383E-008  -1.3940107881238290E-008
         120   1.9776247207093698E-007  -7.6864431786319039E-007
   1.0367262482483862E-008  -6.0984011340398511E-009
  -4.8257997587910683E-008  -4.8577044315340704E-008
         121  -3.5454661985096199E-007  -3.4570916433368580E-007
   8.7777976360004877E-009  -3.5846363029153143E-009
  -8.5771209739700107E-008  -2.1055150827997027E-008
         122  -2.2883252403038168E-007  -1.1208239993551616E-007
   1.1614002037087587E-008  -2.2900116347269592E-009
  -7.9551638731508804E-008  -5.7519286574574787E-009
         123  -1.4315170154310383E-007  -5.3222446603317807E-008
   1.4438295129582023E-008  -2.1400516836000930E-009
  -7.6190842350381763E-008  -1.7057602691027066E-009
         124  -9.2102266136806910E-008  -3.1858573671094682E-008
   1.7393217619178244E-008  -2.3064029076300181E-009
  -7.5442914793628951E-008   9.2441909280457454E-012
         125  -5.7799712142668620E-008  -2.2158912777188111E-008
   2.0718148591800696E-008  -2.6759471009956041E-009
  -7.6309576291371244E-008   1.1256018992032837E-009
         126  -3.2099386761860806E-008  -1.7227037887362387E-008
   2.4679241538714066E-008  -3.2969038443159338E-009
  -7.8526318011387895E-008   2.2034714459568405E-009
         127  -1.0976657353454307E-008  -1.4702392406496131E-008
   2.9679767994460035E-008  -4.3463424600484607E-009
  -8.2293925081195190E-008   3.6357352989085975E-009
         128   7.9130185696333316E-009  -1.3720297101353569E-008
   3.6451090427011261E-008  -6.2800837450502911E-009
  -8.8344498665170308E-008   6.0583409090490720E-009
         129   2.6329611409868437E-008  -1.4213023328717025E-008
   4.6501838621072075E-008  -1.0439946946841460E-008
  -9.8436094070053680E-008   1.1169336922237717E-008
         130   4.6159125282445744E-008  -1.7448616081338562E-008
   6.3125114041078657E-008  -2.2020380715569698E-008
  -1.1656955233806442E-007   2.5444869081261027E-008
         131   6.7668509976442258E-008  -3.1312762382925266E-008
   8.4332710726327707E-008  -6.9283604808409800E-008
  -1.4014478800768107E-007   8.4082819015138296E-008
         132   5.4118745265533167E-008  -4.7087851065672562E-008
  -2.4139518534967472E-008  -1.2078932217475720E-007
  -1.7706492050910690E-009   1.4788659017496133E-007
         133   6.9990647481736394E-008  -2.5663450207953538E-008
  -3.6046542501193198E-008  -3.6059364401655879E-008
   1.6879515837907263E-008   4.1793764482414646E-008
         134   9.9419229923970110E-008  -2.3792718016477394E-008
  -1.3629754943057199E-008  -1.5582557423179479E-008
  -6.3487126393590854E-009   1.5461921900432800E-008
         135   1.3326309386455024E-007  -2.8860923982444619E-008
   1.3041481853680964E-009  -1.0075956852237316E-008
  -1.8908237463660689E-008   7.2707633689280067E-009
         136   1.7745812440556835E-007  -4.0666766581985275E-008
   1.3160999608916063E-008  -8.7805451101810117E-009
  -2.5407799851124365E-008   3.3021138241153281E-009
         137   2.4245694190247732E-007  -6.6469876079044995E-008
   2.4981728124180977E-008  -9.9405698488559568E-009
  -2.7863775813550971E-008  -2.5841911091620773E-011
         138   3.5042035389800352E-007  -1.3396856231816299E-007
   3.9620666430740977E-008  -1.4970339514699160E-008
  -2.5949772601581719E-008  -5.7965521101376188E-009
