   262144.00000000000     
         256           1           3
   1.7567330116226543E-005  -9.9392488747699996        24.225335234399999     
   6.0401400154609997        12.000000000000000        5733.8999999999996     
           0   0.0000000000000000        0.0000000000000000     
   0.0000000000000000        0.0000000000000000     
   0.0000000000000000        0.0000000000000000     
           1   0.0000000000000000        0.0000000000000000     
   7.6915117060888287E-008  -5.0685589599276219E-011
   4.0056894850424836E-008   3.3322955871575313E-011
           2   0.0000000000000000        0.0000000000000000     
   7.6927496200454871E-008  -2.1055161575522393E-011
   4.0054731891846318E-008   8.5869103712775794E-012
           3   0.0000000000000000        0.0000000000000000     
   7.6951126731651925E-008  -1.9524622670979748E-011
   4.0048964498200797E-008   4.1584755829746154E-012
           4   0.0000000000000000        0.0000000000000000     
   7.6979274650643056E-008  -2.2947480090847830E-011
   4.0044468067092627E-008   3.3038311628675258E-012
           5   0.0000000000000000        0.0000000000000000     
   7.7013524956910032E-008  -2.7634102771752744E-011
   4.0040107711475122E-008   3.3535877503861843E-012
           6   0.0000000000000000        0.0000000000000000     
   7.7054628853235834E-008  -3.2781192787707766E-011
   4.0035354460796373E-008   3.7246998614976514E-012
           7   0.0000000000000000        0.0000000000000000     
   7.7102958621090620E-008  -3.8160020208322800E-011
   4.0029956535552060E-008   4.2493819336921642E-012
           8   0.0000000000000000        0.0000000000000000     
   7.7158749267136032E-008  -4.3696161857577008E-011
   4.0023764776690652E-008   4.8713041753828724E-012
           9   0.0000000000000000        0.0000000000000000     
   7.7222188659150712E-008  -4.9366813313826420E-011
   4.0016667619494735E-008   5.5713457717720113E-012
          10   0.0000000000000000        0.0000000000000000     
   7.7293453932123433E-008  -5.5169765698313475E-011
   4.0008564931319897E-008   6.3451490977381406E-012
          11   0.0000000000000000        0.0000000000000000     
   7.7372728184765884E-008  -6.1112523339273025E-011
   3.9999356127933792E-008   7.1952301381001711E-012
          12   0.0000000000000000        0.0000000000000000     
   7.7460209449963950E-008  -6.7208092167629499E-011
   3.9988933906371381E-008   8.1279075289421942E-012
          13   0.0000000000000000        0.0000000000000000     
   7.7556116475541760E-008  -7.3473297444946309E-011
   3.9977180324088503E-008   9.1520557995979317E-012
          14   0.0000000000000000        0.0000000000000000     
   7.7660693263733655E-008  -7.9928178233994426E-011
   3.9963963819143505E-008   1.0278631830229817E-011
          15   0.0000000000000000        0.0000000000000000     
   7.7774213262449583E-008  -8.6595905979016656E-011
   3.9949136535381150E-008   1.1520573826063011E-011
          16   0.0000000000000000        0.0000000000000000     
   7.7896983702042100E-008  -9.3503002283362740E-011
   3.9932531604541599E-008   1.2892908683962692E-011
          17   0.0000000000000000        0.0000000000000000     
   7.8029350388527027E-008  -1.0067976772174591E-010
   3.9913960172958817E-008   1.4413002052842279E-011
          18   0.0000000000000000        0.0000000000000000     
   7.8171703213537577E-008  -1.0816089436812486E-010
   3.9893207998609806E-008   1.6100928812564965E-011
          19   0.0000000000000000        0.0000000000000000     
   7.8324482620252748E-008  -1.1598627001994150E-010
   3.9870031466072870E-008   1.7979966459710904E-011
          20   0.0000000000000000        0.0000000000000000     
   7.8488184277864593E-008  -1.2420200313447630E-010
   3.9844120271708960E-008   2.0077229094168286E-011
          21   0.0000000000000000        0.0000000000000000     
   7.8663380454552088E-008  -1.3286172002844538E-010
   3.9815221977951356E-008   2.2424467655201926E-011
          22   0.0000000000000000        0.0000000000000000     
   7.8850713088956684E-008  -1.4202820596001718E-010
   3.9782939676501541E-008   2.5059095418798830E-011
          23   0.0000000000000000        0.0000000000000000     
   7.9050919638781435E-008  -1.5177549382997048E-010
   3.9746853758139375E-008   2.8025484080826057E-011
          24   0.0000000000000000        0.0000000000000000     
   7.9264846983101060E-008  -1.6219154048580475E-010
   3.9706478866110814E-008   3.1376632341230156E-011
          25   0.0000000000000000        0.0000000000000000     
   7.9493472455153658E-008  -1.7338168633601057E-010
   3.9661250856404831E-008   3.5176323732426032E-011
          26   0.0000000000000000        0.0000000000000000     
   7.9737930200893630E-008  -1.8547317176903882E-010
   3.9610510435835462E-008   3.9501945903520960E-011
          27   0.0000000000000000        0.0000000000000000     
   7.9999544519194750E-008  -1.9862109697217250E-010
   3.9553482439854474E-008   4.4448213511632788E-011
          28   0.0000000000000000        0.0000000000000000     
   8.0279872458450283E-008  -2.1301637988183524E-010
   3.9489249327212024E-008   5.0132142294494032E-011
          29   0.0000000000000000        0.0000000000000000     
   8.0580758834511982E-008  -2.2889651922207216E-010
   3.9416716908499319E-008   5.6699779991816584E-011
          30   0.0000000000000000        0.0000000000000000     
   8.0904408141293836E-008  -2.4656035675620195E-010
   3.9334569508346750E-008   6.4335442505035123E-011
          31   0.0000000000000000        0.0000000000000000     
   8.1253479764584451E-008  -2.6638863749850800E-010
   3.9241210545495830E-008   7.3274582733491310E-011
          32   0.0000000000000000        0.0000000000000000     
   8.1631215858688952E-008  -2.8887313138053708E-010
   3.9134682665215344E-008   8.3822024345950074E-011
          33   0.0000000000000000        0.0000000000000000     
   8.2041615802850723E-008  -3.1465865617863904E-010
   3.9012558703716479E-008   9.6378281033789815E-011
          34   0.0000000000000000        0.0000000000000000     
   8.2489678375122917E-008  -3.4460498304964554E-010
   3.8871790235947385E-008   1.1147833794589226E-010
          35   0.0000000000000000        0.0000000000000000     
   8.2981740951971811E-008  -3.7988016170112534E-010
   3.8708499432633931E-008   1.2985012812224462E-010
          36   0.0000000000000000        0.0000000000000000     
   8.3525989344537761E-008  -4.2210491641661245E-010
   3.8517643505375104E-008   1.5250502571982822E-010
          37   0.0000000000000000        0.0000000000000000     
   8.4133171177207301E-008  -4.7358273769893598E-010
   3.8292592550875408E-008   1.8088206186790147E-010
          38   0.0000000000000000        0.0000000000000000     
   8.4817729387609432E-008  -5.3767910624425582E-010
   3.8024403097364005E-008   2.1708564136026808E-010
          39   0.0000000000000000        0.0000000000000000     
   8.5599555769701075E-008  -6.1947134467183091E-010
   3.7700774786458447E-008   2.6429293153060239E-010
          40   0.0000000000000000        0.0000000000000000     
   8.6506879047080678E-008  -7.2691418669218898E-010
   3.7304034997406169E-008   3.2748461406129877E-010
          41   0.0000000000000000        0.0000000000000000     
   8.7581138680118917E-008  -8.7304653986191336E-010
   3.6808391922728493E-008   4.1482843362550718E-010
          42   0.0000000000000000        0.0000000000000000     
   8.8885772327523460E-008  -1.0804513178282659E-009
   3.6174322839131248E-008   5.4047545320942622E-010
          43   0.0000000000000000        0.0000000000000000     
   9.0522939578886681E-008  -1.3910227841815589E-009
   3.5337881834857928E-008   7.3068417221228170E-010
          44   0.0000000000000000        0.0000000000000000     
   9.2667759891833028E-008  -1.8896412796759983E-009
   3.4189245910082346E-008   1.0386647155119704E-009
          45   0.0000000000000000        0.0000000000000000     
   9.5644807402113204E-008  -2.7696627823571307E-009
   3.2525434889984255E-008   1.5856413946794394E-009
          46   0.0000000000000000        0.0000000000000000     
   1.0011557971987638E-007  -4.5495686216635757E-009
   2.9931923084088473E-008   2.6966947447131537E-009
          47   0.0000000000000000        0.0000000000000000     
   1.0755015621895244E-007  -8.9952276570887619E-009
   2.5486810940238200E-008   5.4790318560010903E-009
          48   0.0000000000000000        0.0000000000000000     
   1.2024180530461124E-007  -2.4612586186232569E-008
   1.7751547423745742E-008   1.5265975617942512E-008
          49   0.0000000000000000        0.0000000000000000     
   9.7905789604802984E-008  -8.0400555547941491E-008
   3.1985378048343843E-008   5.0240207591385111E-008
          50   0.0000000000000000        0.0000000000000000     
   4.2389919201451614E-008  -3.5081178822584637E-008
   6.7035737246458468E-008   2.1818543582351680E-008
          51   0.0000000000000000        0.0000000000000000     
   5.5492330793006404E-008  -1.1450303164888750E-008
   5.9066161304108912E-008   6.9955842065657867E-009
          52   0.0000000000000000        0.0000000000000000     
   6.4287308775687353E-008  -5.4522942195277318E-009
   5.3806604307716210E-008   3.2283571175765542E-009
          53   0.0000000000000000        0.0000000000000000     
   6.9516388619963375E-008  -3.2531257382919597E-009
   5.0792016352264242E-008   1.8427015507157761E-009
          54   0.0000000000000000        0.0000000000000000     
   7.3004113374659728E-008  -2.2358747670167640E-009
   4.8878742387012782E-008   1.1977208633859168E-009
          55   0.0000000000000000        0.0000000000000000     
   7.5571351313483742E-008  -1.6949480861257048E-009
   4.7552726530723966E-008   8.5093624268926339E-010
          56   0.0000000000000000        0.0000000000000000     
   7.7611726038257877E-008  -1.3820305232846799E-009
   4.6567740596956727E-008   6.4657361832338862E-010
          57   0.0000000000000000        0.0000000000000000     
   7.9334593294668225E-008  -1.1927418944004692E-009
   4.5793365547830879E-008   5.1908875505413147E-010
          58   0.0000000000000000        0.0000000000000000     
   8.0862231577274371E-008  -1.0775244217933955E-009
   4.5153875975214104E-008   4.3728605668297723E-010
          59   0.0000000000000000        0.0000000000000000     
   8.2272412870546446E-008  -1.0108486468632439E-009
   4.4601639269172610E-008   3.8500112349244034E-010
          60   0.0000000000000000        0.0000000000000000     
   8.3618946953480893E-008  -9.7898102685836111E-010
   4.4104391406842257E-008   3.5341764689628328E-010
          61   0.0000000000000000        0.0000000000000000     
   8.4942590395205989E-008  -9.7462871537199009E-010
   4.3638062842508504E-008   3.3769011864950643E-010
          62   0.0000000000000000        0.0000000000000000     
   8.6277440129350898E-008  -9.9447525320065626E-010
   4.3183492743370231E-008   3.3536905790381933E-010
          63   0.0000000000000000        0.0000000000000000     
   8.7655273504809955E-008  -1.0381016379568860E-009
   4.2723454016792280E-008   3.4567857659722610E-010
          64   0.0000000000000000        0.0000000000000000     
   8.9109065778431899E-008  -1.1077112002209367E-009
   4.2240933749339081E-008   3.6927017060386474E-010
          65   0.0000000000000000        0.0000000000000000     
   9.0676590254362188E-008  -1.2084955193420959E-009
   4.1716628702384247E-008   4.0832991632808636E-010
          66   0.0000000000000000        0.0000000000000000     
   9.2404917693197658E-008  -1.3497609319989993E-009
   4.1127592325816932E-008   4.6707336793220123E-010
          67   0.0000000000000000        0.0000000000000000     
   9.4357051556922458E-008  -1.5472833959795541E-009
   4.0443585810699361E-008   5.5283914557777691E-010
          68   0.0000000000000000        0.0000000000000000     
   9.6622765974592204E-008  -1.8280324675466334E-009
   3.9621479385248893E-008   6.7831679712158911E-010
          69   0.0000000000000000        0.0000000000000000     
   9.9337834368297766E-008  -2.2400137717502981E-009
   3.8596384197164389E-008   8.6621143200049290E-010
          70   0.0000000000000000        0.0000000000000000     
   1.0272089456476116E-007  -2.8743544127138895E-009
   3.7264802745141825E-008   1.1597274911168000E-009
          71   0.0000000000000000        0.0000000000000000     
   1.0714997542082503E-007  -3.9202698889815718E-009
   3.5446982992441016E-008   1.6486747628406499E-009
          72   0.0000000000000000        0.0000000000000000     
   1.1333666301916808E-007  -5.8223151432756514E-009
   3.2805011142780203E-008   2.5441643269251278E-009
          73   0.0000000000000000        0.0000000000000000     
   1.2275994342915208E-007  -9.8251901803376750E-009
   2.8636436106000041E-008   4.4374085323112909E-009
          74   0.0000000000000000        0.0000000000000000     
   1.3871634697548835E-007  -2.0450196848313255E-008
   2.1374824839721456E-008   9.4761291151936301E-009
          75   0.0000000000000000        0.0000000000000000     
   1.6374496585498835E-007  -6.1147346509744106E-008
   9.8149448256041627E-009   2.8799899917027539E-008
          76   0.0000000000000000        0.0000000000000000     
   7.2314269878693296E-008  -1.5629132802378276E-007
   5.3593813049978570E-008   7.3987544251638481E-008
          77   0.0000000000000000        0.0000000000000000     
   1.5617680068224343E-008  -5.0604237282884295E-008
   8.0882307489617917E-008   2.3772269479434580E-008
          78   0.0000000000000000        0.0000000000000000     
   4.0307961994414626E-008  -1.8117236112304596E-008
   6.9526600323639804E-008   8.3291838149173888E-009
          79   0.0000000000000000        0.0000000000000000     
   5.5150903523284773E-008  -9.1491182117574801E-009
   6.2860387006377585E-008   4.0577033093869337E-009
          80   0.0000000000000000        0.0000000000000000     
   6.4189654045829045E-008  -5.6580517408666084E-009
   5.8968035907800213E-008   2.3871211396565704E-009
          81   0.0000000000000000        0.0000000000000000     
   7.0363343899802987E-008  -3.9857474123527131E-009
   5.6454157521530604E-008   1.5794245437048368E-009
          82   0.0000000000000000        0.0000000000000000     
   7.4995710666035028E-008  -3.0789656452753752E-009
   5.4691560964794399E-008   1.1340500116499133E-009
          83   0.0000000000000000        0.0000000000000000     
   7.8737281589258017E-008  -2.5508717464094481E-009
   5.3372910351857263E-008   8.6693570000919813E-010
          84   0.0000000000000000        0.0000000000000000     
   8.1943225723493513E-008  -2.2344043538530067E-009
   5.2332092477701242E-008   6.9832883562862468E-010
          85   0.0000000000000000        0.0000000000000000     
   8.4827213393946541E-008  -2.0492163274204543E-009
   5.1470666774494334E-008   5.8954003147074889E-010
          86   0.0000000000000000        0.0000000000000000     
   8.7530546401312629E-008  -1.9542407899588652E-009
   5.0725572756816808E-008   5.2035353716724112E-010
          87   0.0000000000000000        0.0000000000000000     
   9.0156654809467678E-008  -1.9285631181908589E-009
   5.0052285868297099E-008   4.7985281444652754E-010
          88   0.0000000000000000        0.0000000000000000     
   9.2790457776203777E-008  -1.9631984762340843E-009
   4.9417199795061023E-008   4.6237389717541647E-010
          89   0.0000000000000000        0.0000000000000000     
   9.5511124445665565E-008  -2.0577876490548257E-009
   4.8791696287599906E-008   4.6570369497048617E-010
          90   0.0000000000000000        0.0000000000000000     
   9.8402632220349136E-008  -2.2201220987122881E-009
   4.8147561007922284E-008   4.9045551079082058E-010
          91   0.0000000000000000        0.0000000000000000     
   1.0156527788230418E-007  -2.4681404320370888E-009
   4.7454718615399823E-008   5.4029945648129771E-010
          92   0.0000000000000000        0.0000000000000000     
   1.0513158384750365E-007  -2.8353946531178082E-009
   4.6675209950075964E-008   6.2319556510644385E-010
          93   0.0000000000000000        0.0000000000000000     
   1.0929238915965324E-007  -3.3831838208191970E-009
   4.5756964092192753E-008   7.5439035284437151E-010
          94   0.0000000000000000        0.0000000000000000     
   1.1434491815322759E-007  -4.2279352486159994E-009
   4.4621555519314836E-008   9.6333437090746929E-010
          95   0.0000000000000000        0.0000000000000000     
   1.2079012970225429E-007  -5.6084223069591493E-009
   4.3138409118344558E-008   1.3107658132790802E-009
          96   0.0000000000000000        0.0000000000000000     
   1.2955010055789466E-007  -8.0734210248628563E-009
   4.1069614743880440E-008   1.9364691849172088E-009
          97   0.0000000000000000        0.0000000000000000     
   1.4250171756284547E-007  -1.3109117506154306E-008
   3.7934205263050889E-008   3.2189823226255122E-009
          98   0.0000000000000000        0.0000000000000000     
   1.6381075464784938E-007  -2.5849257773623723E-008
   3.2668138798178492E-008   6.4654468210757494E-009
          99   0.0000000000000000        0.0000000000000000     
   1.9940662358444325E-007  -7.1463685138963120E-008
   2.3760735598059661E-008   1.8083062607227997E-008
         100   0.0000000000000000        0.0000000000000000     
   1.2373757031660889E-007  -2.2338355391554963E-007
   4.3166192462497690E-008   5.6763388458954613E-008
         101   0.0000000000000000        0.0000000000000000     
  -1.1521323049812183E-008  -8.9974257195626522E-008
   7.7707224974092774E-008   2.2824703976106920E-008
         102   0.0000000000000000        0.0000000000000000     
   2.5182354027230333E-008  -3.0431662208065864E-008
   6.8455471108088830E-008   7.6959265584111170E-009
         103   0.0000000000000000        0.0000000000000000     
   4.9356220317388135E-008  -1.5127012897418319E-008
   6.2350591962732591E-008   3.8392089654286928E-009
         104   0.0000000000000000        0.0000000000000000     
   6.4346281924677294E-008  -9.5496691807810291E-009
   5.8519021640984605E-008   2.4762439587439316E-009
         105   0.0000000000000000        0.0000000000000000     
   7.5004924707979762E-008  -7.0970748758483789E-009
   5.5698658843531126E-008   1.9359764598220024E-009
         106   0.0000000000000000        0.0000000000000000     
   8.3587643645203216E-008  -5.9923301617496500E-009
   5.3270478315266014E-008   1.7827106736307923E-009
         107   0.0000000000000000        0.0000000000000000     
   9.1300406270062910E-008  -5.6586616884925653E-009
   5.0853501803361599E-008   1.9005073607497804E-009
         108   0.0000000000000000        0.0000000000000000     
   9.8985746566293382E-008  -5.9596655258229154E-009
   4.8105814643199638E-008   2.3171404413817498E-009
         109   0.0000000000000000        0.0000000000000000     
   1.0749771919774011E-007  -7.0717479151022917E-009
   4.4572388215493839E-008   3.2190353993438488E-009
         110   0.0000000000000000        0.0000000000000000     
   1.1810877211642503E-007  -9.7340505348214592E-009
   3.9444022401304854E-008   5.1690093248655301E-009
         111   0.0000000000000000        0.0000000000000000     
   1.3331180994402801E-007  -1.6583025681808019E-008
   3.1003881927966359E-008   1.0085413354742073E-008
         112   0.0000000000000000        0.0000000000000000     
   1.5734698276583917E-007  -4.0036487293278364E-008
   1.6264325683311448E-008   2.6946877382046548E-008
         113   0.0000000000000000        0.0000000000000000     
   1.3885894251826250E-007  -1.3213649290818046E-007
   3.2433021363860612E-008   9.3365912422759943E-008
         114   0.0000000000000000        0.0000000000000000     
   3.2390185940041734E-008  -7.0189808062200806E-008
   1.1245182582232717E-007   4.8351487936538317E-008
         115   0.0000000000000000        0.0000000000000000     
   5.7693851087702892E-008  -2.4277671887188260E-008
   9.7606228066392031E-008   1.4816214797782844E-008
         116   0.0000000000000000        0.0000000000000000     
   7.7978061594677845E-008  -1.3505915399732751E-008
   8.6949395556082010E-008   6.5132589029823153E-009
         117   0.0000000000000000        0.0000000000000000     
   9.2782336827922446E-008  -1.0414055230324058E-008
   8.1092810870301229E-008   3.4831296969374329E-009
         118   0.0000000000000000        0.0000000000000000     
   1.0603705137893942E-007  -1.0181592191797517E-008
   7.7666524893606469E-008   2.0164716392542384E-009
         119   0.0000000000000000        0.0000000000000000     
   1.2035921729154656E-007  -1.2132842705246609E-008
   7.5645303370768278E-008   1.1082776793795647E-009
         120   0.0000000000000000        0.0000000000000000     
   1.3872863663623644E-007  -1.7597515700565122E-008
   7.4641841145142437E-008   3.2232076698476154E-010
         121   0.0000000000000000        0.0000000000000000     
   1.6655261952653330E-007  -3.2559905955304273E-008
   7.4671485273934022E-008  -8.3196927500599535E-010
         122   0.0000000000000000        0.0000000000000000     
   2.1134036781081236E-007  -8.7120828449404210E-008
   7.5996447436476972E-008  -4.1389363577084898E-009
         123   0.0000000000000000        0.0000000000000000     
   1.2384216819409790E-007  -2.7207059223512063E-007
   7.0012564480262109E-008  -1.4803415399928166E-008
         124   0.0000000000000000        0.0000000000000000     
  -4.3310204162927907E-008  -1.1145170276076075E-007
   5.9636186999805443E-008  -5.7518898386136823E-009
         125   0.0000000000000000        0.0000000000000000     
   2.0788100027725988E-009  -3.7803376184865872E-008
   6.1458794489746868E-008  -1.6176093040955114E-009
         126   0.0000000000000000        0.0000000000000000     
   3.2187145371316459E-008  -1.8826726565966474E-008
   6.2475756370250262E-008  -5.6792075309241417E-010
         127   0.0000000000000000        0.0000000000000000     
   5.0834843998123658E-008  -1.1821479903633432E-008
   6.2863379694459427E-008  -1.7447260274196690E-010
         128   0.0000000000000000        0.0000000000000000     
   6.3941777161314741E-008  -8.6196782316878107E-009
   6.2924692112485364E-008   2.8340478634944908E-011
         129   0.0000000000000000        0.0000000000000000     
   7.4207064454426868E-008  -6.9979438113235363E-009
   6.2778427550650953E-008   1.7085348743935557E-010
         130   0.0000000000000000        0.0000000000000000     
   8.2978508187814356E-008  -6.1790279274230276E-009
   6.2457030504693045E-008   3.0513145235292953E-010
         131   0.0000000000000000        0.0000000000000000     
   9.1038073494807648E-008  -5.8529801572602509E-009
   6.1946779062446337E-008   4.6280372673504943E-010
         132   0.0000000000000000        0.0000000000000000     
   9.8929519205262780E-008  -5.9021689481923339E-009
   6.1197106410941822E-008   6.7503999268753776E-010
         133   0.0000000000000000        0.0000000000000000     
   1.0712420493296915E-007  -6.3173514044666644E-009
   6.0110727240400633E-008   9.8631668353631753E-010
         134   0.0000000000000000        0.0000000000000000     
   1.1614164841772698E-007  -7.1892687023239568E-009
   5.8517238835586591E-008   1.4748038289925292E-009
         135   0.0000000000000000        0.0000000000000000     
   1.2669421508677593E-007  -8.7650691407140514E-009
   5.6111277871779132E-008   2.2975904026292021E-009
         136   0.0000000000000000        0.0000000000000000     
   1.3994884439515129E-007  -1.1641090346688481E-008
   5.2310513786895598E-008   3.8135408946605842E-009
         137   0.0000000000000000        0.0000000000000000     
   1.5812405197993066E-007  -1.7412241160071272E-008
   4.5906150609687733E-008   6.9863108342124485E-009
         138   0.0000000000000000        0.0000000000000000     
   1.8596787691321440E-007  -3.1394289093836314E-008
   3.4169342113143805E-008   1.5078696999024474E-008
