   262144.00000000000     
         256           1           3
   1.7567330116226543E-005   9.5380156328170003       -63.764852649100000     
   6.0401400154609997        12.000000000000000        5733.8999999999996     
           0   0.0000000000000000        0.0000000000000000     
   0.0000000000000000        0.0000000000000000     
   0.0000000000000000        0.0000000000000000     
           1   0.0000000000000000        0.0000000000000000     
  -1.1718725742574071E-009   8.3007104382833028E-012
  -1.0172047255690995E-008  -1.2360838068312871E-011
           2   0.0000000000000000        0.0000000000000000     
  -1.1723517996144928E-009   2.0857078367976913E-012
  -1.0176229896771746E-008   1.2082811856857932E-012
           3   0.0000000000000000        0.0000000000000000     
  -1.1736887485706796E-009   9.4548245691266530E-013
  -1.0182263311370512E-008   5.7364706380352824E-012
           4   0.0000000000000000        0.0000000000000000     
  -1.1746609922309771E-009   6.9552490194225820E-013
  -1.0192365755844504E-008   8.7063766967481369E-012
           5   0.0000000000000000        0.0000000000000000     
  -1.1755471749545316E-009   6.6737885582226924E-013
  -1.0206089899138180E-008   1.1322661837832699E-011
           6   0.0000000000000000        0.0000000000000000     
  -1.1764729166810626E-009   7.1412293842508829E-013
  -1.0223277029021631E-008   1.3859236629677982E-011
           7   0.0000000000000000        0.0000000000000000     
  -1.1774929190299285E-009   7.9258801668405657E-013
  -1.0243911241967098E-008   1.6405414821019061E-011
           8   0.0000000000000000        0.0000000000000000     
  -1.1786345129485069E-009   8.8739115297082732E-013
  -1.0268042699084000E-008   1.9001727325086182E-011
           9   0.0000000000000000        0.0000000000000000     
  -1.1799137982347936E-009   9.9235675196793232E-013
  -1.0295760063676790E-008   2.1673284578922321E-011
          10   0.0000000000000000        0.0000000000000000     
  -1.1813420422637441E-009   1.1048855924875903E-012
  -1.0327180602013958E-008   2.4440044675243400E-011
          11   0.0000000000000000        0.0000000000000000     
  -1.1829284806093219E-009   1.2239600256153709E-012
  -1.0362447021365891E-008   2.7320620995426475E-011
          12   0.0000000000000000        0.0000000000000000     
  -1.1846816808686270E-009   1.3493502652544998E-012
  -1.0401727231323788E-008   3.0333985337846799E-011
          13   0.0000000000000000        0.0000000000000000     
  -1.1866102817870062E-009   1.4812723150308339E-012
  -1.0445215642112894E-008   3.3500414531654093E-011
          14   0.0000000000000000        0.0000000000000000     
  -1.1887234523241648E-009   1.6202337259778468E-012
  -1.0493135458064147E-008   3.6842163704205461E-011
          15   0.0000000000000000        0.0000000000000000     
  -1.1910312215199202E-009   1.7669656772576687E-012
  -1.0545741791136617E-008   4.0384062702190261E-011
          16   0.0000000000000000        0.0000000000000000     
  -1.1935447557332627E-009   1.9223986602638978E-012
  -1.0603325574967781E-008   4.4154131282368769E-011
          17   0.0000000000000000        0.0000000000000000     
  -1.1962766235794202E-009   2.0876631848800478E-012
  -1.0666218353945041E-008   4.8184270975468090E-011
          18   0.0000000000000000        0.0000000000000000     
  -1.1992410759015086E-009   2.2641071629034894E-012
  -1.0734798082179825E-008   5.2511080389051487E-011
          19   0.0000000000000000        0.0000000000000000     
  -1.2024543584937286E-009   2.4533269830923300E-012
  -1.0809496135115990E-008   5.7176840731874667E-011
          20   0.0000000000000000        0.0000000000000000     
  -1.2059351901446066E-009   2.6572117478513632E-012
  -1.0890770397916442E-008   6.2230725806858542E-011
          21   0.0000000000000000        0.0000000000000000     
  -1.2097047424723966E-009   2.8780022152553597E-012
  -1.0979257168616459E-008   6.7730311642295419E-011
          22   0.0000000000000000        0.0000000000000000     
  -1.2137878457088105E-009   3.1183674566230020E-012
  -1.1075571366752160E-008   7.3743461407594807E-011
          23   0.0000000000000000        0.0000000000000000     
  -1.2182131778116713E-009   3.3815038469397172E-012
  -1.1180463587083296E-008   8.0350726575923123E-011
          24   0.0000000000000000        0.0000000000000000     
  -1.2230141727032826E-009   3.6712632167402051E-012
  -1.1294803830313645E-008   8.7648413914356063E-011
          25   0.0000000000000000        0.0000000000000000     
  -1.2282300123917403E-009   3.9923196194276359E-012
  -1.1419605331587083E-008   9.5752550414011668E-011
          26   0.0000000000000000        0.0000000000000000     
  -1.2339068763182415E-009   4.3503881692393375E-012
  -1.1556054493084512E-008   1.0480406051998844E-010
          27   0.0000000000000000        0.0000000000000000     
  -1.2400995298205792E-009   4.7525149930014001E-012
  -1.1705548820310704E-008   1.1497560119439073E-010
          28   0.0000000000000000        0.0000000000000000     
  -1.2468733634775475E-009   5.2074657302063424E-012
  -1.1869745477190365E-008   1.2648069325461888E-010
          29   0.0000000000000000        0.0000000000000000     
  -1.2543070397311878E-009   5.7262525076711890E-012
  -1.2050624097121138E-008   1.3958607800732531E-010
          30   0.0000000000000000        0.0000000000000000     
  -1.2624959675830303E-009   6.3228585530363219E-012
  -1.2250568991259785E-008   1.5462867361509602E-010
          31   0.0000000000000000        0.0000000000000000     
  -1.2715569221101307E-009   7.0152496367975421E-012
  -1.2472478130052095E-008   1.7203920155721818E-010
          32   0.0000000000000000        0.0000000000000000     
  -1.2816342723174543E-009   7.8268094210359610E-012
  -1.2719909663944448E-008   1.9237566440904070E-010
          33   0.0000000000000000        0.0000000000000000     
  -1.2929085063695310E-009   8.7884141115041534E-012
  -1.2997281999854253E-008   2.1637167060525663E-010
          34   0.0000000000000000        0.0000000000000000     
  -1.3056081020249344E-009   9.9414930160442835E-012
  -1.3310151759498408E-008   2.4500764321603743E-010
          35   0.0000000000000000        0.0000000000000000     
  -1.3200263611603509E-009   1.1342647964846223E-011
  -1.3665488345076002E-008   2.7961818889372794E-010
          36   0.0000000000000000        0.0000000000000000     
  -1.3365458693875372E-009   1.3070807672512471E-011
  -1.4072719885652057E-008   3.2205828588576018E-010
          37   0.0000000000000000        0.0000000000000000     
  -1.3556746948139152E-009   1.5238637359801306E-011
  -1.4543863369658397E-008   3.7496806814527917E-010
          38   0.0000000000000000        0.0000000000000000     
  -1.3781017728607382E-009   1.8011355470395388E-011
  -1.5095288364802178E-008   4.4220935688869150E-010
          39   0.0000000000000000        0.0000000000000000     
  -1.4047839220801424E-009   2.1638994950143269E-011
  -1.5749599046118449E-008   5.2961373506623347E-010
          40   0.0000000000000000        0.0000000000000000     
  -1.4370888649551247E-009   2.6514288804431983E-011
  -1.6539039353433030E-008   6.4632438955192155E-010
          41   0.0000000000000000        0.0000000000000000     
  -1.4770371990633048E-009   3.3282294740734280E-011
  -1.7510980083035114E-008   8.0733670783550031E-010
          42   0.0000000000000000        0.0000000000000000     
  -1.5277385644367662E-009   4.3061987585355467E-011
  -1.8738253075009214E-008   1.0386329650306427E-009
          43   0.0000000000000000        0.0000000000000000     
  -1.5942221332239915E-009   5.7931624015351749E-011
  -2.0337944448013701E-008   1.3884278077543365E-009
          44   0.0000000000000000        0.0000000000000000     
  -1.6851370118384924E-009   8.2105293742521577E-011
  -2.2511195775731955E-008   1.9544261986331290E-009
          45   0.0000000000000000        0.0000000000000000     
  -1.8165545789122786E-009   1.2518766588070907E-010
  -2.5631281486067597E-008   2.9592253687770951E-009
          46   0.0000000000000000        0.0000000000000000     
  -2.0212823360580554E-009   2.1294143670529691E-010
  -3.0459378084048105E-008   4.9997570355484595E-009
          47   0.0000000000000000        0.0000000000000000     
  -2.3723077445485826E-009   4.3312400439508251E-010
  -3.8688178068474222E-008   1.0109146298845886E-008
          48   0.0000000000000000        0.0000000000000000     
  -2.9835179587377229E-009   1.2084764394041562E-009
  -5.2956613938160379E-008   2.8080795789112767E-008
          49   0.0000000000000000        0.0000000000000000     
  -1.8526483118523326E-009   3.9802479871698451E-009
  -2.6881680489750039E-008   9.2302963519627331E-008
          50   0.0000000000000000        0.0000000000000000     
   9.2858306371631673E-010   1.7268480806455613E-009
   3.7409248424273331E-008   4.0113259873027240E-008
          51   0.0000000000000000        0.0000000000000000     
   3.0089148920205133E-010   5.5127219991057017E-010
   2.2709869208851105E-008   1.2894336509887291E-008
          52   0.0000000000000000        0.0000000000000000     
  -1.1112556275289210E-010   2.5193647812658035E-010
   1.2986073136796453E-008   5.9766176618614590E-009
          53   0.0000000000000000        0.0000000000000000     
  -3.4414642963351056E-010   1.4126282752949105E-010
   7.3844043149906584E-009   3.4320289788603844E-009
          54   0.0000000000000000        0.0000000000000000     
  -4.8864241791225425E-010   8.9163597558123983E-011
   3.8053013644027970E-009   2.2474501322155016E-009
          55   0.0000000000000000        0.0000000000000000     
  -5.8516367976563050E-010   6.0539025853723085E-011
   1.3048341774860066E-009   1.6103793917509585E-009
          56   0.0000000000000000        0.0000000000000000     
  -6.5297846532533876E-010   4.3008356942178327E-011
  -5.6891516167448703E-010   1.2347861389963514E-009
          57   0.0000000000000000        0.0000000000000000     
  -7.0213713102567568E-010   3.1334003418316300E-011
  -2.0554502301597054E-009   1.0003323788269405E-009
          58   0.0000000000000000        0.0000000000000000     
  -7.3828615819566627E-010   2.2989051004650110E-011
  -3.2937992075765613E-009   8.4976262174078873E-010
          59   0.0000000000000000        0.0000000000000000     
  -7.6476203912631741E-010   1.6621717360544389E-011
  -4.3714498200100046E-009   7.5343584188707444E-010
          60   0.0000000000000000        0.0000000000000000     
  -7.8358238632697810E-010   1.1440061363742030E-011
  -5.3480612275250617E-009   6.9522308530571799E-010
          61   0.0000000000000000        0.0000000000000000     
  -7.9594588553000843E-010   6.9349696902369513E-012
  -6.2673652675672472E-009   6.6631449016336320E-010
          62   0.0000000000000000        0.0000000000000000     
  -8.0249103706908864E-010   2.7412260061521551E-012
  -7.1651991340146509E-009   6.6234118115052623E-010
          63   0.0000000000000000        0.0000000000000000     
  -8.0342494268283095E-010  -1.4417216336677732E-012
  -8.0737324217964283E-009   6.8206970456855917E-010
          64   0.0000000000000000        0.0000000000000000     
  -7.9856943881127803E-010  -5.9045193021545542E-012
  -9.0254395980728157E-009   7.2698419421056786E-010
          65   0.0000000000000000        0.0000000000000000     
  -7.8734111027301093E-010  -1.0977961818189319E-011
  -1.0056310598572234E-008   8.0154029065306815E-010
          66   0.0000000000000000        0.0000000000000000     
  -7.6866285128421319E-010  -1.7095004710094976E-011
  -1.1210914167624766E-008   9.1417362321417762E-010
          67   0.0000000000000000        0.0000000000000000     
  -7.4077662115383521E-010  -2.4887633750518287E-011
  -1.2548221308470252E-008   1.0794889400587997E-009
          68   0.0000000000000000        0.0000000000000000     
  -7.0089299033528404E-010  -3.5362263366482599E-011
  -1.4152231061204067E-008   1.3226994082842509E-009
          69   0.0000000000000000        0.0000000000000000     
  -6.4453701824326731E-010  -5.0252523455962682E-011
  -1.6150326315523194E-008   1.6889088475126815E-009
          70   0.0000000000000000        0.0000000000000000     
  -5.6426413391622629E-010  -7.2801705426074251E-011
  -1.8747377104921978E-008   2.2639653120571109E-009
          71   0.0000000000000000        0.0000000000000000     
  -4.4697548043385485E-010  -1.0970306477551104E-010
  -2.2298900175411283E-008   3.2263843600836149E-009
          72   0.0000000000000000        0.0000000000000000     
  -2.6778716752062250E-010  -1.7664487534407097E-010
  -2.7474380988492575E-008   4.9959139911725580E-009
          73   0.0000000000000000        0.0000000000000000     
   2.5259171020853189E-011  -3.1751642126198570E-010
  -3.5668788105467777E-008   8.7482726256867829E-009
          74   0.0000000000000000        0.0000000000000000     
   5.4820239515021119E-010  -6.9170525064317658E-010
  -4.9994781200626952E-008   1.8754966280574083E-008
          75   0.0000000000000000        0.0000000000000000     
   1.3903978242153857E-009  -2.1258422540838689E-009
  -7.2846431374750316E-008   5.7171842577168038E-008
          76   0.0000000000000000        0.0000000000000000     
  -1.8733490703505076E-009  -5.4791512940611286E-009
   1.4386486009297684E-008   1.4702834068166319E-007
          77   0.0000000000000000        0.0000000000000000     
  -3.9135506339295948E-009  -1.7529646138689702E-009
   6.8856576799219105E-008   4.7129886025365701E-008
          78   0.0000000000000000        0.0000000000000000     
  -3.0857962973080204E-009  -6.0701417601138964E-010
   4.6489007915684371E-008   1.6388423724382266E-008
          79   0.0000000000000000        0.0000000000000000     
  -2.6062830386597136E-009  -2.9001231474052909E-010
   3.3493542759465273E-008   7.8628640303435064E-009
          80   0.0000000000000000        0.0000000000000000     
  -2.3326310304486163E-009  -1.6597326012254946E-010
   2.6057325392835707E-008   4.5057233045589251E-009
          81   0.0000000000000000        0.0000000000000000     
  -2.1613804743781231E-009  -1.0593679720312041E-010
   2.1412821041428719E-008   2.8592477381476902E-009
          82   0.0000000000000000        0.0000000000000000     
  -2.0460215525694103E-009  -7.2770777209908674E-011
   1.8320880313987994E-008   1.9266629524062359E-009
          83   0.0000000000000000        0.0000000000000000     
  -1.9637828364504264E-009  -5.2833066917721818E-011
   1.6181152385726413E-008   1.3403629502171256E-009
          84   0.0000000000000000        0.0000000000000000     
  -1.9023135302330904E-009  -4.0227750084381657E-011
   1.4675268315200589E-008   9.3974273761588836E-010
          85   0.0000000000000000        0.0000000000000000     
  -1.8542606641682514E-009  -3.2115037000648031E-011
   1.3622933231364481E-008   6.4521994393498008E-010
          86   0.0000000000000000        0.0000000000000000     
  -1.8148329921011493E-009  -2.7039742621335270E-011
   1.2918049692218161E-008   4.1302603399398810E-010
          87   0.0000000000000000        0.0000000000000000     
  -1.7805839401459263E-009  -2.4258004715919146E-011
   1.2497797709015631E-008   2.1652789674347125E-010
          88   0.0000000000000000        0.0000000000000000     
  -1.7487279297055242E-009  -2.3449237002359603E-011
   1.2328053196918451E-008   3.7493927286287013E-011
          89   0.0000000000000000        0.0000000000000000     
  -1.7166846374519312E-009  -2.4602962284959099E-011
   1.2395815213114467E-008  -1.3861860170379695E-010
          90   0.0000000000000000        0.0000000000000000     
  -1.6816960302685903E-009  -2.8008260487586148E-011
   1.2705948226785523E-008  -3.2584016105107754E-010
          91   0.0000000000000000        0.0000000000000000     
  -1.6403983643641976E-009  -3.4336062410223296E-011
   1.3283527528522777E-008  -5.4070199634053117E-010
          92   0.0000000000000000        0.0000000000000000     
  -1.5882192734485598E-009  -4.4855699408369239E-011
   1.4178412334888072E-008  -8.0636528687401259E-010
          93   0.0000000000000000        0.0000000000000000     
  -1.5183709666652263E-009  -6.1912994705453003E-011
   1.5478597386589609E-008  -1.1599926797254472E-009
          94   0.0000000000000000        0.0000000000000000     
  -1.4199817794559804E-009  -9.0009548459474925E-011
   1.7333743842240804E-008  -1.6682867927345113E-009
          95   0.0000000000000000        0.0000000000000000     
  -1.2742797663647764E-009  -1.3845594160614628E-010
   2.0009661247211697E-008  -2.4648766583308553E-009
          96   0.0000000000000000        0.0000000000000000     
  -1.0460417955292178E-009  -2.2878776896656874E-010
   2.4005831662622353E-008  -3.8541184140319344E-009
          97   0.0000000000000000        0.0000000000000000     
  -6.6254208212311283E-010  -4.1957948791234509E-010
   3.0350384980681591E-008  -6.6576748515181731E-009
          98   0.0000000000000000        0.0000000000000000     
   3.9158596444522138E-011  -9.1367343751967570E-010
   4.1338796921057636E-008  -1.3711188750171108E-008
          99   0.0000000000000000        0.0000000000000000     
   1.2912869034700496E-009  -2.7067065010624128E-009
   6.0238717665183305E-008  -3.8914432954187657E-008
         100   0.0000000000000000        0.0000000000000000     
  -1.8778631963153101E-009  -8.7040433961668801E-009
   1.7711531638811913E-008  -1.2281790658511452E-007
         101   0.0000000000000000        0.0000000000000000     
  -7.4273539941369567E-009  -3.4062629841064391E-009
  -5.7712433962768455E-008  -4.9152066301758998E-008
         102   0.0000000000000000        0.0000000000000000     
  -6.1991630864848851E-009  -1.0269566793529930E-009
  -3.8170730964918471E-008  -1.6272413334935668E-008
         103   0.0000000000000000        0.0000000000000000     
  -5.5018269458108584E-009  -3.9172924749015134E-010
  -2.5548762512682904E-008  -7.8161775302697421E-009
         104   0.0000000000000000        0.0000000000000000     
  -5.2134341969153909E-009  -1.3194981199372153E-010
  -1.8008757003160983E-008  -4.7237310618567549E-009
         105   0.0000000000000000        0.0000000000000000     
  -5.1572696228494361E-009   1.8401305793607222E-011
  -1.2884436383134560E-008  -3.3451936581419293E-009
         106   0.0000000000000000        0.0000000000000000     
  -5.2673491037728466E-009   1.3777221980778897E-010
  -8.9483629771516502E-009  -2.6922459480568779E-009
         107   0.0000000000000000        0.0000000000000000     
  -5.5331290620519276E-009   2.6393449197849751E-010
  -5.5666248438806914E-009  -2.4325913202831822E-009
         108   0.0000000000000000        0.0000000000000000     
  -5.9844300910648147E-009   4.3224575909512264E-010
  -2.3297544971647970E-009  -2.4620393554830950E-009
         109   0.0000000000000000        0.0000000000000000     
  -6.7033209680983109E-009   7.0305693564139641E-010
   1.1272035685427828E-009  -2.8110331776932762E-009
         110   0.0000000000000000        0.0000000000000000     
  -7.8729471493347773E-009   1.2244121402381173E-009
   5.2828456566851807E-009  -3.7074365315209691E-009
         111   0.0000000000000000        0.0000000000000000     
  -9.9103538015914469E-009   2.4801641581625111E-009
   1.1000397614771828E-008  -6.0006048598994205E-009
         112   0.0000000000000000        0.0000000000000000     
  -1.3554978589365044E-008   6.7176609545448260E-009
   1.9713632245317165E-008  -1.3703473416530330E-008
         113   0.0000000000000000        0.0000000000000000     
  -9.5017054852468897E-009   2.3341881767820282E-008
   1.4926877405098334E-008  -4.3623072052996273E-008
         114   0.0000000000000000        0.0000000000000000     
   1.0490172830045500E-008   1.2106849055575164E-008
  -1.7924790451981836E-008  -2.3924605823812321E-008
         115   0.0000000000000000        0.0000000000000000     
   6.7398906284489260E-009   3.7421152822398872E-009
  -7.7898820069135369E-009  -9.5342299923687626E-009
         116   0.0000000000000000        0.0000000000000000     
   4.0102047285766623E-009   1.6879555260655390E-009
   1.4127542777283068E-009  -6.6944599341182750E-009
         117   0.0000000000000000        0.0000000000000000     
   2.4490107920051408E-009   9.5769939854156056E-010
   9.8857603666336762E-009  -6.6897848285907376E-009
         118   0.0000000000000000        0.0000000000000000     
   1.4533164419709623E-009   6.3002716999090189E-010
   1.9503542079387723E-008  -8.2624743666081998E-009
         119   0.0000000000000000        0.0000000000000000     
   7.4619070229624356E-010   4.6708831112270868E-010
   3.2242163998373814E-008  -1.1878386493809122E-008
         120   0.0000000000000000        0.0000000000000000     
   1.8674080845769919E-010   3.9570585372774004E-010
   5.1386912543926330E-008  -1.9817241392158787E-008
         121   0.0000000000000000        0.0000000000000000     
  -3.2063858491084321E-010   4.1655842079841722E-010
   8.3858127186902670E-008  -4.0390865316178554E-008
         122   0.0000000000000000        0.0000000000000000     
  -8.5573177595289805E-010   6.8605700985143187E-010
   1.3959389257132524E-007  -1.1450840949045169E-007
         123   0.0000000000000000        0.0000000000000000     
  -5.8677952835651650E-010   1.7156245921537592E-009
   1.6039849031932048E-008  -3.6532962517979843E-007
         124   0.0000000000000000        0.0000000000000000     
   1.7027004034175954E-010   7.7635667045257941E-010
  -2.1555627849611083E-007  -1.4746447336262555E-007
         125   0.0000000000000000        0.0000000000000000     
  -2.6723933463395349E-010   3.4139473503866655E-010
  -1.5907684293432475E-007  -4.7458176634731025E-008
         126   0.0000000000000000        0.0000000000000000     
  -6.0277993929982946E-010   2.2429916460186969E-010
  -1.2355704159837294E-007  -2.1512803864153960E-008
         127   0.0000000000000000        0.0000000000000000     
  -8.6414374377338877E-010   1.7977505559358263E-010
  -1.0392004174444218E-007  -1.1718273577686881E-008
         128   0.0000000000000000        0.0000000000000000     
  -1.0903098315763047E-009   1.6066354420797259E-010
  -9.2258645545131560E-008  -6.9832889407085042E-009
         129   0.0000000000000000        0.0000000000000000     
  -1.3015510331001459E-009   1.5422861713164271E-010
  -8.5060385148776866E-008  -4.2672129363751577E-009
         130   0.0000000000000000        0.0000000000000000     
  -1.5106496154691899E-009   1.5642174589813920E-010
  -8.0687094324951561E-008  -2.4752197026250688E-009
         131   0.0000000000000000        0.0000000000000000     
  -1.7279893677129112E-009   1.6639661015536598E-010
  -7.8336110797847977E-008  -1.1218528501463240E-009
         132   0.0000000000000000        0.0000000000000000     
  -1.9642612490426977E-009   1.8521680529450444E-010
  -7.7636801332442050E-008   5.9317583750881243E-011
         133   0.0000000000000000        0.0000000000000000     
  -2.2327619729830448E-009   2.1598035715902447E-010
  -7.8496301525479319E-008   1.2646906698913068E-009
         134   0.0000000000000000        0.0000000000000000     
  -2.5525187127566750E-009   2.6511010230747037E-010
  -8.1071036305329804E-008   2.7084383839839897E-009
         135   0.0000000000000000        0.0000000000000000     
  -2.9539624934610007E-009   3.4590006697052226E-010
  -8.5842114505304955E-008   4.7292004544441171E-009
         136   0.0000000000000000        0.0000000000000000     
  -3.4910311509288105E-009   4.8842404253391846E-010
  -9.3858783483025012E-008   8.0291341058481289E-009
         137   0.0000000000000000        0.0000000000000000     
  -4.2701963011575227E-009   7.7192038769198415E-010
  -1.0737644681818895E-007   1.4424541649221571E-008
         138   0.0000000000000000        0.0000000000000000     
  -5.5233024668040589E-009   1.4600340278883921E-009
  -1.3151495057598823E-007   2.9970051651295097E-008
