   262144.00000000000     
         256           1           3
   1.7567330116226543E-005   19.112027233519001       -96.141173415699996     
   6.0401400154609997        12.000000000000000        5733.8999999999996     
           0   0.0000000000000000        0.0000000000000000     
   0.0000000000000000        0.0000000000000000     
   0.0000000000000000        0.0000000000000000     
           1   0.0000000000000000        0.0000000000000000     
  -1.4953222547669282E-009   2.0894199890534775E-011
  -5.1053613313766401E-009   1.4985051828689808E-011
           2   0.0000000000000000        0.0000000000000000     
  -1.4957898986579276E-009   4.5989814903762616E-012
  -5.1082848852348459E-009   5.5805999606691386E-012
           3   0.0000000000000000        0.0000000000000000     
  -1.4979440345741095E-009   1.3010589047728873E-012
  -5.1140761454475029E-009   4.7174891999608792E-012
           4   0.0000000000000000        0.0000000000000000     
  -1.4986466156044193E-009   2.7829400237013711E-013
  -5.1207019778582603E-009   5.3695140296884877E-012
           5   0.0000000000000000        0.0000000000000000     
  -1.4986025275963516E-009  -1.8380191806300422E-013
  -5.1286609605024817E-009   6.4199562728991425E-012
           6   0.0000000000000000        0.0000000000000000     
  -1.4981218650383352E-009  -4.6370485981566715E-013
  -5.1382038686843977E-009   7.6289760300616343E-012
           7   0.0000000000000000        0.0000000000000000     
  -1.4973301224993748E-009  -6.7421849048261211E-013
  -5.1494722346971838E-009   8.9315775227080025E-012
           8   0.0000000000000000        0.0000000000000000     
  -1.4962795618964204E-009  -8.5712294422266190E-013
  -5.1625722594902363E-009   1.0310058011685983E-011
           9   0.0000000000000000        0.0000000000000000     
  -1.4949903162945801E-009  -1.0308083637335672E-012
  -5.1776028352689060E-009   1.1762919675861303E-011
          10   0.0000000000000000        0.0000000000000000     
  -1.4934664860012719E-009  -1.2047426524324370E-012
  -5.1946673945770389E-009   1.3295562087839113E-011
          11   0.0000000000000000        0.0000000000000000     
  -1.4917029554216987E-009  -1.3846302917768056E-012
  -5.2138799410518548E-009   1.4917110659051601E-011
          12   0.0000000000000000        0.0000000000000000     
  -1.4896884583830346E-009  -1.5745021928961188E-012
  -5.2353689302463475E-009   1.6639294700032328E-011
          13   0.0000000000000000        0.0000000000000000     
  -1.4874069597659809E-009  -1.7776585759367559E-012
  -5.2592804136627963E-009   1.8476123140709557E-011
          14   0.0000000000000000        0.0000000000000000     
  -1.4848382213906456E-009  -1.9971431744486105E-012
  -5.2857810828613544E-009   2.0443924046422102E-011
          15   0.0000000000000000        0.0000000000000000     
  -1.4819579196411903E-009  -2.2360119132598912E-012
  -5.3150615402471474E-009   2.2561589314613345E-011
          16   0.0000000000000000        0.0000000000000000     
  -1.4787374873467117E-009  -2.4975094360423793E-012
  -5.3473400162664073E-009   2.4850967992676046E-011
          17   0.0000000000000000        0.0000000000000000     
  -1.4751437534792353E-009  -2.7852061204785857E-012
  -5.3828667151320896E-009   2.7337396517079346E-011
          18   0.0000000000000000        0.0000000000000000     
  -1.4711384135327220E-009  -3.1031234558299199E-012
  -5.4219289790874367E-009   3.0050377070743433E-011
          19   0.0000000000000000        0.0000000000000000     
  -1.4666773283206412E-009  -3.4558638890398060E-012
  -5.4648574846667396E-009   3.3024431911674713E-011
          20   0.0000000000000000        0.0000000000000000     
  -1.4617099254514736E-009  -3.8487575891301424E-012
  -5.5120715605912020E-009   3.6300177016370213E-011
          21   0.0000000000000000        0.0000000000000000     
  -1.4561769570995221E-009  -4.2880368663463828E-012
  -5.5639370122345166E-009   3.9925668383068335E-011
          22   0.0000000000000000        0.0000000000000000     
  -1.4500108524336984E-009  -4.7810501655080360E-012
  -5.6210042396510474E-009   4.3958118534575463E-011
          23   0.0000000000000000        0.0000000000000000     
  -1.4431328929654901E-009  -5.3365302887865173E-012
  -5.6838707267865988E-009   4.8466073114298172E-011
          24   0.0000000000000000        0.0000000000000000     
  -1.4354514063174557E-009  -5.9649354914808778E-012
  -5.7532359847126694E-009   5.3532215767539178E-011
          25   0.0000000000000000        0.0000000000000000     
  -1.4268591533697679E-009  -6.6788890456246337E-012
  -5.8299229760662521E-009   5.9257005441301523E-011
          26   0.0000000000000000        0.0000000000000000     
  -1.4172300388792936E-009  -7.4937523549807495E-012
  -5.9149051479714627E-009   6.5763441429552918E-011
          27   0.0000000000000000        0.0000000000000000     
  -1.4064149369646272E-009  -8.4283811621317406E-012
  -6.0093408409842075E-009   7.3203372412532004E-011
          28   0.0000000000000000        0.0000000000000000     
  -1.3942363414664063E-009  -9.5061355711166867E-012
  -6.1146175107698289E-009   8.1765946860525638E-011
          29   0.0000000000000000        0.0000000000000000     
  -1.3804814397306470E-009  -1.0756246850813077E-011
  -6.2324091560596072E-009   9.1689074611911282E-011
          30   0.0000000000000000        0.0000000000000000     
  -1.3648930408563930E-009  -1.2215693227126413E-011
  -6.3647517557989361E-009   1.0327518746909547E-010
          31   0.0000000000000000        0.0000000000000000     
  -1.3471575416419088E-009  -1.3931813896705127E-011
  -6.5141436103014467E-009   1.1691323984357831E-010
          32   0.0000000000000000        0.0000000000000000     
  -1.3268887394075413E-009  -1.5966013561921390E-011
  -6.6836806640294684E-009   1.3310993325308751E-010
          33   0.0000000000000000        0.0000000000000000     
  -1.3036057179108817E-009  -1.8399110613161868E-011
  -6.8772418095218922E-009   1.5253485227061909E-010
          34   0.0000000000000000        0.0000000000000000     
  -1.2767021135058165E-009  -2.1339218914827974E-011
  -7.0997469719639881E-009   1.7608705562669540E-010
          35   0.0000000000000000        0.0000000000000000     
  -1.2454026186485835E-009  -2.4933633955387728E-011
  -7.3574120271054364E-009   2.0499558694793633E-010
          36   0.0000000000000000        0.0000000000000000     
  -1.2086997892888456E-009  -2.9387228461529983E-011
  -7.6587255190265300E-009   2.4097518287644403E-010
          37   0.0000000000000000        0.0000000000000000     
  -1.1652608394299332E-009  -3.4991772064277991E-011
  -8.0145691017540556E-009   2.8647453739734109E-010
          38   0.0000000000000000        0.0000000000000000     
  -1.1132849780978899E-009  -4.2174262311907895E-011
  -8.4398672397668722E-009   3.4508583362993713E-010
          39   0.0000000000000000        0.0000000000000000     
  -1.0502788293065240E-009  -5.1579757412776664E-011
  -8.9553899612027147E-009   4.2224686816547975E-010
          40   0.0000000000000000        0.0000000000000000     
  -9.7269188981503665E-010  -6.4219958336484589E-011
  -9.5907831301091278E-009   5.2650088939238562E-010
          41   0.0000000000000000        0.0000000000000000     
  -8.7529035182174142E-010  -8.1754537910138896E-011
  -1.0389957416324228E-008   6.7188256051357896E-010
          42   0.0000000000000000        0.0000000000000000     
  -7.5004023651280595E-010  -1.0705972794879265E-010
  -1.1420628591475408E-008   8.8274093507721495E-010
          43   0.0000000000000000        0.0000000000000000     
  -5.8397578507971480E-010  -1.4547360214596327E-010
  -1.2791795712041656E-008   1.2043035018342667E-009
          44   0.0000000000000000        0.0000000000000000     
  -3.5483278281184548E-010  -2.0781452830004874E-010
  -1.4691922013171973E-008   1.7282843135120541E-009
          45   0.0000000000000000        0.0000000000000000     
  -2.1297177136134379E-011  -3.1873095999303651E-010
  -1.7470476403886664E-008   2.6637248345854035E-009
          46   0.0000000000000000        0.0000000000000000     
   5.0089378959970718E-010  -5.4432398647335106E-010
  -2.1841817735762053E-008   4.5713523858085295E-009
          47   0.0000000000000000        0.0000000000000000     
   1.3990933290560923E-009  -1.1097347647777799E-009
  -2.9393731026981737E-008   9.3612365879778723E-009
          48   0.0000000000000000        0.0000000000000000     
   2.9655972204646466E-009  -3.0994569904271234E-009
  -4.2605583438528525E-008   2.6234522715016122E-008
          49   0.0000000000000000        0.0000000000000000     
   6.4052720334357862E-011  -1.0210816462177822E-008
  -1.7896525939875533E-008   8.6560663803436729E-008
          50   0.0000000000000000        0.0000000000000000     
  -7.0700678853586458E-009  -4.4310039163078299E-009
   4.2737985433050922E-008   3.7511416354914029E-008
          51   0.0000000000000000        0.0000000000000000     
  -5.4577099035214279E-009  -1.4163603047329006E-009
   2.9179180235095226E-008   1.1921329542629475E-008
          52   0.0000000000000000        0.0000000000000000     
  -4.3969797665549229E-009  -6.4978530166613101E-010
   2.0319341561769106E-008   5.4028097627117181E-009
          53   0.0000000000000000        0.0000000000000000     
  -3.7934754684517366E-009  -3.6744124960679159E-010
   1.5359995434850686E-008   2.9903651514433247E-009
          54   0.0000000000000000        0.0000000000000000     
  -3.4147404003166074E-009  -2.3565775387088122E-010
   1.2332497144921581E-008   1.8525389623493983E-009
          55   0.0000000000000000        0.0000000000000000     
  -3.1563062345579254E-009  -1.6445402244616222E-010
   1.0354645107836142E-008   1.2253219100604616E-009
          56   0.0000000000000000        0.0000000000000000     
  -2.9682078280745577E-009  -1.2214783651222046E-010
   9.0075799356156695E-009   8.3918328860886622E-010
          57   0.0000000000000000        0.0000000000000000     
  -2.8240048413381580E-009  -9.5403441781697250E-011
   8.0730998377908755E-009   5.8005189302115437E-010
          58   0.0000000000000000        0.0000000000000000     
  -2.7084013160947765E-009  -7.7868151635923334E-011
   7.4289865828474014E-009   3.9283560691392184E-010
          59   0.0000000000000000        0.0000000000000000     
  -2.6118275627290913E-009  -6.6243831235655760E-011
   7.0034417937884387E-009   2.4799241683623120E-010
          60   0.0000000000000000        0.0000000000000000     
  -2.5278346780826318E-009  -5.8723966868762575E-011
   6.7534277997603154E-009   1.2812787346651767E-010
          61   0.0000000000000000        0.0000000000000000     
  -2.4517241054171549E-009  -5.4306007434320376E-011
   6.6543655730340951E-009   2.1950226243776654E-011
          62   0.0000000000000000        0.0000000000000000     
  -2.3797583847245524E-009  -5.2469817907936587E-011
   6.6938080989215743E-009  -7.8776900741595264E-011
          63   0.0000000000000000        0.0000000000000000     
  -2.3086482092331713E-009  -5.3028723747531265E-011
   6.8692807060437367E-009  -1.8099568900791675E-010
          64   0.0000000000000000        0.0000000000000000     
  -2.2351621065646230E-009  -5.6076216109855720E-011
   7.1874297800910686E-009  -2.9160472547205152E-010
          65   0.0000000000000000        0.0000000000000000     
  -2.1557558171074342E-009  -6.2002428932100885E-011
   7.6643461460909019E-009  -4.1864607878329901E-010
          66   0.0000000000000000        0.0000000000000000     
  -2.0661391547709311E-009  -7.1585695072421302E-011
   8.3285298061887986E-009  -5.7282401513198245E-010
          67   0.0000000000000000        0.0000000000000000     
  -1.9606583698905467E-009  -8.6198541905876936E-011
   9.2254174929167720E-009  -7.6991976071671295E-010
          68   0.0000000000000000        0.0000000000000000     
  -1.8313096315997536E-009  -1.0822947429287500E-010
   1.0425768838458625E-008  -1.0351967699897779E-009
          69   0.0000000000000000        0.0000000000000000     
  -1.6659958585456198E-009  -1.4196763057846052E-010
   1.2043578868397083E-008  -1.4122860540895014E-009
          70   0.0000000000000000        0.0000000000000000     
  -1.4452014256900603E-009  -1.9559231417035280E-010
   1.4266945516689152E-008  -1.9829111756985694E-009
          71   0.0000000000000000        0.0000000000000000     
  -1.1350864667993295E-009  -2.8612837062852885E-010
   1.7426993510194555E-008  -2.9158175950817818E-009
          72   0.0000000000000000        0.0000000000000000     
  -6.7178731187222563E-010  -4.5362627764287945E-010
   2.2150871561707675E-008  -4.6066169040829832E-009
          73   0.0000000000000000        0.0000000000000000     
   7.7711233326607822E-011  -8.1029394416289818E-010
   2.9750442308845061E-008  -8.1621685814360815E-009
          74   0.0000000000000000        0.0000000000000000     
   1.4102737123711868E-009  -1.7638346512637255E-009
   4.3151484859527381E-008  -1.7602259696923867E-008
          75   0.0000000000000000        0.0000000000000000     
   3.5543930118302812E-009  -5.4290327060145508E-009
   6.4608890991572652E-008  -5.3774910565815495E-008
          76   0.0000000000000000        0.0000000000000000     
  -4.8116181564689447E-009  -1.4004055032936807E-008
  -1.7483915118513911E-008  -1.3835014479443504E-007
          77   0.0000000000000000        0.0000000000000000     
  -1.0053063990830608E-008  -4.4665477738714681E-009
  -6.8715166705280008E-008  -4.4376619428780699E-008
          78   0.0000000000000000        0.0000000000000000     
  -7.9633398468975084E-009  -1.5299538103041836E-009
  -4.7610380520446626E-008  -1.5477893066935568E-008
          79   0.0000000000000000        0.0000000000000000     
  -6.7713831377167364E-009  -7.1365004148920840E-010
  -3.5284884180774881E-008  -7.4854149121223935E-009
          80   0.0000000000000000        0.0000000000000000     
  -6.1136907685405396E-009  -3.9038815069494867E-010
  -2.8148240053604975E-008  -4.3591100863085494E-009
          81   0.0000000000000000        0.0000000000000000     
  -5.7265406830941775E-009  -2.3006662667327458E-010
  -2.3591720449735257E-008  -2.8463053821374305E-009
          82   0.0000000000000000        0.0000000000000000     
  -5.4921657365822077E-009  -1.3747420713036079E-010
  -2.0443425508530834E-008  -2.0102012219186008E-009
          83   0.0000000000000000        0.0000000000000000     
  -5.3538544468644166E-009  -7.7436724676165223E-011
  -1.8130830364629007E-008  -1.5063157875684514E-009
          84   0.0000000000000000        0.0000000000000000     
  -5.2819735999663176E-009  -3.4514347815817246E-011
  -1.6344588149996521E-008  -1.1853688695767246E-009
          85   0.0000000000000000        0.0000000000000000     
  -5.2602273460607650E-009  -9.6758879102726376E-013
  -1.4902421809582724E-008  -9.7492134822579457E-010
          86   0.0000000000000000        0.0000000000000000     
  -5.2796132322364063E-009   2.7571614530321772E-011
  -1.3687857513153170E-008  -8.3710499676227671E-010
          87   0.0000000000000000        0.0000000000000000     
  -5.3355875270194831E-009   5.3903690471324508E-011
  -1.2620534435363840E-008  -7.5146302130224049E-010
          88   0.0000000000000000        0.0000000000000000     
  -5.4267207168606026E-009   8.0128042305287891E-011
  -1.1639175387431714E-008  -7.0739567300071462E-010
          89   0.0000000000000000        0.0000000000000000     
  -5.5541619853425002E-009   1.0814667511547751E-010
  -1.0692063098107802E-008  -7.0082128522238854E-010
          90   0.0000000000000000        0.0000000000000000     
  -5.7216478837549430E-009   1.4005888355938917E-010
  -9.7287275450642487E-009  -7.3306840061207761E-010
          91   0.0000000000000000        0.0000000000000000     
  -5.9360278099605590E-009   1.7861188710128144E-010
  -8.6938944501840992E-009  -8.1142309520681088E-010
          92   0.0000000000000000        0.0000000000000000     
  -6.2084833261481712E-009   2.2790237639828745E-010
  -7.5174741495626847E-009  -9.5166672929499644E-010
          93   0.0000000000000000        0.0000000000000000     
  -6.5569369223764103E-009   2.9470000860141705E-010
  -6.1019299267548043E-009  -1.1841672913955505E-009
          94   0.0000000000000000        0.0000000000000000     
  -7.0107780859159318E-009   3.9128817218475245E-010
  -4.2957922160858985E-009  -1.5679160037581515E-009
          95   0.0000000000000000        0.0000000000000000     
  -7.6206772393380056E-009   5.4233120377374085E-010
  -1.8439975726707484E-009  -2.2252028367140779E-009
          96   0.0000000000000000        0.0000000000000000     
  -8.4806146749285175E-009   8.0395580890296146E-010
   1.7254432597510319E-009  -3.4386166508975067E-009
          97   0.0000000000000000        0.0000000000000000     
  -9.7820836132592483E-009   1.3274543210193419E-009
   7.3744878728100401E-009  -5.9755668324400865E-009
          98   0.0000000000000000        0.0000000000000000     
  -1.1949536761808177E-008   2.6343317129816891E-009
   1.7249292739811300E-008  -1.2490399181285460E-008
          99   0.0000000000000000        0.0000000000000000     
  -1.5587263984014666E-008   7.2793209605637201E-009
   3.4405320453857457E-008  -3.6003689065973576E-008
         100   0.0000000000000000        0.0000000000000000     
  -7.9591808536077922E-009   2.2714499830901934E-008
  -6.1348257554691535E-009  -1.1450577905288414E-007
         101   0.0000000000000000        0.0000000000000000     
   5.6858759003856032E-009   9.2018597751815197E-009
  -7.7656957808012291E-008  -4.5360198423822637E-008
         102   0.0000000000000000        0.0000000000000000     
   1.8447578901190477E-009   3.1911625927267034E-009
  -6.0381485908594391E-008  -1.4409712312497962E-008
         103   0.0000000000000000        0.0000000000000000     
  -7.7267547797852918E-010   1.6789161085147627E-009
  -4.9802054585720380E-008  -6.3160598267664224E-009
         104   0.0000000000000000        0.0000000000000000     
  -2.5213986938434254E-009   1.1679247438413276E-009
  -4.4238163433250654E-008  -3.2108872353717052E-009
         105   0.0000000000000000        0.0000000000000000     
  -3.9169267996052631E-009   9.9578270470719668E-010
  -4.1249264681411760E-008  -1.6582879387214385E-009
         106   0.0000000000000000        0.0000000000000000     
  -5.2240195954902789E-009   9.9525643298499534E-010
  -3.9772540012264779E-008  -7.0588763181348939E-010
         107   0.0000000000000000        0.0000000000000000     
  -6.6233400054629564E-009   1.1319867375766353E-009
  -3.9343037323787310E-008   3.9827696007722900E-012
         108   0.0000000000000000        0.0000000000000000     
  -8.3007433008186642E-009   1.4408118196296156E-009
  -3.9786562648301531E-008   6.5827750839277928E-010
         109   0.0000000000000000        0.0000000000000000     
  -1.0528985691016628E-008   2.0494644025456362E-009
  -4.1127472387222012E-008   1.4230912896748136E-009
         110   0.0000000000000000        0.0000000000000000     
  -1.3815280967885287E-008   3.3229747254293522E-009
  -4.3621104518144987E-008   2.5857197612408319E-009
         111   0.0000000000000000        0.0000000000000000     
  -1.9252320852412340E-008   6.4927955344105067E-009
  -4.7958116668357080E-008   4.9871235860399954E-009
         112   0.0000000000000000        0.0000000000000000     
  -2.8750554157037818E-008   1.7311454528499492E-008
  -5.5403597209698899E-008   1.2429457654388497E-008
         113   0.0000000000000000        0.0000000000000000     
  -1.8482297132018961E-008   5.9870288464714692E-008
  -5.0378111884013527E-008   4.0747613396245488E-008
         114   0.0000000000000000        0.0000000000000000     
   3.2656594505872834E-008   3.1061656756276497E-008
  -1.9131438385212438E-008   2.2341059525642545E-008
         115   0.0000000000000000        0.0000000000000000     
   2.3003302327282024E-008   9.6096653131145554E-009
  -2.8514274480985834E-008   8.9139912698197778E-009
         116   0.0000000000000000        0.0000000000000000     
   1.5993543524039334E-008   4.3268316048195328E-009
  -3.7169744115236602E-008   6.3472990405107783E-009
         117   0.0000000000000000        0.0000000000000000     
   1.2003839501355922E-008   2.4370496414000586E-009
  -4.5276911436246403E-008   6.4419802488510182E-009
         118   0.0000000000000000        0.0000000000000000     
   9.4880445935906370E-009   1.5793015914870614E-009
  -5.4593619940474201E-008   8.0173860609653309E-009
         119   0.0000000000000000        0.0000000000000000     
   7.7362384264180383E-009   1.1435613965400892E-009
  -6.6976665734894990E-008   1.1514236936062106E-008
         120   0.0000000000000000        0.0000000000000000     
   6.3879458549803353E-009   9.4151153311795452E-010
  -8.5514729015967793E-008   1.9078922546155208E-008
         121   0.0000000000000000        0.0000000000000000     
   5.1999089162108236E-009   9.7323039510861642E-010
  -1.1672424734886030E-007   3.8529965859574064E-008
         122   0.0000000000000000        0.0000000000000000     
   3.9705188861668106E-009   1.6332451301804105E-009
  -1.6995907439658688E-007   1.0833746595087280E-007
         123   0.0000000000000000        0.0000000000000000     
   4.8049131625414001E-009   4.2141766250769462E-009
  -5.4770979543961949E-008   3.4431230103976012E-007
         124   0.0000000000000000        0.0000000000000000     
   6.9065893120732156E-009   1.8131305371386531E-009
   1.6182555479821413E-007   1.3959900238138718E-007
         125   0.0000000000000000        0.0000000000000000     
   6.0235203906976369E-009   6.8425197360998895E-010
   1.0733342057910262E-007   4.5731899028802501E-008
         126   0.0000000000000000        0.0000000000000000     
   5.4402144577079857E-009   3.5477321216970109E-010
   7.2300028242247679E-008   2.1535726608608099E-008
         127   0.0000000000000000        0.0000000000000000     
   5.0935089353177689E-009   2.0269405653108910E-010
   5.1904186112764046E-008   1.2568494490470357E-008
         128   0.0000000000000000        0.0000000000000000     
   4.8944335528294026E-009   1.0656139135093554E-010
   3.8644105054623814E-008   8.4163746810066603E-009
         129   0.0000000000000000        0.0000000000000000     
   4.8047758585724072E-009   3.1070840757444061E-011
   2.9126071791520150E-008   6.2425717059518681E-009
         130   0.0000000000000000        0.0000000000000000     
   4.8102266681273240E-009  -3.8576108003608704E-011
   2.1683120504425569E-008   5.0512622568487412E-009
         131   0.0000000000000000        0.0000000000000000     
   4.9099642023782145E-009  -1.1151842659501052E-010
   1.5378615170952320E-008   4.4386905173912853E-009
         132   0.0000000000000000        0.0000000000000000     
   5.1139378237016027E-009  -1.9631766458018691E-010
   9.5943864051962019E-009   4.2407810467039849E-009
         133   0.0000000000000000        0.0000000000000000     
   5.4443737866054840E-009  -3.0425558600328175E-010
   3.8273915550789899E-009   4.4225867573000781E-009
         134   0.0000000000000000        0.0000000000000000     
   5.9415888604367628E-009  -4.5387008022691260E-010
  -2.4470626270018363E-009   5.0602340339885119E-009
         135   0.0000000000000000        0.0000000000000000     
   6.6773467219814898E-009  -6.8061873698513496E-010
  -9.9318125368569635E-009   6.3962186414948719E-009
         136   0.0000000000000000        0.0000000000000000     
   7.7851984855052698E-009  -1.0625840413849651E-009
  -1.9785697095837224E-008   9.0421227858666434E-009
         137   0.0000000000000000        0.0000000000000000     
   9.5345034737980561E-009  -1.8037074093939624E-009
  -3.4249327260588309E-008   1.4672437605584097E-008
         138   0.0000000000000000        0.0000000000000000     
   1.2517030315273566E-008  -3.5808215288294187E-009
  -5.8218408579272303E-008   2.8953520356973656E-008
