   262144.00000000000     
         256           1           3
   1.7567330116226543E-005  -19.119259916556999       -152.15601661970001     
   6.0401400154609997        12.000000000000000        5733.8999999999996     
           0   0.0000000000000000        0.0000000000000000     
   0.0000000000000000        0.0000000000000000     
   0.0000000000000000        0.0000000000000000     
           1  -5.3215771258235088E-009   1.9229170733398412E-009
  -2.3319265173562547E-009   7.0843998489197809E-010
   0.0000000000000000        0.0000000000000000     
           2  -3.1767312117812407E-009   7.7663659606008240E-009
  -1.5425336955203800E-009   2.8607542930958404E-009
   0.0000000000000000        0.0000000000000000     
           3   3.4494044226832762E-009   3.6965297792827291E-009
   8.9685898543623858E-010   1.3621553375038093E-009
   0.0000000000000000        0.0000000000000000     
           4   2.3548142897888795E-009   1.0896373636838633E-009
   4.9249675079831563E-010   4.0233951259511422E-010
   0.0000000000000000        0.0000000000000000     
           5   1.6026304253604493E-009   4.5750991760380951E-010
   2.1387555718280780E-010   1.6980388474204014E-010
   0.0000000000000000        0.0000000000000000     
           6   1.2039836320381789E-009   2.3710212847868340E-010
   6.5089009099841690E-011   8.8903143687311722E-011
   0.0000000000000000        0.0000000000000000     
           7   9.7317024150881269E-010   1.3944027755964025E-010
  -2.2261839176145789E-011   5.3213584779566084E-011
   0.0000000000000000        0.0000000000000000     
           8   8.2834105066999560E-010   8.9098018073765861E-011
  -7.8329281975479602E-011   3.4957857414930712E-011
   0.0000000000000000        0.0000000000000000     
           9   7.3180291939059513E-010   6.0326964833364400E-011
  -1.1700505465239515E-010   2.4654312350351830E-011
   0.0000000000000000        0.0000000000000000     
          10   6.6448659218158325E-010   4.2601938237928921E-011
  -1.4532352633910748E-010   1.8427837287124565E-011
   0.0000000000000000        0.0000000000000000     
          11   6.1592862764388972E-010   3.1036917173558320E-011
  -1.6715129014411621E-010   1.4480204396416859E-011
   0.0000000000000000        0.0000000000000000     
          12   5.7999805198775530E-010   2.3139110300436917E-011
  -1.8476107013884713E-010   1.1894653125959023E-011
   0.0000000000000000        0.0000000000000000     
          13   5.5290622647948495E-010   1.7540558731017313E-011
  -1.9956476884989542E-010   1.0168769234151106E-011
   0.0000000000000000        0.0000000000000000     
          14   5.3220728316830321E-010   1.3445746934919367E-011
  -2.1248171868585049E-010   9.0110600145902634E-012
   0.0000000000000000        0.0000000000000000     
          15   5.1626331954405292E-010   1.0369690468412723E-011
  -2.2413578656440433E-010   8.2445089892776428E-012
   0.0000000000000000        0.0000000000000000     
          16   5.0394266672220885E-010   8.0049438021219725E-012
  -2.3496665973006752E-010   7.7576113007652277E-012
   0.0000000000000000        0.0000000000000000     
          17   4.9444181366220123E-010   6.1501504924186739E-012
  -2.4529561155869898E-010   7.4780757600571127E-012
   0.0000000000000000        0.0000000000000000     
          18   4.8717615192237124E-010   4.6698010186184130E-012
  -2.5536594465621164E-010   7.3580219351541757E-012
   0.0000000000000000        0.0000000000000000     
          19   4.8171062045059439E-010   3.4706443242480172E-012
  -2.6536876472825738E-010   7.3653124818210045E-012
   0.0000000000000000        0.0000000000000000     
          20   4.7771430724580306E-010   2.4873852248233752E-012
  -2.7545995962891414E-010   7.4783074714777446E-012
   0.0000000000000000        0.0000000000000000     
          21   4.7492986968334438E-010   1.6737627704849553E-012
  -2.8577175214917423E-010   7.6826028202632783E-012
   0.0000000000000000        0.0000000000000000     
          22   4.7315234973268592E-010   9.9685696228605155E-013
  -2.9642082742582114E-010   7.9689602672293403E-012
   0.0000000000000000        0.0000000000000000     
          23   4.7221405866594064E-010   4.3339672728361518E-013
  -3.0751426336594077E-010   8.3319771763252792E-012
   0.0000000000000000        0.0000000000000000     
          24   4.7197342694435713E-010  -3.2649844188355020E-014
  -3.1915404298452409E-010   8.7692315088707025E-012
   0.0000000000000000        0.0000000000000000     
          25   4.7230644159412196E-010  -4.1163276547673269E-013
  -3.3144066013399027E-010   9.2807437331159242E-012
   0.0000000000000000        0.0000000000000000     
          26   4.7309973202563058E-010  -7.0918375518162107E-013
  -3.4447616850403681E-010   9.8686602176468218E-012
   0.0000000000000000        0.0000000000000000     
          27   4.7424462907249143E-010  -9.2673944445281517E-013
  -3.5836692629445807E-010   1.0537101242695582E-011
   0.0000000000000000        0.0000000000000000     
          28   4.7563167426568794E-010  -1.0617081034165617E-012
  -3.7322623208943628E-010   1.1292141835915849E-011
   0.0000000000000000        0.0000000000000000     
          29   4.7714513211812859E-010  -1.1073136652251457E-012
  -3.8917701795612553E-010   1.2141911344987075E-011
   0.0000000000000000        0.0000000000000000     
          30   4.7865707403893904E-010  -1.0521090295854475E-012
  -4.0635475708194570E-010   1.3096811838004190E-011
   0.0000000000000000        0.0000000000000000     
          31   4.8002056475951822E-010  -8.7910889801453848E-013
  -4.2491075226511061E-010   1.4169868846142658E-011
   0.0000000000000000        0.0000000000000000     
          32   4.8106138464818774E-010  -5.6444284412379263E-013
  -4.4501599932947338E-010   1.5377243084521623E-011
   0.0000000000000000        0.0000000000000000     
          33   4.8156754859333839E-010  -7.5362169171624087E-014
  -4.6686586973300416E-010   1.6738951454074894E-011
   0.0000000000000000        0.0000000000000000     
          34   4.8127560249469293E-010   6.3266498614011417E-013
  -4.9068593775886073E-010   1.8279873825189471E-011
   0.0000000000000000        0.0000000000000000     
          35   4.7985223650474440E-010   1.6201901514868847E-012
  -5.1673940449114026E-010   2.0031165184226375E-011
   0.0000000000000000        0.0000000000000000     
          36   4.7686905580854698E-010   2.9700224755349965E-012
  -5.4533676880023282E-010   2.2032261533602791E-011
   0.0000000000000000        0.0000000000000000     
          37   4.7176723060847662E-010   4.7965560908303714E-012
  -5.7684870888315260E-010   2.4333781893563569E-011
   0.0000000000000000        0.0000000000000000     
          38   4.6380691644509382E-010   7.2599969604887229E-012
  -6.1172364448240252E-010   2.7001824008030961E-011
   0.0000000000000000        0.0000000000000000     
          39   4.5199326548047274E-010   1.0588588474031865E-011
  -6.5051229103872185E-010   3.0124497846074529E-011
   0.0000000000000000        0.0000000000000000     
          40   4.3496554125034598E-010   1.5114322909227217E-011
  -6.9390295839078578E-010   3.3822179719221629E-011
   0.0000000000000000        0.0000000000000000     
          41   4.1082635543515900E-010   2.1332235494372057E-011
  -7.4277390622037010E-010   3.8264198380908063E-011
   0.0000000000000000        0.0000000000000000     
          42   3.7687038227170028E-010   3.0002708181486379E-011
  -7.9827380306842870E-010   4.3697144396099670E-011
   0.0000000000000000        0.0000000000000000     
          43   3.2913753403550419E-010   4.2336162051398962E-011
  -8.6195050847384050E-010   5.0495286526521139E-011
   0.0000000000000000        0.0000000000000000     
          44   2.6164512480107032E-010   6.0345025273712159E-011
  -9.3596713793301679E-010   5.9255633673604712E-011
   0.0000000000000000        0.0000000000000000     
          45   1.6500017083379995E-010   8.7559968193460304E-011
  -1.0234850699971424E-009   7.0989849402197873E-011
   0.0000000000000000        0.0000000000000000     
          46   2.3734956623662710E-011   1.3061063222834833E-010
  -1.1293884041486194E-009   8.7545431028524822E-011
   0.0000000000000000        0.0000000000000000     
          47  -1.8919599919678965E-010   2.0309239753173473E-010
  -1.2617638905855257E-009   1.1263217075904369E-010
   0.0000000000000000        0.0000000000000000     
          48  -5.2480928841362125E-010   3.3638801345282718E-010
  -1.4352089068742381E-009   1.5468837940711657E-010
   0.0000000000000000        0.0000000000000000     
          49  -1.0886775934665934E-009   6.1603560271375730E-010
  -1.6789569364242967E-009   2.3650171501784275E-010
   0.0000000000000000        0.0000000000000000     
          50  -2.1171890712651628E-009   1.3400235474576211E-009
  -2.0570880969794935E-009   4.3706179513448765E-010
   0.0000000000000000        0.0000000000000000     
          51  -3.9287579705448956E-009   3.9832558014787786E-009
  -2.6557013169639811E-009   1.1465130398057094E-009
   0.0000000000000000        0.0000000000000000     
          52   9.9451227170376758E-010   1.2455460512411275E-008
  -1.4899209012039947E-009   3.3986792500196367E-009
   0.0000000000000000        0.0000000000000000     
          53   8.3731292272845953E-009   4.7048845136288265E-009
   3.0610808653465050E-010   1.3650426225657850E-009
   0.0000000000000000        0.0000000000000000     
          54   6.5739363820049127E-009   1.4673087695032905E-009
  -3.4624900135958348E-010   5.2733690056915000E-010
   0.0000000000000000        0.0000000000000000     
          55   5.5297517800045159E-009   6.0717716158591640E-010
  -8.2594545588758366E-010   3.2187248934847401E-010
   0.0000000000000000        0.0000000000000000     
          56   5.0298634264845602E-009   2.6939778579571443E-010
  -1.1945416185182144E-009   2.5937837756480339E-010
   0.0000000000000000        0.0000000000000000     
          57   4.8165744932610872E-009   9.4370901850932422E-011
  -1.5276484731392695E-009   2.4629960703122106E-010
   0.0000000000000000        0.0000000000000000     
          58   4.7786925521848691E-009  -1.8323487083022801E-011
  -1.8645848424184766E-009   2.5819881722461359E-010
   0.0000000000000000        0.0000000000000000     
          59   4.8686511882594601E-009  -1.0613913446989193E-010
  -2.2312179179705359E-009   2.8821023056720883E-010
   0.0000000000000000        0.0000000000000000     
          60   5.0689530431833060E-009  -1.8716261954440437E-010
  -2.6501194794056253E-009   3.3604808807763765E-010
   0.0000000000000000        0.0000000000000000     
          61   5.3792924086122218E-009  -2.7322932631867586E-010
  -3.1471974773364255E-009   4.0546621013549019E-010
   0.0000000000000000        0.0000000000000000     
          62   5.8137066339182547E-009  -3.7540616875650269E-010
  -3.7550621953254927E-009   5.0449802552355607E-010
   0.0000000000000000        0.0000000000000000     
          63   6.4021308958135194E-009  -5.0788000164713953E-010
  -4.5215015587942607E-009   6.4769049942866616E-010
   0.0000000000000000        0.0000000000000000     
          64   7.1966479977455119E-009  -6.9313910466082265E-010
  -5.5184250348372839E-009   8.6148485409001770E-010
   0.0000000000000000        0.0000000000000000     
          65   8.2873837485741449E-009  -9.7225602909346817E-010
  -6.8641648931245888E-009   1.1967272992847438E-009
   0.0000000000000000        0.0000000000000000     
          66   9.8356976327439982E-009  -1.4299945380905459E-009
  -8.7660686090905835E-009   1.7603774847198508E-009
   0.0000000000000000        0.0000000000000000     
          67   1.2152171694324402E-008  -2.2673705018740860E-009
  -1.1620316321437708E-008   2.8079220544230549E-009
   0.0000000000000000        0.0000000000000000     
          68   1.5891335667624871E-008  -4.0588500522535671E-009
  -1.6260195455557716E-008   5.0715692288941341E-009
   0.0000000000000000        0.0000000000000000     
          69   2.2508323461644956E-008  -8.9622480691850315E-009
  -2.4541435918121978E-008   1.1304862381262690E-008
   0.0000000000000000        0.0000000000000000     
          70   3.2175637707385487E-008  -2.8509354812532393E-008
  -3.6674805656609971E-008   3.6229857070285846E-008
   0.0000000000000000        0.0000000000000000     
          71  -1.4481070951681538E-008  -6.0490147614092770E-008
   2.3161908526821171E-008   7.7020350470784151E-008
   0.0000000000000000        0.0000000000000000     
          72  -2.8238086703951297E-008  -1.7929627643511447E-008
   4.1058882896120061E-008   2.2612451294150282E-008
   0.0000000000000000        0.0000000000000000     
          73  -1.8715374978769900E-008  -6.6621320369109556E-009
   2.9332315867217066E-008   8.1260689134328423E-009
   0.0000000000000000        0.0000000000000000     
          74  -1.3123313923851419E-008  -3.5018339175403245E-009
   2.2789655857410037E-008   3.9146277775057326E-009
   0.0000000000000000        0.0000000000000000     
          75  -9.5459538024394616E-009  -2.4365925277691581E-009
   1.9113567182248022E-008   2.1779687476147992E-009
   0.0000000000000000        0.0000000000000000     
          76  -6.6870993768412896E-009  -2.5333151628342885E-009
   1.6931787966853415E-008   1.2269632998676495E-009
   0.0000000000000000        0.0000000000000000     
          77  -4.4612978083583987E-009  -5.3526177984658502E-009
   1.5564534079407864E-008   3.2137581307269202E-010
   0.0000000000000000        0.0000000000000000     
          78  -1.0374798495230593E-008  -6.5604618956082232E-009
   1.3702067745763800E-008  -1.8069774086096763E-010
   0.0000000000000000        0.0000000000000000     
          79  -9.6203895927900369E-009  -2.1368442735251402E-009
   1.3080269664332713E-008   1.5103476220485101E-010
   0.0000000000000000        0.0000000000000000     
          80  -8.0404999690145952E-009  -1.0319092639285378E-009
   1.2840793686630608E-008   1.1339104554644859E-010
   0.0000000000000000        0.0000000000000000     
          81  -7.0231096300814061E-009  -6.4295576973345904E-010
   1.2744441325840188E-008   1.8241042047953350E-011
   0.0000000000000000        0.0000000000000000     
          82  -6.3172446510578836E-009  -4.5417488994112812E-010
   1.2788011932648182E-008  -8.2803950170338299E-011
   0.0000000000000000        0.0000000000000000     
          83  -5.7917140366214336E-009  -3.4411795633134175E-010
   1.2969751736862055E-008  -1.8417697368084779E-010
   0.0000000000000000        0.0000000000000000     
          84  -5.3811636878997063E-009  -2.7271272930325692E-010
   1.3290498075026145E-008  -2.8833672873737959E-010
   0.0000000000000000        0.0000000000000000     
          85  -5.0488322583232317E-009  -2.2339611717807635E-010
   1.3756240549539281E-008  -3.9973647718569870E-010
   0.0000000000000000        0.0000000000000000     
          86  -4.7722155020038290E-009  -1.8825401429712757E-010
   1.4380620631774978E-008  -5.2392717220741974E-010
   0.0000000000000000        0.0000000000000000     
          87  -4.5357794980178884E-009  -1.6319902973868525E-010
   1.5185174448267186E-008  -6.6785759076978444E-010
   0.0000000000000000        0.0000000000000000     
          88  -4.3272014351693234E-009  -1.4614986669802729E-010
   1.6201846279140994E-008  -8.4071475378235278E-010
   0.0000000000000000        0.0000000000000000     
          89  -4.1373218081827950E-009  -1.3631467894638896E-010
   1.7477358475396825E-008  -1.0553555583081382E-009
   0.0000000000000000        0.0000000000000000     
          90  -3.9555817585347799E-009  -1.3399755027884579E-010
   1.9078925552316989E-008  -1.3307303709645600E-009
   0.0000000000000000        0.0000000000000000     
          91  -3.7720864125679358E-009  -1.4078762618018545E-010
   2.1104149062444238E-008  -1.6961875609553711E-009
   0.0000000000000000        0.0000000000000000     
          92  -3.5721822330657561E-009  -1.6024784576735711E-010
   2.3700048963264071E-008  -2.1995857930852471E-009
   0.0000000000000000        0.0000000000000000     
          93  -3.3357776623014639E-009  -1.9958178429443467E-010
   2.7093823745604819E-008  -2.9236622821129953E-009
   0.0000000000000000        0.0000000000000000     
          94  -3.0297892845220631E-009  -2.7367662458291360E-010
   3.1654522198138477E-008  -4.0218739925437500E-009
   0.0000000000000000        0.0000000000000000     
          95  -2.5946947413178644E-009  -4.1587875203123746E-010
   3.8018403652110757E-008  -5.8053127296775704E-009
   0.0000000000000000        0.0000000000000000     
          96  -1.9120256489407794E-009  -7.1138948814075727E-010
   4.7368991208724819E-008  -8.9833323475806350E-009
   0.0000000000000000        0.0000000000000000     
          97  -7.2024178374882892E-010  -1.4258005386061449E-009
   6.2127453757674320E-008  -1.5460476393862694E-008
   0.0000000000000000        0.0000000000000000     
          98   1.5397986761782619E-009  -3.6775786361673626E-009
   8.7680058155815933E-008  -3.1733739312647985E-008
   0.0000000000000000        0.0000000000000000     
          99   2.9431375329589382E-009  -1.3718043908025720E-008
   1.3241405450099563E-007  -8.9178881695926941E-008
   0.0000000000000000        0.0000000000000000     
         100  -1.9541190106685435E-008  -1.2461650909485430E-008
   4.5651371505058428E-008  -2.9342608505402348E-007
   0.0000000000000000        0.0000000000000000     
         101  -1.4534575351443234E-008  -2.0944592238132717E-009
  -1.5548850362541873E-007  -1.2502429541410168E-007
   0.0000000000000000        0.0000000000000000     
         102  -1.2858358216386622E-008  -6.8793793922271774E-010
  -1.0959498167976221E-007  -3.9911975777358673E-008
   0.0000000000000000        0.0000000000000000     
         103  -1.2543092228973410E-008   6.8774036405806539E-011
  -7.9809970891209138E-008  -1.8170475345556801E-008
   0.0000000000000000        0.0000000000000000     
         104  -1.3053477638083122E-008   7.3286197798430252E-010
  -6.3073284192252030E-008  -1.0114906349522102E-008
   0.0000000000000000        0.0000000000000000     
         105  -1.4490150233734658E-008   1.7324086395330939E-009
  -5.2785256468086349E-008  -6.3220553869847934E-009
   0.0000000000000000        0.0000000000000000     
         106  -1.7442346074240641E-008   4.1510502503620079E-009
  -4.5988060292560409E-008  -4.2425046292337569E-009
   0.0000000000000000        0.0000000000000000     
         107  -2.1880073915119949E-008   1.3498095997061486E-008
  -4.1271276381129279E-008  -2.9759440239406128E-009
   0.0000000000000000        0.0000000000000000     
         108   2.1250411026128120E-010   2.8008243608291549E-008
  -3.7895713131158494E-008  -2.1418599802960709E-009
   0.0000000000000000        0.0000000000000000     
         109   6.0159971060797930E-009   8.3488742842431908E-009
  -3.5441427426844281E-008  -1.5576246374596045E-009
   0.0000000000000000        0.0000000000000000     
         110   1.3996276468492038E-009   3.2434802651016786E-009
  -3.3653672121806778E-008  -1.1270107483964819E-009
   0.0000000000000000        0.0000000000000000     
         111  -1.4529348903512423E-009   1.8277327224145493E-009
  -3.2370966487170756E-008  -7.9579021937900237E-010
   0.0000000000000000        0.0000000000000000     
         112  -3.4203746009135222E-009   1.3312482745117316E-009
  -3.1485367061313242E-008  -5.3227618543215866E-010
   0.0000000000000000        0.0000000000000000     
         113  -5.0468266487652218E-009   1.1805991062372683E-009
  -3.0920926696921522E-008  -3.1856949978419149E-010
   0.0000000000000000        0.0000000000000000     
         114  -6.6260441713178829E-009   1.2280003961752964E-009
  -3.0618437164803766E-008  -1.4758199181033233E-010
   0.0000000000000000        0.0000000000000000     
         115  -8.3839408332993634E-009   1.4626071530021616E-009
  -3.0521682688259022E-008  -2.5370161920518563E-011
   0.0000000000000000        0.0000000000000000     
         116  -1.0592610104839525E-008   1.9797204230532155E-009
  -3.0556834530711623E-008   1.6087996736492187E-011
   0.0000000000000000        0.0000000000000000     
         117  -1.3715327609634749E-008   3.0960496660294754E-009
  -3.0589552990124335E-008  -1.2817138611162194E-010
   0.0000000000000000        0.0000000000000000     
         118  -1.8719738275525452E-008   5.9234892601091223E-009
  -3.0319028073797597E-008  -8.4038758867781667E-010
   0.0000000000000000        0.0000000000000000     
         119  -2.7135231084303934E-008   1.5812018155558155E-008
  -2.9264354192583499E-008  -3.9970402972638137E-009
   0.0000000000000000        0.0000000000000000     
         120  -1.4160780821199418E-008   5.1843112380183743E-008
  -3.6279828634224723E-008  -1.6324146067277099E-008
   0.0000000000000000        0.0000000000000000     
         121   2.2587950528244515E-008   2.3498018056795871E-008
  -5.2327017904469641E-008  -5.7789713316213479E-009
   0.0000000000000000        0.0000000000000000     
         122   1.3714025447705325E-008   7.8918932549594825E-009
  -5.3035701585296901E-008   4.1612917470166820E-010
   0.0000000000000000        0.0000000000000000     
         123   7.3964234426969405E-009   4.0600695896475256E-009
  -5.5694281728284767E-008   2.6790587602530436E-009
   0.0000000000000000        0.0000000000000000     
         124   3.2098777955356808E-009   2.8054326396234087E-009
  -6.0530289487301432E-008   4.3903550924239154E-009
   0.0000000000000000        0.0000000000000000     
         125  -1.4627068417807416E-010   2.4311396731188344E-009
  -6.7679638463018932E-008   6.3774265595556600E-009
   0.0000000000000000        0.0000000000000000     
         126  -3.3818882488170118E-009   2.5476727325119772E-009
  -7.7879825434386851E-008   9.2135822439767064E-009
   0.0000000000000000        0.0000000000000000     
         127  -7.0595249934617585E-009   3.1538117864397855E-009
  -9.2681225905898445E-008   1.3820441613030776E-008
   0.0000000000000000        0.0000000000000000     
         128  -1.1907834545388662E-008   4.5744019040199142E-009
  -1.1519924301481658E-007   2.2309392731104647E-008
   0.0000000000000000        0.0000000000000000     
         129  -1.9268926224025453E-008   7.9286608771765290E-009
  -1.5212544321194907E-007   4.0787061009973055E-008
   0.0000000000000000        0.0000000000000000     
         130  -3.1983666429260379E-008   1.7665836670083170E-008
  -2.1826395019871452E-007   9.2861050465246183E-008
   0.0000000000000000        0.0000000000000000     
         131  -4.8301730589516500E-008   5.8107522689821349E-008
  -3.0428932081905540E-007   3.0703984531904491E-007
   0.0000000000000000        0.0000000000000000     
         132   4.7478221276826452E-008   1.0214378938547934E-007
   2.0076529560838686E-007   5.4024252912520051E-007
   0.0000000000000000        0.0000000000000000     
         133   6.0571658839654428E-008   2.8728002370855577E-008
   2.6823790544954293E-007   1.5337452563629515E-007
   0.0000000000000000        0.0000000000000000     
         134   4.4776728566176453E-008   1.0488878922742929E-008
   1.8194846340294757E-007   5.8127964593478053E-008
   0.0000000000000000        0.0000000000000000     
         135   3.6383056453822320E-008   4.8418217342009958E-009
   1.3306359692934551E-007   2.9887185023033338E-008
   0.0000000000000000        0.0000000000000000     
         136   3.2118247619395846E-008   2.2283183949983800E-009
   1.0341175652618051E-007   1.8730383714443389E-008
   0.0000000000000000        0.0000000000000000     
         137   3.0390328073742339E-008   3.7994770054194398E-010
   8.2726495989056951E-008   1.4143138194584239E-008
   0.0000000000000000        0.0000000000000000     
         138   3.0922511204130160E-008  -2.0154940882700906E-009
   6.5467670741766467E-008   1.4219208673369617E-008
   0.0000000000000000        0.0000000000000000     
