   262144.00000000000     
         256           1           3
   1.7567330116226543E-005   35.902873699465999        16.020003305100001     
   6.0401400154609997        12.000000000000000        5733.8999999999996     
           0   0.0000000000000000        0.0000000000000000     
   0.0000000000000000        0.0000000000000000     
   0.0000000000000000        0.0000000000000000     
           1   0.0000000000000000        0.0000000000000000     
  -4.7967789893644607E-008   6.1408326675794813E-011
   4.7076558760307123E-009   5.5615272594419113E-012
           2   0.0000000000000000        0.0000000000000000     
  -4.7978961413669629E-008   2.2143553598836025E-011
   4.7076595132445766E-009   1.1121288544489364E-012
           3   0.0000000000000000        0.0000000000000000     
  -4.8001334761941951E-008   1.8096321193510536E-011
   4.7072938130677387E-009   1.6317984202534597E-013
           4   0.0000000000000000        0.0000000000000000     
  -4.8026462576417009E-008   2.0251942518696442E-011
   4.7074010232770651E-009  -1.7102983532359687E-013
           5   0.0000000000000000        0.0000000000000000     
  -4.8056322105929908E-008   2.3983660314030176E-011
   4.7077877812729792E-009  -3.5125347517466257E-013
           6   0.0000000000000000        0.0000000000000000     
  -4.8091842681216415E-008   2.8282503825232746E-011
   4.7083658887892161E-009  -4.7853617314101751E-013
           7   0.0000000000000000        0.0000000000000000     
  -4.8133475790880917E-008   3.2859619549579662E-011
   4.7090956586097301E-009  -5.8234531538089020E-013
           8   0.0000000000000000        0.0000000000000000     
  -4.8181497866829420E-008   3.7619483347114266E-011
   4.7099558470174966E-009  -6.7295712351229078E-013
           9   0.0000000000000000        0.0000000000000000     
  -4.8236123136583400E-008   4.2531169146728881E-011
   4.7109324810346742E-009  -7.5426381225854701E-013
          10   0.0000000000000000        0.0000000000000000     
  -4.8297549103179782E-008   4.7589442817683605E-011
   4.7120143945543581E-009  -8.2764999179633592E-013
          11   0.0000000000000000        0.0000000000000000     
  -4.8365977289615706E-008   5.2801098639418654E-011
   4.7131912356343447E-009  -8.9336018091742639E-013
          12   0.0000000000000000        0.0000000000000000     
  -4.8441624266751564E-008   5.8179653731481657E-011
   4.7144524525494885E-009  -9.5103657802721184E-013
          13   0.0000000000000000        0.0000000000000000     
  -4.8524728643166317E-008   6.3743208652073852E-011
   4.7157866965877456E-009  -9.9994364059929405E-013
          14   0.0000000000000000        0.0000000000000000     
  -4.8615556454752138E-008   6.9513652443622742E-011
   4.7171814011761194E-009  -1.0390609984718165E-012
          15   0.0000000000000000        0.0000000000000000     
  -4.8714406064612407E-008   7.5516518189395765E-011
   4.7186224301852436E-009  -1.0671141868878058E-012
          16   0.0000000000000000        0.0000000000000000     
  -4.8821613182728139E-008   8.1781205596820045E-011
   4.7200937385489967E-009  -1.0825719995771839E-012
          17   0.0000000000000000        0.0000000000000000     
  -4.8937556382837791E-008   8.8341458099011145E-011
   4.7215770123977516E-009  -1.0836224296738317E-012
          18   0.0000000000000000        0.0000000000000000     
  -4.9062663428206378E-008   9.5236057661642945E-011
   4.7230512634952392E-009  -1.0681318620901486E-012
          19   0.0000000000000000        0.0000000000000000     
  -4.9197418686032724E-008   1.0250974396275549E-010
   4.7244923578466829E-009  -1.0335881557980839E-012
          20   0.0000000000000000        0.0000000000000000     
  -4.9342372213722723E-008   1.1021439007616661E-010
   4.7258895279752309E-009  -9.7702661441824718E-013
          21   0.0000000000000000        0.0000000000000000     
  -4.9498149360926101E-008   1.1841049282606168E-010
   4.7271764069879952E-009  -8.9493237588400441E-013
          22   0.0000000000000000        0.0000000000000000     
  -4.9665465193084060E-008   1.2716906164175485E-010
   4.7283326429530221E-009  -7.8312114552686711E-013
          23   0.0000000000000000        0.0000000000000000     
  -4.9845139243965806E-008   1.3657402335252378E-010
   4.7293146010370304E-009  -6.3658101444328180E-013
          24   0.0000000000000000        0.0000000000000000     
  -5.0038115219028772E-008   1.4672530603671117E-010
   4.7300711886108425E-009  -4.4927177180379116E-013
          25   0.0000000000000000        0.0000000000000000     
  -5.0245485173083556E-008   1.5774282725438182E-010
   4.7305422989641308E-009  -2.1386401436510632E-013
          26   0.0000000000000000        0.0000000000000000     
  -5.0468519828105932E-008   1.6977170267136360E-010
   4.7306568530594219E-009   7.8602387060003960E-014
          27   0.0000000000000000        0.0000000000000000     
  -5.0708706944496820E-008   1.8298912167152441E-010
   4.7303303125813528E-009   4.3917003360698558E-013
          28   0.0000000000000000        0.0000000000000000     
  -5.0967800372131689E-008   1.9761353089339752E-010
   4.7294614908667973E-009   8.8156843766815420E-013
          29   0.0000000000000000        0.0000000000000000     
  -5.1247883437673011E-008   2.1391705810113520E-010
   4.7279284195343232E-009   1.4230329754434764E-012
          30   0.0000000000000000        0.0000000000000000     
  -5.1551451833197515E-008   2.3224255626407337E-010
   4.7255829288694031E-009   2.0854298823479284E-012
          31   0.0000000000000000        0.0000000000000000     
  -5.1881523412188703E-008   2.5302734650256621E-010
   4.7222434513556257E-009   2.8968252166045715E-012
          32   0.0000000000000000        0.0000000000000000     
  -5.2241785707779328E-008   2.7683685355017117E-010
   4.7176853312735179E-009   3.8937097446168902E-012
          33   0.0000000000000000        0.0000000000000000     
  -5.2636797253725631E-008   3.0441314924838022E-010
   4.7116275741550559E-009   5.1242126903540550E-012
          34   0.0000000000000000        0.0000000000000000     
  -5.3072267134621060E-008   3.3674647262422464E-010
   4.7037144155460831E-009   6.6528400386346028E-012
          35   0.0000000000000000        0.0000000000000000     
  -5.3555452222528205E-008   3.7518306081224967E-010
   4.6935046529830191E-009   8.5676220122293352E-012
          36   0.0000000000000000        0.0000000000000000     
  -5.4095723644548111E-008   4.2159200151925741E-010
   4.6803719471846220E-009   1.0991182605718458E-011
          37   0.0000000000000000        0.0000000000000000     
  -5.4705424328190958E-008   4.7863113019651950E-010
   4.6635414323300488E-009   1.4098377503145387E-011
          38   0.0000000000000000        0.0000000000000000     
  -5.5401156178737899E-008   5.5018528656717662E-010
   4.6419421998300269E-009   1.8145385269172674E-011
          39   0.0000000000000000        0.0000000000000000     
  -5.6205818579459126E-008   6.4211736063247468E-010
   4.6140965434437493E-009   2.3519567011083531E-011
          40   0.0000000000000000        0.0000000000000000     
  -5.7151918479762917E-008   7.6361540257305901E-010
   4.5778650867621883E-009   3.0828917671053587E-011
          41   0.0000000000000000        0.0000000000000000     
  -5.8287243599758386E-008   9.2974315794398918E-010
   4.5301232505866111E-009   4.1071443427118922E-011
          42   0.0000000000000000        0.0000000000000000     
  -5.9684997804143855E-008   1.1665947332402244E-009
   4.4660508551634555E-009   5.5977515339677942E-011
          43   0.0000000000000000        0.0000000000000000     
  -6.1463114257032375E-008   1.5225837899151057E-009
   4.3778523030066341E-009   7.8759696057957922E-011
          44   0.0000000000000000        0.0000000000000000     
  -6.3823846608999113E-008   2.0958072057981709E-009
   4.2521749265667435E-009   1.1593029468183993E-010
          45   0.0000000000000000        0.0000000000000000     
  -6.7142189322587989E-008   3.1097393087350321E-009
   4.0641268949784760E-009   1.8232926428577324E-010
          46   0.0000000000000000        0.0000000000000000     
  -7.2182522818258872E-008   5.1636406762863618E-009
   3.7629909071692984E-009   3.1775744309795737E-010
          47   0.0000000000000000        0.0000000000000000     
  -8.0643794804849500E-008   1.0298531084614063E-008
   3.2360720393930947E-009   6.5778343932927543E-010
          48   0.0000000000000000        0.0000000000000000     
  -9.5176404838058846E-008   2.8345774926102519E-008
   2.3075592840851642E-009   1.8554468381824340E-009
          49   0.0000000000000000        0.0000000000000000     
  -6.9218152427736313E-008   9.2823005772503513E-008
   4.0698982896977724E-009   6.1371412882067927E-009
          50   0.0000000000000000        0.0000000000000000     
  -4.9042465290476603E-009   4.0437670066187242E-008
   8.3818054720879444E-009   2.6561864849969507E-009
          51   0.0000000000000000        0.0000000000000000     
  -1.9895431394023143E-008   1.3120194318020290E-008
   7.4277145415972334E-009   8.4026847487109317E-010
          52   0.0000000000000000        0.0000000000000000     
  -2.9901820544124073E-008   6.1829439252666530E-009
   6.8066146116191701E-009   3.7799940859652058E-010
          53   0.0000000000000000        0.0000000000000000     
  -3.5780189788176298E-008   3.6361723468694835E-009
   6.4617958493547839E-009   2.0724856987297323E-010
          54   0.0000000000000000        0.0000000000000000     
  -3.9638919063881874E-008   2.4551279579685304E-009
   6.2533758987770330E-009   1.2707881455803400E-010
          55   0.0000000000000000        0.0000000000000000     
  -4.2426265277076938E-008   1.8242102090704272E-009
   6.1185767450845842E-009   8.3291112801853376E-011
          56   0.0000000000000000        0.0000000000000000     
  -4.4596556887189790E-008   1.4563377915340133E-009
   6.0274374827559052E-009   5.6787689461865713E-011
          57   0.0000000000000000        0.0000000000000000     
  -4.6391051863674274E-008   1.2307746455137377E-009
   5.9642199411795625E-009   3.9512949022823869E-011
          58   0.0000000000000000        0.0000000000000000     
  -4.7950217240795376E-008   1.0901253151009555E-009
   5.9199264575801822E-009   2.7608983612410026E-011
          59   0.0000000000000000        0.0000000000000000     
  -4.9362902030439927E-008   1.0047336810359351E-009
   5.8890575593118261E-009   1.9047309986584267E-011
          60   0.0000000000000000        0.0000000000000000     
  -5.0690037589604303E-008   9.5853185254411926E-010
   5.8680560818693265E-009   1.2683883779198751E-011
          61   0.0000000000000000        0.0000000000000000     
  -5.1977146411895906E-008   9.4283185088882491E-010
   5.8545140901924610E-009   7.8393182068106363E-012
          62   0.0000000000000000        0.0000000000000000     
  -5.3261670651280336E-008   9.5344911733594268E-010
   5.8467132555327329E-009   4.0966197037327472E-012
          63   0.0000000000000000        0.0000000000000000     
  -5.4577811813340766E-008   9.8941162736625406E-010
   5.8433716003087981E-009   1.1980302826293518E-012
          64   0.0000000000000000        0.0000000000000000     
  -5.5960387042457891E-008   1.0525716370130623E-009
   5.8434577562967578E-009  -1.0086719793121754E-012
          65   0.0000000000000000        0.0000000000000000     
  -5.7448629014336176E-008   1.1479119883118331E-009
   5.8461346797552134E-009  -2.5961670374164957E-012
          66   0.0000000000000000        0.0000000000000000     
  -5.9090882089248915E-008   1.2846465880131083E-009
   5.8505690384252539E-009  -3.5645713142580043E-012
          67   0.0000000000000000        0.0000000000000000     
  -6.0951368842898870E-008   1.4785769471272645E-009
   5.8558671316682361E-009  -3.8300388556160695E-012
          68   0.0000000000000000        0.0000000000000000     
  -6.3121192128432517E-008   1.7568520281212250E-009
   5.8610065114497910E-009  -3.1868280145970468E-012
          69   0.0000000000000000        0.0000000000000000     
  -6.5737829537981506E-008   2.1679073275466064E-009
   5.8646048539976486E-009  -1.2181191668841562E-012
          70   0.0000000000000000        0.0000000000000000     
  -6.9022395379585081E-008   2.8037831032886370E-009
   5.8644391963804940E-009   2.9115274467769719E-012
          71   0.0000000000000000        0.0000000000000000     
  -7.3357041079746950E-008   3.8556834056698648E-009
   5.8569127699381037E-009   1.0978505792837927E-011
          72   0.0000000000000000        0.0000000000000000     
  -7.9460996150745816E-008   5.7729319338576585E-009
   5.8352779092423412E-009   2.7199548145219823E-011
          73   0.0000000000000000        0.0000000000000000     
  -8.8829197706053651E-008   9.8136945006695328E-009
   5.7854258903883957E-009   6.3431167858636807E-011
          74   0.0000000000000000        0.0000000000000000     
  -1.0479375666222126E-007   2.0548342897623118E-008
   5.6760470209883001E-009   1.6280935219367978E-010
          75   0.0000000000000000        0.0000000000000000     
  -1.2992112568599588E-007   6.1681639998863401E-008
   5.4823881950576690E-009   5.4916787261970054E-010
          76   0.0000000000000000        0.0000000000000000     
  -3.7315107670569903E-008   1.5785306832537975E-007
   6.4039198176526430E-009   1.4551653491413690E-009
          77   0.0000000000000000        0.0000000000000000     
   2.0188447407431674E-008   5.1010728246243263E-008
   6.9972771285405828E-009   4.4381579837825309E-010
          78   0.0000000000000000        0.0000000000000000     
  -4.5696806253260879E-009   1.8163389075008470E-008
   6.8166976978704214E-009   1.3105948810746495E-010
          79   0.0000000000000000        0.0000000000000000     
  -1.9363140053956466E-008   9.0898892373220651E-009
   6.7341217979165099E-009   4.2581475641729215E-011
          80   0.0000000000000000        0.0000000000000000     
  -2.8278027666121780E-008   5.5522209602009195E-009
   6.7109574335483770E-009   6.0957439665965113E-012
          81   0.0000000000000000        0.0000000000000000     
  -3.4284356056292498E-008   3.8521839508868818E-009
   6.7196570121550467E-009  -1.3387284717498135E-011
          82   0.0000000000000000        0.0000000000000000     
  -3.8718907622753318E-008   2.9248933550292880E-009
   6.7481245199967582E-009  -2.6006063224369805E-011
          83   0.0000000000000000        0.0000000000000000     
  -4.2237623121822674E-008   2.3790537602973435E-009
   6.7908498332334513E-009  -3.5561268279040235E-011
          84   0.0000000000000000        0.0000000000000000     
  -4.5197495836783246E-008   2.0454523260544416E-009
   6.8452614267958691E-009  -4.3788816071115909E-011
          85   0.0000000000000000        0.0000000000000000     
  -4.7811957177916307E-008   1.8424212586073086E-009
   6.9103727433696536E-009  -5.1643877195736567E-011
          86   0.0000000000000000        0.0000000000000000     
  -5.0220587425221545E-008   1.7278392790789468E-009
   6.9861549200432722E-009  -5.9774509618388881E-011
          87   0.0000000000000000        0.0000000000000000     
  -5.2523719698001114E-008   1.6797195723129056E-009
   7.0734246854826126E-009  -6.8736564006309081E-011
          88   0.0000000000000000        0.0000000000000000     
  -5.4801639901903653E-008   1.6877762652308034E-009
   7.1736606002662674E-009  -7.9123755437989701E-011
          89   0.0000000000000000        0.0000000000000000     
  -5.7126886772837820E-008   1.7498832026788601E-009
   7.2892055888764152E-009  -9.1684517999269248E-011
          90   0.0000000000000000        0.0000000000000000     
  -5.9574006050686832E-008   1.8712480896139243E-009
   7.4236635794826281E-009  -1.0747321405424140E-010
          91   0.0000000000000000        0.0000000000000000     
  -6.2229646209689963E-008   2.0658084434044095E-009
   7.5822088315244008E-009  -1.2809502725420484E-010
          92   0.0000000000000000        0.0000000000000000     
  -6.5206059498422903E-008   2.3605748895078266E-009
   7.7727702052761921E-009  -1.5615553164788298E-010
          93   0.0000000000000000        0.0000000000000000     
  -6.8662796407191831E-008   2.8054971676458033E-009
   8.0076247384161163E-009  -1.9616317556077404E-010
          94   0.0000000000000000        0.0000000000000000     
  -7.2846281471771467E-008   3.4958621576349050E-009
   8.3067626982940823E-009  -2.5650921196034890E-010
          95   0.0000000000000000        0.0000000000000000     
  -7.8169864736149705E-008   4.6273658068462784E-009
   8.7048316557046107E-009  -3.5429155073673591E-010
          96   0.0000000000000000        0.0000000000000000     
  -8.5392112169836668E-008   6.6499165267545413E-009
   9.2666363978535187E-009  -5.2875900141805685E-010
          97   0.0000000000000000        0.0000000000000000     
  -9.6054459814147520E-008   1.0781882908395156E-008
   1.0125090324272800E-008  -8.8625136196533975E-010
          98   0.0000000000000000        0.0000000000000000     
  -1.1357480745518044E-007   2.1231414819414415E-008
   1.1576744878744328E-008  -1.7943356561222833E-009
          99   0.0000000000000000        0.0000000000000000     
  -1.4281719200968451E-007   5.8628853377129420E-008
   1.4044511579091656E-008  -5.0558293086577654E-009
         100   0.0000000000000000        0.0000000000000000     
  -8.0882343783486838E-008   1.8316074127712511E-007
   8.5327286072927028E-009  -1.5930767208579664E-008
         101   0.0000000000000000        0.0000000000000000     
   2.9868820098568943E-008   7.3837441162732102E-008
  -1.2625978713113582E-009  -6.3623897795821702E-009
         102   0.0000000000000000        0.0000000000000000     
  -3.5756445553897610E-010   2.5064848173647870E-008
   1.2450718988423809E-009  -2.0819128593246106E-009
         103   0.0000000000000000        0.0000000000000000     
  -2.0361195290060304E-008   1.2562055639885625E-008
   2.8311443244777648E-009  -9.6523172082030177E-010
         104   0.0000000000000000        0.0000000000000000     
  -3.2902904946505515E-008   8.0488589613391775E-009
   3.7277034282440499E-009  -5.3760900648055546E-010
         105   0.0000000000000000        0.0000000000000000     
  -4.1987205145098696E-008   6.1225529375211601E-009
   4.2694643335249296E-009  -3.2200558245688453E-010
         106   0.0000000000000000        0.0000000000000000     
  -4.9505220333559394E-008   5.3422073382769870E-009
   4.5984975763401321E-009  -1.8410213903346374E-010
         107   0.0000000000000000        0.0000000000000000     
  -5.6514367413091722E-008   5.2637988508220922E-009
   4.7697546169942563E-009  -6.9544845882219580E-011
         108   0.0000000000000000        0.0000000000000000     
  -6.3824237036124118E-008   5.8335718938021941E-009
   4.7893791658748599E-009   5.7758027727021876E-011
         109   0.0000000000000000        0.0000000000000000     
  -7.2356166484349370E-008   7.3274182886311471E-009
   4.6179615512975467E-009   2.4465545709319903E-010
         110   0.0000000000000000        0.0000000000000000     
  -8.3604035658957520E-008   1.0698516595726117E-008
   4.1420942865797442E-009   5.9546384972238300E-010
         111   0.0000000000000000        0.0000000000000000     
  -1.0061498941051450E-007   1.9263554452758770E-008
   3.0854186136397950E-009   1.4443844471679674E-009
         112   0.0000000000000000        0.0000000000000000     
  -1.2863526014872030E-007   4.8590267772969316E-008
   9.4899455070402795E-010   4.3405747529604363E-009
         113   0.0000000000000000        0.0000000000000000     
  -1.0322377990529857E-007   1.6390519486478975E-007
   4.1646105606835119E-009   1.5768315210963972E-008
         114   0.0000000000000000        0.0000000000000000     
   3.2679632772056788E-008   8.6062434001747382E-008
   1.8432180792436489E-008   7.9668937189810326E-009
         115   0.0000000000000000        0.0000000000000000     
   3.7355526090165698E-009   2.8221533538666460E-008
   1.6409995831156351E-008   2.1228965666172796E-009
         116   0.0000000000000000        0.0000000000000000     
  -1.8442037027964987E-008   1.4281054942362963E-008
   1.5211055906961518E-008   5.9670276211322706E-010
         117   0.0000000000000000        0.0000000000000000     
  -3.3035606079333105E-008   9.7267483256696999E-009
   1.4995340236565134E-008  -7.4015235231329578E-011
         118   0.0000000000000000        0.0000000000000000     
  -4.4566488861404086E-008   8.3228904672763587E-009
   1.5444344748483294E-008  -5.7191494236181316E-010
         119   0.0000000000000000        0.0000000000000000     
  -5.5568319612151019E-008   8.7777725935356856E-009
   1.6547935725686256E-008  -1.1694078022187310E-009
         120   0.0000000000000000        0.0000000000000000     
  -6.8255187001853627E-008   1.1554791057683941E-008
   1.8578204926816855E-008  -2.2099756479979571E-009
         121   0.0000000000000000        0.0000000000000000     
  -8.6026288141082461E-008   2.0007375750356718E-008
   2.2290860497503008E-008  -4.7029517227516759E-009
         122   0.0000000000000000        0.0000000000000000     
  -1.1339691572843797E-007   5.1591283312696542E-008
   2.8823112655125151E-008  -1.3476456649994450E-008
         123   0.0000000000000000        0.0000000000000000     
  -6.3604250512959313E-008   1.5910911363006722E-007
   1.4324406540953256E-008  -4.3028645403489475E-008
         124   0.0000000000000000        0.0000000000000000     
   3.2662494292494165E-008   6.5567028697286644E-008
  -1.2834825030385549E-008  -1.7431734756745556E-008
         125   0.0000000000000000        0.0000000000000000     
   5.3199431652042372E-009   2.2665384276390406E-008
  -6.0552626472713277E-009  -5.6978046233603578E-009
         126   0.0000000000000000        0.0000000000000000     
  -1.3089064480699125E-008   1.1603250331573972E-008
  -1.6991077627006348E-009  -2.6759584935973547E-009
         127   0.0000000000000000        0.0000000000000000     
  -2.4818300396818121E-008   7.5298652303923084E-009
   8.2950267896660639E-010  -1.5545304065089502E-009
         128   0.0000000000000000        0.0000000000000000     
  -3.3342421805656235E-008   5.6926234918046932E-009
   2.4627944710348826E-009  -1.0301107600547744E-009
         129   0.0000000000000000        0.0000000000000000     
  -4.0264392245889868E-008   4.8009671676772101E-009
   3.6172182297043779E-009  -7.4656581173605905E-010
         130   0.0000000000000000        0.0000000000000000     
  -4.6407287002477176E-008   4.4093646140363091E-009
   4.4911908899911815E-009  -5.7702009117719219E-010
         131   0.0000000000000000        0.0000000000000000     
  -5.2276819912226668E-008   4.3494891702110500E-009
   5.1878563041801899E-009  -4.6694524700857190E-010
         132   0.0000000000000000        0.0000000000000000     
  -5.8260728965092784E-008   4.5738616468903401E-009
   5.7635430270808546E-009  -3.8876746771618979E-010
         133   0.0000000000000000        0.0000000000000000     
  -6.4740588148370908E-008   5.1146089831215178E-009
   6.2480428435365955E-009  -3.2532465309934350E-010
         134   0.0000000000000000        0.0000000000000000     
  -7.2190820479055282E-008   6.0953755768416270E-009
   6.6517098409619417E-009  -2.6156881506438242E-010
         135   0.0000000000000000        0.0000000000000000     
  -8.1322012114996855E-008   7.8049666799275645E-009
   6.9640493524547548E-009  -1.7669903723249121E-010
         136   0.0000000000000000        0.0000000000000000     
  -9.3365299582091684E-008   1.0922124783757784E-008
   7.1408485600584482E-009  -2.8441551102000392E-011
         137   0.0000000000000000        0.0000000000000000     
  -1.1074365181296089E-007   1.7263159663364349E-008
   7.0653223379353616E-009   2.9580854414996440E-010
         138   0.0000000000000000        0.0000000000000000     
  -1.3875408196522912E-007   3.2918973928409857E-008
   6.4446551049081978E-009   1.1845171143248048E-009
