   262144.00000000000     
         256           1           3
   1.7567330116226543E-005   51.164887766128999        59.692950296100001     
   6.0401400154609997        12.000000000000000        5733.8999999999996     
           0   0.0000000000000000        0.0000000000000000     
   0.0000000000000000        0.0000000000000000     
   0.0000000000000000        0.0000000000000000     
           1   0.0000000000000000        0.0000000000000000     
  -1.0904895007360755E-008   4.9510392143279830E-011
   8.0216681369293501E-009   1.4220161477907245E-011
           2   0.0000000000000000        0.0000000000000000     
  -1.0909114014789090E-008   1.3638965534866785E-011
   8.0237755370543405E-009   9.9419108258113924E-013
           3   0.0000000000000000        0.0000000000000000     
  -1.0919317453820345E-008   7.6234568428848029E-012
   8.0262808711068116E-009  -2.6473736296030831E-012
           4   0.0000000000000000        0.0000000000000000     
  -1.0928323406046812E-008   6.8523439216130695E-012
   8.0315110078063500E-009  -4.6199906048832490E-012
           5   0.0000000000000000        0.0000000000000000     
  -1.0937783164304237E-008   7.3963208476090060E-012
   8.0389616782064058E-009  -6.1922774003665279E-012
           6   0.0000000000000000        0.0000000000000000     
  -1.0948451638005576E-008   8.3939736843761328E-012
   8.0484247346837559E-009  -7.6471092945499954E-012
           7   0.0000000000000000        0.0000000000000000     
  -1.0960670502488317E-008   9.5943336605469374E-012
   8.0598332477742171E-009  -9.0714836347903176E-012
           8   0.0000000000000000        0.0000000000000000     
  -1.0974624589272900E-008   1.0910067967071224E-011
   8.0731795807226368E-009  -1.0500196456282603E-011
           9   0.0000000000000000        0.0000000000000000     
  -1.0990437111524441E-008   1.2308238195508456E-011
   8.0884853720998434E-009  -1.1951038076728579E-011
          10   0.0000000000000000        0.0000000000000000     
  -1.1008207653967070E-008   1.3777226666697675E-011
   8.1057900375972655E-009  -1.3435520799319382E-011
          11   0.0000000000000000        0.0000000000000000     
  -1.1028029069517303E-008   1.5315058708711626E-011
   8.1251461948518333E-009  -1.4962744644757112E-011
          12   0.0000000000000000        0.0000000000000000     
  -1.1049996005896506E-008   1.6924799056444817E-011
   8.1466179415335764E-009  -1.6541007457714261E-011
          13   0.0000000000000000        0.0000000000000000     
  -1.1074209853725091E-008   1.8612616108846721E-011
   8.1702804761473551E-009  -1.8178579819716082E-011
          14   0.0000000000000000        0.0000000000000000     
  -1.1100782159755702E-008   2.0386965002478834E-011
   8.1962204367488968E-009  -1.9884147959270616E-011
          15   0.0000000000000000        0.0000000000000000     
  -1.1129837413861930E-008   2.2258295829856197E-011
   8.2245367077178735E-009  -2.1667122183436032E-011
          16   0.0000000000000000        0.0000000000000000     
  -1.1161515686591757E-008   2.4239040047705881E-011
   8.2553415933316254E-009  -2.3537898716244240E-011
          17   0.0000000000000000        0.0000000000000000     
  -1.1195975387309188E-008   2.6343771311946157E-011
   8.2887623361521811E-009  -2.5508119170726955E-011
          18   0.0000000000000000        0.0000000000000000     
  -1.1233396344985580E-008   2.8589498782104122E-011
   8.3249429964419803E-009  -2.7590955143627348E-011
          19   0.0000000000000000        0.0000000000000000     
  -1.1273983368433661E-008   3.0996084604129936E-011
   8.3640467459460958E-009  -2.9801438798541131E-011
          20   0.0000000000000000        0.0000000000000000     
  -1.1317970161572353E-008   3.3586794567692569E-011
   8.4063160568867931E-009  -3.2156862023466474E-011
          21   0.0000000000000000        0.0000000000000000     
  -1.1365625599598743E-008   3.6389007249297107E-011
   8.4518464492844458E-009  -3.4677257713619167E-011
          22   0.0000000000000000        0.0000000000000000     
  -1.1417258060416088E-008   3.9435120374817923E-011
   8.5009350437906904E-009  -3.7386017128245237E-011
          23   0.0000000000000000        0.0000000000000000     
  -1.1473224173559861E-008   4.2763711007571171E-011
   8.5538559689246546E-009  -4.0310649574761784E-011
          24   0.0000000000000000        0.0000000000000000     
  -1.1533937829075280E-008   4.6421028719719613E-011
   8.6109239672738985E-009  -4.3483760123653757E-011
          25   0.0000000000000000        0.0000000000000000     
  -1.1599881783268735E-008   5.0462931784112580E-011
   8.6725020889256988E-009  -4.6944306799103252E-011
          26   0.0000000000000000        0.0000000000000000     
  -1.1671622247785300E-008   5.4957421220541157E-011
   8.7390113178727079E-009  -5.0739237338118441E-011
          27   0.0000000000000000        0.0000000000000000     
  -1.1749827400664536E-008   5.9987991681861356E-011
   8.8109427255932082E-009  -5.4925644592266990E-011
          28   0.0000000000000000        0.0000000000000000     
  -1.1835291105172964E-008   6.5658113870623788E-011
   8.8888729700623718E-009  -5.9573639577915365E-011
          29   0.0000000000000000        0.0000000000000000     
  -1.1928963630496393E-008   7.2097306401857794E-011
   8.9734842761621760E-009  -6.4770231616405503E-011
          30   0.0000000000000000        0.0000000000000000     
  -1.2031991908159141E-008   7.9469475125740861E-011
   9.0655905021890988E-009  -7.0624643490769045E-011
          31   0.0000000000000000        0.0000000000000000     
  -1.2145772958926665E-008   8.7984541598138806E-011
   9.1661715932903734E-009  -7.7275705919334645E-011
          32   0.0000000000000000        0.0000000000000000     
  -1.2272025802337434E-008   9.7914930709363239E-011
   9.2764197764268543E-009  -8.4902321024749930E-011
          33   0.0000000000000000        0.0000000000000000     
  -1.2412889747751707E-008   1.0961938369732794E-010
   9.3978024856764470E-009  -9.3738548418836279E-011
          34   0.0000000000000000        0.0000000000000000     
  -1.2571061071200819E-008   1.2357806453507607E-010
   9.5321495904189079E-009  -1.0409581279706014E-010
          35   0.0000000000000000        0.0000000000000000     
  -1.2749987322246701E-008   1.4044551809508462E-010
   9.6818305131473617E-009  -1.1639636467749934E-010
          36   0.0000000000000000        0.0000000000000000     
  -1.2954145516200415E-008   1.6113265139631917E-010
   9.8497170521994456E-009  -1.3122500941247139E-010
          37   0.0000000000000000        0.0000000000000000     
  -1.3189461849679561E-008   1.8693742640575753E-010
   1.0039770024053476E-008  -1.4941153462282543E-010
          38   0.0000000000000000        0.0000000000000000     
  -1.3463944131119894E-008   2.1976033219857327E-010
   1.0257225470194115E-008  -1.7216647675186889E-010
          39   0.0000000000000000        0.0000000000000000     
  -1.3788682645393842E-008   2.6247372469437576E-010
   1.0509268605170117E-008  -2.0131373246942979E-010
          40   0.0000000000000000        0.0000000000000000     
  -1.4179477705053158E-008   3.1958440243832331E-010
   1.0806107101704887E-008  -2.3970767969014967E-010
          41   0.0000000000000000        0.0000000000000000     
  -1.4659627219540132E-008   3.9848823995821441E-010
   1.1162658238069183E-008  -2.9202278066528386E-010
          42   0.0000000000000000        0.0000000000000000     
  -1.5264910545298416E-008   5.1200603401688828E-010
   1.1601655207471260E-008  -3.6634918891810664E-010
          43   0.0000000000000000        0.0000000000000000     
  -1.6053089620823472E-008   6.8393755211036745E-010
   1.2159859646968171E-008  -4.7768700884216236E-010
          44   0.0000000000000000        0.0000000000000000     
  -1.7123386824227149E-008   9.6252434708245627E-010
   1.2900140929238942E-008  -6.5641549112956823E-010
          45   0.0000000000000000        0.0000000000000000     
  -1.8659973310507595E-008   1.4576917429707177E-009
   1.3938724769241269E-008  -9.7172014012244841E-010
          46   0.0000000000000000        0.0000000000000000     
  -2.1038574995794274E-008   2.4642525530922377E-009
   1.5512628916815514E-008  -1.6090923238599567E-009
          47   0.0000000000000000        0.0000000000000000     
  -2.5094686577395728E-008   4.9863789077583254E-009
   1.8147387084588420E-008  -3.2002375776343802E-009
          48   0.0000000000000000        0.0000000000000000     
  -3.2131856565565408E-008   1.3861188634686464E-008
   2.2664440279575773E-008  -8.7878979749449156E-009
          49   0.0000000000000000        0.0000000000000000     
  -1.9240333026993424E-008   4.5579747712030114E-008
   1.4652393315723902E-008  -2.8745476568436144E-008
          50   0.0000000000000000        0.0000000000000000     
   1.2529867874671812E-008   1.9799913738265245E-008
  -5.2259096146052171E-009  -1.2535678723831059E-008
          51   0.0000000000000000        0.0000000000000000     
   5.2888834495585398E-009   6.3532508400916431E-009
  -5.5588320313941361E-010  -4.0845594578973316E-009
          52   0.0000000000000000        0.0000000000000000     
   5.0920395823971666E-010   2.9332953729204079E-009
   2.5762609976208531E-009  -1.9414220395359286E-009
          53   0.0000000000000000        0.0000000000000000     
  -2.2297816411723453E-009   1.6727777544635139E-009
   4.4363911792289363E-009  -1.1577009727612939E-009
          54   0.0000000000000000        0.0000000000000000     
  -3.9643444421657308E-009   1.0833530079286574E-009
   5.6780223391869248E-009  -7.9738412896722487E-010
          55   0.0000000000000000        0.0000000000000000     
  -5.1597666352162679E-009   7.6357750994842719E-010
   6.5956964001115246E-009  -6.0819739691300562E-010
          56   0.0000000000000000        0.0000000000000000     
  -6.0380741531754600E-009   5.7200695019612642E-010
   7.3313457925164116E-009  -5.0147545477951907E-010
          57   0.0000000000000000        0.0000000000000000     
  -6.7161606618318264E-009   4.4898946969298761E-010
   7.9612034325817241E-009  -4.4008485884066246E-010
          58   0.0000000000000000        0.0000000000000000     
  -7.2609513552720413E-009   3.6596856444287193E-010
   8.5306766685200105E-009  -4.0656222073475611E-010
          59   0.0000000000000000        0.0000000000000000     
  -7.7134885150677015E-009   3.0794198405138951E-010
   9.0696585131835019E-009  -3.9212023499366566E-010
          60   0.0000000000000000        0.0000000000000000     
  -8.1004436236240340E-009   2.6646326327641404E-010
   9.5999259087799757E-009  -3.9230322009970877E-010
          61   0.0000000000000000        0.0000000000000000     
  -8.4400706541393904E-009   2.3653398038027928E-010
   1.0139531780219524E-008  -4.0511782295315638E-010
          62   0.0000000000000000        0.0000000000000000     
  -8.7455129338851804E-009   2.1510793586593392E-010
   1.0704877287492582E-008  -4.3022170929893750E-010
          63   0.0000000000000000        0.0000000000000000     
  -9.0267643699771551E-009   2.0033068956352961E-010
   1.1312944846728226E-008  -4.6864704948061352E-010
          64   0.0000000000000000        0.0000000000000000     
  -9.2919312166296301E-009   1.9114751998350165E-010
   1.1982954217598131E-008  -5.2287769489893190E-010
          65   0.0000000000000000        0.0000000000000000     
  -9.5481414960245031E-009   1.8712032198955800E-010
   1.2738791414688460E-008  -5.9727188598483407E-010
          66   0.0000000000000000        0.0000000000000000     
  -9.8023071042017178E-009   1.8839193537584013E-010
   1.3611512323435137E-008  -6.9896987573356174E-010
          67   0.0000000000000000        0.0000000000000000     
  -1.0061933766117390E-008   1.9579953672358994E-010
   1.4644233145212687E-008  -8.3965142801029722E-010
          68   0.0000000000000000        0.0000000000000000     
  -1.0336194759334463E-008   2.1121084142988832E-010
   1.5899781738966647E-008  -1.0389806982278502E-009
          69   0.0000000000000000        0.0000000000000000     
  -1.0637627935077745E-008   2.3829750071649327E-010
   1.7474122610465649E-008  -1.3317298940457977E-009
          70   0.0000000000000000        0.0000000000000000     
  -1.0985249764630107E-008   2.8432362393015218E-010
   1.9523560533805423E-008  -1.7837254735388607E-009
          71   0.0000000000000000        0.0000000000000000     
  -1.1410894967449090E-008   3.6463851982360236E-010
   2.2319037073789981E-008  -2.5315059240856275E-009
          72   0.0000000000000000        0.0000000000000000     
  -1.1973543040723278E-008   5.1556442390744826E-010
   2.6372208556019194E-008  -3.8957527397514261E-009
          73   0.0000000000000000        0.0000000000000000     
  -1.2794948060449722E-008   8.3907883390802403E-010
   3.2749033965207733E-008  -6.7742589134918334E-009
          74   0.0000000000000000        0.0000000000000000     
  -1.4145803175392555E-008   1.7059551391297386E-009
   4.3825854333079048E-008  -1.4428180246184499E-008
          75   0.0000000000000000        0.0000000000000000     
  -1.6234495752687229E-008   5.0397243388870326E-009
   6.1432197597253271E-008  -4.3771780085044688E-008
          76   0.0000000000000000        0.0000000000000000     
  -8.7634436065794339E-009   1.2839769441270319E-008
  -4.9797019841588501E-009  -1.1238625984414659E-007
          77   0.0000000000000000        0.0000000000000000     
  -4.1350575817175429E-009   4.1651106660187555E-009
  -4.6354347471587143E-008  -3.6141546999508441E-008
          78   0.0000000000000000        0.0000000000000000     
  -6.1760175082506576E-009   1.4948377414924882E-009
  -2.9044392181549655E-008  -1.2694065158579179E-008
          79   0.0000000000000000        0.0000000000000000     
  -7.4016604778496972E-009   7.5336906850545705E-010
  -1.8858902482249300E-008  -6.2089801327329983E-009
          80   0.0000000000000000        0.0000000000000000     
  -8.1428799014691607E-009   4.6052291087351122E-010
  -1.2883401073342185E-008  -3.6726498195001200E-009
          81   0.0000000000000000        0.0000000000000000     
  -8.6397288323976184E-009   3.1598121980929856E-010
  -9.0007224014604666E-009  -2.4461150542362954E-009
          82   0.0000000000000000        0.0000000000000000     
  -8.9994121713385251E-009   2.3306400452539491E-010
  -6.2590791838793339E-009  -1.7693484273348410E-009
          83   0.0000000000000000        0.0000000000000000     
  -9.2734822728267625E-009   1.7967563276460004E-010
  -4.1926276199529549E-009  -1.3629025482158340E-009
          84   0.0000000000000000        0.0000000000000000     
  -9.4887013052811219E-009   1.4163301512718064E-010
  -2.5494373915922879E-009  -1.1057261212666786E-009
          85   0.0000000000000000        0.0000000000000000     
  -9.6594801974539545E-009   1.1170045974901845E-010
  -1.1804152776903906E-009  -9.3914260573885597E-010
          86   0.0000000000000000        0.0000000000000000     
  -9.7932810061453636E-009   8.5622700723681414E-011
   1.0227627150057706E-011  -8.3256626655256565E-010
          87   0.0000000000000000        0.0000000000000000     
  -9.8930614063154489E-009   6.0437696404081220E-011
   1.0894132642321595E-009  -7.6959738647847227E-010
          88   0.0000000000000000        0.0000000000000000     
  -9.9582674398761917E-009   3.3612774243178362E-011
   2.1086852456707735E-009  -7.4192057809821112E-010
          89   0.0000000000000000        0.0000000000000000     
  -9.9849810785395570E-009   2.4595904042259723E-012
   3.1126130233320736E-009  -7.4664129862655150E-010
          90   0.0000000000000000        0.0000000000000000     
  -9.9653516201159007E-009  -3.6446127127651386E-011
   4.1446675523566301E-009  -7.8546493992500727E-010
          91   0.0000000000000000        0.0000000000000000     
  -9.8861713266926171E-009  -8.8077309309328842E-011
   5.2541332512044343E-009  -8.6528146250375466E-010
          92   0.0000000000000000        0.0000000000000000     
  -9.7261196717683875E-009  -1.6036648665003343E-010
   6.5030964074465740E-009  -1.0004904791119825E-009
          93   0.0000000000000000        0.0000000000000000     
  -9.4505656087654892E-009  -2.6698977207834344E-010
   7.9796067051990284E-009  -1.2184835519756777E-009
          94   0.0000000000000000        0.0000000000000000     
  -9.0014449920044575E-009  -4.3344783421791894E-010
   9.8193631693327024E-009  -1.5722195850677071E-009
          95   0.0000000000000000        0.0000000000000000     
  -8.2762113734997259E-009  -7.1187315531015141E-010
   1.2251435418807954E-008  -2.1712518957151847E-009
          96   0.0000000000000000        0.0000000000000000     
  -7.0804155931855046E-009  -1.2223113478319893E-009
   1.5698652409892298E-008  -3.2684906915306664E-009
          97   0.0000000000000000        0.0000000000000000     
  -5.0107016126386987E-009  -2.2907603462238681E-009
   2.1023395195595544E-008  -5.5504474353149331E-009
          98   0.0000000000000000        0.0000000000000000     
  -1.1616924276021418E-009  -5.0456077815375802E-009
   3.0145212368490372E-008  -1.1391225737499411E-008
          99   0.0000000000000000        0.0000000000000000     
   5.7575184889322495E-009  -1.5024846487433554E-008
   4.5799545635537003E-008  -3.2436005547215516E-008
         100   0.0000000000000000        0.0000000000000000     
  -1.1907135564037878E-008  -4.8388636456418119E-008
   9.8757959840799890E-009  -1.0266175897271808E-007
         101   0.0000000000000000        0.0000000000000000     
  -4.2804240921729925E-008  -1.8926685113004856E-008
  -5.3732897776162315E-008  -4.0840148469394803E-008
         102   0.0000000000000000        0.0000000000000000     
  -3.5996071943877466E-008  -5.6971969607351926E-009
  -3.7897398494407036E-008  -1.3180381697135153E-008
         103   0.0000000000000000        0.0000000000000000     
  -3.2134760653656661E-008  -2.1677770586241371E-009
  -2.8021367223156621E-008  -5.9647542117544319E-009
         104   0.0000000000000000        0.0000000000000000     
  -3.0543460937402256E-008  -7.2543775102517377E-010
  -2.2597669250918521E-008  -3.2126178457859029E-009
         105   0.0000000000000000        0.0000000000000000     
  -3.0241309953235568E-008   1.1031355663028407E-010
  -1.9441896906617142E-008  -1.8506910767142031E-009
         106   0.0000000000000000        0.0000000000000000     
  -3.0864831181509282E-008   7.7745596107702464E-010
  -1.7600645397111104E-008  -1.0260997358293927E-009
         107   0.0000000000000000        0.0000000000000000     
  -3.2361818481983006E-008   1.4893635424140004E-009
  -1.6659020262165499E-008  -4.1613891262883197E-010
         108   0.0000000000000000        0.0000000000000000     
  -3.4910402857714683E-008   2.4497177175961377E-009
  -1.6466971401667813E-008   1.5334166029634072E-010
         109   0.0000000000000000        0.0000000000000000     
  -3.8991842688416471E-008   4.0107271771661542E-009
  -1.7064002329155316E-008   8.4878521247501961E-010
         110   0.0000000000000000        0.0000000000000000     
  -4.5678678666047124E-008   7.0407885380820665E-009
  -1.8728862044445338E-008   1.9786135104698793E-009
         111   0.0000000000000000        0.0000000000000000     
  -5.7416007044138253E-008   1.4383321478616611E-008
  -2.2210523402643997E-008   4.4749405864482442E-009
         112   0.0000000000000000        0.0000000000000000     
  -7.8541242788294620E-008   3.9254157312593601E-008
  -2.8887574843632219E-008   1.2598466455991567E-008
         113   0.0000000000000000        0.0000000000000000     
  -5.4302221833609526E-008   1.3697020909550435E-007
  -2.1162956718845342E-008   4.4139190174694944E-008
         114   0.0000000000000000        0.0000000000000000     
   6.3800364930784269E-008   7.0788782995154382E-008
   1.6536986250012617E-008   2.3023949433520044E-008
         115   0.0000000000000000        0.0000000000000000     
   4.2395011120384541E-008   2.1454582243230773E-008
   9.1714550117970606E-009   7.3597197979825572E-009
         116   0.0000000000000000        0.0000000000000000     
   2.7201296039523733E-008   9.1820193646253733E-009
   3.5101972291997623E-009   3.6713378911599543E-009
         117   0.0000000000000000        0.0000000000000000     
   1.9186933243709838E-008   4.5976180534772976E-009
  -2.4600428012317983E-010   2.5688673125073663E-009
         118   0.0000000000000000        0.0000000000000000     
   1.4974001990095541E-008   2.1987988404373255E-009
  -3.3809486216939361E-009   2.3846251882365197E-009
         119   0.0000000000000000        0.0000000000000000     
   1.3249072650610176E-008   3.9584131969825189E-010
  -6.6918171518280411E-009   2.8371750434885765E-009
         120   0.0000000000000000        0.0000000000000000     
   1.3830631556018031E-008  -1.7570636624899525E-009
  -1.1011392235083464E-008   4.2415538036834056E-009
         121   0.0000000000000000        0.0000000000000000     
   1.7599061384938134E-008  -6.0321430576206255E-009
  -1.7783669421092205E-008   8.1601763080146157E-009
         122   0.0000000000000000        0.0000000000000000     
   2.6177821688496769E-008  -2.0192214916655818E-008
  -2.8999679309065397E-008   2.2518494629412202E-008
         123   0.0000000000000000        0.0000000000000000     
   1.4911480709384038E-009  -6.7353416601503554E-008
  -5.3277339250501038E-009   7.1238581342402252E-008
         124   0.0000000000000000        0.0000000000000000     
  -4.3214090170158716E-008  -2.6688668950301747E-008
   3.9364164760718411E-008   2.8888708386463948E-008
         125   0.0000000000000000        0.0000000000000000     
  -3.3825923325240402E-008  -8.0523344883214164E-009
   2.8076976451576713E-008   9.4538229335628794E-009
         126   0.0000000000000000        0.0000000000000000     
  -2.8262758969317987E-008  -3.2528234029022184E-009
   2.0856530676315503E-008   4.4199736127087747E-009
         127   0.0000000000000000        0.0000000000000000     
  -2.5612682443437256E-008  -1.4514645856332667E-009
   1.6705617540993479E-008   2.5316425067461225E-009
         128   0.0000000000000000        0.0000000000000000     
  -2.4428092517616856E-008  -5.7379347534113323E-010
   1.4080133331452987E-008   1.6326426119432649E-009
         129   0.0000000000000000        0.0000000000000000     
  -2.4082700789695264E-008  -5.0248160769089352E-011
   1.2288973167596002E-008   1.1316849355322892E-009
         130   0.0000000000000000        0.0000000000000000     
  -2.4303389034477206E-008   3.2721349387611219E-010
   1.1006429218088348E-008   8.1573637260719241E-010
         131   0.0000000000000000        0.0000000000000000     
  -2.4979628427242045E-008   6.5631790727657138E-010
   1.0069073699833774E-008   5.8998702617637639E-010
         132   0.0000000000000000        0.0000000000000000     
  -2.6093992989253666E-008   9.9975718231446389E-010
   9.3985479512323231E-009   4.0141513980051692E-010
         133   0.0000000000000000        0.0000000000000000     
  -2.7703481958863472E-008   1.4177794476029392E-009
   8.9728067434649083E-009   2.0857065297217025E-010
         134   0.0000000000000000        0.0000000000000000     
  -2.9952529833009988E-008   1.9950720097154506E-009
   8.8247072712910497E-009  -3.8524305809451260E-011
         135   0.0000000000000000        0.0000000000000000     
  -3.3124339260456197E-008   2.8860815301871703E-009
   9.0657265439741427E-009  -4.2710176892268103E-010
         136   0.0000000000000000        0.0000000000000000     
  -3.7769068072507397E-008   4.4295025257963603E-009
   9.9570601822761404E-009  -1.1516496954135779E-009
         137   0.0000000000000000        0.0000000000000000     
  -4.5025310039663377E-008   7.5171901174612879E-009
   1.2096683482030054E-008  -2.7409858331161270E-009
         138   0.0000000000000000        0.0000000000000000     
  -5.7438903980398094E-008   1.5136310879333192E-008
   1.6915110727984824E-008  -7.0177662490581038E-009
