   262144.00000000000     
         256           1           3
   1.7567330116226543E-005  -80.975516620684004       -160.04670018210001     
   6.0401400154609997        12.000000000000000        5733.8999999999996     
           0   0.0000000000000000        0.0000000000000000     
   0.0000000000000000        0.0000000000000000     
   0.0000000000000000        0.0000000000000000     
           1   0.0000000000000000        0.0000000000000000     
   4.0742073962561794E-009  -5.6926071993351108E-011
  -1.2412991419311137E-010   3.6426423921259297E-013
           2   0.0000000000000000        0.0000000000000000     
   4.0754816257492604E-009  -1.2530007792131875E-011
  -1.2420099624276660E-010   1.3566911887508021E-013
           3   0.0000000000000000        0.0000000000000000     
   4.0813507767747880E-009  -3.5449253102974580E-012
  -1.2434179743878241E-010   1.1469677467828931E-013
           4   0.0000000000000000        0.0000000000000000     
   4.0832652784611618E-009  -7.5848461463318576E-013
  -1.2450289655684225E-010   1.3055443544412056E-013
           5   0.0000000000000000        0.0000000000000000     
   4.0831455860055394E-009   5.0041834799264617E-013
  -1.2469641322590699E-010   1.5609699152448706E-013
           6   0.0000000000000000        0.0000000000000000     
   4.0818365507446584E-009   1.2629365871436717E-012
  -1.2492844355676125E-010   1.8549446931292905E-013
           7   0.0000000000000000        0.0000000000000000     
   4.0796800843174089E-009   1.8364019012342355E-012
  -1.2520242825165067E-010   2.1716700449414808E-013
           8   0.0000000000000000        0.0000000000000000     
   4.0768185775318075E-009   2.3346432625520721E-012
  -1.2552094925178284E-010   2.5068433448463266E-013
           9   0.0000000000000000        0.0000000000000000     
   4.0733068872458383E-009   2.8077638385600925E-012
  -1.2588641091572221E-010   2.8601011012356152E-013
          10   0.0000000000000000        0.0000000000000000     
   4.0691561900568160E-009   3.2815582042810629E-012
  -1.2630132805362504E-010   3.2327564966384148E-013
          11   0.0000000000000000        0.0000000000000000     
   4.0643525548276708E-009   3.7715674686296911E-012
  -1.2676847253118516E-010   3.6270284575048818E-013
          12   0.0000000000000000        0.0000000000000000     
   4.0588652942262655E-009   4.2887730375820648E-012
  -1.2729096761475642E-010   4.0457689479008138E-013
          13   0.0000000000000000        0.0000000000000000     
   4.0526507290835821E-009   4.8421654623254014E-012
  -1.2787236440863008E-010   4.4923841590646295E-013
          14   0.0000000000000000        0.0000000000000000     
   4.0456537302852783E-009   5.4400363848895115E-012
  -1.2851671586568280E-010   4.9708441338138665E-013
          15   0.0000000000000000        0.0000000000000000     
   4.0378080394085647E-009   6.0907105255625780E-012
  -1.2922865631092693E-010   5.4857422703771165E-013
          16   0.0000000000000000        0.0000000000000000     
   4.0290358381316158E-009   6.8030266030457679E-012
  -1.3001349181973155E-010   6.0423909568618328E-013
          17   0.0000000000000000        0.0000000000000000     
   4.0192467668387432E-009   7.5867105977510147E-012
  -1.3087730587841438E-010   6.6469504954105668E-013
          18   0.0000000000000000        0.0000000000000000     
   4.0083364819671896E-009   8.4527173010406663E-012
  -1.3182708494680938E-010   7.3065940373830303E-013
          19   0.0000000000000000        0.0000000000000000     
   3.9961847459433615E-009   9.4135840294785916E-012
  -1.3287086911272448E-010   8.0297153039795089E-013
          20   0.0000000000000000        0.0000000000000000     
   3.9826537989247550E-009   1.0483830420486296E-011
  -1.3401883937897189E-010   8.8261896252546280E-013
          21   0.0000000000000000        0.0000000000000000     
   3.9675822424535522E-009   1.1680433557602651E-011
  -1.3527991908729168E-010   9.7077012939367038E-013
          22   0.0000000000000000        0.0000000000000000     
   3.9507860122003099E-009   1.3023410894104165E-011
  -1.3666747609553910E-010   1.0688160886311118E-012
          23   0.0000000000000000        0.0000000000000000     
   3.9320506750816329E-009   1.4536550897752410E-011
  -1.3819603761788560E-010   1.1784234490615627E-012
          24   0.0000000000000000        0.0000000000000000     
   3.9111265111725160E-009   1.6248342201154545E-011
  -1.3988261154036566E-010   1.3016025673347284E-012
          25   0.0000000000000000        0.0000000000000000     
   3.8877213962481729E-009   1.8193170978959671E-011
  -1.4174720732927020E-010   1.4407959841869437E-012
          26   0.0000000000000000        0.0000000000000000     
   3.8614918414562734E-009   2.0412882119558456E-011
  -1.4381349330249159E-010   1.5989942803212059E-012
          27   0.0000000000000000        0.0000000000000000     
   3.8320316218752869E-009   2.2958839140595872E-011
  -1.4610963323924314E-010   1.7798894724080767E-012
          28   0.0000000000000000        0.0000000000000000     
   3.7988572040217519E-009   2.5894675499206865E-011
  -1.4866936157352475E-010   1.9880804735942308E-012
          29   0.0000000000000000        0.0000000000000000     
   3.7613888787494882E-009   2.9300017774722494E-011
  -1.5153337968086579E-010   2.2293517666046784E-012
          30   0.0000000000000000        0.0000000000000000     
   3.7189260496942770E-009   3.3275595339018000E-011
  -1.5475119003477414E-010   2.5110566018106835E-012
          31   0.0000000000000000        0.0000000000000000     
   3.6706144523906196E-009   3.7950360945170725E-011
  -1.5838353587108876E-010   2.8426519136872692E-012
          32   0.0000000000000000        0.0000000000000000     
   3.6154020602575491E-009   4.3491581900107303E-011
  -1.6250569138406639E-010   3.2364575028961062E-012
          33   0.0000000000000000        0.0000000000000000     
   3.5519788456583370E-009   5.0119408537938156E-011
  -1.6721196714746918E-010   3.7087534566465484E-012
          34   0.0000000000000000        0.0000000000000000     
   3.4786930607063933E-009   5.8128344237741283E-011
  -1.7262198509975733E-010   4.2813992223446423E-012
          35   0.0000000000000000        0.0000000000000000     
   3.3934327466465109E-009   6.7919623340922740E-011
  -1.7888687463508806E-010   4.9842773914180391E-012
          36   0.0000000000000000        0.0000000000000000     
   3.2934536204840124E-009   8.0051320865139760E-011
  -1.8621302779776852E-010   5.8590795338213697E-012
          37   0.0000000000000000        0.0000000000000000     
   3.1751251474946218E-009   9.5318219367164716E-011
  -1.9486501625446590E-010   6.9653424111337913E-012
          38   0.0000000000000000        0.0000000000000000     
   3.0335419501771433E-009   1.1488346275892954E-010
  -2.0520570915992514E-010   8.3904051919415217E-012
          39   0.0000000000000000        0.0000000000000000     
   2.8619120462910135E-009   1.4050419292068971E-010
  -2.1774012166660033E-010   1.0266480661489556E-011
          40   0.0000000000000000        0.0000000000000000     
   2.6505638315529467E-009   1.7493628772120632E-010
  -2.3318901639692784E-010   1.2801286490490148E-011
          41   0.0000000000000000        0.0000000000000000     
   2.3852403754228329E-009   2.2270070215961579E-010
  -2.5262004229644500E-010   1.6336056719152298E-011
          42   0.0000000000000000        0.0000000000000000     
   2.0440570777066483E-009   2.9163230104974955E-010
  -2.7767961009252215E-010   2.1462805905675232E-011
          43   0.0000000000000000        0.0000000000000000     
   1.5916951286331695E-009   3.9627201249370452E-010
  -3.1101788538442326E-010   2.9281179645712479E-011
          44   0.0000000000000000        0.0000000000000000     
   9.6750673409032997E-010   5.6608909862886064E-010
  -3.5721712756528307E-010   4.2021081718256976E-011
          45   0.0000000000000000        0.0000000000000000     
   5.8952265699838157E-011   8.6822600707209312E-010
  -4.2477420691524534E-010   6.4765073831583532E-011
          46   0.0000000000000000        0.0000000000000000     
  -1.3635002479414986E-009   1.4827422591126754E-009
  -5.3105773639309526E-010   1.1114648536964877E-010
          47   0.0000000000000000        0.0000000000000000     
  -3.8102014725203995E-009   3.0229228796714349E-009
  -7.1467267433115241E-010   2.2760608534159704E-010
          48   0.0000000000000000        0.0000000000000000     
  -8.0773658000628054E-009   8.4429311440227237E-009
  -1.0359013941398201E-009   6.3785732139302578E-010
          49   0.0000000000000000        0.0000000000000000     
  -1.7355689862694637E-010   2.7814290859379776E-008
  -4.3513428598837711E-010   2.1046061690866953E-009
          50   0.0000000000000000        0.0000000000000000     
   1.9259798067897771E-008   1.2070069057178447E-008
   1.0391117494312921E-009   9.1203984925214533E-010
          51   0.0000000000000000        0.0000000000000000     
   1.4867724856485116E-008   3.8581737445680088E-009
   7.0944719263847140E-010   2.8985140946078723E-010
          52   0.0000000000000000        0.0000000000000000     
   1.1978286140073701E-008   1.7700224862761660E-009
   4.9403166677204118E-010   1.3136242499340595E-010
          53   0.0000000000000000        0.0000000000000000     
   1.0334330510452930E-008   1.0009175528265007E-009
   3.7345129303393599E-010   7.2707130571587527E-011
          54   0.0000000000000000        0.0000000000000000     
   9.3026454496531161E-009   6.4194006253890662E-010
   2.9984113001322681E-010   4.5042472424287444E-011
          55   0.0000000000000000        0.0000000000000000     
   8.5986587774760640E-009   4.4798216603565113E-010
   2.5175160563071901E-010   2.9792595870738212E-011
          56   0.0000000000000000        0.0000000000000000     
   8.0862650622426400E-009   3.3274146653336341E-010
   2.1899874338708821E-010   2.0404226878364118E-011
          57   0.0000000000000000        0.0000000000000000     
   7.6934404336627945E-009   2.5989138853681082E-010
   1.9627722629913530E-010   1.4103880189988476E-011
          58   0.0000000000000000        0.0000000000000000     
   7.3785182650538787E-009   2.1212726285617443E-010
   1.8061546356020654E-010   9.5520682901722933E-012
          59   0.0000000000000000        0.0000000000000000     
   7.1154302007671159E-009   1.8046504568549016E-010
   1.7026775048429220E-010   6.0305209234449531E-012
          60   0.0000000000000000        0.0000000000000000     
   6.8866087930896315E-009   1.5998389953881176E-010
   1.6418766251329761E-010   3.1163207906844857E-012
          61   0.0000000000000000        0.0000000000000000     
   6.6792543500581324E-009   1.4795302109842937E-010
   1.6177753839560566E-010   5.3493133963814363E-013
          62   0.0000000000000000        0.0000000000000000     
   6.4831849978138893E-009   1.4295576470466904E-010
   1.6273470469819807E-010  -1.9138939949054099E-012
          63   0.0000000000000000        0.0000000000000000     
   6.2894393048221043E-009   1.4448391343157859E-010
   1.6699892807021835E-010  -4.3989312293716108E-012
          64   0.0000000000000000        0.0000000000000000     
   6.0892129215994245E-009   1.5279254643544039E-010
   1.7473173765279700E-010  -7.0878904214270097E-012
          65   0.0000000000000000        0.0000000000000000     
   5.8728488222350926E-009   1.6894499312272054E-010
   1.8632420485365125E-010  -1.0176274398357575E-011
          66   0.0000000000000000        0.0000000000000000     
   5.6286570789038869E-009   1.9506235435385463E-010
   2.0246912064578170E-010  -1.3924298367542103E-011
          67   0.0000000000000000        0.0000000000000000     
   5.3412318976991168E-009   2.3488485626439565E-010
   2.2427095731957311E-010  -1.8715590851257612E-011
          68   0.0000000000000000        0.0000000000000000     
   4.9887634512345190E-009   2.9492121258552595E-010
   2.5344981332509951E-010  -2.5164281232034004E-011
          69   0.0000000000000000        0.0000000000000000     
   4.5382877426363015E-009   3.8685930122394387E-010
   2.9277676713406767E-010  -3.4330992185844765E-011
          70   0.0000000000000000        0.0000000000000000     
   3.9366253575405367E-009   5.3298759933907917E-010
   3.4682427502211640E-010  -4.8202331782046078E-011
          71   0.0000000000000000        0.0000000000000000     
   3.0915635476728704E-009   7.7969847944042623E-010
   4.2364152647180910E-010  -7.0880309535680493E-011
          72   0.0000000000000000        0.0000000000000000     
   1.8290753673876612E-009   1.2361286408698593E-009
   5.3847381046468051E-010  -1.1198178834381119E-010
          73   0.0000000000000000        0.0000000000000000     
  -2.1330264841404516E-010   2.2080421671521695E-009
   7.2321103945091235E-010  -1.9841324549014315E-010
          74   0.0000000000000000        0.0000000000000000     
  -3.8445197121687290E-009   4.8064214270357329E-009
   1.0489754670767312E-009  -4.2789106288799991E-010
          75   0.0000000000000000        0.0000000000000000     
  -9.6872139640824791E-009   1.4794006445835555E-008
   1.5705808467731844E-009  -1.3072065322352626E-009
          76   0.0000000000000000        0.0000000000000000     
   1.3109959430262037E-008   3.8160753019879682E-008
  -4.2499951693204797E-010  -3.3631328958713545E-009
          77   0.0000000000000000        0.0000000000000000     
   2.7392758912563047E-008   1.2171261284238222E-008
  -1.6703710610513824E-009  -1.0787451907317102E-009
          78   0.0000000000000000        0.0000000000000000     
   2.1698280480329713E-008   4.1691109971091061E-009
  -1.1573368251857404E-009  -3.7625068768917598E-010
          79   0.0000000000000000        0.0000000000000000     
   1.8450194484368702E-008   1.9447043663561870E-009
  -8.5771675256786042E-010  -1.8196294553690642E-010
          80   0.0000000000000000        0.0000000000000000     
   1.6657962737402664E-008   1.0638261470614819E-009
  -6.8423149769551182E-010  -1.0596627856743838E-010
          81   0.0000000000000000        0.0000000000000000     
   1.5602948050354803E-008   6.2695717241392456E-010
  -5.7346579162886705E-010  -6.9191964419012584E-011
          82   0.0000000000000000        0.0000000000000000     
   1.4964237001766898E-008   3.7464897469957465E-010
  -4.9693205892928949E-010  -4.8867494825302476E-011
          83   0.0000000000000000        0.0000000000000000     
   1.4587291353615030E-008   2.1105285390644392E-010
  -4.4071286428470059E-010  -3.6618924099158397E-011
          84   0.0000000000000000        0.0000000000000000     
   1.4391360343799847E-008   9.4095769668704902E-011
  -3.9728825482796123E-010  -2.8817435098981501E-011
          85   0.0000000000000000        0.0000000000000000     
   1.4332036995113400E-008   2.6879958206776156E-012
  -3.6222719771101065E-010  -2.3702132957735290E-011
          86   0.0000000000000000        0.0000000000000000     
   1.4384788349919296E-008  -7.5073063261624468E-011
  -3.3269825509378236E-010  -2.0352507263733593E-011
          87   0.0000000000000000        0.0000000000000000     
   1.4537230949847734E-008  -1.4681813197657959E-010
  -3.0674775816479021E-010  -1.8271308261210591E-011
          88   0.0000000000000000        0.0000000000000000     
   1.4785466893119920E-008  -2.1826750043238764E-010
  -2.8288595059528941E-010  -1.7200912930548536E-011
          89   0.0000000000000000        0.0000000000000000     
   1.5132624326543519E-008  -2.9460330993009394E-010
  -2.5985538585588340E-010  -1.7042166160812710E-011
          90   0.0000000000000000        0.0000000000000000     
   1.5588880625994892E-008  -3.8154492030578138E-010
  -2.3642879658899854E-010  -1.7827462512376309E-011
          91   0.0000000000000000        0.0000000000000000     
   1.6172893717317932E-008  -4.8657661551892080E-010
  -2.1126196908376917E-010  -1.9734074174528474E-011
          92   0.0000000000000000        0.0000000000000000     
   1.6915123518432963E-008  -6.2085879913610642E-010
  -1.8265037145032682E-010  -2.3145884701200638E-011
          93   0.0000000000000000        0.0000000000000000     
   1.7864393831407443E-008  -8.0283347167330579E-010
  -1.4822172561019967E-010  -2.8801551730477710E-011
          94   0.0000000000000000        0.0000000000000000     
   1.9100766889862634E-008  -1.0659630155414209E-009
  -1.0429202041060946E-010  -3.8135916753844703E-011
          95   0.0000000000000000        0.0000000000000000     
   2.0762278334804725E-008  -1.4774377632731789E-009
  -4.4657408506502716E-011  -5.4123404925889532E-011
          96   0.0000000000000000        0.0000000000000000     
   2.3104947993380365E-008  -2.1901572808102955E-009
   4.2161961547985430E-011  -8.3637318758576292E-011
          97   0.0000000000000000        0.0000000000000000     
   2.6650439065486848E-008  -3.6162696703375500E-009
   1.7956349911820479E-010  -1.4534303723560707E-010
          98   0.0000000000000000        0.0000000000000000     
   3.2555039042959875E-008  -7.1764497727435620E-009
   4.1974709362454351E-010  -3.0380106786489457E-010
          99   0.0000000000000000        0.0000000000000000     
   4.2464945012333596E-008  -1.9830256108273176E-008
   8.3702962347835384E-010  -8.7570518304929245E-010
         100   0.0000000000000000        0.0000000000000000     
   2.1684743892275167E-008  -6.1878506996654914E-008
  -1.4900594648001706E-010  -2.7850778735201141E-009
         101   0.0000000000000000        0.0000000000000000     
  -1.5486773880006046E-008  -2.5067625951630699E-008
  -1.8886013505857149E-009  -1.1032810087637669E-009
         102   0.0000000000000000        0.0000000000000000     
  -5.0227455312788353E-009  -8.6934074962100864E-009
  -1.4684105630307514E-009  -3.5048683420544599E-010
         103   0.0000000000000000        0.0000000000000000     
   2.1077671263562966E-009  -4.5737928365367466E-009
  -1.2110832655241729E-009  -1.5362959576224895E-010
         104   0.0000000000000000        0.0000000000000000     
   6.8717861825948179E-009  -3.1817858100402053E-009
  -1.0757450041280020E-009  -7.8105222234197628E-011
         105   0.0000000000000000        0.0000000000000000     
   1.0673678562530942E-008  -2.7128754178539090E-009
  -1.0030350756626728E-009  -4.0343775185310114E-011
         106   0.0000000000000000        0.0000000000000000     
   1.4234713487095552E-008  -2.7114922712428092E-009
  -9.6710244122112188E-010  -1.7181258012467555E-011
         107   0.0000000000000000        0.0000000000000000     
   1.8047073952235024E-008  -3.0840453774402044E-009
  -9.5663731046106171E-010   8.1427255611132142E-014
         108   0.0000000000000000        0.0000000000000000     
   2.2617104727660290E-008  -3.9254597375607518E-009
  -9.6740144481067626E-010   1.5990844607382452E-011
         109   0.0000000000000000        0.0000000000000000     
   2.8687918704314816E-008  -5.5837460448081710E-009
  -9.9998464590829085E-010   3.4585434874340306E-011
         110   0.0000000000000000        0.0000000000000000     
   3.7641409827614162E-008  -9.0534274741089481E-009
  -1.0605922254682612E-009   6.2849323797802038E-011
         111   0.0000000000000000        0.0000000000000000     
   5.2454602560947537E-008  -1.7689584437105104E-008
  -1.1660120385829825E-009   1.2122489276332356E-010
         112   0.0000000000000000        0.0000000000000000     
   7.8332493049259576E-008  -4.7164913098472862E-008
  -1.3469953441258637E-009   3.0213504779362111E-010
         113   0.0000000000000000        0.0000000000000000     
   5.0356837455409411E-008  -1.6311598122699819E-007
  -1.2248376880997258E-009   9.9049408843153133E-010
         114   0.0000000000000000        0.0000000000000000     
  -8.8970354270762958E-008  -8.4627226167197336E-008
  -4.6529874737608135E-010   5.4307029486614164E-010
         115   0.0000000000000000        0.0000000000000000     
  -6.2669910069151673E-008  -2.6181559905787074E-008
  -6.9338408363268413E-010   2.1668808528789936E-010
         116   0.0000000000000000        0.0000000000000000     
  -4.3571688188606214E-008  -1.1788588857822420E-008
  -9.0379248915864882E-010   1.5430032573802776E-010
         117   0.0000000000000000        0.0000000000000000     
  -3.2701494150805364E-008  -6.6399708909502264E-009
  -1.1008779180700824E-009   1.5660647069205219E-010
         118   0.0000000000000000        0.0000000000000000     
  -2.5846832573997613E-008  -4.3031600289780057E-009
  -1.3273723270493595E-009   1.9490850374750058E-010
         119   0.0000000000000000        0.0000000000000000     
  -2.1073459699962375E-008  -3.1161921047893141E-009
  -1.6284147903738714E-009   2.7992207886440909E-010
         120   0.0000000000000000        0.0000000000000000     
  -1.7399113524134352E-008  -2.5661189314870025E-009
  -2.0790939793862018E-009   4.6382866010506312E-010
         121   0.0000000000000000        0.0000000000000000     
  -1.4160702517190692E-008  -2.6535698631678277E-009
  -2.8378308554138890E-009   9.3670505397043968E-010
         122   0.0000000000000000        0.0000000000000000     
  -1.0808455674712542E-008  -4.4554615147793732E-009
  -4.1320275146252918E-009   2.6338004061909653E-009
         123   0.0000000000000000        0.0000000000000000     
  -1.3087849516847093E-008  -1.1499637922637989E-008
  -1.3316843790066646E-009   8.3706004680577963E-009
         124   0.0000000000000000        0.0000000000000000     
  -1.8825286537608675E-008  -4.9472133613617027E-009
   3.9340043906034586E-009   3.3938030302756543E-009
         125   0.0000000000000000        0.0000000000000000     
  -1.6416508573428229E-008  -1.8666445907336853E-009
   2.6092385251672943E-009   1.1117945976707326E-009
         126   0.0000000000000000        0.0000000000000000     
  -1.4825455695366014E-008  -9.6770833644755438E-010
   1.7575341835240029E-009   5.2356070715133872E-010
         127   0.0000000000000000        0.0000000000000000     
  -1.3879788018679071E-008  -5.5289889642066126E-010
   1.2616831448021632E-009   3.0555866509367637E-010
         128   0.0000000000000000        0.0000000000000000     
  -1.3336711251300899E-008  -2.9076912401458144E-010
   9.3930873106209894E-010   2.0461727308845907E-010
         129   0.0000000000000000        0.0000000000000000     
  -1.3091936875966114E-008  -8.4983035236139386E-011
   7.0790591342717282E-010   1.5177106963345773E-010
         130   0.0000000000000000        0.0000000000000000     
  -1.3106391539485964E-008   1.0483018497732192E-010
   5.2694870243435059E-010   1.2281060697005364E-010
         131   0.0000000000000000        0.0000000000000000     
  -1.3377786533929742E-008   3.0359071038564033E-010
   3.7366597771539533E-010   1.0792026301429610E-010
         132   0.0000000000000000        0.0000000000000000     
  -1.3933195560379421E-008   5.3463280932620116E-010
   2.3302879111142071E-010   1.0311135965008716E-010
         133   0.0000000000000000        0.0000000000000000     
  -1.4833146262990993E-008   8.2869498098483401E-010
   9.2806713587745387E-011   1.0753457169336077E-010
         134   0.0000000000000000        0.0000000000000000     
  -1.6187451899933701E-008   1.2362787933833955E-009
  -5.9757376401867289E-011   1.2304108987931690E-010
         135   0.0000000000000000        0.0000000000000000     
  -1.8191591890762430E-008   1.8539739030874274E-009
  -2.4175241838026517E-010   1.5552714641205769E-010
         136   0.0000000000000000        0.0000000000000000     
  -2.1209358401739098E-008   2.8944798819026680E-009
  -4.8135485196381321E-010   2.1986287393419349E-010
         137   0.0000000000000000        0.0000000000000000     
  -2.5974489212751474E-008   4.9133365745993526E-009
  -8.3304320945841712E-010   3.5676175067050268E-010
         138   0.0000000000000000        0.0000000000000000     
  -3.4098970050273335E-008   9.7542417961005086E-009
  -1.4158521105102004E-009   7.0399439697709836E-010
