   262144.00000000000     
         256           1           3
   1.7567330116226543E-005  -80.975516620684004       -160.04670018210001     
   6.0401400154609997        12.000000000000000        5733.8999999999996     
           0   0.0000000000000000        0.0000000000000000     
   0.0000000000000000        0.0000000000000000     
   0.0000000000000000        0.0000000000000000     
           1  -1.2691250910690906E-009   5.2991428427708514E-010
  -7.2653636794515185E-009   1.9844454830245328E-009
   0.0000000000000000        0.0000000000000000     
           2  -6.7764340374046689E-010   2.1404906954289711E-009
  -5.0551062561101867E-009   8.0128346104614696E-009
   0.0000000000000000        0.0000000000000000     
           3   1.1492092485606821E-009   1.0185494963434283E-009
   1.7761277218860553E-009   3.8158979386378775E-009
   0.0000000000000000        0.0000000000000000     
           4   8.4808269705654682E-010   2.9985505424795704E-010
   6.4228532374220035E-010   1.1279636794798580E-009
   0.0000000000000000        0.0000000000000000     
           5   6.4151063787341744E-010   1.2548609047559101E-010
  -1.3976696965083390E-010   4.7696691147510089E-010
   0.0000000000000000        0.0000000000000000     
           6   5.3256493890834457E-010   6.4601212751273366E-011
  -5.5856591743178989E-010   2.5066442936707260E-010
   0.0000000000000000        0.0000000000000000     
           7   4.7006257096595691E-010   3.7546466524898092E-011
  -8.0568281595510563E-010   1.5098942867670580E-010
   0.0000000000000000        0.0000000000000000     
           8   4.3144812543021112E-010   2.3530447064097516E-011
  -9.6556971863172333E-010   1.0014453710836795E-010
   0.0000000000000000        0.0000000000000000     
           9   4.0633850574369681E-010   1.5455018530646593E-011
  -1.0771371497249544E-009   7.1574205687818110E-011
   0.0000000000000000        0.0000000000000000     
          10   3.8948527566667894E-010   1.0418128923155248E-011
  -1.1600901488740466E-009   5.4425418678443985E-011
   0.0000000000000000        0.0000000000000000     
          11   3.7801336220676577E-010   7.0720320372305888E-012
  -1.2252618875755898E-009   4.3661983655269742E-011
   0.0000000000000000        0.0000000000000000     
          12   3.7024326452291254E-010   4.7285581706834468E-012
  -1.2790217593933294E-009   3.6716449700302470E-011
   0.0000000000000000        0.0000000000000000     
          13   3.6514263480760756E-010   3.0094727525607691E-012
  -1.3253284154037964E-009   3.2181805922202637E-011
   0.0000000000000000        0.0000000000000000     
          14   3.6205092763093473E-010   1.6941937150468790E-012
  -1.3667610812713541E-009   2.9241727411260186E-011
   0.0000000000000000        0.0000000000000000     
          15   3.6053218737608805E-010   6.4757262131035304E-013
  -1.4050715178625888E-009   2.7400442466422132E-011
   0.0000000000000000        0.0000000000000000     
          16   3.6029211730743005E-010  -2.1679314141442346E-013
  -1.4414956049106976E-009   2.6345578817861290E-011
   0.0000000000000000        0.0000000000000000     
          17   3.6112927733013041E-010  -9.5629035498061982E-013
  -1.4769374103981685E-009   2.5874489954860939E-011
   0.0000000000000000        0.0000000000000000     
          18   3.6290530427271221E-010  -1.6104250758092163E-012
  -1.5120823078029913E-009   2.5852771610541277E-011
   0.0000000000000000        0.0000000000000000     
          19   3.6552619397977868E-010  -2.2073763418315169E-012
  -1.5474689719276234E-009   2.6189955680954062E-011
   0.0000000000000000        0.0000000000000000     
          20   3.6893026434215611E-010  -2.7680016862539123E-012
  -1.5835366971164222E-009   2.6824780857446561E-011
   0.0000000000000000        0.0000000000000000     
          21   3.7308029766048581E-010  -3.3083738164483893E-012
  -1.6206574609991681E-009   2.7716010723576786E-011
   0.0000000000000000        0.0000000000000000     
          22   3.7795838926981021E-010  -3.8414457179192474E-012
  -1.6591583231837709E-009   2.8836576885899775E-011
   0.0000000000000000        0.0000000000000000     
          23   3.8356261374598792E-010  -4.3781875638779259E-012
  -1.6993375806036560E-009   3.0169778424363938E-011
   0.0000000000000000        0.0000000000000000     
          24   3.8990496458288328E-010  -4.9284004333833835E-012
  -1.7414768368426649E-009   3.1706791721757331E-011
   0.0000000000000000        0.0000000000000000     
          25   3.9701023411593601E-010  -5.5013344207392679E-012
  -1.7858503864004825E-009   3.3445041177351018E-011
   0.0000000000000000        0.0000000000000000     
          26   4.0491563565458243E-010  -6.1061948057035228E-012
  -1.8327328523799016E-009   3.5387154899046392E-011
   0.0000000000000000        0.0000000000000000     
          27   4.1367106177025465E-010  -6.7525953590199917E-012
  -1.8824057296690758E-009   3.7540334387776661E-011
   0.0000000000000000        0.0000000000000000     
          28   4.2333994122196192E-010  -7.4510051485597697E-012
  -1.9351633078761416E-009   3.9916032955463252E-011
   0.0000000000000000        0.0000000000000000     
          29   4.3400071459027049E-010  -8.2132306247960577E-012
  -1.9913183399881872E-009   4.2529880727610862E-011
   0.0000000000000000        0.0000000000000000     
          30   4.4574900474013847E-010  -9.0529767422689808E-012
  -2.0512077622273467E-009   4.5401824313219047E-011
   0.0000000000000000        0.0000000000000000     
          31   4.5870062125724794E-010  -9.9865393965158894E-012
  -2.1151987443278210E-009   4.8556472751187572E-011
   0.0000000000000000        0.0000000000000000     
          32   4.7299561726863437E-010  -1.1033698003091499E-011
  -2.1836953528177506E-009   5.2023662464039663E-011
   0.0000000000000000        0.0000000000000000     
          33   4.8880372497404220E-010  -1.2218904904206453E-011
  -2.2571461413552262E-009   5.5839276430499681E-011
   0.0000000000000000        0.0000000000000000     
          34   5.0633165122438381E-010  -1.3572913557678008E-011
  -2.3360530463920091E-009   6.0046380721586968E-011
   0.0000000000000000        0.0000000000000000     
          35   5.2583294528435680E-010  -1.5135060963817082E-011
  -2.4209820739278022E-009   6.4696780576143080E-011
   0.0000000000000000        0.0000000000000000     
          36   5.4762150527085078E-010  -1.6956540821606958E-011
  -2.5125764333264324E-009   6.9853157294787011E-011
   0.0000000000000000        0.0000000000000000     
          37   5.7209034864857552E-010  -1.9105207650199761E-011
  -2.6115730418695049E-009   7.5592041951528570E-011
   0.0000000000000000        0.0000000000000000     
          38   5.9973817801978658E-010  -2.1672804535891956E-011
  -2.7188237505895778E-009   8.2008040754195846E-011
   0.0000000000000000        0.0000000000000000     
          39   6.3120778485182547E-010  -2.4786136336094612E-011
  -2.8353233391283085E-009   8.9220004527023024E-011
   0.0000000000000000        0.0000000000000000     
          40   6.6734293686033503E-010  -2.8624874786525642E-011
  -2.9622475035457219E-009   9.7380340998757226E-011
   0.0000000000000000        0.0000000000000000     
          41   7.0927503913319721E-010  -3.3450928551246141E-011
  -3.1010061205772392E-009   1.0668963431081163E-010
   0.0000000000000000        0.0000000000000000     
          42   7.5855948378899900E-010  -3.9658855718597990E-011
  -3.2533208375281458E-009   1.1742067383633876E-010
   0.0000000000000000        0.0000000000000000     
          43   8.1739836485755169E-010  -4.7866509142370759E-011
  -3.4213432650930624E-009   1.2996011166825826E-010
   0.0000000000000000        0.0000000000000000     
          44   8.8902056124960284E-010  -5.9087251149144202E-011
  -3.6078447140602470E-009   1.4488531775752123E-010
   0.0000000000000000        0.0000000000000000     
          45   9.7836486758365292E-010  -7.5079615702742306E-011
  -3.8165401016743808E-009   1.6311696610519472E-010
   0.0000000000000000        0.0000000000000000     
          46   1.0933860878600133E-009  -9.9117804557067512E-011
  -4.0526822377304933E-009   1.8624988887946635E-010
   0.0000000000000000        0.0000000000000000     
          47   1.2477443127840892E-009  -1.3787453847339904E-010
  -4.3242481007494348E-009   2.1735292116412313E-010
   0.0000000000000000        0.0000000000000000     
          48   1.4668487833593156E-009  -2.0668720635954764E-010
  -4.6445478111382667E-009   2.6319137261134049E-010
   0.0000000000000000        0.0000000000000000     
          49   1.8027540046927567E-009  -3.4724987075898340E-010
  -5.0385678221775899E-009   3.4166728096708627E-010
   0.0000000000000000        0.0000000000000000     
          50   2.3712763066414523E-009  -7.0460782880312379E-010
  -5.5586639501702511E-009   5.1414723741264660E-010
   0.0000000000000000        0.0000000000000000     
          51   3.3282987406294062E-009  -1.9962489860169635E-009
  -6.2747757281266054E-009   1.0823111916241310E-009
   0.0000000000000000        0.0000000000000000     
          52   1.0185157426722142E-009  -6.1239191071851809E-009
  -5.6587412096296229E-009   2.8448960961272607E-009
   0.0000000000000000        0.0000000000000000     
          53  -2.4749951764700860E-009  -2.3625993105367142E-009
  -4.5913551460766528E-009   1.3030459761616636E-009
   0.0000000000000000        0.0000000000000000     
          54  -1.4923749892304722E-009  -7.9780181339075847E-010
  -5.4557239596964252E-009   6.8973369659920624E-010
   0.0000000000000000        0.0000000000000000     
          55  -8.6251889543730379E-010  -3.9126636876890471E-010
  -6.2362651394801905E-009   5.7116500746079737E-010
   0.0000000000000000        0.0000000000000000     
          56  -4.7972959355515164E-010  -2.4128189331222469E-010
  -6.9907444210174599E-009   5.7147568974811307E-010
   0.0000000000000000        0.0000000000000000     
          57  -2.1483516828821592E-010  -1.7369914815008916E-010
  -7.7905387049647003E-009   6.2098888193023880E-010
   0.0000000000000000        0.0000000000000000     
          58  -8.9226793289554966E-012  -1.4072682270805890E-010
  -8.6830779800770844E-009   7.0441275412495605E-010
   0.0000000000000000        0.0000000000000000     
          59   1.6790181360786289E-010  -1.2565769142832676E-010
  -9.7110965765200393E-009   8.2158413138444057E-010
   0.0000000000000000        0.0000000000000000     
          60   3.3323909107252027E-010  -1.2192698795575298E-010
  -1.0923143431275805E-008   9.7987951457847284E-010
   0.0000000000000000        0.0000000000000000     
          61   5.0007548811405267E-010  -1.2719124751637415E-010
  -1.2382268239666150E-008   1.1938117437464060E-009
   0.0000000000000000        0.0000000000000000     
          62   6.7995503492845871E-010  -1.4149676862966573E-010
  -1.4176763298674070E-008   1.4880555755610633E-009
   0.0000000000000000        0.0000000000000000     
          63   8.8562011632884971E-010  -1.6700072324039771E-010
  -1.6436443983641714E-008   1.9046552361384101E-009
   0.0000000000000000        0.0000000000000000     
          64   1.1347101807249126E-009  -2.0878801444276958E-010
  -1.9362596028862108E-008   2.5185254516088723E-009
   0.0000000000000000        0.0000000000000000     
          65   1.4535118699409856E-009  -2.7739828155292420E-010
  -2.3286479312331029E-008   3.4727070699937437E-009
   0.0000000000000000        0.0000000000000000     
          66   1.8878873185314850E-009  -3.9557136852399061E-010
  -2.8788968783046944E-008   5.0672971254658805E-009
   0.0000000000000000        0.0000000000000000     
          67   2.5228530933811493E-009  -6.1812677419575413E-010
  -3.6980214989520187E-008   8.0183594878581300E-009
   0.0000000000000000        0.0000000000000000     
          68   3.5384461848753519E-009  -1.1027450703914780E-009
  -5.0198549616132709E-008   1.4377191992732185E-008
   0.0000000000000000        0.0000000000000000     
          69   5.3339005113145120E-009  -2.4433184385832082E-009
  -7.3641489202978030E-008   3.1856505574017277E-008
   0.0000000000000000        0.0000000000000000     
          70   7.9535244351911487E-009  -7.8171231247997145E-009
  -1.0790393288427124E-007   1.0169021025509052E-007
   0.0000000000000000        0.0000000000000000     
          71  -4.9737657339802025E-009  -1.6612640239445926E-008
   5.9364648127197154E-008   2.1596434899900925E-007
   0.0000000000000000        0.0000000000000000     
          72  -8.8650124175650142E-009  -4.8514655839461401E-009
   1.0912828550128933E-007   6.3618527696742555E-008
   0.0000000000000000        0.0000000000000000     
          73  -6.3871746985975656E-009  -1.6964971553834693E-009
   7.5868250122757833E-008   2.3096517210533232E-008
   0.0000000000000000        0.0000000000000000     
          74  -5.0761266208237302E-009  -7.3346456729121713E-010
   5.7044103018885507E-008   1.1378519954624481E-008
   0.0000000000000000        0.0000000000000000     
          75  -4.4754813953351778E-009  -2.3525988324856905E-010
   4.6124903109366972E-008   6.6566686280494116E-009
   0.0000000000000000        0.0000000000000000     
          76  -4.3871208522870596E-009   3.3768420148908409E-010
   3.9176260685827592E-008   4.3540156650167804E-009
   0.0000000000000000        0.0000000000000000     
          77  -4.4613903393666972E-009   2.1066290854149843E-009
   3.4462523947757035E-008   3.2399714270120010E-009
   0.0000000000000000        0.0000000000000000     
          78  -5.7993926219860572E-010   2.9205410943984515E-009
   3.1666286448508173E-008   2.5031726441573460E-009
   0.0000000000000000        0.0000000000000000     
          79  -3.7842112947087871E-010   7.2842317209642589E-010
   2.9281816825099523E-008   1.6359616896916983E-009
   0.0000000000000000        0.0000000000000000     
          80  -7.4155652466793961E-010   2.3446972491025471E-010
   2.7458649008271738E-008   1.1611892904819294E-009
   0.0000000000000000        0.0000000000000000     
          81  -9.0524260498431137E-010   9.1517015603985389E-011
   2.6133704044646461E-008   8.3416910135359644E-010
   0.0000000000000000        0.0000000000000000     
          82  -9.7571162876141631E-010   3.7685822755352106E-011
   2.5187635266396901E-008   5.8287048550676110E-010
   0.0000000000000000        0.0000000000000000     
          83  -1.0044155508803294E-009   1.4187239707387123E-011
   2.4545670144008516E-008   3.7628738578147111E-010
   0.0000000000000000        0.0000000000000000     
          84  -1.0131736839531497E-009   3.0071134635021791E-012
   2.4162101465316809E-008   1.9634789353508276E-010
   0.0000000000000000        0.0000000000000000     
          85  -1.0121536774661060E-009  -2.6636290113575031E-012
   2.4010439221020660E-008   3.0564389747608923E-011
   0.0000000000000000        0.0000000000000000     
          86  -1.0057841591104846E-009  -5.8336456539606428E-012
   2.4078824774888753E-008  -1.3100380728784802E-010
   0.0000000000000000        0.0000000000000000     
          87  -9.9623168656140137E-010  -8.0470587443219325E-012
   2.4367786580207217E-008  -2.9750977917154257E-010
   0.0000000000000000        0.0000000000000000     
          88  -9.8376402667768127E-010  -1.0268514008330616E-011
   2.4890126669484992E-008  -4.7871801637319170E-010
   0.0000000000000000        0.0000000000000000     
          89  -9.6810958758265391E-010  -1.3294081844754294E-011
   2.5672804244182491E-008  -6.8652745439644161E-010
   0.0000000000000000        0.0000000000000000     
          90  -9.4770987600590228E-010  -1.8016872532937324E-011
   2.6761385984350230E-008  -9.3710147243494027E-010
   0.0000000000000000        0.0000000000000000     
          91  -9.1919039415421269E-010  -2.5704024718387982E-011
   2.8226801686154849E-008  -1.2543740476568241E-009
   0.0000000000000000        0.0000000000000000     
          92  -8.7780740130693595E-010  -3.8431687138506936E-011
   3.0178735951647459E-008  -1.6764732487184281E-009
   0.0000000000000000        0.0000000000000000     
          93  -8.1472877487011957E-010  -5.9943841167208734E-011
   3.2791853609359217E-008  -2.2685549329477369E-009
   0.0000000000000000        0.0000000000000000     
          94  -7.1551546761571249E-010  -9.7596770347063957E-011
   3.6350771105276748E-008  -3.1508192660546541E-009
   0.0000000000000000        0.0000000000000000     
          95  -5.5099568502725764E-010  -1.6735215772053374E-010
   4.1350252321524208E-008  -4.5664225878571847E-009
   0.0000000000000000        0.0000000000000000     
          96  -2.6598250101384645E-010  -3.0871486985515798E-010
   4.8712655767103325E-008  -7.0696298312939996E-009
   0.0000000000000000        0.0000000000000000     
          97   2.6312462873150981E-010  -6.3982043406577854E-010
   6.0324850071603458E-008  -1.2149949198248668E-008
   0.0000000000000000        0.0000000000000000     
          98   1.3074914326793087E-009  -1.6309184293115074E-009
   8.0389090016921986E-008  -2.4900150148132043E-008
   0.0000000000000000        0.0000000000000000     
          99   2.4306529102718616E-009  -5.8197046316253708E-009
   1.1527749413057804E-007  -6.9963668111815619E-008
   0.0000000000000000        0.0000000000000000     
         100  -6.4232466632488351E-009  -9.3859431695518230E-009
   4.7065246917912159E-008  -2.2790112644864456E-007
   0.0000000000000000        0.0000000000000000     
         101  -9.1089870025712494E-009  -2.8389613858907339E-009
  -1.0792383595930906E-007  -9.7059357140187414E-008
   0.0000000000000000        0.0000000000000000     
         102  -8.0834060641086935E-009  -6.5034715534163125E-010
  -7.1986463799165586E-008  -3.1181377955648833E-008
   0.0000000000000000        0.0000000000000000     
         103  -7.9437107916124981E-009   1.5818213339325177E-010
  -4.8534349288797331E-008  -1.4365614815468892E-008
   0.0000000000000000        0.0000000000000000     
         104  -8.5651194572847366E-009   7.9545673812531944E-010
  -3.5155208228572178E-008  -8.1545488567713338E-009
   0.0000000000000000        0.0000000000000000     
         105  -1.0065862809303917E-008   1.7654954475250613E-009
  -2.6729199123963554E-008  -5.2506233024525269E-009
   0.0000000000000000        0.0000000000000000     
         106  -1.3044477419215489E-008   4.1600514464182943E-009
  -2.0956879055589490E-008  -3.6788433547873197E-009
   0.0000000000000000        0.0000000000000000     
         107  -1.7480219810000877E-008   1.3488039510972805E-008
  -1.6739251003621568E-008  -2.7418796275557386E-009
   0.0000000000000000        0.0000000000000000     
         108   4.6377739974240974E-009   2.7983070394039882E-008
  -1.3496995886001299E-008  -2.1453326514599759E-009
   0.0000000000000000        0.0000000000000000     
         109   1.0484790002511180E-008   8.3118709895984524E-009
  -1.0896592016311504E-008  -1.7482785823582983E-009
   0.0000000000000000        0.0000000000000000     
         110   5.9261307152987376E-009   3.1978734914765152E-009
  -8.7329812285284685E-009  -1.4768168281902473E-009
   0.0000000000000000        0.0000000000000000     
         111   3.1403864091268849E-009   1.7774104934773265E-009
  -6.8708273121544938E-009  -1.2895499261084304E-009
   0.0000000000000000        0.0000000000000000     
         112   1.2436035027981835E-009   1.2818168177081519E-009
  -5.2167761157183294E-009  -1.1622689285853524E-009
   0.0000000000000000        0.0000000000000000     
         113  -3.1795861336427406E-010   1.1412349021702356E-009
  -3.7013189663564100E-009  -1.0806344837110179E-009
   0.0000000000000000        0.0000000000000000     
         114  -1.8535196027499780E-009   1.2151495705076360E-009
  -2.2696035228389575E-009  -1.0365810107247474E-009
   0.0000000000000000        0.0000000000000000     
         115  -3.6175771790930408E-009   1.5082649376379421E-009
  -8.7421772177844171E-010  -1.0267865562757790E-009
   0.0000000000000000        0.0000000000000000     
         116  -5.9382332543385820E-009   2.1524882493392210E-009
   5.3046462227741470E-010  -1.0529393853043220E-009
   0.0000000000000000        0.0000000000000000     
         117  -9.3989434875949714E-009   3.5645443462409306E-009
   1.9955551664583603E-009  -1.1255864237385700E-009
   0.0000000000000000        0.0000000000000000     
         118  -1.5245215709062901E-008   7.1996174197698181E-009
   3.5905316036428634E-009  -1.2823217395080607E-009
   0.0000000000000000        0.0000000000000000     
         119  -2.5452282809385568E-008   2.0060858182135749E-008
   5.4072820222486908E-009  -1.6960328458910484E-009
   0.0000000000000000        0.0000000000000000     
         120  -7.5098980425965206E-009   6.7131984857969774E-008
   6.7238172439855019E-009  -2.9729707767610243E-009
   0.0000000000000000        0.0000000000000000     
         121   4.1747246941629854E-008   2.9857539287793602E-008
   7.5339736097223514E-009  -2.2947846627417802E-009
   0.0000000000000000        0.0000000000000000     
         122   3.1493083179044335E-008   9.2147195532553785E-009
   1.0102817075038473E-008  -2.0978873370960834E-009
   0.0000000000000000        0.0000000000000000     
         123   2.4906869747866840E-008   3.9158315042083502E-009
   1.3053928583558129E-008  -2.3896507091934546E-009
   0.0000000000000000        0.0000000000000000     
         124   2.1553744751545666E-008   1.8750089214526676E-009
   1.6595734862623823E-008  -2.9458998065481775E-009
   0.0000000000000000        0.0000000000000000     
         125   1.9926314131932902E-008   7.9670867413681834E-010
   2.1071656174899520E-008  -3.8274895894645445E-009
   0.0000000000000000        0.0000000000000000     
         126   1.9413581758117215E-008   2.9871206012378054E-011
   2.7004312414484632E-008  -5.2416671559269514E-009
   0.0000000000000000        0.0000000000000000     
         127   1.9844876351207203E-008  -7.2580559009437479E-010
   3.5295748325582133E-008  -7.6538928067489559E-009
   0.0000000000000000        0.0000000000000000     
         128   2.1361289637787379E-008  -1.7677671059433106E-009
   4.7674345685706478E-008  -1.2201383057301571E-008
   0.0000000000000000        0.0000000000000000     
         129   2.4530751424670576E-008  -3.7434180985359194E-009
   6.7806921997111010E-008  -2.2214642618853444E-008
   0.0000000000000000        0.0000000000000000     
         130   3.0762152592164337E-008  -9.0132809470839472E-009
   1.0378744868400086E-007  -5.0602515142262036E-008
   0.0000000000000000        0.0000000000000000     
         131   3.9105201633738179E-008  -3.0314666829814174E-008
   1.5049718554019548E-007  -1.6767381973706848E-007
   0.0000000000000000        0.0000000000000000     
         132  -1.0952686904403774E-008  -5.3491754229259156E-008
  -1.2641694000096528E-007  -2.9512192443086232E-007
   0.0000000000000000        0.0000000000000000     
         133  -1.7569208624991595E-008  -1.5279204597580113E-008
  -1.6413252857426503E-007  -8.3217035951967086E-008
   0.0000000000000000        0.0000000000000000     
         134  -8.8345530597818194E-009  -5.9511910332259248E-009
  -1.1804780069317172E-007  -3.0790400946139847E-008
   0.0000000000000000        0.0000000000000000     
         135  -3.6518272048533947E-009  -3.2870363914697950E-009
  -9.2928505058699213E-008  -1.4855314374450193E-008
   0.0000000000000000        0.0000000000000000     
         136  -1.6935927257872874E-010  -2.3808675160501729E-009
  -7.9130755471888719E-008  -7.9173569908708414E-009
   0.0000000000000000        0.0000000000000000     
         137   2.7479600832111404E-009  -2.2874083123398472E-009
  -7.1645519505202949E-008  -3.7478006782574757E-009
   0.0000000000000000        0.0000000000000000     
         138   5.9102284563707322E-009  -3.1461647270405922E-009
  -6.8773986392836510E-008   3.3174248572785782E-010
   0.0000000000000000        0.0000000000000000     
