   262144.00000000000     
         256           1           3
   1.7567330116226543E-005   14.463779801378999       -127.33399034630000     
   6.0401400154609997        12.000000000000000        5733.8999999999996     
           0   0.0000000000000000        0.0000000000000000     
   0.0000000000000000        0.0000000000000000     
   0.0000000000000000        0.0000000000000000     
           1  -3.9097356301004060E-009   1.4438397943977989E-009
  -4.9186337657427384E-009   1.4572153794829174E-009
   0.0000000000000000        0.0000000000000000     
           2  -2.2991322210493713E-009   5.8315631487191715E-009
  -3.2950797222461231E-009   5.8842841480497111E-009
   0.0000000000000000        0.0000000000000000     
           3   2.6765954476336251E-009   2.7755100588160054E-009
   1.7222828890808460E-009   2.8019204192881234E-009
   0.0000000000000000        0.0000000000000000     
           4   1.8549560809240605E-009   8.1796429024055510E-010
   8.9032274627985087E-010   8.2776056221574798E-010
   0.0000000000000000        0.0000000000000000     
           5   1.2905072407276934E-009   3.4324638102774263E-010
   3.1692526042708632E-010   3.4951748754147109E-010
   0.0000000000000000        0.0000000000000000     
           6   9.9160886846587380E-010   1.7768259391982713E-010
   1.0510087522116347E-011   1.8316704342007450E-010
   0.0000000000000000        0.0000000000000000     
           7   8.1882056656107294E-010   1.0428540245420008E-010
  -1.6961051075529597E-010   1.0981017402204403E-010
   0.0000000000000000        0.0000000000000000     
           8   7.1068561821901209E-010   6.6417607616779711E-011
  -2.8545616835225158E-010   7.2312685702266917E-011
   0.0000000000000000        0.0000000000000000     
           9   6.3890415861795517E-010   4.4744608873744809E-011
  -3.6560081402424392E-010   5.1172151991798941E-011
   0.0000000000000000        0.0000000000000000     
          10   5.8916139317830031E-010   3.1362703342298496E-011
  -4.2451375373701250E-010   3.8418024962742246E-011
   0.0000000000000000        0.0000000000000000     
          11   5.5360519695447684E-010   2.2602523518070162E-011
  -4.7014864694779780E-010   3.0351618088188350E-011
   0.0000000000000000        0.0000000000000000     
          12   5.2763737469029059E-010   1.6591696625729121E-011
  -5.0718080768969777E-010   2.5087293655254258E-011
   0.0000000000000000        0.0000000000000000     
          13   5.0841937375286599E-010   1.2302408895173298E-011
  -5.3851496919355344E-010   2.1591656187430845E-011
   0.0000000000000000        0.0000000000000000     
          14   4.9412181888053583E-010   9.1366106698668137E-012
  -5.6604270925614617E-010   1.9265132621047342E-011
   0.0000000000000000        0.0000000000000000     
          15   4.8352304703871878E-010   6.7293351166253655E-012
  -5.9104784583966603E-010   1.7743594110532987E-011
   0.0000000000000000        0.0000000000000000     
          16   4.7578267573109739E-010   4.8488188586371627E-012
  -6.1443531009156713E-010   1.6797638426854066E-011
   0.0000000000000000        0.0000000000000000     
          17   4.7030804855211970E-010   3.3428306642218013E-012
  -6.3686638477310252E-010   1.6278493644369681E-011
   0.0000000000000000        0.0000000000000000     
          18   4.6667238773272544E-010   2.1084293836287767E-012
  -6.5884184979387129E-010   1.6087564380865202E-011
   0.0000000000000000        0.0000000000000000     
          19   4.6456294403181739E-010   1.0742216609830451E-012
  -6.8075494580918277E-010   1.6158595904934810E-011
   0.0000000000000000        0.0000000000000000     
          20   4.6374718046898626E-010   1.8958562621364499E-013
  -7.0292623646841201E-010   1.6446874935835527E-011
   0.0000000000000000        0.0000000000000000     
          21   4.6405013828402681E-010  -5.8207335806230444E-013
  -7.2562729509555389E-010   1.6922509061505824E-011
   0.0000000000000000        0.0000000000000000     
          22   4.6533892531177801E-010  -1.2676535686711604E-012
  -7.4909732767359178E-010   1.7566153925058555E-011
   0.0000000000000000        0.0000000000000000     
          23   4.6751184624820781E-010  -1.8871988622906837E-012
  -7.7355525402353843E-010   1.8366258147883982E-011
   0.0000000000000000        0.0000000000000000     
          24   4.7049061582154911E-010  -2.4557956004124679E-012
  -7.9920884317069080E-010   1.9317280443918093E-011
   0.0000000000000000        0.0000000000000000     
          25   4.7421464781558557E-010  -2.9848526603620439E-012
  -8.2626194695240306E-010   2.0418551864156661E-011
   0.0000000000000000        0.0000000000000000     
          26   4.7863675066452373E-010  -3.4829661788802867E-012
  -8.5492054104990634E-010   2.1673584674423245E-011
   0.0000000000000000        0.0000000000000000     
          27   4.8371976989379691E-010  -3.9564940803741405E-012
  -8.8539807875283031E-010   2.3089707941750701E-011
   0.0000000000000000        0.0000000000000000     
          28   4.8943384768846469E-010  -4.4099171624311189E-012
  -9.1792054109715882E-010   2.4677960340523327E-011
   0.0000000000000000        0.0000000000000000     
          29   4.9575404852246892E-010  -4.8460313418932032E-012
  -9.5273149984977567E-010   2.6453205471605405E-011
   0.0000000000000000        0.0000000000000000     
          30   5.0265814231036310E-010  -5.2659922887532347E-012
  -9.9009748279312885E-010   2.8434461757396918E-011
   0.0000000000000000        0.0000000000000000     
          31   5.1012435175046641E-010  -5.6692142233247398E-012
  -1.0303139362715515E-009   3.0645463033032175E-011
   0.0000000000000000        0.0000000000000000     
          32   5.1812886018489589E-010  -6.0531053717722722E-012
  -1.0737121182694953E-009   3.3115491695328345E-011
   0.0000000000000000        0.0000000000000000     
          33   5.2664283903055630E-010  -6.4125996729577890E-012
  -1.1206673309996413E-009   3.5880558489953141E-011
   0.0000000000000000        0.0000000000000000     
          34   5.3562868134802673E-010  -6.7394130145522044E-012
  -1.1716090276474724E-009   3.8985048125923330E-011
   0.0000000000000000        0.0000000000000000     
          35   5.4503500573575688E-010  -7.0209052693995045E-012
  -1.2270335262356634E-009   4.2484017902272479E-011
   0.0000000000000000        0.0000000000000000     
          36   5.5478979478769626E-010  -7.2383544859664971E-012
  -1.2875203737753302E-009   4.6446444318487930E-011
   0.0000000000000000        0.0000000000000000     
          37   5.6479070688893487E-010  -7.3643249985998384E-012
  -1.3537538943283114E-009   5.0959890349971709E-011
   0.0000000000000000        0.0000000000000000     
          38   5.7489106294970480E-010  -7.3585964487731556E-012
  -1.4265522460560211E-009   5.6137369681884127E-011
   0.0000000000000000        0.0000000000000000     
          39   5.8487910373794458E-010  -7.1617372500902982E-012
  -1.5069076235222766E-009   6.2127721905395237E-011
   0.0000000000000000        0.0000000000000000     
          40   5.9444654200023960E-010  -6.6846953853726576E-012
  -1.5960434837200246E-009   6.9131802495777451E-011
   0.0000000000000000        0.0000000000000000     
          41   6.0313961602855079E-010  -5.7914066316108246E-012
  -1.6954986486284772E-009   7.7428693222619208E-011
   0.0000000000000000        0.0000000000000000     
          42   6.1028060056088912E-010  -4.2686399644321645E-012
  -1.8072554775760632E-009   8.7419974678773455E-011
   0.0000000000000000        0.0000000000000000     
          43   6.1483750016357067E-010  -1.7713516841244965E-012
  -1.9339435068437304E-009   9.9708284643192989E-011
   0.0000000000000000        0.0000000000000000     
          44   6.1519866065848119E-010   2.2817520597228522E-012
  -2.0791789472351140E-009   1.1524501527475289E-010
   0.0000000000000000        0.0000000000000000     
          45   6.0876331286797739E-010   8.9211853843065994E-012
  -2.2481633568284984E-009   1.3562783961483650E-010
   0.0000000000000000        0.0000000000000000     
          46   5.9115229511300482E-010   2.0097394383636970E-011
  -2.4488113896709345E-009   1.6375265396954747E-010
   0.0000000000000000        0.0000000000000000     
          47   5.5457324415008770E-010   3.9833310970465004E-011
  -2.6940475677603365E-009   2.0540079625891842E-010
   0.0000000000000000        0.0000000000000000     
          48   4.8413171714028584E-010   7.7451775378608669E-011
  -3.0069293186879012E-009   2.7366832054666020E-010
   0.0000000000000000        0.0000000000000000     
          49   3.4871666009379889E-010   1.5842520184609733E-010
  -3.4332143427060241E-009   4.0382840495195173E-010
   0.0000000000000000        0.0000000000000000     
          50   7.8260493523058978E-011   3.7160626341009954E-010
  -4.0725981375643524E-009   7.1797611153387149E-010
   0.0000000000000000        0.0000000000000000     
          51  -4.2168287871285231E-010   1.1570107853372850E-009
  -5.0589314261861274E-009   1.8188030222212349E-009
   0.0000000000000000        0.0000000000000000     
          52   1.0928187815245831E-009   3.6811596827833635E-009
  -3.3277032008216867E-009   5.3031818643891464E-009
   0.0000000000000000        0.0000000000000000     
          53   3.3456994976628603E-009   1.3638945755491629E-009
  -6.3182627136681992E-010   2.1693051619798706E-009
   0.0000000000000000        0.0000000000000000     
          54   2.8667929618748459E-009   3.9239259719663256E-010
  -1.7277874533543943E-009   8.8384443916261813E-010
   0.0000000000000000        0.0000000000000000     
          55   2.6212091024630047E-009   1.2919268485158212E-010
  -2.5695253324721819E-009   5.7654245283415747E-010
   0.0000000000000000        0.0000000000000000     
          56   2.5478264011743818E-009   2.0439848125765689E-011
  -3.2546052406307758E-009   4.9220061882428382E-010
   0.0000000000000000        0.0000000000000000     
          57   2.5718904515628978E-009  -4.1599286627726053E-011
  -3.9031173237336924E-009   4.8696940456631919E-010
   0.0000000000000000        0.0000000000000000     
          58   2.6631154466218965E-009  -8.7497444000128620E-011
  -4.5801048033658498E-009   5.2400902372283048E-010
   0.0000000000000000        0.0000000000000000     
          59   2.8111938694170045E-009  -1.2930774513984463E-010
  -5.3312086981184315E-009   5.9401363381745863E-010
   0.0000000000000000        0.0000000000000000     
          60   3.0159134329030404E-009  -1.7372843100351416E-010
  -6.1993888953904472E-009   6.9846167027015841E-010
   0.0000000000000000        0.0000000000000000     
          61   3.2849030935865071E-009  -2.2628671942314890E-010
  -7.2350160514908765E-009   8.4608574329932854E-010
   0.0000000000000000        0.0000000000000000     
          62   3.6327429312061224E-009  -2.9346795771541977E-010
  -8.5052149596774628E-009   1.0539609863608760E-009
   0.0000000000000000        0.0000000000000000     
          63   4.0843308045701166E-009  -3.8482938421405212E-010
  -1.0106239729796116E-008   1.3523402310734996E-009
   0.0000000000000000        0.0000000000000000     
          64   4.6804343289516340E-009  -5.1652174514927344E-010
  -1.2186999301533811E-008   1.7958308598790870E-009
   0.0000000000000000        0.0000000000000000     
          65   5.4892777651292959E-009  -7.1881859445657538E-010
  -1.4990259756202167E-008   2.4891827699701967E-009
   0.0000000000000000        0.0000000000000000     
          66   6.6315836415120887E-009  -1.0548495541309851E-009
  -1.8942613779117500E-008   3.6525404576206719E-009
   0.0000000000000000        0.0000000000000000     
          67   8.3397573477889315E-009  -1.6749879000380850E-009
  -2.4859009733831187E-008   5.8115478324083052E-009
   0.0000000000000000        0.0000000000000000     
          68   1.1103168592047406E-008  -3.0098657103748454E-009
  -3.4455457518397117E-008   1.0472421735318130E-008
   0.0000000000000000        0.0000000000000000     
          69   1.6013034089675726E-008  -6.6787029771629530E-009
  -5.1547829768943830E-008   2.3299040744100781E-008
   0.0000000000000000        0.0000000000000000     
          70   2.3191818765265603E-008  -2.1338892704605765E-008
  -7.6570902168016112E-008   7.4572985626807704E-008
   0.0000000000000000        0.0000000000000000     
          71  -1.1947791966338019E-008  -4.5327976804968755E-008
   4.6425259607679072E-008   1.5848164804708317E-007
   0.0000000000000000        0.0000000000000000     
          72  -2.2426027413450857E-008  -1.3331687967804446E-008
   8.3147918352867723E-008   4.6582607508314912E-008
   0.0000000000000000        0.0000000000000000     
          73  -1.5484963458848670E-008  -4.8076780140104071E-009
   5.8923228122042682E-008   1.6801038639129966E-008
   0.0000000000000000        0.0000000000000000     
          74  -1.1602148556969351E-008  -2.3160188190603122E-009
   4.5335464018091887E-008   8.1624568432192578E-009
   0.0000000000000000        0.0000000000000000     
          75  -9.4329965477229957E-009  -1.2523470233770388E-009
   3.7605226788986869E-008   4.6362820439001144E-009
   0.0000000000000000        0.0000000000000000     
          76  -8.2087350219761201E-009  -5.5289253418113293E-010
   3.2879486544971048E-008   2.8014862444413013E-009
   0.0000000000000000        0.0000000000000000     
          77  -7.4461547265242054E-009   6.0549450527021814E-010
   2.9818456558982118E-008   1.4275262398912364E-009
   0.0000000000000000        0.0000000000000000     
          78  -4.8257684155237940E-009   1.1751236842088749E-009
   2.6890428849997793E-008   6.2191465550166150E-010
   0.0000000000000000        0.0000000000000000     
          79  -4.2972701728233280E-009   1.1246307408702264E-010
   2.5459756685608432E-008   6.7582350627001677E-010
   0.0000000000000000        0.0000000000000000     
          80  -4.1708959613547204E-009  -8.1607759394349189E-011
   2.4647543337439940E-008   4.6373302380743059E-010
   0.0000000000000000        0.0000000000000000     
          81  -4.0158621309308235E-009  -1.0739621736043434E-010
   2.4172789336241676E-008   2.3929938599597953E-010
   0.0000000000000000        0.0000000000000000     
          82  -3.8701497915497279E-009  -9.6957165718346306E-011
   2.3993049726498843E-008   3.3342774217159271E-011
   0.0000000000000000        0.0000000000000000     
          83  -3.7496100219930718E-009  -7.7469836587776992E-011
   2.4082067658811660E-008  -1.5917511905452851E-010
   0.0000000000000000        0.0000000000000000     
          84  -3.6583517822062503E-009  -5.5846654497342525E-011
   2.4427423520734313E-008  -3.4763179674306296E-010
   0.0000000000000000        0.0000000000000000     
          85  -3.5971799972966937E-009  -3.3772906706125412E-011
   2.5030429827440947E-008  -5.4178619559312195E-010
   0.0000000000000000        0.0000000000000000     
          86  -3.5662065042885414E-009  -1.1272154304266554E-011
   2.5905257749803152E-008  -7.5192375734382051E-010
   0.0000000000000000        0.0000000000000000     
          87  -3.5662202769020181E-009   1.2304359978955123E-011
   2.7081059682902399E-008  -9.8989504294217359E-010
   0.0000000000000000        0.0000000000000000     
          88  -3.5996614586164269E-009   3.8028715274257075E-011
   2.8604498257293457E-008  -1.2706771394003911E-009
   0.0000000000000000        0.0000000000000000     
          89  -3.6699147079713386E-009   6.7434403838133617E-011
   3.0545674158546704E-008  -1.6147266447670998E-009
   0.0000000000000000        0.0000000000000000     
          90  -3.7832556941798186E-009   1.0274943701308435E-010
   3.3006408737286729E-008  -2.0518137961576167E-009
   0.0000000000000000        0.0000000000000000     
          91  -3.9499103792466714E-009   1.4738587208525680E-010
   3.6137724115917730E-008  -2.6277457121840466E-009
   0.0000000000000000        0.0000000000000000     
          92  -4.1846886380597834E-009   2.0691408440550613E-010
   4.0165764184214110E-008  -3.4169822643038766E-009
   0.0000000000000000        0.0000000000000000     
          93  -4.5128083549477392E-009   2.9110778354893402E-010
   4.5442595406079426E-008  -4.5480582135189585E-009
   0.0000000000000000        0.0000000000000000     
          94  -4.9762223956495965E-009   4.1863182406636196E-010
   5.2539899742120522E-008  -6.2592351462330812E-009
   0.0000000000000000        0.0000000000000000     
          95  -5.6488411248821227E-009   6.2912317443012599E-010
   6.2444236918252254E-008  -9.0334842160107138E-009
   0.0000000000000000        0.0000000000000000     
          96  -6.6744714289001550E-009   1.0195656612264728E-009
   7.6993429154697585E-008  -1.3972365689081901E-008
   0.0000000000000000        0.0000000000000000     
          97  -8.3597707499716895E-009   1.8801016938726847E-009
   9.9942802817261003E-008  -2.4035256879580124E-008
   0.0000000000000000        0.0000000000000000     
          98  -1.1365229039632772E-008   4.3811651669257624E-009
   1.3965397821232343E-007  -4.9329119800941503E-008
   0.0000000000000000        0.0000000000000000     
          99  -1.4269087418188041E-008   1.4905673816686248E-008
   2.0898246648351654E-007  -1.3871053727275159E-007
   0.0000000000000000        0.0000000000000000     
         100   7.4084259873920844E-009   1.9813155586728476E-008
   7.3696401266636574E-008  -4.5439094386517143E-007
   0.0000000000000000        0.0000000000000000     
         101   8.1587016666357888E-009   6.0334822573949393E-009
  -2.3682663721652514E-007  -1.9349171757231610E-007
   0.0000000000000000        0.0000000000000000     
         102   4.4389188434818754E-009   2.5834162983241302E-009
  -1.6563733900416907E-007  -6.1856712796297881E-008
   0.0000000000000000        0.0000000000000000     
         103   1.9813407044183310E-009   1.6889016529712662E-009
  -1.1939955757998633E-007  -2.8226612740047876E-008
   0.0000000000000000        0.0000000000000000     
         104  -4.1396214041915109E-011   1.6041676991294593E-009
  -9.3345796782099410E-008  -1.5768973560239521E-008
   0.0000000000000000        0.0000000000000000     
         105  -2.3079049190810642E-009   2.1901158039128788E-009
  -7.7261860575763382E-008  -9.9078403128425188E-009
   0.0000000000000000        0.0000000000000000     
         106  -5.6663828044109866E-009   4.3416029619018916E-009
  -6.6567484644961735E-008  -6.6986064065499639E-009
   0.0000000000000000        0.0000000000000000     
         107  -1.0212368104996544E-008   1.3490226055638692E-008
  -5.9080047427844589E-008  -4.7477831480400709E-009
   0.0000000000000000        0.0000000000000000     
         108   1.2011926035378490E-008   2.7832296544805109E-008
  -5.3655566016708209E-008  -3.4659861395633195E-009
   0.0000000000000000        0.0000000000000000     
         109   1.8164437558877298E-008   8.0120509972826378E-009
  -4.9644693926141103E-008  -2.5697401378552891E-009
   0.0000000000000000        0.0000000000000000     
         110   1.4117830206842497E-008   2.7350494130563815E-009
  -4.6655878326516178E-008  -1.9087211396244064E-009
   0.0000000000000000        0.0000000000000000     
         111   1.2081355900531986E-008   1.1185364759467943E-009
  -4.4443694385766524E-008  -1.3965906704811554E-009
   0.0000000000000000        0.0000000000000000     
         112   1.1230348508587816E-008   3.6793113234438501E-010
  -4.2849485758184182E-008  -9.8000597141394371E-010
   0.0000000000000000        0.0000000000000000     
         113   1.1111302295263691E-008  -1.2803394752588755E-010
  -4.1772098192945314E-008  -6.2326889093833195E-010
   0.0000000000000000        0.0000000000000000     
         114   1.1585655528784118E-008  -5.8428317766439492E-010
  -4.1150074030512064E-008  -2.9971292365422641E-010
   0.0000000000000000        0.0000000000000000     
         115   1.2697832368190828E-008  -1.1450150253563309E-009
  -4.0954344763254594E-008   1.4489375130301924E-011
   0.0000000000000000        0.0000000000000000     
         116   1.4681026059194336E-008  -2.0156663014525018E-009
  -4.1187578451562505E-008   3.4781971947036224E-010
   0.0000000000000000        0.0000000000000000     
         117   1.8100203807003813E-008  -3.6805939009804489E-009
  -4.1895242921054240E-008   7.5090477104407762E-010
   0.0000000000000000        0.0000000000000000     
         118   2.4269499831694753E-008  -7.7390130111975173E-009
  -4.3199573947140134E-008   1.3639698232981935E-009
   0.0000000000000000        0.0000000000000000     
         119   3.5314771528567073E-008  -2.1812285483630754E-008
  -4.5305569355594437E-008   2.8084005016540478E-009
   0.0000000000000000        0.0000000000000000     
         120   1.5902545282887005E-008  -7.3056836439398266E-008
  -4.5463831045453401E-008   7.2630469701843529E-009
   0.0000000000000000        0.0000000000000000     
         121  -3.7402843596909756E-008  -3.2657618271024428E-008
  -4.3492650506591505E-008   4.5158178579508191E-009
   0.0000000000000000        0.0000000000000000     
         122  -2.5895079484309616E-008  -1.0346769446230244E-008
  -4.7373804098333803E-008   3.3310423321626219E-009
   0.0000000000000000        0.0000000000000000     
         123  -1.8194379970730624E-008  -4.7379780260780016E-009
  -5.1855513899007820E-008   3.6631797742789794E-009
   0.0000000000000000        0.0000000000000000     
         124  -1.3779589800309504E-008  -2.7186751918168462E-009
  -5.7289099644161469E-008   4.5771605993624027E-009
   0.0000000000000000        0.0000000000000000     
         125  -1.0928411131494646E-008  -1.8289761783005098E-009
  -6.4304629838842757E-008   6.0674309346307724E-009
   0.0000000000000000        0.0000000000000000     
         126  -8.8353234824410698E-009  -1.4267221087710874E-009
  -7.3785198553074529E-008   8.4467002581884436E-009
   0.0000000000000000        0.0000000000000000     
         127  -7.0587040536769424E-009  -1.3232487332656533E-009
  -8.7223346946311532E-008   1.2469346025696111E-008
   0.0000000000000000        0.0000000000000000     
         128  -5.2516704119596019E-009  -1.5280148900291702E-009
  -1.0745706342276411E-007   1.9996101508463818E-008
   0.0000000000000000        0.0000000000000000     
         129  -2.9673807619048115E-009  -2.3100669348172346E-009
  -1.4050388319785527E-007   3.6482831792282437E-008
   0.0000000000000000        0.0000000000000000     
         130   6.1940209139452752E-010  -4.8737066826567807E-009
  -1.9962994585472499E-007   8.3075960459630871E-008
   0.0000000000000000        0.0000000000000000     
         131   5.0428667377126884E-009  -1.5910980296325414E-008
  -2.7646740441574055E-007   2.7494205357792622E-007
   0.0000000000000000        0.0000000000000000     
         132  -2.1611203755391499E-008  -2.7929920269586794E-008
   1.7661772996055638E-007   4.8382504964070848E-007
   0.0000000000000000        0.0000000000000000     
         133  -2.5644050994587189E-008  -7.5263075810763686E-009
   2.3771017179042032E-007   1.3689468023098611E-007
   0.0000000000000000        0.0000000000000000     
         134  -2.1944946028039376E-008  -2.2826530056187086E-009
   1.6130093956669248E-007   5.1230669137896991E-008
   0.0000000000000000        0.0000000000000000     
         135  -2.0628234577215287E-008  -3.9548920994504842E-010
   1.1890993345472639E-007   2.5419814823110863E-008
   0.0000000000000000        0.0000000000000000     
         136  -2.0995063571591068E-008   9.0505603120789522E-010
   9.4601909507250250E-008   1.4496242610675384E-008
   0.0000000000000000        0.0000000000000000     
         137  -2.3042052863055537E-008   2.6127199948177768E-009
   7.9913734721841780E-008   8.4245915132389296E-009
   0.0000000000000000        0.0000000000000000     
         138  -2.7683640060567117E-008   6.3963597780997749E-009
   7.1543017527088264E-008   3.3375113387934803E-009
   0.0000000000000000        0.0000000000000000     
