   262144.00000000000     
         256           1           3
   1.7567330116226543E-005  -80.975516620684004       -160.04670018210001     
   6.0401400154609997        12.000000000000000        600.00000000000000     
           0   0.0000000000000000        0.0000000000000000     
   0.0000000000000000        0.0000000000000000     
   0.0000000000000000        0.0000000000000000     
           1  -1.1441680783177894E-009   3.7216862057138502E-011
  -5.7004006246965112E-009   1.4337446494999321E-010
   0.0000000000000000        0.0000000000000000     
           2  -1.1295276720134787E-009   3.7339724248754587E-011
  -5.6622405953004572E-009   1.5189368102585048E-010
   0.0000000000000000        0.0000000000000000     
           3  -1.1224778505400716E-009   3.7769260295179985E-011
  -5.6618945760015209E-009   1.6204988072558687E-010
   0.0000000000000000        0.0000000000000000     
           4  -1.1189865105064052E-009   3.8336727163470229E-011
  -5.6849026295993146E-009   1.7336140183372716E-010
   0.0000000000000000        0.0000000000000000     
           5  -1.1177939798894149E-009   3.8992561739352499E-011
  -5.7270733794418685E-009   1.8579108466370345E-010
   0.0000000000000000        0.0000000000000000     
           6  -1.1183302511227824E-009   3.9713139936894676E-011
  -5.7868934772596386E-009   1.9941311755195035E-010
   0.0000000000000000        0.0000000000000000     
           7  -1.1202782524198611E-009   4.0482506028554628E-011
  -5.8639474830735622E-009   2.1435333100929028E-010
   0.0000000000000000        0.0000000000000000     
           8  -1.1234316782746681E-009   4.1286356580022687E-011
  -5.9584193710802421E-009   2.3077481129995708E-010
   0.0000000000000000        0.0000000000000000     
           9  -1.1276352698875141E-009   4.2108964389460039E-011
  -6.0709027292922586E-009   2.4887576491270921E-010
   0.0000000000000000        0.0000000000000000     
          10  -1.1327539499923935E-009   4.2930780104141727E-011
  -6.2023257310587563E-009   2.6889231928762723E-010
   0.0000000000000000        0.0000000000000000     
          11  -1.1386529963169702E-009   4.3725850755884031E-011
  -6.3539283992580534E-009   2.9110428137325030E-010
   0.0000000000000000        0.0000000000000000     
          12  -1.1451818550157440E-009   4.4458490806514644E-011
  -6.5272689169625610E-009   3.1584343389599302E-010
   0.0000000000000000        0.0000000000000000     
          13  -1.1521576068723970E-009   4.5078593204450545E-011
  -6.7242499486898747E-009   3.4350459028284622E-010
   0.0000000000000000        0.0000000000000000     
          14  -1.1593450437958056E-009   4.5514705888023361E-011
  -6.9471620554215755E-009   3.7456004131749339E-010
   0.0000000000000000        0.0000000000000000     
          15  -1.1664300866476176E-009   4.5663479097985191E-011
  -7.1987445605060252E-009   4.0957844662598071E-010
   0.0000000000000000        0.0000000000000000     
          16  -1.1729819885056657E-009   4.5373111045542212E-011
  -7.4822664630087140E-009   4.4924977342946537E-010
   0.0000000000000000        0.0000000000000000     
          17  -1.1783974142067141E-009   4.4416634840170200E-011
  -7.8016323414723672E-009   4.9441876285833914E-010
   0.0000000000000000        0.0000000000000000     
          18  -1.1818148144791981E-009   4.2447394598778682E-011
  -8.1615209181503312E-009   5.4613083153027796E-010
   0.0000000000000000        0.0000000000000000     
          19  -1.1819791424581390E-009   3.8922062514286041E-011
  -8.5675681705333523E-009   6.0569691342585285E-010
   0.0000000000000000        0.0000000000000000     
          20  -1.1770208728288337E-009   3.2961667812942425E-011
  -9.0266136033977399E-009   6.7478873172884339E-010
   0.0000000000000000        0.0000000000000000     
          21  -1.1640814978184150E-009   2.3087517048258081E-011
  -9.5470400852568859E-009   7.5558640746606145E-010
   0.0000000000000000        0.0000000000000000     
          22  -1.1386520698809517E-009   6.6873084984975844E-012
  -1.0139259685700607E-008   8.5102414866491592E-010
   0.0000000000000000        0.0000000000000000     
          23  -1.0933506018168682E-009  -2.1149419816120817E-011
  -1.0816441728227814E-008   9.6524030900839594E-010
   0.0000000000000000        0.0000000000000000     
          24  -1.0155572158446195E-009  -7.0424117283838309E-011
  -1.1595669557903744E-008   1.1045115500186525E-009
   0.0000000000000000        0.0000000000000000     
          25  -8.8271533948526955E-010  -1.6378298894861403E-010
  -1.2499886126575941E-008   1.2795227137728057E-009
   0.0000000000000000        0.0000000000000000     
          26  -6.5379540672873527E-010  -3.6033195860369315E-010
  -1.3561084259051455E-008   1.5120444282258241E-009
   0.0000000000000000        0.0000000000000000     
          27  -2.6890579648993006E-010  -8.4562974020378265E-010
  -1.4821633459093041E-008   1.8592315778969417E-009
   0.0000000000000000        0.0000000000000000     
          28   9.1285015429424870E-011  -2.2857006773836908E-009
  -1.6267307345677532E-008   2.5075659870409495E-009
   0.0000000000000000        0.0000000000000000     
          29  -2.3687260416340416E-009  -4.7377139589992600E-009
  -1.7204646850542907E-008   3.4842767198821641E-009
   0.0000000000000000        0.0000000000000000     
          30  -5.1405185978835193E-009  -2.3726753665913343E-009
  -1.8359103240059678E-008   3.2752246948387078E-009
   0.0000000000000000        0.0000000000000000     
          31  -4.8599444145799159E-009  -7.7244974119469338E-010
  -2.0689223552368501E-008   3.3863242517404303E-009
   0.0000000000000000        0.0000000000000000     
          32  -4.5495082182277096E-009  -2.0095561774016198E-010
  -2.3501516440215333E-008   3.9278550346552560E-009
   0.0000000000000000        0.0000000000000000     
          33  -4.4466334045908456E-009   6.9410663173923665E-011
  -2.6878156845748903E-008   4.7734736102227914E-009
   0.0000000000000000        0.0000000000000000     
          34  -4.4972465285775182E-009   2.4496906037910740E-010
  -3.1037648006563655E-008   5.9712013716485250E-009
   0.0000000000000000        0.0000000000000000     
          35  -4.6697260447814566E-009   3.9615897518041749E-010
  -3.6285203201571831E-008   7.6680926842119355E-009
   0.0000000000000000        0.0000000000000000     
          36  -4.9583448372983451E-009   5.5884285970887505E-010
  -4.3067529886748996E-008   1.0135456019450334E-008
   0.0000000000000000        0.0000000000000000     
          37  -5.3778542670033263E-009   7.6441194228312572E-010
  -5.2071828041124981E-008   1.3869193643543789E-008
   0.0000000000000000        0.0000000000000000     
          38  -5.9650560516894234E-009   1.0574237861095644E-009
  -6.4401486826866269E-008   1.9830115179132040E-008
   0.0000000000000000        0.0000000000000000     
          39  -6.7879365473897040E-009   1.5222395749254092E-009
  -8.1890506276550497E-008   3.0049881271604899E-008
   0.0000000000000000        0.0000000000000000     
          40  -7.9613594266834913E-009   2.3505971289112305E-009
  -1.0758363929351656E-007   4.9347516353442091E-008
   0.0000000000000000        0.0000000000000000     
          41  -9.6334502864195015E-009   4.0550342301305434E-009
  -1.4553253452538715E-007   9.0898235462346399E-008
   0.0000000000000000        0.0000000000000000     
          42  -1.1514318072502100E-008   8.1791289443614478E-009
  -1.8895049739740691E-007   1.9513975690106566E-007
   0.0000000000000000        0.0000000000000000     
          43  -8.5039799491572508E-009   1.7163847376827261E-008
  -1.0559524352400750E-007   4.2940256206037470E-007
   0.0000000000000000        0.0000000000000000     
          44   4.9129071453798555E-009   1.6121082233752925E-008
   2.6051910697065639E-007   4.0739442579502720E-007
   0.0000000000000000        0.0000000000000000     
          45   6.4033173355649271E-009   7.4106691182791593E-009
   3.2409632885421660E-007   1.7369926994669545E-007
   0.0000000000000000        0.0000000000000000     
          46   3.8854908140859592E-009   3.9817588544736216E-009
   2.8479566967660353E-007   7.1063059259726263E-008
   0.0000000000000000        0.0000000000000000     
          47   1.6222290107564536E-009   3.0498342647380632E-009
   2.5825431874418829E-007   2.4490106306850983E-008
   0.0000000000000000        0.0000000000000000     
          48   8.9509134645404840E-012   3.5216277011516307E-009
   2.5030444267244260E-007  -6.0601091396931056E-009
   0.0000000000000000        0.0000000000000000     
          49  -2.9199453409587875E-010   4.0731128527966802E-009
   2.5951034709006529E-007  -3.8223405383256936E-008
   0.0000000000000000        0.0000000000000000     
          50  -1.6328734857728209E-009   4.2181202995223607E-009
   2.8593593377034629E-007  -9.1061087207972140E-008
   0.0000000000000000        0.0000000000000000     
          51  -3.5308206103681777E-009   6.8613729897890608E-009
   3.1482724456429502E-007  -2.0873664317364718E-007
   0.0000000000000000        0.0000000000000000     
          52  -1.1569798720226823E-009   1.3160709838662526E-008
   1.9741081965244920E-007  -4.3387724850373625E-007
   0.0000000000000000        0.0000000000000000     
          53   7.9218643856239115E-009   1.1741937247674232E-008
  -1.3400677517606755E-007  -3.7801663238742419E-007
   0.0000000000000000        0.0000000000000000     
          54   9.0300198012612719E-009   5.7201229894162452E-009
  -1.7947657834898590E-007  -1.7263682768059645E-007
   0.0000000000000000        0.0000000000000000     
          55   7.5650847942862871E-009   2.9944508488667398E-009
  -1.3794039737320834E-007  -8.3416459740692985E-008
   0.0000000000000000        0.0000000000000000     
          56   6.2934370423333295E-009   1.8116771008451137E-009
  -1.0308093344604976E-007  -4.6352064378649368E-008
   0.0000000000000000        0.0000000000000000     
          57   5.3631749076374737E-009   1.2187491087800957E-009
  -7.9166897341016477E-008  -2.8624831328309668E-008
   0.0000000000000000        0.0000000000000000     
          58   4.6748053201199480E-009   8.8284968287727148E-010
  -6.2666497980718030E-008  -1.9058308478969080E-008
   0.0000000000000000        0.0000000000000000     
          59   4.1481857875031578E-009   6.7469551423806329E-010
  -5.0906628646574839E-008  -1.3407937150717181E-008
   0.0000000000000000        0.0000000000000000     
          60   3.7320260508003932E-009   5.3704099711086000E-010
  -4.2244453637042786E-008  -9.8366911888336075E-009
   0.0000000000000000        0.0000000000000000     
          61   3.3937060899008488E-009   4.4165475248952691E-010
  -3.5675963015623860E-008  -7.4589999899504198E-009
   0.0000000000000000        0.0000000000000000     
          62   3.1117917891239024E-009   3.7341101526931060E-010
  -3.0569595584258004E-008  -5.8098966927734050E-009
   0.0000000000000000        0.0000000000000000     
          63   2.8715973142780136E-009   3.2371372655696553E-010
  -2.6514209177271177E-008  -4.6280618631608447E-009
   0.0000000000000000        0.0000000000000000     
          64   2.6625819646008999E-009   2.8754039928077571E-010
  -2.3233227398359820E-008  -3.7583154316030938E-009
   0.0000000000000000        0.0000000000000000     
          65   2.4767578762837874E-009   2.6207584007440476E-010
  -2.0534983536958481E-008  -3.1042147639287023E-009
   0.0000000000000000        0.0000000000000000     
          66   2.3076420099421426E-009   2.4620489015113474E-010
  -1.8283072995761211E-008  -2.6034140024158863E-009
   0.0000000000000000        0.0000000000000000     
          67   2.1495291040502765E-009   2.4077034950408712E-010
  -1.6378057313596149E-008  -2.2139723306213977E-009
   0.0000000000000000        0.0000000000000000     
          68   1.9973083951029811E-009   2.5024383773181306E-010
  -1.4745643726772158E-008  -1.9058694628916710E-009
   0.0000000000000000        0.0000000000000000     
          69   1.8496978259306291E-009   2.8801030824938469E-010
  -1.3327351400077706E-008  -1.6540667637396431E-009
   0.0000000000000000        0.0000000000000000     
          70   1.7355154160851720E-009   3.8165348538016868E-010
  -1.2063141405033345E-008  -1.4333360689511579E-009
   0.0000000000000000        0.0000000000000000     
          71   1.7561547500679165E-009   4.6467817445540701E-010
  -1.0867662170021926E-008  -1.2659192755083764E-009
   0.0000000000000000        0.0000000000000000     
          72   1.7498934021018704E-009   3.7582142964926695E-010
  -9.7799944234323513E-009  -1.2227333001790645E-009
   0.0000000000000000        0.0000000000000000     
          73   1.6173454054537964E-009   3.1000677013923169E-010
  -8.8146603204512275E-009  -1.2169614981461912E-009
   0.0000000000000000        0.0000000000000000     
          74   1.4548797139156997E-009   3.0359756028206616E-010
  -7.8957873911504364E-009  -1.2394554708512727E-009
   0.0000000000000000        0.0000000000000000     
          75   1.2774960735762199E-009   3.3636690382620777E-010
  -6.9802641365061250E-009  -1.3174298565412785E-009
   0.0000000000000000        0.0000000000000000     
          76   1.0749572725904650E-009   4.0889065585499962E-010
  -6.0279159416502627E-009  -1.4879959952522608E-009
   0.0000000000000000        0.0000000000000000     
          77   8.3016211105582589E-010   5.4154570081023306E-010
  -4.9877242230212549E-009  -1.8200596342793598E-009
   0.0000000000000000        0.0000000000000000     
          78   5.2205119899176976E-010   7.8698928452910139E-010
  -3.7973479245553554E-009  -2.4638044769489553E-009
   0.0000000000000000        0.0000000000000000     
          79   1.4431725689283365E-010   1.2746184441455827E-009
  -2.4333912750177323E-009  -3.7793700918631963E-009
   0.0000000000000000        0.0000000000000000     
          80  -1.5323627229445011E-010   2.3117268331216303E-009
  -1.3010156053032348E-009  -6.6220211942127316E-009
   0.0000000000000000        0.0000000000000000     
          81   6.1323602731859234E-010   4.1395507028875213E-009
  -3.1176838917578759E-009  -1.1681847239046028E-008
   0.0000000000000000        0.0000000000000000     
          82   3.3879400186215352E-009   4.4272822629554925E-009
  -1.0547672090725860E-008  -1.2521937756074403E-008
   0.0000000000000000        0.0000000000000000     
          83   4.5617416346156542E-009   2.5453911679486654E-009
  -1.3602861065391658E-008  -7.3188325403031764E-009
   0.0000000000000000        0.0000000000000000     
          84   4.3369229581343102E-009   1.3353455993834557E-009
  -1.2778752261698730E-008  -3.9493289873463611E-009
   0.0000000000000000        0.0000000000000000     
          85   3.9661706325133038E-009   7.6583626918904127E-010
  -1.1544199680993841E-008  -2.3542268927096262E-009
   0.0000000000000000        0.0000000000000000     
          86   3.6766776002518507E-009   4.7842767286098792E-010
  -1.0534089299271119E-008  -1.5456443733526975E-009
   0.0000000000000000        0.0000000000000000     
          87   3.4705762401445565E-009   3.1642734237296989E-010
  -9.7552682018345739E-009  -1.0899444086846681E-009
   0.0000000000000000        0.0000000000000000     
          88   3.3270106487124817E-009   2.1526016939285630E-010
  -9.1486781237748315E-009  -8.0864011006078649E-010
   0.0000000000000000        0.0000000000000000     
          89   3.2295008301645492E-009   1.4559997658251039E-010
  -8.6662640058826780E-009  -6.2184833532331885E-010
   0.0000000000000000        0.0000000000000000     
          90   3.1672770739545332E-009   9.2096487448876841E-011
  -8.2750276741191120E-009  -4.9033300767305291E-010
   0.0000000000000000        0.0000000000000000     
          91   3.1334790321531803E-009   4.4465922483059701E-011
  -7.9526916654948501E-009  -3.9315410073109882E-010
   0.0000000000000000        0.0000000000000000     
          92   3.1222328834098183E-009  -8.0004108550584788E-012
  -7.6838908436189587E-009  -3.1822601379406655E-010
   0.0000000000000000        0.0000000000000000     
          93   3.1187375884113088E-009  -8.0462331597227899E-011
  -7.4573329022429966E-009  -2.5795549576880937E-010
   0.0000000000000000        0.0000000000000000     
          94   3.0744146269316133E-009  -1.6581476464983459E-010
  -7.2632331418752733E-009  -2.0828941856616576E-010
   0.0000000000000000        0.0000000000000000     
          95   2.9997610248439448E-009  -1.6613736947422927E-010
  -7.0961546979239661E-009  -1.7051470529345906E-010
   0.0000000000000000        0.0000000000000000     
          96   3.0109731305828369E-009  -1.1831931170169326E-010
  -6.9563652486096982E-009  -1.4139064790168992E-010
   0.0000000000000000        0.0000000000000000     
          97   3.0736050584648442E-009  -9.8163083384521916E-011
  -6.8387891579513852E-009  -1.1672599399428816E-010
   0.0000000000000000        0.0000000000000000     
          98   3.1546905619737038E-009  -9.9236304219609095E-011
  -6.7389294280597066E-009  -9.6279241172916211E-011
   0.0000000000000000        0.0000000000000000     
          99   3.2494059730407758E-009  -1.1181186361021524E-010
  -6.6537294921514988E-009  -8.0474476587463316E-011
   0.0000000000000000        0.0000000000000000     
         100   3.3594598457119824E-009  -1.3230562692136317E-010
  -6.5804371875193521E-009  -7.0081776700409286E-011
   0.0000000000000000        0.0000000000000000     
         101   3.4880241114775216E-009  -1.6037869723824467E-010
  -6.5161253447922145E-009  -6.6558340591759930E-011
   0.0000000000000000        0.0000000000000000     
         102   3.6391488688751282E-009  -1.9770440508376747E-010
  -6.4573357871908500E-009  -7.2568881018006360E-011
   0.0000000000000000        0.0000000000000000     
         103   3.8180270126292871E-009  -2.4804410058778298E-010
  -6.3996614952057801E-009  -9.2928728859503120E-011
   0.0000000000000000        0.0000000000000000     
         104   4.0314526504537046E-009  -3.1840898319890652E-010
  -6.3372601138451970E-009  -1.3650751062977039E-010
   0.0000000000000000        0.0000000000000000     
         105   4.2881421923770103E-009  -4.2196909268190610E-010
  -6.2626130752698328E-009  -2.2032975847822352E-010
   0.0000000000000000        0.0000000000000000     
         106   4.5976373476958217E-009  -5.8480201481595642E-010
  -6.1682890777218239E-009  -3.7888033925992260E-010
   0.0000000000000000        0.0000000000000000     
         107   4.9615463128793892E-009  -8.6132573758677554E-010
  -6.0593443567389706E-009  -6.8536761434116626E-010
   0.0000000000000000        0.0000000000000000     
         108   5.3278924795376008E-009  -1.3616697809820201E-009
  -6.0167648865437274E-009  -1.2895715596160656E-009
   0.0000000000000000        0.0000000000000000     
         109   5.4138052468124956E-009  -2.2043365787315743E-009
  -6.4433033090425822E-009  -2.3530205519673903E-009
   0.0000000000000000        0.0000000000000000     
         110   4.6674690846626813E-009  -2.8848206971938437E-009
  -8.1200240176492255E-009  -3.1767782138514807E-009
   0.0000000000000000        0.0000000000000000     
         111   3.9093954690873737E-009  -2.3854960653375429E-009
  -9.9407536792388655E-009  -2.3449939806148125E-009
   0.0000000000000000        0.0000000000000000     
         112   4.1335686204052452E-009  -1.6267814386521272E-009
  -1.0559086289809684E-008  -1.1144940949463130E-009
   0.0000000000000000        0.0000000000000000     
         113   4.8314683034142673E-009  -1.2323743918785337E-009
  -1.0717453066675824E-008  -3.3415087021686150E-010
   0.0000000000000000        0.0000000000000000     
         114   5.7135528534203344E-009  -1.1123192877503922E-009
  -1.0878647741862130E-008   1.4253672493050248E-010
   0.0000000000000000        0.0000000000000000     
         115   6.7715863370059553E-009  -1.1744912762719977E-009
  -1.1149181028837085E-008   4.8254683101780355E-010
   0.0000000000000000        0.0000000000000000     
         116   8.0985410986980206E-009  -1.4072028739729119E-009
  -1.1552032448182520E-008   7.7478418696638576E-010
   0.0000000000000000        0.0000000000000000     
         117   9.8698945274258725E-009  -1.8794281050833874E-009
  -1.2103085303427802E-008   1.0710195207081508E-009
   0.0000000000000000        0.0000000000000000     
         118   1.2409657866528195E-008  -2.8071549740292722E-009
  -1.2828009752557607E-008   1.4159023741045207E-009
   0.0000000000000000        0.0000000000000000     
         119   1.6367739004639627E-008  -4.8322639852452093E-009
  -1.3760304027455979E-008   1.8610301820410298E-009
   0.0000000000000000        0.0000000000000000     
         120   2.3057596550277814E-008  -1.0334131781593148E-008
  -1.4956480733409803E-008   2.4707823397578616E-009
   0.0000000000000000        0.0000000000000000     
         121   3.0991787540845875E-008  -3.0996048786773035E-008
  -1.6511952934478760E-008   3.3629194957993387E-009
   0.0000000000000000        0.0000000000000000     
         122  -1.3899327394106743E-008  -5.6505720958112901E-008
  -1.8564435909902899E-008   4.7709876925465629E-009
   0.0000000000000000        0.0000000000000000     
         123  -2.5630897941570946E-008  -1.9113579056182891E-008
  -2.1286435588008547E-008   7.1927839381864125E-009
   0.0000000000000000        0.0000000000000000     
         124  -1.6664452692994872E-008  -8.8208150167741531E-009
  -2.4718702329230363E-008   1.1785099027812619E-008
   0.0000000000000000        0.0000000000000000     
         125  -1.1091319964275675E-008  -7.1407139480902226E-009
  -2.7584260031588444E-008   2.1208838751130728E-008
   0.0000000000000000        0.0000000000000000     
         126  -9.1415627137157080E-009  -8.8331837802591703E-009
  -2.1759274277147865E-008   3.7848710498932380E-008
   0.0000000000000000        0.0000000000000000     
         127  -1.1791574450841415E-008  -9.2153334325182257E-009
   2.7125972053601033E-009   4.3147931876959420E-008
   0.0000000000000000        0.0000000000000000     
         128  -1.3036701147246221E-008  -5.8131413119712011E-009
   1.5645524642280206E-008   2.6774359955734837E-008
   0.0000000000000000        0.0000000000000000     
         129  -1.1964535017822831E-008  -3.3060691255398107E-009
   1.4104108685487791E-008   1.4847422661759303E-008
   0.0000000000000000        0.0000000000000000     
         130  -1.0702170384158552E-008  -2.0336209257011904E-009
   1.0257614475277986E-008   9.2058101068205977E-009
   0.0000000000000000        0.0000000000000000     
         131  -9.7198243844488347E-009  -1.3734016102603247E-009
   6.8810463941365547E-009   6.5800882169268856E-009
   0.0000000000000000        0.0000000000000000     
         132  -9.0546365986164947E-009  -1.0223141527794532E-009
   4.2111151310305101E-009   5.4264014791422726E-009
   0.0000000000000000        0.0000000000000000     
         133  -8.7322935177205241E-009  -7.8736357437503678E-010
   2.2207000200862593E-009   4.9885147685324978E-009
   0.0000000000000000        0.0000000000000000     
         134  -8.6647501266159241E-009  -4.4270573911717284E-010
   5.9923839746069665E-010   4.6694219675114243E-009
   0.0000000000000000        0.0000000000000000     
         135  -8.6607792000652857E-009   1.3439144070309911E-011
  -1.2058628010909365E-009   4.5035384578591880E-009
   0.0000000000000000        0.0000000000000000     
         136  -8.7497165074796793E-009   5.0977505922366834E-010
  -3.2791946354626212E-009   4.8170223432287292E-009
   0.0000000000000000        0.0000000000000000     
         137  -9.0152393171048065E-009   1.1266271774957201E-009
  -5.6134656598747340E-009   5.8071877954178262E-009
   0.0000000000000000        0.0000000000000000     
         138  -9.4984135567443530E-009   2.0557232164221885E-009
  -8.2643439283369405E-009   7.8550986125964601E-009
   0.0000000000000000        0.0000000000000000     
