   262144.00000000000     
         256           1           3
   1.7567330116226543E-005   32.267967713312999        143.27462188630000     
   6.0401400154609997        12.000000000000000        600.00000000000000     
           0   0.0000000000000000        0.0000000000000000     
   0.0000000000000000        0.0000000000000000     
   0.0000000000000000        0.0000000000000000     
           1  -2.5692864241206045E-009   7.2118128858626850E-011
  -5.1098709235947026E-009   1.2861724034567767E-010
   0.0000000000000000        0.0000000000000000     
           2  -2.5432627639587694E-009   7.3379291760791853E-011
  -5.0758511150375686E-009   1.3635525170374462E-010
   0.0000000000000000        0.0000000000000000     
           3  -2.5330587742645744E-009   7.5298316906058008E-011
  -5.0758544911302963E-009   1.4556856486362414E-010
   0.0000000000000000        0.0000000000000000     
           4  -2.5310066916590735E-009   7.7570699076918523E-011
  -5.0969244766435661E-009   1.5582826317555826E-010
   0.0000000000000000        0.0000000000000000     
           5  -2.5347628918797765E-009   8.0123461172609929E-011
  -5.1353124408615556E-009   1.6710406542730771E-010
   0.0000000000000000        0.0000000000000000     
           6  -2.5433279121855693E-009   8.2937004753575990E-011
  -5.1896737370773244E-009   1.7946595115750364E-010
   0.0000000000000000        0.0000000000000000     
           7  -2.5562147554572435E-009   8.6011359216514162E-011
  -5.2596517263222563E-009   1.9303086079770202E-010
   0.0000000000000000        0.0000000000000000     
           8  -2.5731818359880441E-009   8.9356308925776461E-011
  -5.3454315698443428E-009   2.0795003747862426E-010
   0.0000000000000000        0.0000000000000000     
           9  -2.5941253871081025E-009   9.2987675617904385E-011
  -5.4475709940327281E-009   2.2440741870958350E-010
   0.0000000000000000        0.0000000000000000     
          10  -2.6190294125261321E-009   9.6925664933673809E-011
  -5.5669342651263864E-009   2.4262255732089938E-010
   0.0000000000000000        0.0000000000000000     
          11  -2.6479399384320382E-009   1.0119398798544359E-010
  -5.7046734790399379E-009   2.6285634951794244E-010
   0.0000000000000000        0.0000000000000000     
          12  -2.6809506384994024E-009   1.0581922399643653E-010
  -5.8622364957011969E-009   2.8541926990150816E-010
   0.0000000000000000        0.0000000000000000     
          13  -2.7181940320737096E-009   1.1083010594037362E-010
  -6.0413936690543534E-009   3.1068243038938729E-010
   0.0000000000000000        0.0000000000000000     
          14  -2.7598352227524179E-009   1.1625642851462926E-010
  -6.2442811433481103E-009   3.3909222161652519E-010
   0.0000000000000000        0.0000000000000000     
          15  -2.8060661492189992E-009   1.2212716070827594E-010
  -6.4734616052668684E-009   3.7118979156676604E-010
   0.0000000000000000        0.0000000000000000     
          16  -2.8570986337665920E-009   1.2846710024256358E-010
  -6.7320058109786874E-009   4.0763734030704592E-010
   0.0000000000000000        0.0000000000000000     
          17  -2.9131538863220131E-009   1.3529085089414816E-010
  -7.0236007774038897E-009   4.4925438261249088E-010
   0.0000000000000000        0.0000000000000000     
          18  -2.9744451272685965E-009   1.4259189247073991E-010
  -7.3526941280447181E-009   4.9706920632533018E-010
   0.0000000000000000        0.0000000000000000     
          19  -3.0411474562990317E-009   1.5032236645736350E-010
  -7.7246896777902701E-009   5.5239463311812291E-010
   0.0000000000000000        0.0000000000000000     
          20  -3.1133443392294302E-009   1.5835464419322703E-010
  -8.1462189574496863E-009   6.1694496904459125E-010
   0.0000000000000000        0.0000000000000000     
          21  -3.1909304306819044E-009   1.6640537800599205E-010
  -8.6255309694829961E-009   6.9302782779316359E-010
   0.0000000000000000        0.0000000000000000     
          22  -3.2734303387066764E-009   1.7387745557244001E-010
  -9.1730766758996628E-009   7.8388396370323285E-010
   0.0000000000000000        0.0000000000000000     
          23  -3.3596495185844814E-009   1.7950810197826858E-010
  -9.8024349137379483E-009   8.9435039645122626E-010
   0.0000000000000000        0.0000000000000000     
          24  -3.4469784454663318E-009   1.8051315295340154E-010
  -1.0531874661090944E-008   1.0323184612134305E-009
   0.0000000000000000        0.0000000000000000     
          25  -3.5299817793776966E-009   1.7025222275660007E-010
  -1.1387137277212379E-008   1.2124429594335173E-009
   0.0000000000000000        0.0000000000000000     
          26  -3.5978084469970659E-009   1.3083078826167312E-010
  -1.2406170004774553E-008   1.4673964907526545E-009
   0.0000000000000000        0.0000000000000000     
          27  -3.6341673118399767E-009   5.0757408281028195E-012
  -1.3640336907998827E-008   1.8895225430748310E-009
   0.0000000000000000        0.0000000000000000     
          28  -3.6983643770013728E-009  -4.1380949377790125E-010
  -1.5036830378791512E-008   2.7929783305385564E-009
   0.0000000000000000        0.0000000000000000     
          29  -4.6659420340642430E-009  -1.1424343070854712E-009
  -1.5357384809816367E-008   4.2125507312063665E-009
   0.0000000000000000        0.0000000000000000     
          30  -5.7593445080208721E-009  -3.6127308466646845E-010
  -1.5811695431140986E-008   3.5066123509181875E-009
   0.0000000000000000        0.0000000000000000     
          31  -5.9355329047620417E-009   1.9118521467967428E-010
  -1.7997658400073176E-008   3.2604752529253751E-009
   0.0000000000000000        0.0000000000000000     
          32  -6.1451899171418052E-009   4.3591975259716220E-010
  -2.0627284896253772E-008   3.6291021412899462E-009
   0.0000000000000000        0.0000000000000000     
          33  -6.4731999832138099E-009   6.0466598906909318E-010
  -2.3723931599840145E-008   4.3390815632655016E-009
   0.0000000000000000        0.0000000000000000     
          34  -6.9176158478994802E-009   7.6908188446905243E-010
  -2.7497615194128416E-008   5.3889700101958289E-009
   0.0000000000000000        0.0000000000000000     
          35  -7.4896659598793719E-009   9.6268596985620122E-010
  -3.2231849002044700E-008   6.8966556628424446E-009
   0.0000000000000000        0.0000000000000000     
          36  -8.2183268123486381E-009   1.2158067515719364E-009
  -3.8332555576949574E-008   9.1000609123692072E-009
   0.0000000000000000        0.0000000000000000     
          37  -9.1546777372832054E-009   1.5718880774052365E-009
  -4.6418852723000609E-008   1.2441392420604490E-008
   0.0000000000000000        0.0000000000000000     
          38  -1.0383120936654209E-008   2.1084747958168225E-009
  -5.7481673726064337E-008   1.7780780399225473E-008
   0.0000000000000000        0.0000000000000000     
          39  -1.2043117766685559E-008   2.9838913955496237E-009
  -7.3166180394915479E-008   2.6938797994850995E-008
   0.0000000000000000        0.0000000000000000     
          40  -1.4361582169402279E-008   4.5658496994302878E-009
  -9.6202456012092960E-008   4.4234877774449618E-008
   0.0000000000000000        0.0000000000000000     
          41  -1.7627576442234861E-008   7.8430789001943360E-009
  -1.3022292844500828E-007   8.1479094045307364E-008
   0.0000000000000000        0.0000000000000000     
          42  -2.1281519257867604E-008   1.5797885575969010E-008
  -1.6914438129262159E-007   1.7491974648968429E-007
   0.0000000000000000        0.0000000000000000     
          43  -1.5461740897950175E-008   3.3146956589919052E-008
  -9.4424998324980356E-008   3.8491190553768508E-007
   0.0000000000000000        0.0000000000000000     
          44   1.0498779464679324E-008   3.1098963235536322E-008
   2.3376084436087091E-007   3.6518285592600487E-007
   0.0000000000000000        0.0000000000000000     
          45   1.3425400516931383E-008   1.4205633929929164E-008
   2.9075268057916244E-007   1.5569787414289286E-007
   0.0000000000000000        0.0000000000000000     
          46   8.6378747835390785E-009   7.4757602022320972E-009
   2.5552487118286175E-007   6.3695447245276610E-008
   0.0000000000000000        0.0000000000000000     
          47   4.3728528485157972E-009   5.4405126698581331E-009
   2.3173460527211672E-007   2.1951469890068233E-008
   0.0000000000000000        0.0000000000000000     
          48   1.1668919592356886E-009   5.7945285363004028E-009
   2.2461510225697402E-007  -5.4211228788630361E-009
   0.0000000000000000        0.0000000000000000     
          49  -3.2195959729157340E-010   6.6515138380486227E-009
   2.3289658182095136E-007  -3.4246602871045982E-008
   0.0000000000000000        0.0000000000000000     
          50  -3.2327444904349325E-009   7.5597353463528783E-009
   2.5660210727971630E-007  -8.1627066644120032E-008
   0.0000000000000000        0.0000000000000000     
          51  -6.7883941801874883E-009   1.2979410908664313E-008
   2.8250752942677643E-007  -1.8712136373199626E-007
   0.0000000000000000        0.0000000000000000     
          52  -2.0859189356072292E-009   2.5279481603165930E-008
   1.7726340982787790E-007  -3.8894283910225214E-007
   0.0000000000000000        0.0000000000000000     
          53   1.5548085787367290E-008   2.2589720205943626E-008
  -1.1980956804708130E-007  -3.3887293726271476E-007
   0.0000000000000000        0.0000000000000000     
          54   1.7748810450539142E-008   1.0973010109969712E-008
  -1.6055670102487643E-007  -1.5477335046783102E-007
   0.0000000000000000        0.0000000000000000     
          55   1.4961398651809954E-008   5.7167454966653983E-009
  -1.2330969184660541E-007  -7.4799095374504534E-008
   0.0000000000000000        0.0000000000000000     
          56   1.2540153195653312E-008   3.4369029719860402E-009
  -9.2045776858832325E-008  -4.1577605939891594E-008
   0.0000000000000000        0.0000000000000000     
          57   1.0774864200095321E-008   2.2934406394869398E-009
  -7.0591321193944776E-008  -2.5690196279631427E-008
   0.0000000000000000        0.0000000000000000     
          58   9.4754615640771279E-009   1.6441596894590746E-009
  -5.5780248100831285E-008  -1.7118386766458116E-008
   0.0000000000000000        0.0000000000000000     
          59   8.4886754758435914E-009   1.2397117086578310E-009
  -4.5216146476999543E-008  -1.2057450193873796E-008
   0.0000000000000000        0.0000000000000000     
          60   7.7167194048101980E-009   9.6964100183276762E-010
  -3.7426078353788932E-008  -8.8607824240587144E-009
   0.0000000000000000        0.0000000000000000     
          61   7.0978091086455044E-009   7.7931108702232305E-010
  -3.1509678549787625E-008  -6.7346829501677186E-009
   0.0000000000000000        0.0000000000000000     
          62   6.5918564115271176E-009   6.3915858211977510E-010
  -2.6900360410390836E-008  -5.2625082651899172E-009
   0.0000000000000000        0.0000000000000000     
          63   6.1720572172665224E-009   5.3190517340752656E-010
  -2.3229016694337022E-008  -4.2102034312849878E-009
   0.0000000000000000        0.0000000000000000     
          64   5.8200722854654151E-009   4.4664210915294230E-010
  -2.0247033590379880E-008  -3.4389110961885255E-009
   0.0000000000000000        0.0000000000000000     
          65   5.5232599515124627E-009   3.7573422328776623E-010
  -1.7781741716535862E-008  -2.8625023774872555E-009
   0.0000000000000000        0.0000000000000000     
          66   5.2731122135080593E-009   3.1277667392743321E-010
  -1.5709788666068102E-008  -2.4255224497204904E-009
   0.0000000000000000        0.0000000000000000     
          67   5.0643651741515940E-009   2.5039383709313548E-010
  -1.3940667543533363E-008  -2.0909720833867699E-009
   0.0000000000000000        0.0000000000000000     
          68   4.8937859073445113E-009   1.7592926727579177E-010
  -1.2406028598052639E-008  -1.8328017657850041E-009
   0.0000000000000000        0.0000000000000000     
          69   4.7525209123208336E-009   6.0280877030610600E-011
  -1.1051240245369303E-008  -1.6298936899963378E-009
   0.0000000000000000        0.0000000000000000     
          70   4.5722490249818433E-009  -1.5297881704759484E-010
  -9.8201195370956504E-009  -1.4616903206116990E-009
   0.0000000000000000        0.0000000000000000     
          71   4.1387699388514005E-009  -3.2929087138962833E-010
  -8.6341681490749056E-009  -1.3491255016232376E-009
   0.0000000000000000        0.0000000000000000     
          72   3.7679821200197142E-009  -1.4143066306012615E-010
  -7.5199615453291731E-009  -1.3560788901289220E-009
   0.0000000000000000        0.0000000000000000     
          73   3.6487831878276713E-009   2.2043426380692712E-011
  -6.4809891127932152E-009  -1.4137936981378314E-009
   0.0000000000000000        0.0000000000000000     
          74   3.5727697175411310E-009   9.6029299620378163E-011
  -5.4401354376300959E-009  -1.5236481979990107E-009
   0.0000000000000000        0.0000000000000000     
          75   3.4909943090741865E-009   1.3636496995375600E-010
  -4.3429765072725094E-009  -1.7250859136694901E-009
   0.0000000000000000        0.0000000000000000     
          76   3.3979295438800752E-009   1.7047834854728947E-010
  -3.1293142383962483E-009  -2.0799902161482080E-009
   0.0000000000000000        0.0000000000000000     
          77   3.2909472233525057E-009   2.1507197298409852E-010
  -1.7176907892110203E-009  -2.7077742244361707E-009
   0.0000000000000000        0.0000000000000000     
          78   3.1655821460629669E-009   2.9085005154226533E-010
  -5.8678257229907815E-012  -3.8694046390859918E-009
   0.0000000000000000        0.0000000000000000     
          79   3.0211442189940722E-009   4.4011413079885395E-010
   2.0417579270055725E-009  -6.1898673757039256E-009
   0.0000000000000000        0.0000000000000000     
          80   2.9050911121201170E-009   7.5965143904850713E-010
   3.7187364003999700E-009  -1.1152252003988287E-008
   0.0000000000000000        0.0000000000000000     
          81   3.1246764804095980E-009   1.3251852292490942E-009
   3.1155437331502774E-010  -1.9953276967114216E-008
   0.0000000000000000        0.0000000000000000     
          82   3.9746157493953160E-009   1.4100729626445763E-009
  -1.2800607538972736E-008  -2.1437085333467566E-008
   0.0000000000000000        0.0000000000000000     
          83   4.3294966151484627E-009   8.1811931472334232E-010
  -1.8309071872480912E-008  -1.2443743011540637E-008
   0.0000000000000000        0.0000000000000000     
          84   4.2525124739435049E-009   4.3554661055070150E-010
  -1.7074958985041354E-008  -6.6256802855372324E-009
   0.0000000000000000        0.0000000000000000     
          85   4.1344258063239100E-009   2.5261388861015012E-010
  -1.5112484274750938E-008  -3.8806360406364295E-009
   0.0000000000000000        0.0000000000000000     
          86   4.0461844673262520E-009   1.5753550755905687E-010
  -1.3523784866061934E-008  -2.4967172939322249E-009
   0.0000000000000000        0.0000000000000000     
          87   3.9885623230371790E-009   1.0142732641451751E-010
  -1.2322260991397366E-008  -1.7226182804706027E-009
   0.0000000000000000        0.0000000000000000     
          88   3.9551876467175041E-009   6.4125588267195444E-011
  -1.1406889992370431E-008  -1.2492591661668847E-009
   0.0000000000000000        0.0000000000000000     
          89   3.9410840321511239E-009   3.6460540650547176E-011
  -1.0695543266686008E-008  -9.3851463326456181E-010
   0.0000000000000000        0.0000000000000000     
          90   3.9430942158958707E-009   1.3639376631236049E-011
  -1.0132035213586265E-008  -7.2288485284198526E-010
   0.0000000000000000        0.0000000000000000     
          91   3.9593378149709180E-009  -7.4900369294989458E-012
  -9.6787040880209575E-009  -5.6705770390706251E-010
   0.0000000000000000        0.0000000000000000     
          92   3.9883912421833753E-009  -3.0046592844771099E-011
  -9.3103881087898958E-009  -4.5228733495027219E-010
   0.0000000000000000        0.0000000000000000     
          93   4.0266735600647991E-009  -5.8249540615639354E-011
  -9.0127108294938310E-009  -3.6972022610740357E-010
   0.0000000000000000        0.0000000000000000     
          94   4.0619624382053796E-009  -9.0506144162973156E-011
  -8.7862993035382001E-009  -3.0912277228202959E-010
   0.0000000000000000        0.0000000000000000     
          95   4.0975891688246375E-009  -1.0158681943729101E-010
  -8.6191565447869262E-009  -2.3747393624352601E-010
   0.0000000000000000        0.0000000000000000     
          96   4.1646048285330767E-009  -1.0143290808596803E-010
  -8.4720305194106280E-009  -1.6098475070343270E-010
   0.0000000000000000        0.0000000000000000     
          97   4.2550361942313920E-009  -1.1021049911385206E-010
  -8.3497438840819395E-009  -9.8095715964655230E-011
   0.0000000000000000        0.0000000000000000     
          98   4.3615685670508984E-009  -1.2679946746279959E-010
  -8.2583663175950394E-009  -4.4801588673335871E-011
   0.0000000000000000        0.0000000000000000     
          99   4.4845701484700794E-009  -1.4943314835813387E-010
  -8.1973083111674606E-009   3.5714680982255494E-012
   0.0000000000000000        0.0000000000000000     
         100   4.6265759779641247E-009  -1.7827874113131970E-010
  -8.1652129082205646E-009   4.9917753277282608E-011
   0.0000000000000000        0.0000000000000000     
         101   4.7911322098152305E-009  -2.1489058812737767E-010
  -8.1613430153020005E-009   9.6407921116155831E-011
   0.0000000000000000        0.0000000000000000     
         102   4.9828816507943814E-009  -2.6226300197696281E-010
  -8.1858096625330363E-009   1.4517895167805081E-010
   0.0000000000000000        0.0000000000000000     
         103   5.2079665579650076E-009  -3.2555875627103135E-010
  -8.2396633830738762E-009   1.9888722191573016E-010
   0.0000000000000000        0.0000000000000000     
         104   5.4745638569582311E-009  -4.1383472767104309E-010
  -8.3250142813542072E-009   2.6147451995197782E-010
   0.0000000000000000        0.0000000000000000     
         105   5.7932365076238601E-009  -5.4383649496887542E-010
  -8.4450977457409490E-009   3.3963377055012783E-010
   0.0000000000000000        0.0000000000000000     
         106   6.1754860874366445E-009  -7.4860155703854286E-010
  -8.6036921487152123E-009   4.4602091222215325E-010
   0.0000000000000000        0.0000000000000000     
         107   6.6225792975563288E-009  -1.0970484316830258E-009
  -8.8009665856958616E-009   6.0651311418170158E-010
   0.0000000000000000        0.0000000000000000     
         108   7.0675561419810034E-009  -1.7286906120659173E-009
  -9.0120823764900924E-009   8.7308932173806063E-010
   0.0000000000000000        0.0000000000000000     
         109   7.1501868594849545E-009  -2.7935551592205725E-009
  -9.1040846481794066E-009   1.3019669585315527E-009
   0.0000000000000000        0.0000000000000000     
         110   6.1685378907809815E-009  -3.6511640405190536E-009
  -8.8169331651311433E-009   1.6584178179636957E-009
   0.0000000000000000        0.0000000000000000     
         111   5.1608241662339002E-009  -3.0098378946515434E-009
  -8.5307684170178558E-009   1.4655227912747334E-009
   0.0000000000000000        0.0000000000000000     
         112   5.3841502472184178E-009  -2.0360440666445498E-009
  -8.7086501765625932E-009   1.1519688115486144E-009
   0.0000000000000000        0.0000000000000000     
         113   6.1877132937110527E-009  -1.5190485443940657E-009
  -9.1085206833914856E-009   1.0094093738885664E-009
   0.0000000000000000        0.0000000000000000     
         114   7.1955223556031067E-009  -1.3413105607819237E-009
  -9.5857714111027496E-009   9.9410027876633654E-010
   0.0000000000000000        0.0000000000000000     
         115   8.3834748764875008E-009  -1.3796000035069191E-009
  -1.0120215083756527E-008   1.0577683716306256E-009
   0.0000000000000000        0.0000000000000000     
         116   9.8474316261449465E-009  -1.6065971969316936E-009
  -1.0725278094036021E-008   1.1823080487067962E-009
   0.0000000000000000        0.0000000000000000     
         117   1.1773251646128635E-008  -2.0850094764990439E-009
  -1.1424496640255720E-008   1.3682558172874746E-009
   0.0000000000000000        0.0000000000000000     
         118   1.4499309324923915E-008  -3.0396968467064356E-009
  -1.2249276123466824E-008   1.6290627854086234E-009
   0.0000000000000000        0.0000000000000000     
         119   1.8670927076223961E-008  -5.1290753601224482E-009
  -1.3244246297157106E-008   1.9937991797848676E-009
   0.0000000000000000        0.0000000000000000     
         120   2.5602791362591204E-008  -1.0727830179275022E-008
  -1.4471530000703161E-008   2.5194324848637460E-009
   0.0000000000000000        0.0000000000000000     
         121   3.3832849963766724E-008  -3.1530964844668284E-008
  -1.6018767290833383E-008   3.3108279551316135E-009
   0.0000000000000000        0.0000000000000000     
         122  -1.0679099409098455E-008  -5.7266316642032756E-008
  -1.8012061726420471E-008   4.5746481333437571E-009
   0.0000000000000000        0.0000000000000000     
         123  -2.1914902542564956E-008  -2.0270097830269841E-008
  -2.0609556026819437E-008   6.7554744894101879E-009
   0.0000000000000000        0.0000000000000000     
         124  -1.2323445612232412E-008  -1.0743220970101995E-008
  -2.3851425808597821E-008   1.0889659949310684E-008
   0.0000000000000000        0.0000000000000000     
         125  -6.2047048606413686E-009  -1.0664996020956697E-008
  -2.6596762724830320E-008   1.9362602283684931E-008
   0.0000000000000000        0.0000000000000000     
         126  -5.1851741089072296E-009  -1.5246549307941676E-008
  -2.1567449916778257E-008   3.4312746468499326E-008
   0.0000000000000000        0.0000000000000000     
         127  -1.2059623084210056E-008  -1.6636350160686640E-008
   1.5670761922493178E-010   3.9107207169053301E-008
   0.0000000000000000        0.0000000000000000     
         128  -1.5648173837430705E-008  -1.0413762745988279E-008
   1.1511506728949807E-008   2.4486432019775030E-008
   0.0000000000000000        0.0000000000000000     
         129  -1.4401439574661141E-008  -5.7545497949339270E-009
   9.8586926565955904E-009   1.3867068471209112E-008
   0.0000000000000000        0.0000000000000000     
         130  -1.2540647659303615E-008  -3.3510816374569505E-009
   6.0977640144326385E-009   8.9018015340493121E-009
   0.0000000000000000        0.0000000000000000     
         131  -1.1001783256067088E-008  -1.9802712941376989E-009
   2.7037215591321078E-009   6.6663295816931604E-009
   0.0000000000000000        0.0000000000000000     
         132  -9.7459291491303071E-009  -1.0235715841158454E-009
  -1.3026386234680317E-010   5.7871984622667820E-009
   0.0000000000000000        0.0000000000000000     
         133  -8.5430462920988128E-009  -3.2534025314385818E-010
  -2.4567570140328887E-009   5.6097010414721849E-009
   0.0000000000000000        0.0000000000000000     
         134  -7.4319278143843881E-009  -6.6512027661440022E-011
  -4.5788054573363368E-009   5.6429689673606083E-009
   0.0000000000000000        0.0000000000000000     
         135  -6.7214718176338794E-009  -7.4270697461103342E-011
  -7.0169327456165343E-009   5.9648835521236540E-009
   0.0000000000000000        0.0000000000000000     
         136  -6.3307554208228950E-009  -4.0490161215679858E-011
  -9.9070029808822331E-009   6.9497649268458396E-009
   0.0000000000000000        0.0000000000000000     
         137  -6.1133482799848233E-009   1.0049462123675939E-010
  -1.3321752395527098E-008   8.9549227407447861E-009
   0.0000000000000000        0.0000000000000000     
         138  -6.0156823324163748E-009   3.7671062577207108E-010
  -1.7371348025920653E-008   1.2697042952901342E-008
   0.0000000000000000        0.0000000000000000     
