   262144.00000000000     
         256           1           3
   1.7567330116226543E-005  -6.2812290861650002       -178.01823173560001     
   6.0401400154609997        12.000000000000000        600.00000000000000     
           0   0.0000000000000000        0.0000000000000000     
   0.0000000000000000        0.0000000000000000     
   0.0000000000000000        0.0000000000000000     
           1  -5.4291970764955100E-009   1.4273696257904512E-010
  -1.0211079139048022E-009   2.5741016119534954E-011
   0.0000000000000000        0.0000000000000000     
           2  -5.3814688080658738E-009   1.4689438300765057E-010
  -1.0143868196552182E-009   2.7329023882567310E-011
   0.0000000000000000        0.0000000000000000     
           3  -5.3668437494979684E-009   1.5245855800345719E-010
  -1.0145166986623374E-009   2.9215040780582333E-011
   0.0000000000000000        0.0000000000000000     
           4  -5.3703886722574724E-009   1.5886847706624397E-010
  -1.0189105907993599E-009   3.1314501570490435E-011
   0.0000000000000000        0.0000000000000000     
           5  -5.3876329037253920E-009   1.6602108902583449E-010
  -1.0268228403298739E-009   3.3622575790565394E-011
   0.0000000000000000        0.0000000000000000     
           6  -5.4167826458628388E-009   1.7392435936707956E-010
  -1.0379895348818147E-009   3.6154643236243246E-011
   0.0000000000000000        0.0000000000000000     
           7  -5.4570992132828380E-009   1.8263366157872265E-010
  -1.0523457405702048E-009   3.8935736956803011E-011
   0.0000000000000000        0.0000000000000000     
           8  -5.5083851591773703E-009   1.9223554896967404E-010
  -1.0699365927932022E-009   4.1998108114755339E-011
   0.0000000000000000        0.0000000000000000     
           9  -5.5707858935845802E-009   2.0284452133407647E-010
  -1.0908838400163709E-009   4.5381027362367070E-011
   0.0000000000000000        0.0000000000000000     
          10  -5.6447083448177837E-009   2.1460525055633354E-010
  -1.1153731434803667E-009   4.9131533132000928E-011
   0.0000000000000000        0.0000000000000000     
          11  -5.7307931300021605E-009   2.2769841856231966E-010
  -1.1436510082889790E-009   5.3305803295672067E-011
   0.0000000000000000        0.0000000000000000     
          12  -5.8299172087517967E-009   2.4235014606409752E-010
  -1.1760272823899196E-009   5.7971120878935909E-011
   0.0000000000000000        0.0000000000000000     
          13  -5.9432190797120887E-009   2.5884598790619986E-010
  -1.2128817556503407E-009   6.3208544837330384E-011
   0.0000000000000000        0.0000000000000000     
          14  -6.0721457497039147E-009   2.7755146885507137E-010
  -1.2546745748553906E-009   6.9116515154584729E-011
   0.0000000000000000        0.0000000000000000     
          15  -6.2185256712311955E-009   2.9894259601800718E-010
  -1.3019608407860192E-009   7.5815761428356170E-011
   0.0000000000000000        0.0000000000000000     
          16  -6.3846767562822152E-009   3.2365220914666620E-010
  -1.3554105456516633E-009   8.3456143109263920E-011
   0.0000000000000000        0.0000000000000000     
          17  -6.5735660701649987E-009   3.5254252636600966E-010
  -1.4158354858599078E-009   9.2226403558184074E-011
   0.0000000000000000        0.0000000000000000     
          18  -6.7890493070123174E-009   3.8682266822790313E-010
  -1.4842261878514076E-009   1.0236858902711182E-010
   0.0000000000000000        0.0000000000000000     
          19  -7.0362392774435476E-009   4.2824693167676011E-010
  -1.5618036011645864E-009   1.1420026001403526E-010
   0.0000000000000000        0.0000000000000000     
          20  -7.3220918087283640E-009   4.7946542988854580E-010
  -1.6500937148603830E-009   1.2815051227540002E-010
   0.0000000000000000        0.0000000000000000     
          21  -7.6563744496281263E-009   5.4467942496509582E-010
  -1.7510395782766999E-009   1.4482217047664662E-010
   0.0000000000000000        0.0000000000000000     
          22  -8.0533414939166217E-009   6.3094927321593422E-010
  -1.8671778412446054E-009   1.6510765414423901E-010
   0.0000000000000000        0.0000000000000000     
          23  -8.5347770887344106E-009   7.5102047633743928E-010
  -2.0019333671200837E-009   1.9042562327568567E-010
   0.0000000000000000        0.0000000000000000     
          24  -9.1358043610611083E-009   9.3005664279542908E-010
  -2.1601420772809863E-009   2.2326122033123850E-010
   0.0000000000000000        0.0000000000000000     
          25  -9.9163216661557903E-009   1.2237734492636364E-009
  -2.3490232411649124E-009   2.6857869781806956E-010
   0.0000000000000000        0.0000000000000000     
          26  -1.0981677956229659E-008   1.7754710995416499E-009
  -2.5798767246703580E-009   3.3818298319334089E-010
   0.0000000000000000        0.0000000000000000     
          27  -1.2483968110974108E-008   3.0312911493136934E-009
  -2.8683336339685748E-009   4.6701160880711101E-010
   0.0000000000000000        0.0000000000000000     
          28  -1.4002463183686179E-008   6.5866004114651200E-009
  -3.1877800852708547E-009   7.7678569138407478E-010
   0.0000000000000000        0.0000000000000000     
          29  -8.8693356624343380E-009   1.2582642103294258E-008
  -3.0435054723849985E-009   1.2786184569564758E-009
   0.0000000000000000        0.0000000000000000     
          30  -3.0979686832720355E-009   7.0932752387564088E-009
  -2.9015560007661699E-009   9.2962447454275567E-010
   0.0000000000000000        0.0000000000000000     
          31  -4.7523357372508601E-009   3.4689237048308055E-009
  -3.3774306294077959E-009   7.4181036246624892E-010
   0.0000000000000000        0.0000000000000000     
          32  -6.6384214488307835E-009   2.3528259526520068E-009
  -3.9465560008537311E-009   7.6864095781517196E-010
   0.0000000000000000        0.0000000000000000     
          33  -8.2295644280409132E-009   2.0241122236906565E-009
  -4.5934284320367368E-009   8.9125952683398601E-010
   0.0000000000000000        0.0000000000000000     
          34  -9.7112523641321130E-009   2.0173446385779363E-009
  -5.3656903931169785E-009   1.0915377972102813E-009
   0.0000000000000000        0.0000000000000000     
          35  -1.1238683246671119E-008   2.2079665125763691E-009
  -6.3239750787371515E-009   1.3874471176771656E-009
   0.0000000000000000        0.0000000000000000     
          36  -1.2941824919798736E-008   2.5829492358114423E-009
  -7.5516020862492962E-009   1.8244148995696225E-009
   0.0000000000000000        0.0000000000000000     
          37  -1.4961334371963625E-008   3.1951938097479153E-009
  -9.1735387869701767E-009   2.4898768056997243E-009
   0.0000000000000000        0.0000000000000000     
          38  -1.7485618375783920E-008   4.1804312705489897E-009
  -1.1388548802088248E-008   3.5552551225516824E-009
   0.0000000000000000        0.0000000000000000     
          39  -2.0800888713466058E-008   5.8399838987815037E-009
  -1.4525853186325611E-008   5.3841095097881975E-009
   0.0000000000000000        0.0000000000000000     
          40  -2.5358271128405548E-008   8.8898148332322502E-009
  -1.9131313688818629E-008   8.8394496244242380E-009
   0.0000000000000000        0.0000000000000000     
          41  -3.1725098887532384E-008   1.5268353520862905E-008
  -2.5931014247768347E-008   1.6281187856280256E-008
   0.0000000000000000        0.0000000000000000     
          42  -3.8791155726516762E-008   3.0836107051735254E-008
  -3.3709526455754068E-008   3.4952727778437643E-008
   0.0000000000000000        0.0000000000000000     
          43  -2.7122818241449728E-008   6.4860697343340107E-008
  -1.8778980866695397E-008   7.6914727299491130E-008
   0.0000000000000000        0.0000000000000000     
          44   2.4313523586205376E-008   6.0619982482437843E-008
   4.6801591746529970E-008   7.2972125757177366E-008
   0.0000000000000000        0.0000000000000000     
          45   3.0569455714189657E-008   2.6992235363978306E-008
   5.8189931621084508E-008   3.1111297070995283E-008
   0.0000000000000000        0.0000000000000000     
          46   2.1887353614071956E-008   1.2997067367547093E-008
   5.1149911444015372E-008   1.2727732397515393E-008
   0.0000000000000000        0.0000000000000000     
          47   1.4444768314050194E-008   7.2115498337723533E-009
   4.6395110682233001E-008   4.3898125645776609E-009
   0.0000000000000000        0.0000000000000000     
          48   7.5381193910554192E-009   3.6169695919057524E-009
   4.4975408496572577E-008  -1.0695486188886735E-009
   0.0000000000000000        0.0000000000000000     
          49  -2.3484166833410190E-009   3.7086346282033215E-009
   4.6650544257795032E-008  -6.8246476533028851E-009
   0.0000000000000000        0.0000000000000000     
          50  -1.0500337327490679E-008   1.0372553923235065E-008
   5.1398269313871729E-008  -1.6305140674704287E-008
   0.0000000000000000        0.0000000000000000     
          51  -1.6597147620543712E-008   2.3453156714113042E-008
   5.6577040500103264E-008  -3.7392972477960053E-008
   0.0000000000000000        0.0000000000000000     
          52  -6.4621873694378531E-009   4.8621968597795455E-008
   3.5548659666766439E-008  -7.7726050663901698E-008
   0.0000000000000000        0.0000000000000000     
          53   2.8864347934841118E-008   4.3762470024619975E-008
  -2.3811447731301506E-008  -6.7722781882215099E-008
   0.0000000000000000        0.0000000000000000     
          54   3.3619319785198289E-008   2.1120358907475519E-008
  -3.1949338371524770E-008  -3.0936100052569007E-008
   0.0000000000000000        0.0000000000000000     
          55   2.8435282836526043E-008   1.0905032583391627E-008
  -2.4500832945338600E-008  -1.4956455381407982E-008
   0.0000000000000000        0.0000000000000000     
          56   2.3895305184684124E-008   6.5000975282771386E-009
  -1.8246985127172904E-008  -8.3193310275962370E-009
   0.0000000000000000        0.0000000000000000     
          57   2.0594831330619302E-008   4.3045052943926955E-009
  -1.3952377295669318E-008  -5.1461278462397259E-009
   0.0000000000000000        0.0000000000000000     
          58   1.8175056330755586E-008   3.0651183681568987E-009
  -1.0984261450638162E-008  -3.4349368956529988E-009
   0.0000000000000000        0.0000000000000000     
          59   1.6344031525477076E-008   2.2973705565933194E-009
  -8.8636523072090337E-009  -2.4255294144098364E-009
   0.0000000000000000        0.0000000000000000     
          60   1.4915572044412494E-008   1.7877266703342271E-009
  -7.2960602424477358E-009  -1.7889377593186484E-009
   0.0000000000000000        0.0000000000000000     
          61   1.3772060933134727E-008   1.4313488167010819E-009
  -6.1013642788386328E-009  -1.3666452070132954E-009
   0.0000000000000000        0.0000000000000000     
          62   1.2836883769137564E-008   1.1722838204242033E-009
  -5.1660814085076891E-009  -1.0755106015737276E-009
   0.0000000000000000        0.0000000000000000     
          63   1.2058097959753497E-008   9.7885970795304399E-010
  -4.4161096387114437E-009  -8.6892749512206479E-010
   0.0000000000000000        0.0000000000000000     
          64   1.1398862828651587E-008   8.3273670183203201E-010
  -3.8013116904839940E-009  -7.1939603929337895E-010
   0.0000000000000000        0.0000000000000000     
          65   1.0831562330719997E-008   7.2403334231672054E-010
  -3.2865620633258384E-009  -6.1010660560416398E-010
   0.0000000000000000        0.0000000000000000     
          66   1.0333877566017457E-008   6.4997108345460706E-010
  -2.8463483984185726E-009  -5.3068803942963313E-010
   0.0000000000000000        0.0000000000000000     
          67   9.8860581007152435E-009   6.1724650575942910E-010
  -2.4613863282681687E-009  -4.7514994467953319E-010
   0.0000000000000000        0.0000000000000000     
          68   9.4710609044314899E-009   6.5232305518763966E-010
  -2.1165634403878489E-009  -4.4143988989655114E-010
   0.0000000000000000        0.0000000000000000     
          69   9.0948818725183338E-009   8.3286869664991794E-010
  -1.8010941000620874E-009  -4.3322739860265151E-010
   0.0000000000000000        0.0000000000000000     
          70   8.9439942259835648E-009   1.3188528754076699E-009
  -1.5197573651476394E-009  -4.6211457670402947E-010
   0.0000000000000000        0.0000000000000000     
          71   9.6394312364614477E-009   1.7075270671347787E-009
  -1.3123716893932529E-009  -4.9735402911939366E-010
   0.0000000000000000        0.0000000000000000     
          72   1.0241390631201100E-008   1.0277893933387388E-009
  -1.0970540247348771E-009  -4.6413269767988082E-010
   0.0000000000000000        0.0000000000000000     
          73   1.0188284136115201E-008   4.2033610319126096E-010
  -8.1881139558601186E-010  -4.5503621697445965E-010
   0.0000000000000000        0.0000000000000000     
          74   1.0094714437096257E-008   6.9581366843312722E-011
  -5.1293967075149417E-010  -4.9218634828330411E-010
   0.0000000000000000        0.0000000000000000     
          75   1.0109243349668602E-008  -2.0079535418208994E-010
  -1.7446684856419343E-010  -5.7526367033055828E-010
   0.0000000000000000        0.0000000000000000     
          76   1.0258332239760587E-008  -4.9143857558480777E-010
   2.1792498939281051E-010  -7.2179400124144009E-010
   0.0000000000000000        0.0000000000000000     
          77   1.0567886216934246E-008  -8.8948707802824246E-010
   6.9558785198002524E-010  -9.7632159715103435E-010
   0.0000000000000000        0.0000000000000000     
          78   1.1076343224692360E-008  -1.5372867539910461E-009
   1.2981325392243131E-009  -1.4406251065399235E-009
   0.0000000000000000        0.0000000000000000     
          79   1.1790613996292403E-008  -2.7520734849146388E-009
   2.0389206794946997E-009  -2.3602672454715854E-009
   0.0000000000000000        0.0000000000000000     
          80   1.2347072660703911E-008  -5.2726035369051987E-009
   2.6393715099960751E-009  -4.3186359229887383E-009
   0.0000000000000000        0.0000000000000000     
          81   1.0390290664650439E-008  -9.6779970192726297E-009
   1.2444421727692494E-009  -7.7865413689159223E-009
   0.0000000000000000        0.0000000000000000     
          82   3.6607531325798000E-009  -1.0398815264529632E-008
  -3.9643994217540981E-009  -8.3749707480061228E-009
   0.0000000000000000        0.0000000000000000     
          83   7.8313287698176650E-010  -5.9315318184666676E-009
  -6.1779525139587189E-009  -4.8407421690962642E-009
   0.0000000000000000        0.0000000000000000     
          84   1.2727519645348227E-009  -3.0687370324287447E-009
  -5.7354957852232685E-009  -2.5551307278203648E-009
   0.0000000000000000        0.0000000000000000     
          85   2.1348278233144875E-009  -1.7364718572750428E-009
  -5.0036543615488297E-009  -1.4779068920350464E-009
   0.0000000000000000        0.0000000000000000     
          86   2.8262380584906220E-009  -1.0789661197872083E-009
  -4.4164859136971405E-009  -9.3553895280440939E-010
   0.0000000000000000        0.0000000000000000     
          87   3.3423722920382503E-009  -7.2293487753149921E-010
  -3.9797084926912840E-009  -6.3237392142399799E-010
   0.0000000000000000        0.0000000000000000     
          88   3.7342485425063090E-009  -5.1589829402777130E-010
  -3.6540446934483525E-009  -4.4666757371033554E-010
   0.0000000000000000        0.0000000000000000     
          89   4.0432762374009455E-009  -3.9096677064124409E-010
  -3.4076986601445886E-009  -3.2379071480142176E-010
   0.0000000000000000        0.0000000000000000     
          90   4.2981599037039026E-009  -3.1762798046629739E-010
  -3.2191485651513138E-009  -2.3659960645963669E-010
   0.0000000000000000        0.0000000000000000     
          91   4.5183043352165319E-009  -2.8450580120410762E-010
  -3.0741536231953406E-009  -1.6992235177536619E-010
   0.0000000000000000        0.0000000000000000     
          92   4.7134842623239400E-009  -2.9617085421057409E-010
  -2.9627000465204264E-009  -1.1345226057950822E-010
   0.0000000000000000        0.0000000000000000     
          93   4.8652552670698020E-009  -3.7517561149986894E-010
  -2.8742946939472823E-009  -5.7969738523001827E-011
   0.0000000000000000        0.0000000000000000     
          94   4.8725402823847156E-009  -4.9727787369053608E-010
  -2.7886440280651881E-009  -3.1435432869677146E-012
   0.0000000000000000        0.0000000000000000     
          95   4.7659889961068539E-009  -4.3244287275192342E-010
  -2.7063794132385333E-009   1.9666205359047896E-011
   0.0000000000000000        0.0000000000000000     
          96   4.8157567200297460E-009  -2.6087941854124748E-010
  -2.6650690085442714E-009   2.3988493875534869E-011
   0.0000000000000000        0.0000000000000000     
          97   4.9444877011873816E-009  -1.5253942081945702E-010
  -2.6520506489579162E-009   3.6649920931955629E-011
   0.0000000000000000        0.0000000000000000     
          98   5.0761911215483345E-009  -8.8895609306624120E-011
  -2.6554973624726468E-009   5.6567140609286326E-011
   0.0000000000000000        0.0000000000000000     
          99   5.1973257667829005E-009  -4.3316990033860528E-011
  -2.6735951191317889E-009   8.1536040318911897E-011
   0.0000000000000000        0.0000000000000000     
         100   5.3070011429644330E-009  -1.9955079251997062E-012
  -2.7072757238225779E-009   1.1164764878019255E-010
   0.0000000000000000        0.0000000000000000     
         101   5.4048060695286271E-009   4.3772000142981851E-011
  -2.7585820716999576E-009   1.4856539784868104E-010
   0.0000000000000000        0.0000000000000000     
         102   5.4885470458894913E-009   1.0226197054448338E-010
  -2.8306349848551912E-009   1.9552157615262901E-010
   0.0000000000000000        0.0000000000000000     
         103   5.5534803946225992E-009   1.8461108650443698E-010
  -2.9279872932361606E-009   2.5810659951221010E-010
   0.0000000000000000        0.0000000000000000     
         104   5.5916266035600718E-009   3.0908136195808234E-010
  -3.0571188461301835E-009   3.4618897736207246E-010
   0.0000000000000000        0.0000000000000000     
         105   5.5915621651116269E-009   5.0918764029410738E-010
  -3.2267028460986516E-009   4.7816474483812662E-010
   0.0000000000000000        0.0000000000000000     
         106   5.5420628149102691E-009   8.5162440242426295E-010
  -3.4458145775952551E-009   6.9062635240797818E-010
   0.0000000000000000        0.0000000000000000     
         107   5.4561840225018555E-009   1.4769319777720717E-009
  -3.7111359383146218E-009   1.0604432008811088E-009
   0.0000000000000000        0.0000000000000000     
         108   5.4931587399388121E-009   2.6715252339848142E-009
  -3.9412744069580342E-009   1.7440504385042311E-009
   0.0000000000000000        0.0000000000000000     
         109   6.4287471569162487E-009   4.7420506460027464E-009
  -3.7220352175428595E-009   2.9103207009668415E-009
   0.0000000000000000        0.0000000000000000     
         110   9.7583911139150732E-009   6.3459223420655507E-009
  -2.2479754055750262E-009   3.8364659849481973E-009
   0.0000000000000000        0.0000000000000000     
         111   1.3363722409404144E-008   4.7802278479460835E-009
  -6.7127103717884001E-010   3.0569910499883261E-009
   0.0000000000000000        0.0000000000000000     
         112   1.4687019665942876E-008   2.4569176417209386E-009
  -3.9465193543833946E-010   1.8777783370651021E-009
   0.0000000000000000        0.0000000000000000     
         113   1.5170546173946919E-008   9.9230043577251509E-010
  -6.5740304093198504E-010   1.1827731648928334E-009
   0.0000000000000000        0.0000000000000000     
         114   1.5724659510272778E-008   9.6416013318830958E-011
  -9.9140030757101995E-010   8.2542953011210085E-010
   0.0000000000000000        0.0000000000000000     
         115   1.6595062546907056E-008  -5.6465021748240959E-010
  -1.3017112547376449E-009   6.3993948091391166E-010
   0.0000000000000000        0.0000000000000000     
         116   1.7901556721253383E-008  -1.1910074858553648E-009
  -1.5860372434777448E-009   5.4437653221295328E-010
   0.0000000000000000        0.0000000000000000     
         117   1.9820574933185475E-008  -1.9555135634791764E-009
  -1.8602245234334446E-009   5.0155993392551388E-010
   0.0000000000000000        0.0000000000000000     
         118   2.2687845137733180E-008  -3.1560861770027648E-009
  -2.1431470772054785E-009   5.0098826661824825E-010
   0.0000000000000000        0.0000000000000000     
         119   2.7128425032221520E-008  -5.5091355174097424E-009
  -2.4424968114265522E-009   5.4590125245373154E-010
   0.0000000000000000        0.0000000000000000     
         120   3.4453154865492019E-008  -1.1408002093716426E-008
  -2.7690313860486816E-009   6.3423537620267899E-010
   0.0000000000000000        0.0000000000000000     
         121   4.3237417717204584E-008  -3.2587877486741115E-008
  -3.1480545442379230E-009   7.7955344522673683E-010
   0.0000000000000000        0.0000000000000000     
         122  -5.0741468240792232E-010  -5.8864732843265323E-008
  -3.6096188177676859E-009   1.0219163057715417E-009
   0.0000000000000000        0.0000000000000000     
         123  -1.0698753846385598E-008  -2.2753071798137707E-008
  -4.1876577427007160E-009   1.4495336207113146E-009
   0.0000000000000000        0.0000000000000000     
         124   2.4066995337328513E-010  -1.4861209314634571E-008
  -4.8915958381078852E-009   2.2686891565240811E-009
   0.0000000000000000        0.0000000000000000     
         125   7.5957323501692549E-009  -1.8111914085465574E-008
  -5.4943900865258810E-009   3.9549786142638705E-009
   0.0000000000000000        0.0000000000000000     
         126   6.9442112255125078E-009  -2.8633567690876833E-008
  -4.5422913407068132E-009   6.9341480230115966E-009
   0.0000000000000000        0.0000000000000000     
         127  -8.1478902618927547E-009  -3.2234847940494925E-008
  -2.5317620166450652E-010   7.8798622525424356E-009
   0.0000000000000000        0.0000000000000000     
         128  -1.6103216852751440E-008  -2.0620911749724437E-008
   1.9643830414668519E-009   4.9370298639331769E-009
   0.0000000000000000        0.0000000000000000     
         129  -1.4083089687057340E-008  -1.2049012726897250E-008
   1.5818131551261153E-009   2.7756546300306687E-009
   0.0000000000000000        0.0000000000000000     
         130  -1.0521790310493690E-008  -8.0325217224029308E-009
   7.7058709645294741E-010   1.7072709004919389E-009
   0.0000000000000000        0.0000000000000000     
         131  -7.4073444533570748E-009  -6.3489887739982549E-009
  -2.9466999953557439E-012   1.1124549838069111E-009
   0.0000000000000000        0.0000000000000000     
         132  -5.0469058509961581E-009  -5.9599265881443560E-009
  -8.0277350398416587E-010   6.8250671871080905E-010
   0.0000000000000000        0.0000000000000000     
         133  -3.7228458217670301E-009  -6.1058673290438177E-009
  -1.8446552349342804E-009   4.2504519781724254E-010
   0.0000000000000000        0.0000000000000000     
         134  -2.9590255955163904E-009  -5.7083742944425721E-009
  -3.0580060812008232E-009   6.5092995207126607E-010
   0.0000000000000000        0.0000000000000000     
         135  -1.5708259768298555E-009  -5.0291295646657533E-009
  -4.0949384031691728E-009   1.2542692370558257E-009
   0.0000000000000000        0.0000000000000000     
         136   4.1250273300683806E-010  -4.8863754822436620E-009
  -5.0756712138848127E-009   2.0001508433458012E-009
   0.0000000000000000        0.0000000000000000     
         137   2.7295454342414981E-009  -5.5050143073827937E-009
  -6.2177726170999087E-009   3.0036658430807721E-009
   0.0000000000000000        0.0000000000000000     
         138   5.3526226653903592E-009  -7.1610744943997550E-009
  -7.6256300271001238E-009   4.6044616399918427E-009
   0.0000000000000000        0.0000000000000000     
