   262144.00000000000     
         256           1           3
   1.7567330116226543E-005   51.164887766128999        59.692950296100001     
   6.0401400154609997        12.000000000000000        1200.0000000000000     
           0   0.0000000000000000        0.0000000000000000     
   0.0000000000000000        0.0000000000000000     
   0.0000000000000000        0.0000000000000000     
           1  -5.0172163545051398E-009   2.3623098883134091E-010
  -2.0030347978626800E-009   1.1394768441379969E-010
  -1.6523589825478615E-009   1.3584367315034257E-010
           2  -5.3621005980815664E-009   6.6219331143326973E-010
  -2.2135487968036973E-009   3.6215918591337222E-010
  -1.9241989809831257E-009   4.5168677793573919E-010
           3  -5.7850217062999056E-009   2.2317492599393833E-009
  -2.4647751021380459E-009   1.2767425623238437E-009
  -2.2462001272900843E-009   1.6149833456944713E-009
           4  -2.3916217365567283E-009   3.6478849031633173E-009
  -4.8946100237332510E-010   2.1018982498318774E-009
   2.6413752489913904E-010   2.6645327258840130E-009
           5  -1.7811770147265271E-009   1.2011195568830778E-009
  -1.3467405732609535E-010   6.7548728213224858E-010
   7.1379008339239303E-010   8.5052849605578560E-010
           6  -2.2799250574127270E-009   5.1100230377912084E-010
  -4.2532939530633203E-010   2.7286277382114917E-010
   3.4273517080378163E-010   3.3857930194115210E-010
           7  -2.5760888445047079E-009   2.9334811013384018E-010
  -5.9702900915999363E-010   1.4557636872935717E-010
   1.2306234453038870E-010   1.7680848572932631E-010
           8  -2.7510472631662556E-009   2.0227535727409490E-010
  -6.9730543254141281E-010   9.2034661411952566E-011
  -5.7254234392423114E-012   1.0883047387385256E-010
           9  -2.8636792725484815E-009   1.5677120786781767E-010
  -7.6054126011427115E-010   6.5020081775592887E-011
  -8.7385854451502791E-011   7.4594974181447418E-011
          10  -2.9420372770807533E-009   1.3132409318856430E-010
  -8.0312914226825372E-010   4.9663314460717241E-011
  -1.4278842890167270E-010   5.5192092668495775E-011
          11  -3.0002472712331219E-009   1.1600335407838441E-010
  -8.3332997468074266E-010   4.0175986012709087E-011
  -1.8245549526506178E-010   4.3260987370896053E-011
          12  -3.0460005844042129E-009   1.0632735099932645E-010
  -8.5564415386640466E-010   3.3945384414152648E-011
  -2.1212357939087698E-010   3.5479569216368580E-011
          13  -3.0837800496109607E-009   1.0004394706777349E-010
  -8.7269480095572540E-010   2.9658016825257026E-011
  -2.3513963376873339E-010   3.0178071040555067E-011
          14  -3.1163498725928009E-009   9.5925530558849157E-011
  -8.8609792532230899E-010   2.6597322482764780E-011
  -2.5356844743438203E-010   2.6445899301173512E-011
          15  -3.1454962545315047E-009   9.3259161573523607E-011
  -8.9689525914307113E-010   2.4346526075385667E-011
  -2.6874361149818683E-010   2.3753738096306411E-011
          16  -3.1724201810615300E-009   9.1609335366266468E-011
  -9.0578396567522012E-010   2.2650376876385860E-011
  -2.8155999760082923E-010   2.1777720662886546E-011
          17  -3.1979575287926405E-009   9.0698913432887842E-011
  -9.1324544754740165E-010   2.1345755567859818E-011
  -2.9263781690079484E-010   2.0311184661067311E-011
          18  -3.2227083080909631E-009   9.0345558290606487E-011
  -9.1962102696221489E-010   2.0324626632664266E-011
  -3.0241904955807626E-010   1.9217563247981673E-011
          19  -3.2471156468824097E-009   9.0426013997931846E-011
  -9.2515821649665702E-010   1.9513216948168764E-011
  -3.1122643103000317E-010   1.8403911888505704E-011
          20  -3.2715157561117098E-009   9.0855147374293961E-011
  -9.3003999384665825E-010   1.8859794654808940E-011
  -3.1930079591415204E-010   1.7805372633290736E-011
          21  -3.2961705074096998E-009   9.1573187991007544E-011
  -9.3440388112878050E-010   1.8327224113731705E-011
  -3.2682543726701320E-010   1.7375712540019721E-011
          22  -3.3212892502315535E-009   9.2537708933575303E-011
  -9.3835470583265173E-010   1.7888281712041894E-011
  -3.3394241837841282E-010   1.7081373462552036E-011
          23  -3.3470437791498961E-009   9.3718446443478250E-011
  -9.4197333245474072E-010   1.7522624126153752E-011
  -3.4076375248238709E-010   1.6897623725643681E-011
          24  -3.3735788311660991E-009   9.5093872757491296E-011
  -9.4532275839930014E-010   1.7214776285415066E-011
  -3.4737922589318979E-010   1.6806007087533891E-011
          25  -3.4010196018383781E-009   9.6648881779906288E-011
  -9.4845244625892981E-010   1.6952765759978421E-011
  -3.5386197606858936E-010   1.6792614388091967E-011
          26  -3.4294772348170109E-009   9.8373198820888705E-011
  -9.5140145161143809E-010   1.6727176875283273E-011
  -3.6027253756471005E-010   1.6846889695294114E-011
          27  -3.4590529106103579E-009   1.0026027223156893E-010
  -9.5420071280589624E-010   1.6530483249684912E-011
  -3.6666182346580658E-010   1.6960791366580882E-011
          28  -3.4898409535093782E-009   1.0230649259424517E-010
  -9.5687474774439974E-010   1.6356568588649320E-011
  -3.7307335517872430E-010   1.7128193484396143E-011
          29  -3.5219312423030489E-009   1.0451063908360103E-010
  -9.5944292432460646E-010   1.6200376968637015E-011
  -3.7954495371385477E-010   1.7344453068879356E-011
          30  -3.5554111233234271E-009   1.0687348652962296E-010
  -9.6192041983069074E-010   1.6057653553719891E-011
  -3.8611004018085988E-010   1.7606093553336804E-011
          31  -3.5903669659078087E-009   1.0939752847304999E-010
  -9.6431895014715244E-010   1.5924749320715598E-011
  -3.9279864940035936E-010   1.7910571089332039E-011
          32  -3.6268854611946363E-009   1.1208678576614051E-010
  -9.6664732627553147E-010   1.5798471611018313E-011
  -3.9963823082620563E-010   1.8256100755066096E-011
          33  -3.6650547381024782E-009   1.1494667977573273E-010
  -9.6891187948978612E-010   1.5675967797461777E-011
  -4.0665429048906306E-010   1.8641526723880551E-011
          34  -3.7049653515835902E-009   1.1798395571178052E-010
  -9.7111678512591374E-010   1.5554633042479127E-011
  -4.1387091330500816E-010   1.9066225169684758E-011
          35  -3.7467111852725986E-009   1.2120664608341349E-010
  -9.7326430698381388E-010   1.5432035638747761E-011
  -4.2131119502281050E-010   1.9530031923208670E-011
          36  -3.7903903015229676E-009   1.2462406746066565E-010
  -9.7535497847660339E-010   1.5305855162139683E-011
  -4.2899760579836996E-010   2.0033189148528848E-011
          37  -3.8361057654085403E-009   1.2824684601415435E-010
  -9.7738773246647939E-010   1.5173829878229151E-011
  -4.3695230219677021E-010   2.0576306900915087E-011
          38  -3.8839664648529199E-009   1.3208696902023551E-010
  -9.7935998857717446E-010   1.5033710694436498E-011
  -4.4519740061594264E-010   2.1160336569369571E-011
          39  -3.9340879463019118E-009   1.3615786086329129E-010
  -9.8126770435245394E-010   1.4883219543885636E-011
  -4.5375522234196255E-010   2.1786554040603644E-011
          40  -3.9865932832876791E-009   1.4047448312321813E-010
  -9.8310539489612637E-010   1.4720010507526841E-011
  -4.6264851844621145E-010   2.2456551034966497E-011
          41  -4.0416139945901537E-009   1.4505345928063547E-010
  -9.8486612411650755E-010   1.4541632263882484E-011
  -4.7190068123890875E-010   2.3172233535011036E-011
          42  -4.0992910282083967E-009   1.4991322539211519E-010
  -9.8654146958752548E-010   1.4345490647124267E-011
  -4.8153594790608712E-010   2.3935826587514201E-011
          43  -4.1597758279881046E-009   1.5507420890786054E-010
  -9.8812146205750588E-010   1.4128810205485163E-011
  -4.9157960123881645E-010   2.4749885052287350E-011
          44  -4.2232315006252321E-009   1.6055903862800192E-010
  -9.8959449980062371E-010   1.3888593705102132E-011
  -5.0205817182875503E-010   2.5617310113146804E-011
          45  -4.2898341023077205E-009   1.6639278968230017E-010
  -9.9094723722953440E-010   1.3621578524334179E-011
  -5.1299964578711763E-010   2.6541371579216357E-011
          46  -4.3597740665519211E-009   1.7260326842056401E-010
  -9.9216444646055246E-010   1.3324188834678586E-011
  -5.2443368193305117E-010   2.7525736201628856E-011
          47  -4.4332577972727576E-009   1.7922134322917151E-010
  -9.9322884980456569E-010   1.2992482373289052E-011
  -5.3639184236183161E-010   2.8574502421502773E-011
          48  -4.5105094550057106E-009   1.8628132865936228E-010
  -9.9412092034951259E-010   1.2622090464826460E-011
  -5.4890784048214446E-010   2.9692242164791308E-011
          49  -4.5917729681951961E-009   1.9382143184155868E-010
  -9.9481864700742295E-010   1.2208149757884667E-011
  -5.6201781086925335E-010   3.0884050512099807E-011
          50  -4.6773143069098065E-009   2.0188427211876462E-010
  -9.9529725942389958E-010   1.1745223880460557E-011
  -5.7576060569349384E-010   3.2155604313421116E-011
          51  -4.7674240629459822E-009   2.1051748721805860E-010
  -9.9552890706877970E-010   1.1227212885724992E-011
  -5.9017812307315271E-010   3.3513231097330304E-011
          52  -4.8624203880317776E-009   2.1977444220083935E-010
  -9.9548228557969035E-010   1.0647247937942365E-011
  -6.0531567342944892E-010   3.4963989955185226E-011
          53  -4.9626523517548558E-009   2.2971506108010429E-010
  -9.9512220186909199E-010   9.9975681495093748E-012
  -6.2122239087254893E-010   3.6515766483467079E-011
          54  -5.0685037926043829E-009   2.4040680552242513E-010
  -9.9440906773151680E-010   9.2693758054802047E-012
  -6.3795169781879253E-010   3.8177384357026461E-011
          55  -5.1803977503652649E-009   2.5192583076417324E-010
  -9.9329830941024958E-010   8.4526653481840198E-012
  -6.5556183254417683E-010   3.9958736718647476E-011
          56  -5.2988015860319449E-009   2.6435835605385785E-010
  -9.9173967790755146E-010   7.5360204072426245E-012
  -6.7411645118779894E-010   4.1870941329546779E-011
          57  -5.4242329180673609E-009   2.7780229609604337E-010
  -9.8967644141609547E-010   6.5063717633253801E-012
  -6.9368531803421453E-010   4.3926524390639237E-011
          58  -5.5572665316257290E-009   2.9236921165080196E-010
  -9.8704443708834913E-010   5.3487073497719557E-012
  -7.1434510074236049E-010   4.6139639164991183E-011
          59  -5.6985424526405541E-009   3.0818665250749439E-010
  -9.8377095410209609E-010   4.0457230905453470E-012
  -7.3618029078353431E-010   4.8526327100282239E-011
          60  -5.8487754226630724E-009   3.2540098553213566E-010
  -9.7977341339095693E-010   2.5774003845442285E-012
  -7.5928427384366045E-010   5.1104831169812645E-011
          61  -6.0087660662863617E-009   3.4418082591393537E-010
  -9.7495780105428102E-010   9.2049214379911715E-013
  -7.8376058063244533E-010   5.3895973776891357E-011
          62  -6.1794141143038221E-009   3.6472122314712456E-010
  -9.6921680179557988E-010  -9.5210584164043488E-013
  -8.0972435579873039E-010   5.6923615009292781E-011
          63  -6.3617341371251999E-009   3.8724879751778211E-010
  -9.6242756503010375E-010  -3.0721282425855548E-012
  -8.3730409189334147E-010   6.0215211572044670E-011
          64  -6.5568743609493534E-009   4.1202808190281904E-010
  -9.5444901865572265E-010  -5.4768973461677715E-012
  -8.6664368727323852E-010   6.3802502774005499E-011
          65  -6.7661392928824158E-009   4.3936940320609908E-010
  -9.4511862238684227E-010  -8.2105153834145572E-012
  -8.9790490232372393E-010   6.7722358068580941E-011
          66  -6.9910170821476334E-009   4.6963874574975882E-010
  -9.3424842237778438E-010  -1.1325360013793446E-011
  -9.3127030861687829E-010   7.2017831657182223E-011
          67  -7.2332128109090351E-009   5.0327018719292297E-010
  -9.2162022882475084E-010  -1.4883973787015010E-011
  -9.6694685235266532E-010   7.6739484744793163E-011
          68  -7.4946892622612218E-009   5.4078170295697454E-010
  -9.0697968495230699E-010  -1.8961470046620837E-011
  -1.0051701889220995E-009   8.1947056890189705E-011
          69  -7.7777171898880688E-009   5.8279542312531413E-010
  -8.9002892398082078E-010  -2.3648622108252235E-011
  -1.0462099931071793E-009   8.7711597074244343E-011
          70  -8.0849376745250367E-009   6.3006383358727572E-010
  -8.7041738849726536E-010  -2.9055865668835239E-011
  -1.0903765189337887E-009   9.4118206457681714E-011
          71  -8.4194406469086935E-009   6.8350400371272336E-010
  -8.4773042509926111E-010  -3.5318533321856545E-011
  -1.1380287372340148E-009   1.0126960373877382E-010
          72  -8.7848630686944828E-009   7.4424276455786433E-010
  -8.2147456461125781E-010  -4.2603775859304710E-011
  -1.1895846046134054E-009   1.0929081096822183E-010
          73  -9.1855150228082311E-009   8.1367704297947094E-010
  -7.9105899858123062E-010  -5.1119812138442494E-011
  -1.2455340170312133E-009   1.1833538323142338E-010
          74  -9.6265413858683639E-009   8.9355542940937275E-010
  -7.5577153157896346E-010  -6.1128447799537647E-011
  -1.3064554162283146E-009   1.2859379732234019E-010
          75  -1.0114132102432647E-008   9.8608995780616593E-010
  -7.1474727258116507E-010  -7.2962243461736091E-011
  -1.3730372632649287E-009   1.4030490375802598E-010
          76  -1.0655798622597110E-008   1.0941115643464501E-009
  -6.6692737945496263E-010  -8.7048405581645311E-011
  -1.4461061364558204E-009   1.5377179732075213E-010
          77  -1.1260741763789131E-008   1.2212898185427177E-009
  -6.1100404591572170E-010  -1.0394256895351079E-010
  -1.5266639573119418E-009   1.6938417526879544E-010
          78  -1.1940347698744366E-008   1.3724490810076780E-009
  -5.4534619381958658E-010  -1.2437741685923019E-010
  -1.6159379754647085E-009   1.8765040934712967E-010
          79  -1.2708866225005511E-008   1.5540324528624252E-009
  -4.6789770094845129E-010  -1.4933403628302801E-010
  -1.7154488610000090E-009   2.0924447842597178E-010
          80  -1.3584352532312134E-008   1.7747976714572239E-009
  -3.7603591550290165E-010  -1.8014894019683001E-010
  -1.8271049114259756E-009   2.3507618371473022E-010
          81  -1.4589996282507174E-008   2.0468867500376482E-009
  -2.6637179417332135E-010  -2.1867853383977598E-010
  -1.9533345588624082E-009   2.6639882057507958E-010
          82  -1.5756029789024996E-008   2.3875158749838286E-009
  -1.3446278054833291E-010  -2.6755885865230125E-010
  -2.0972760169330861E-009   3.0497892059192162E-010
          83  -1.7122516514307009E-008   2.8217293965453618E-009
   2.5606877174296632E-011  -3.3062868117205567E-010
  -2.2630535912841032E-009   3.5337233110216758E-010
          84  -1.8743496955533352E-008   3.3870491169908787E-009
   2.2184996258113823E-010  -4.1364329743188378E-010
  -2.4561872828277164E-009   4.1538944467033198E-010
          85  -2.0693243766034121E-008   4.1416462463916832E-009
   4.6531670726858911E-010  -5.2552819936183976E-010
  -2.6842088715422430E-009   4.9691153421523050E-010
          86  -2.3075764927371754E-008   5.1793859800990802E-009
   7.7152091895573359E-010  -6.8068495375694453E-010
  -2.9575945494873868E-009   6.0739119698105368E-010
          87  -2.6039035727978255E-008   6.6590395901967571E-009
   1.1625678337684255E-009  -9.0346370054948527E-010
  -3.2911546770519092E-009   7.6276115012947508E-010
          88  -2.9794674162135548E-008   8.8645610891078770E-009
   1.6700700721446749E-009  -1.2373799982707462E-009
  -3.7059370558589674E-009   9.9142651882977597E-010
          89  -3.4636362538429274E-008   1.2338119668004519E-008
   2.3377747549224970E-009  -1.7654250418662287E-009
  -4.2309442553996981E-009   1.3474663915344845E-009
          90  -4.0908003504861431E-008   1.8193866339532801E-008
   3.2162832533340534E-009  -2.6578709671376888E-009
  -4.8997151606293307E-009   1.9417027229964987E-009
          91  -4.8645388076322838E-008   2.8882172238889492E-008
   4.3073819657237111E-009  -4.2883395526072393E-009
  -5.7141651410055702E-009   3.0171281570414289E-009
          92  -5.5422235002022824E-008   4.9736251346335599E-008
   5.2334898118581811E-009  -7.4667984672279200E-009
  -6.4298128975786788E-009   5.1003152381842500E-009
          93  -4.6829277032521129E-008   8.7012319666279826E-008
   3.7882885087401590E-009  -1.3128017348054324E-008
  -5.6140007223203034E-009   8.7989852426033850E-009
          94   5.0234652686476181E-009   1.1275402397669847E-007
  -4.2449887230984320E-009  -1.6971302048846581E-008
  -5.2784723363845945E-010   1.1318916432881900E-008
          95   5.1467433885495340E-008   8.1134290411991370E-008
  -1.1384077863932361E-008  -1.2072363736654650E-008
   3.9652854764532545E-009   8.1611564595022891E-009
          96   5.6093347876435300E-008   4.5543346716412139E-008
  -1.2148322812623187E-008  -6.6214605536412968E-009
   4.3024328581821804E-009   4.6483052011469498E-009
          97   4.8512427399079922E-008   2.6409852723338852E-008
  -1.1081708710266502E-008  -3.6942807563929870E-009
   3.4343434588000216E-009   2.7796491131407762E-009
          98   4.0739324277962288E-008   1.6624298188262982E-008
  -1.0008286895999471E-008  -2.1901680704629928E-009
   2.5439681033501849E-009   1.8408637546013861E-009
          99   3.4556530507760179E-008   1.1244611278877497E-008
  -9.1948096452554131E-009  -1.3524841359273199E-009
   1.8018430196150286E-009   1.3414083385118809E-009
         100   2.9804321352249682E-008   8.0441290668117806E-009
  -8.6157655318722407E-009  -8.4111117239272243E-010
   1.1879802264878687E-009   1.0617210830573261E-009
         101   2.6120108756200585E-008   6.0089258361878173E-009
  -8.2167255740875270E-009  -5.0091667263386582E-010
   6.6281853864995904E-010   9.0288577866291195E-010
         102   2.3211516401628323E-008   4.6432247553249780E-009
  -7.9551873641869748E-009  -2.5537442402545823E-010
   1.9352867291017879E-010   8.1767870920209833E-010
         103   2.0871036560933977E-008   3.6861557834209347E-009
  -7.8026001762065786E-009  -6.3217346570835617E-011
  -2.4499225918291816E-010   7.8265682943540933E-010
         104   1.8954313315608532E-008   2.9912908256573656E-009
  -7.7411251388680802E-009   1.0010590906994492E-010
  -6.7267402808759779E-010   7.8649558003514285E-010
         105   1.7360084041803142E-008   2.4717902639289476E-009
  -7.7608315225976727E-009   2.5108263213023193E-010
  -1.1067286551748541E-009   8.2497020645443330E-010
         106   1.6016127670771757E-008   2.0736858095075499E-009
  -7.8579892379126139E-009   4.0269346528077127E-010
  -1.5636693678373081E-009   8.9896119097724089E-010
         107   1.4869999734061187E-008   1.7620516995210476E-009
  -8.0343228002735268E-009   5.6733961520906987E-010
  -2.0611191796353106E-009   1.0141532896979135E-009
         108   1.3882983855884500E-008   1.5134450241652044E-009
  -8.2970862579077391E-009   7.5941475094592180E-010
  -2.6197090527024701E-009   1.1821158162494562E-009
         109   1.3026126102953224E-008   1.3115508111340648E-009
  -8.6599344818248270E-009   9.9852114506244057E-010
  -3.2653769650361550E-009   1.4231443985990748E-009
         110   1.2277627272848052E-008   1.1445133933695703E-009
  -9.1446496685313936E-009   1.3146802775146166E-009
  -4.0323632342516501E-009   1.7721472737071278E-009
         111   1.1621149121554781E-008   1.0031203570367414E-009
  -9.7836474661776901E-009   1.7581433758588142E-009
  -4.9669442527916770E-009   2.2906674505865707E-009
         112   1.1044758998203977E-008   8.7925471852919695E-010
  -1.0622062820220772E-008   2.4196817945016513E-009
  -6.1304653811869718E-009   3.0923998538829985E-009
         113   1.0540254576916837E-008   7.6392623202437930E-010
  -1.1712586986230963E-008   3.4755243029984910E-009
  -7.5930434965485057E-009   4.4001549779839266E-009
         114   1.0102078068198396E-008   6.4351492367215468E-010
  -1.3069502820769520E-008   5.2901634136301362E-009
  -9.3753020037664642E-009   6.6764829278185520E-009
         115   9.7216111596094765E-009   4.9141486485620325E-010
  -1.4422681421319231E-008   8.6248229229404755E-009
  -1.1135643509363704E-008   1.0888717420622068E-008
         116   9.3563794343609136E-009   2.5831677022173158E-010
  -1.4147329591102895E-008   1.4647904576966042E-008
  -1.0809202201091026E-008   1.8522202031986945E-008
         117   8.8513055930017881E-009  -4.7336035420117905E-011
  -7.5244891561477449E-009   2.1583935285538435E-008
  -2.3956200913808898E-009   2.7318367878734735E-008
         118   8.1739277582118672E-009  -1.3427584781406043E-010
   3.5099527824356414E-009   1.9762509395600420E-008
   1.1642076158047699E-008   2.4977931387564711E-008
         119   7.6747637807347154E-009   6.8692423413426793E-012
   7.4722939713196415E-009   1.2288555697864002E-008
   1.6698142121161297E-008   1.5449382581436434E-008
         120   7.3515507661355741E-009   1.2483151155886904E-010
   6.7609717962525114E-009   7.2207158869904427E-009
   1.5822375099728741E-008   8.9814038881230471E-009
         121   7.0912827521334952E-009   1.8684348498047909E-010
   5.2275394396905173E-009   4.5239632846274898E-009
   1.3912820709724634E-008   5.5291546287101601E-009
         122   6.8537044307382481E-009   2.1659381952988966E-010
   3.8499154407189434E-009   3.0563843618354895E-009
   1.2212978727471642E-008   3.6400701451550620E-009
         123   6.6279878382860151E-009   2.3029792374933740E-010
   2.7422620508002847E-009   2.2030102122211873E-009
   1.0867964427019673E-008   2.5317632883137695E-009
         124   6.4108388592868719E-009   2.3634853128913936E-010
   1.8597946375799442E-009   1.6748015062239076E-009
   9.8208818080825681E-009   1.8363628627531062E-009
         125   6.2007342514279330E-009   2.3911481488925893E-010
   1.1453366094686530E-009   1.3309497668120578E-009
   8.9992123708814242E-009   1.3745056739552956E-009
         126   5.9964887194534044E-009   2.4102781779277736E-010
   5.5355368921426529E-010   1.0983877501313307E-009
   8.3456410132046303E-009   1.0529584869912264E-009
         127   5.7968929031222498E-009   2.4357802792678187E-010
   5.1436379442462977E-011   9.3681116348536293E-010
   7.8186795930824449E-009   8.2011960701824000E-010
         128   5.6006168843856378E-009   2.4780568904443618E-010
  -3.8479775094845419E-010   8.2279210330448703E-010
   7.3887432648526533E-009   6.4579837242071869E-010
         129   5.4061727693707677E-009   2.5456175183285722E-010
  -7.7251927963739538E-010   7.4212786188305948E-010
   7.0345934074143094E-009   5.1146383636657416E-010
         130   5.2118804322908619E-009   2.6466561259151738E-010
  -1.1247280482485823E-009   6.8594413374046214E-010
   6.7407742439783143E-009   4.0526145157202465E-010
         131   5.0158195579339943E-009   2.7902028916728352E-010
  -1.4514609087991651E-009   6.4861413245340094E-010
   6.4958669431815706E-009   3.1932899146810778E-010
         132   4.8157603641653733E-009   2.9871858244700458E-010
  -1.7607643705436517E-009   6.2660920257297365E-010
   6.2913130819017039E-009   2.4828170013811400E-010
         133   4.6090667313316419E-009   3.2516422086106578E-010
  -2.0593858316091005E-009   6.1785821319777144E-010
   6.1206175407366470E-009   1.8832085826661731E-010
         134   4.3925609461716856E-009   3.6023218241379941E-010
  -2.3532911540424108E-009   6.2140829737691278E-010
   5.9788027117914440E-009   1.3668865343620541E-010
         135   4.1623376853848936E-009   4.0650057041364764E-010
  -2.6480832178004276E-009   6.3728841752366151E-010
   5.8620305515290347E-009   9.1321959251592115E-011
         136   3.9135073980714909E-009   4.6760509411728824E-010
  -2.9493772291088149E-009   6.6654091531462290E-010
   5.7673387383132789E-009   5.0622853951664607E-011
         137   3.6398403474583236E-009   5.4880368343564645E-010
  -3.2631791867067878E-009   7.1143550149777499E-010
   5.6924564019335584E-009   1.3297347716316602E-011
         138   3.3332788517059975E-009   6.5790929204268943E-010
  -3.5963088164370896E-009   7.7593708351472199E-010
   5.6356770388941569E-009  -2.1769218330406530E-011
