   262144.00000000000     
         256           1           3
   1.7567330116226543E-005   7.4134639136039997        32.166201293400000     
   6.0401400154609997        12.000000000000000        6321.0000000000000     
           0   0.0000000000000000        0.0000000000000000     
   0.0000000000000000        0.0000000000000000     
   0.0000000000000000        0.0000000000000000     
           1   0.0000000000000000        0.0000000000000000     
  -1.2254827593043850E-008   2.8042577702378001E-010
  -3.5270450068158794E-006   7.6786261932095931E-008
           2   0.0000000000000000        0.0000000000000000     
  -1.2128601788964502E-008   3.1532445952535013E-010
  -3.4933810817087491E-006   7.6105972691238651E-008
           3   0.0000000000000000        0.0000000000000000     
  -1.2005855220960506E-008   2.9364405158900799E-010
  -3.4733801051093776E-006   7.5268795417054163E-008
           4   0.0000000000000000        0.0000000000000000     
  -1.1965596616162542E-008   2.6803028437043819E-010
  -3.4597804146611073E-006   7.4569694599596585E-008
           5   0.0000000000000000        0.0000000000000000     
  -1.1935804619344346E-008   2.6111866186682624E-010
  -3.4492987411273956E-006   7.4167431485085611E-008
           6   0.0000000000000000        0.0000000000000000     
  -1.1909990140490660E-008   2.5828763456350341E-010
  -3.4407516657540991E-006   7.3870022177263071E-008
           7   0.0000000000000000        0.0000000000000000     
  -1.1887527973749116E-008   2.5672745800442601E-010
  -3.4335407710260001E-006   7.3628291265595240E-008
           8   0.0000000000000000        0.0000000000000000     
  -1.1867850539046786E-008   2.5570322291887190E-010
  -3.4273080677913786E-006   7.3422971536959499E-008
           9   0.0000000000000000        0.0000000000000000     
  -1.1850466871121772E-008   2.5495731036364207E-010
  -3.4218220108647177E-006   7.3243968858739492E-008
          10   0.0000000000000000        0.0000000000000000     
  -1.1834986438201198E-008   2.5437899927386637E-010
  -3.4169243225780273E-006   7.3085102294152541E-008
          11   0.0000000000000000        0.0000000000000000     
  -1.1821105381773736E-008   2.5391319262576072E-010
  -3.4125020960811677E-006   7.2942228178096273E-008
          12   0.0000000000000000        0.0000000000000000     
  -1.1808587143010081E-008   2.5352932005424896E-010
  -3.4084720029224480E-006   7.2812401587457480E-008
          13   0.0000000000000000        0.0000000000000000     
  -1.1797246030380831E-008   2.5320897162245481E-010
  -3.4047708123624191E-006   7.2693441916740502E-008
          14   0.0000000000000000        0.0000000000000000     
  -1.1786934774396999E-008   2.5294036219956849E-010
  -3.4013494230186146E-006   7.2583684185277831E-008
          15   0.0000000000000000        0.0000000000000000     
  -1.1777535401775267E-008   2.5271561135421126E-010
  -3.3981689548876522E-006   7.2481826230611474E-008
          16   0.0000000000000000        0.0000000000000000     
  -1.1768952582549797E-008   2.5252930368004599E-010
  -3.3951981042721170E-006   7.2386829757807966E-008
          17   0.0000000000000000        0.0000000000000000     
  -1.1761108761173302E-008   2.5237768105955283E-010
  -3.3924113021520039E-006   7.2297853617944786E-008
          18   0.0000000000000000        0.0000000000000000     
  -1.1753940568859586E-008   2.5225816976685654E-010
  -3.3897874002937313E-006   7.2214207353312713E-008
          19   0.0000000000000000        0.0000000000000000     
  -1.1747396163397296E-008   2.5216909703201955E-010
  -3.3873087137641291E-006   7.2135318009195422E-008
          20   0.0000000000000000        0.0000000000000000     
  -1.1741433250470620E-008   2.5210952220779438E-010
  -3.3849603100845017E-006   7.2060705929288053E-008
          21   0.0000000000000000        0.0000000000000000     
  -1.1736017616242273E-008   2.5207914274203706E-010
  -3.3827294728124990E-006   7.1989966820281986E-008
          22   0.0000000000000000        0.0000000000000000     
  -1.1731122054103090E-008   2.5207825385451853E-010
  -3.3806052909156970E-006   7.1922758317203658E-008
          23   0.0000000000000000        0.0000000000000000     
  -1.1726725606538844E-008   2.5210775167301345E-010
  -3.3785783404918296E-006   7.1858789876435113E-008
          24   0.0000000000000000        0.0000000000000000     
  -1.1722813071295767E-008   2.5216917673739508E-010
  -3.3766404354556099E-006   7.1797815214055955E-008
          25   0.0000000000000000        0.0000000000000000     
  -1.1719374743429746E-008   2.5226480043076050E-010
  -3.3747844305577940E-006   7.1739626776098754E-008
          26   0.0000000000000000        0.0000000000000000     
  -1.1716406384279778E-008   2.5239776246935072E-010
  -3.3730040648108118E-006   7.1684051927573110E-008
          27   0.0000000000000000        0.0000000000000000     
  -1.1713909427623224E-008   2.5257227428351481E-010
  -3.3712938367116744E-006   7.1630950712388675E-008
          28   0.0000000000000000        0.0000000000000000     
  -1.1711891454835463E-008   2.5279391235729554E-010
  -3.3696489050603729E-006   7.1580215193999962E-008
          29   0.0000000000000000        0.0000000000000000     
  -1.1710366998175693E-008   2.5307003940355957E-010
  -3.3680650110398862E-006   7.1531770566591238E-008
          30   0.0000000000000000        0.0000000000000000     
  -1.1709358769048193E-008   2.5341041295539874E-010
  -3.3665384187251306E-006   7.1485578464976143E-008
          31   0.0000000000000000        0.0000000000000000     
  -1.1708899463570653E-008   2.5382807630464270E-010
  -3.3650658725559802E-006   7.1441643255054075E-008
          32   0.0000000000000000        0.0000000000000000     
  -1.1709034383177845E-008   2.5434068608050222E-010
  -3.3636445717428152E-006   7.1400022655320954E-008
          33   0.0000000000000000        0.0000000000000000     
  -1.1709825244007210E-008   2.5497253342699522E-010
  -3.3622721633036714E-006   7.1360845002538299E-008
          34   0.0000000000000000        0.0000000000000000     
  -1.1711355772317842E-008   2.5575769870725654E-010
  -3.3609467578604046E-006   7.1324337173853448E-008
          35   0.0000000000000000        0.0000000000000000     
  -1.1713740061629566E-008   2.5674511576747283E-010
  -3.3596669760916026E-006   7.1290870287385724E-008
          36   0.0000000000000000        0.0000000000000000     
  -1.1717135330027431E-008   2.5800695663029937E-010
  -3.3584320400729521E-006   7.1261036165577766E-008
          37   0.0000000000000000        0.0000000000000000     
  -1.1721761934084458E-008   2.5965296685030677E-010
  -3.3572419351373650E-006   7.1235778798416650E-008
          38   0.0000000000000000        0.0000000000000000     
  -1.1727935996150360E-008   2.6185568030895491E-010
  -3.3560976910788987E-006   7.1216626249338377E-008
          39   0.0000000000000000        0.0000000000000000     
  -1.1736127246715987E-008   2.6489550426973111E-010
  -3.3550018984717338E-006   7.1206105918037833E-008
          40   0.0000000000000000        0.0000000000000000     
  -1.1747092799061505E-008   2.6925451824499426E-010
  -3.3539599275063262E-006   7.1208609196893759E-008
          41   0.0000000000000000        0.0000000000000000     
  -1.1762119915206326E-008   2.7605331908322559E-010
  -3.3529821539646662E-006   7.1234420417353226E-008
          42   0.0000000000000000        0.0000000000000000     
  -1.1782744314979164E-008   2.8753911560240747E-010
  -3.3520813491525388E-006   7.1304218554771612E-008
          43   0.0000000000000000        0.0000000000000000     
  -1.1811919663610215E-008   3.0827536207378859E-010
  -3.3512834567295327E-006   7.1460049919520424E-008
          44   0.0000000000000000        0.0000000000000000     
  -1.1853437665951616E-008   3.5122729974826077E-010
  -3.3506222343060861E-006   7.1821460495119616E-008
          45   0.0000000000000000        0.0000000000000000     
  -1.1899975626248290E-008   4.5471906516639728E-010
  -3.3500289962095765E-006   7.2741907117458003E-008
          46   0.0000000000000000        0.0000000000000000     
  -1.1829525980200071E-008   6.8025539998040364E-010
  -3.3483772764588667E-006   7.4788664586797540E-008
          47   0.0000000000000000        0.0000000000000000     
  -1.1484940700870155E-008   6.7952448948200822E-010
  -3.3442165356929200E-006   7.4748878909152938E-008
          48   0.0000000000000000        0.0000000000000000     
  -1.1416990734139589E-008   4.5228126533841956E-010
  -3.3426261012917949E-006   7.2620248177468911E-008
          49   0.0000000000000000        0.0000000000000000     
  -1.1466933224210441E-008   3.4949961003596318E-010
  -3.3421408251380180E-006   7.1640097759295904E-008
          50   0.0000000000000000        0.0000000000000000     
  -1.1511541737551112E-008   3.0787517980178830E-010
  -3.3416232027652409E-006   7.1224468136669183E-008
          51   0.0000000000000000        0.0000000000000000     
  -1.1543983639764109E-008   2.8851215191990774E-010
  -3.3410093766442808E-006   7.1014540783676712E-008
          52   0.0000000000000000        0.0000000000000000     
  -1.1568239998277635E-008   2.7841311756727466E-010
  -3.3403352640222253E-006   7.0890379729850617E-008
          53   0.0000000000000000        0.0000000000000000     
  -1.1587421087744299E-008   2.7276148416699102E-010
  -3.3396287732095350E-006   7.0807503742983822E-008
          54   0.0000000000000000        0.0000000000000000     
  -1.1603464084975534E-008   2.6951611854004731E-010
  -3.3389070080357125E-006   7.0747025551697086E-008
          55   0.0000000000000000        0.0000000000000000     
  -1.1617584665216739E-008   2.6771558838530832E-010
  -3.3381804252219956E-006   7.0700007481251738E-008
          56   0.0000000000000000        0.0000000000000000     
  -1.1630587183899226E-008   2.6687375290907638E-010
  -3.3374556857686221E-006   7.0661882522813904E-008
          57   0.0000000000000000        0.0000000000000000     
  -1.1643043006886414E-008   2.6673825015638445E-010
  -3.3367372877728854E-006   7.0630221053399523E-008
          58   0.0000000000000000        0.0000000000000000     
  -1.1655394178078470E-008   2.6718565119138637E-010
  -3.3360285069958712E-006   7.0603755577886573E-008
          59   0.0000000000000000        0.0000000000000000     
  -1.1668018140201980E-008   2.6817452632728590E-010
  -3.3353319728163106E-006   7.0581935666609231E-008
          60   0.0000000000000000        0.0000000000000000     
  -1.1681273454616264E-008   2.6972652095150593E-010
  -3.3346500606054157E-006   7.0564735172667853E-008
          61   0.0000000000000000        0.0000000000000000     
  -1.1695538763145073E-008   2.7192357121427163E-010
  -3.3339852080939236E-006   7.0552599541283512E-008
          62   0.0000000000000000        0.0000000000000000     
  -1.1711256294578617E-008   2.7491606261420909E-010
  -3.3333402464986204E-006   7.0546483550692734E-008
          63   0.0000000000000000        0.0000000000000000     
  -1.1729007659061519E-008   2.7893986043266940E-010
  -3.3327189464627385E-006   7.0547958524556570E-008
          64   0.0000000000000000        0.0000000000000000     
  -1.1749729181997043E-008   2.8442593305708820E-010
  -3.3321275300560541E-006   7.0559969108616489E-008
          65   0.0000000000000000        0.0000000000000000     
  -1.1774691591584220E-008   2.9270707116753622E-010
  -3.3315745365124341E-006   7.0591753615548642E-008
          66   0.0000000000000000        0.0000000000000000     
  -1.1804660333857091E-008   3.0546712533666907E-010
  -3.3310649751798275E-006   7.0655002672831358E-008
          67   0.0000000000000000        0.0000000000000000     
  -1.1841976845501055E-008   3.2514887957642421E-010
  -3.3306148322973335E-006   7.0766699354938100E-008
          68   0.0000000000000000        0.0000000000000000     
  -1.1890081720748547E-008   3.5816211442849362E-010
  -3.3302477494062287E-006   7.0971473933521102E-008
          69   0.0000000000000000        0.0000000000000000     
  -1.1952207686315845E-008   4.1934685061251921E-010
  -3.3299859152734550E-006   7.1372706088883328E-008
          70   0.0000000000000000        0.0000000000000000     
  -1.2021727193601820E-008   5.4523003979139442E-010
  -3.3297827993408760E-006   7.2224907403644359E-008
          71   0.0000000000000000        0.0000000000000000     
  -1.2017997269030286E-008   8.0574726356699463E-010
  -3.3290760634783607E-006   7.4015406758595847E-008
          72   0.0000000000000000        0.0000000000000000     
  -1.1668856514061097E-008   1.0611032476932453E-009
  -3.3259687003151763E-006   7.5769948451686029E-008
          73   0.0000000000000000        0.0000000000000000     
  -1.1295000162402713E-008   8.2611702619451035E-010
  -3.3226952159621262E-006   7.4107333582285633E-008
          74   0.0000000000000000        0.0000000000000000     
  -1.1283006822986044E-008   5.5484929777214007E-010
  -3.3219492334001414E-006   7.2191782448480552E-008
          75   0.0000000000000000        0.0000000000000000     
  -1.1356702745420752E-008   4.2442283986145733E-010
  -3.3218057409625735E-006   7.1257569416455289E-008
          76   0.0000000000000000        0.0000000000000000     
  -1.1424442446060431E-008   3.6308921258448036E-010
  -3.3216256506260634E-006   7.0804612092241530E-008
          77   0.0000000000000000        0.0000000000000000     
  -1.1478385744689590E-008   3.3158594301777785E-010
  -3.3213538677995044E-006   7.0559200560782147E-008
          78   0.0000000000000000        0.0000000000000000     
  -1.1521958055716296E-008   3.1418638707651575E-010
  -3.3210137632666685E-006   7.0411619309811065E-008
          79   0.0000000000000000        0.0000000000000000     
  -1.1558647071339240E-008   3.0422221590986786E-010
  -3.3206290853233963E-006   7.0315247399572415E-008
          80   0.0000000000000000        0.0000000000000000     
  -1.1590946894563904E-008   2.9860475464374181E-010
  -3.3202165830887107E-006   7.0248366815384222E-008
          81   0.0000000000000000        0.0000000000000000     
  -1.1620594723507075E-008   2.9580221968616314E-010
  -3.3197876304744297E-006   7.0200049634049212E-008
          82   0.0000000000000000        0.0000000000000000     
  -1.1648856451061309E-008   2.9503360861271840E-010
  -3.3193501804119325E-006   7.0164517499385944E-008
          83   0.0000000000000000        0.0000000000000000     
  -1.1676730641486312E-008   2.9592191907855427E-010
  -3.3189101316897712E-006   7.0138695257271549E-008
          84   0.0000000000000000        0.0000000000000000     
  -1.1705095713714599E-008   2.9833578216539351E-010
  -3.3184722567510699E-006   7.0121074757493756E-008
          85   0.0000000000000000        0.0000000000000000     
  -1.1734858279065788E-008   3.0231682950579923E-010
  -3.3180409891715540E-006   7.0111168292374901E-008
          86   0.0000000000000000        0.0000000000000000     
  -1.1767228325000184E-008   3.0815834820737775E-010
  -3.3176215928463339E-006   7.0109651227292704E-008
          87   0.0000000000000000        0.0000000000000000     
  -1.1803726294510907E-008   3.1716544519966587E-010
  -3.3172202886068941E-006   7.0121088888735990E-008
          88   0.0000000000000000        0.0000000000000000     
  -1.1844831928664122E-008   3.3116248648104469E-010
  -3.3168393314414090E-006   7.0152071080767011E-008
          89   0.0000000000000000        0.0000000000000000     
  -1.1892186264644666E-008   3.5155752362119219E-010
  -3.3164851969171736E-006   7.0207730894950940E-008
          90   0.0000000000000000        0.0000000000000000     
  -1.1948866296201587E-008   3.8259860284173879E-010
  -3.3161696364788401E-006   7.0303764761283603E-008
          91   0.0000000000000000        0.0000000000000000     
  -1.2018090205629189E-008   4.3331616436116773E-010
  -3.3159049297356967E-006   7.0473608545721511E-008
          92   0.0000000000000000        0.0000000000000000     
  -1.2100983460840729E-008   5.2293502324402018E-010
  -3.3156956671060057E-006   7.0788442498182547E-008
          93   0.0000000000000000        0.0000000000000000     
  -1.2182229906049124E-008   6.9297970201960626E-010
  -3.3154857764376623E-006   7.1401937623821107E-008
          94   0.0000000000000000        0.0000000000000000     
  -1.2163800781596841E-008   1.0036171158721079E-009
  -3.3149137257621640E-006   7.2536781276786792E-008
          95   0.0000000000000000        0.0000000000000000     
  -1.1792802099452317E-008   1.3027114950555306E-009
  -3.3130460124011285E-006   7.3631480444757201E-008
          96   0.0000000000000000        0.0000000000000000     
  -1.1326691373893401E-008   1.1090353800719263E-009
  -3.3108349998592867E-006   7.2908975582781587E-008
          97   0.0000000000000000        0.0000000000000000     
  -1.1246384405742210E-008   7.6798028448329666E-010
  -3.3100590845940091E-006   7.1646771645896897E-008
          98   0.0000000000000000        0.0000000000000000     
  -1.1328213976905446E-008   5.7264891806493796E-010
  -3.3098941083947509E-006   7.0930013239179229E-008
          99   0.0000000000000000        0.0000000000000000     
  -1.1427494280087322E-008   4.7713800013716490E-010
  -3.3098086408065109E-006   7.0592778094171221E-008
         100   0.0000000000000000        0.0000000000000000     
  -1.1517908203730335E-008   4.3174234674778161E-010
  -3.3097098877867592E-006   7.0457730798456807E-008
         101   0.0000000000000000        0.0000000000000000     
  -1.1599934715132694E-008   4.1421952716093133E-010
  -3.3096057528103028E-006   7.0454085085163453E-008
         102   0.0000000000000000        0.0000000000000000     
  -1.1678014258559442E-008   4.1689935197830989E-010
  -3.3095202370670497E-006   7.0575302948949810E-008
         103   0.0000000000000000        0.0000000000000000     
  -1.1755994137873426E-008   4.4101637603099567E-010
  -3.3094726702100790E-006   7.0870207589602848E-008
         104   0.0000000000000000        0.0000000000000000     
  -1.1833529221877629E-008   4.9738696934176454E-010
  -3.3094422911233846E-006   7.1471610892151727E-008
         105   0.0000000000000000        0.0000000000000000     
  -1.1891514725235971E-008   6.0942782943793748E-010
  -3.3092118937293693E-006   7.2637493924807439E-008
         106   0.0000000000000000        0.0000000000000000     
  -1.1849414873767850E-008   7.8070380761298962E-010
  -3.3079116591178377E-006   7.4409571937756682E-008
         107   0.0000000000000000        0.0000000000000000     
  -1.1641964001193633E-008   8.4181033037480084E-010
  -3.3048328459351046E-006   7.4984600599808962E-008
         108   0.0000000000000000        0.0000000000000000     
  -1.1519180934582936E-008   6.9398444902811581E-010
  -3.3026182302751165E-006   7.3303109114114386E-008
         109   0.0000000000000000        0.0000000000000000     
  -1.1555813883828367E-008   5.5970956899956400E-010
  -3.3020516937181888E-006   7.1709748498833317E-008
         110   0.0000000000000000        0.0000000000000000     
  -1.1641266896994331E-008   4.9610107064373427E-010
  -3.3019531389772803E-006   7.0797020649818691E-008
         111   0.0000000000000000        0.0000000000000000     
  -1.1734996007182602E-008   4.7877008593540071E-010
  -3.3018650691102972E-006   7.0281484032430418E-008
         112   0.0000000000000000        0.0000000000000000     
  -1.1832332069267934E-008   4.9436717598636744E-010
  -3.3017048028008374E-006   6.9956951969490767E-008
         113   0.0000000000000000        0.0000000000000000     
  -1.1935688062243161E-008   5.4463875051126845E-010
  -3.3014728370321861E-006   6.9715961643065327E-008
         114   0.0000000000000000        0.0000000000000000     
  -1.2044144718521785E-008   6.4686940479119128E-010
  -3.3011858691666115E-006   6.9491510961867752E-008
         115   0.0000000000000000        0.0000000000000000     
  -1.2134455217594836E-008   8.3998847386791942E-010
  -3.3008799120751640E-006   6.9221474184743888E-008
         116   0.0000000000000000        0.0000000000000000     
  -1.2099925530374494E-008   1.1638626235120708E-009
  -3.3006656939381580E-006   6.8854851898424268E-008
         117   0.0000000000000000        0.0000000000000000     
  -1.1731566165366993E-008   1.4503730334040876E-009
  -3.3007469132598733E-006   6.8541249297884992E-008
         118   0.0000000000000000        0.0000000000000000     
  -1.1259265469306914E-008   1.2890180264640648E-009
  -3.3009151348004407E-006   6.8660308490264972E-008
         119   0.0000000000000000        0.0000000000000000     
  -1.1131581702000016E-008   9.3384423906781503E-010
  -3.3007563738168733E-006   6.8972487488799775E-008
         120   0.0000000000000000        0.0000000000000000     
  -1.1201560921609854E-008   6.9636947381590552E-010
  -3.3004128528753995E-006   6.9186044757579514E-008
         121   0.0000000000000000        0.0000000000000000     
  -1.1310858155371365E-008   5.6786818701770404E-010
  -3.3000373526282021E-006   6.9310006813394594E-008
         122   0.0000000000000000        0.0000000000000000     
  -1.1416746929178218E-008   4.9973266550759956E-010
  -3.2996749041941653E-006   6.9392213183159687E-008
         123   0.0000000000000000        0.0000000000000000     
  -1.1513662376987057E-008   4.6465061615552726E-010
  -3.2993366074397738E-006   6.9462663905185915E-008
         124   0.0000000000000000        0.0000000000000000     
  -1.1604084986072821E-008   4.4974688439754859E-010
  -3.2990273849639992E-006   6.9541064066649907E-008
         125   0.0000000000000000        0.0000000000000000     
  -1.1691757215582505E-008   4.4953945878206982E-010
  -3.2987528938162871E-006   6.9645611869681423E-008
         126   0.0000000000000000        0.0000000000000000     
  -1.1780395826291305E-008   4.6281759205255509E-010
  -3.2985210570969826E-006   6.9800237680026388E-008
         127   0.0000000000000000        0.0000000000000000     
  -1.1873532251349236E-008   4.9188363164183295E-010
  -3.2983410715432457E-006   7.0044004731018249E-008
         128   0.0000000000000000        0.0000000000000000     
  -1.1974134085417191E-008   5.4361719458994914E-010
  -3.2982164380808783E-006   7.0447685068359058E-008
         129   0.0000000000000000        0.0000000000000000     
  -1.2082121841825285E-008   6.3302716367725416E-010
  -3.2981173373812605E-006   7.1143318146254234E-008
         130   0.0000000000000000        0.0000000000000000     
  -1.2182625028017830E-008   7.8877469185684590E-010
  -3.2978847823917221E-006   7.2364194624771000E-008
         131   0.0000000000000000        0.0000000000000000     
  -1.2210196340811114E-008   1.0413487425528945E-009
  -3.2969151485560454E-006   7.4363950606307528E-008
         132   0.0000000000000000        0.0000000000000000     
  -1.2025256024062317E-008   1.3132250247490757E-009
  -3.2938963686407206E-006   7.6403153703719590E-008
         133   0.0000000000000000        0.0000000000000000     
  -1.1693114725103126E-008   1.3207081496820641E-009
  -3.2893895145137683E-006   7.5790740466765251E-008
         134   0.0000000000000000        0.0000000000000000     
  -1.1571348881428833E-008   1.1178255426267123E-009
  -3.2866649312004238E-006   7.2876719906965423E-008
         135   0.0000000000000000        0.0000000000000000     
  -1.1652455870187986E-008   9.9617304420463059E-010
  -3.2856849387491646E-006   7.0073702350945047E-008
         136   0.0000000000000000        0.0000000000000000     
  -1.1783811115128471E-008   1.0309497827819628E-009
  -3.2853135986314445E-006   6.7578958668341903E-008
         137   0.0000000000000000        0.0000000000000000     
  -1.1846439702871640E-008   1.2250937868508385E-009
  -3.2855479641465783E-006   6.4818448377446076E-008
         138   0.0000000000000000        0.0000000000000000     
  -1.1671944318038907E-008   1.4960798117473320E-009
  -3.2874570708873794E-006   6.1992939445810270E-008
