   262144.00000000000     
         256           1           3
   1.7567330116226543E-005  -11.098339920101999        85.396172594000006     
   6.0401400154609997        12.000000000000000        6321.0000000000000     
           0   0.0000000000000000        0.0000000000000000     
   0.0000000000000000        0.0000000000000000     
   0.0000000000000000        0.0000000000000000     
           1   0.0000000000000000        0.0000000000000000     
   2.7040373295331976E-009  -9.5170428707059933E-011
   1.0813381768191751E-007  -2.3094402693090225E-009
           2   0.0000000000000000        0.0000000000000000     
   2.6530886979050005E-009  -1.9420310950877940E-010
   1.0713346925925102E-007  -2.1654747211396765E-009
           3   0.0000000000000000        0.0000000000000000     
   2.4946222108989931E-009  -1.4311569129558456E-010
   1.0669865432991061E-007  -2.2026654388936808E-009
           4   0.0000000000000000        0.0000000000000000     
   2.5021000985678831E-009  -8.0311763729146354E-011
   1.0626083553605598E-007  -2.2587628867521262E-009
           5   0.0000000000000000        0.0000000000000000     
   2.5107551137924267E-009  -6.5026359624927682E-011
   1.0592049401304391E-007  -2.2653552267491895E-009
           6   0.0000000000000000        0.0000000000000000     
   2.5133157763965212E-009  -5.9758261204598168E-011
   1.0564924322453293E-007  -2.2628656617896857E-009
           7   0.0000000000000000        0.0000000000000000     
   2.5132139329885690E-009  -5.7405368305015251E-011
   1.0542392148669304E-007  -2.2585463985851852E-009
           8   0.0000000000000000        0.0000000000000000     
   2.5119831944162736E-009  -5.6164242981935917E-011
   1.0523132228663635E-007  -2.2540265591038200E-009
           9   0.0000000000000000        0.0000000000000000     
   2.5102825179074988E-009  -5.5430733632899706E-011
   1.0506332253792786E-007  -2.2497387375848947E-009
          10   0.0000000000000000        0.0000000000000000     
   2.5084137620836579E-009  -5.4960451223465988E-011
   1.0491456027914879E-007  -2.2457935417657763E-009
          11   0.0000000000000000        0.0000000000000000     
   2.5065228972403992E-009  -5.4640441041952204E-011
   1.0478130365675306E-007  -2.2422034149794235E-009
          12   0.0000000000000000        0.0000000000000000     
   2.5046828771535872E-009  -5.4413081403458330E-011
   1.0466084927611161E-007  -2.2389505450497816E-009
          13   0.0000000000000000        0.0000000000000000     
   2.5029305050026377E-009  -5.4246671773292178E-011
   1.0455117715261734E-007  -2.2360096785942788E-009
          14   0.0000000000000000        0.0000000000000000     
   2.5012839822528924E-009  -5.4122717513931516E-011
   1.0445074070667159E-007  -2.2333561240368564E-009
          15   0.0000000000000000        0.0000000000000000     
   2.4997517423895764E-009  -5.4029929383123155E-011
   1.0435833277492583E-007  -2.2309684822330407E-009
          16   0.0000000000000000        0.0000000000000000     
   2.4983371065019996E-009  -5.3961186211828373E-011
   1.0427299682395589E-007  -2.2288294329764037E-009
          17   0.0000000000000000        0.0000000000000000     
   2.4970408338085716E-009  -5.3911908036900941E-011
   1.0419396629755380E-007  -2.2269258261918107E-009
          18   0.0000000000000000        0.0000000000000000     
   2.4958625692735205E-009  -5.3879144724006894E-011
   1.0412062216497681E-007  -2.2252485710181638E-009
          19   0.0000000000000000        0.0000000000000000     
   2.4948016969830153E-009  -5.3861048350388615E-011
   1.0405246266757840E-007  -2.2237925257894357E-009
          20   0.0000000000000000        0.0000000000000000     
   2.4938578690378778E-009  -5.3856562430478027E-011
   1.0398908150053371E-007  -2.2225564778499415E-009
          21   0.0000000000000000        0.0000000000000000     
   2.4930313593497292E-009  -5.3865240472539755E-011
   1.0393015203451948E-007  -2.2215432594749395E-009
          22   0.0000000000000000        0.0000000000000000     
   2.4923233291473605E-009  -5.3887146804224723E-011
   1.0387541600975660E-007  -2.2207600343546043E-009
          23   0.0000000000000000        0.0000000000000000     
   2.4917360582015722E-009  -5.3922814429327083E-011
   1.0382467569125168E-007  -2.2202187935225799E-009
          24   0.0000000000000000        0.0000000000000000     
   2.4912731788952353E-009  -5.3973247365498635E-011
   1.0377778885642179E-007  -2.2199371139707836E-009
          25   0.0000000000000000        0.0000000000000000     
   2.4909399427901731E-009  -5.4039963152029476E-011
   1.0373466624936303E-007  -2.2199392575993222E-009
          26   0.0000000000000000        0.0000000000000000     
   2.4907435479186373E-009  -5.4125077595471548E-011
   1.0369527137917653E-007  -2.2202577258966696E-009
          27   0.0000000000000000        0.0000000000000000     
   2.4906935585429829E-009  -5.4231440000124692E-011
   1.0365962274422609E-007  -2.2209354423834373E-009
          28   0.0000000000000000        0.0000000000000000     
   2.4908024575723865E-009  -5.4362834549052248E-011
   1.0362779879065823E-007  -2.2220288220092918E-009
          29   0.0000000000000000        0.0000000000000000     
   2.4910863864553058E-009  -5.4524273847540339E-011
   1.0359994620775459E-007  -2.2236121232016727E-009
          30   0.0000000000000000        0.0000000000000000     
   2.4915661508493874E-009  -5.4722426415750544E-011
   1.0357629254311951E-007  -2.2257836971991351E-009
          31   0.0000000000000000        0.0000000000000000     
   2.4922686074458982E-009  -5.4966245299182551E-011
   1.0355716469098623E-007  -2.2286751081291806E-009
          32   0.0000000000000000        0.0000000000000000     
   2.4932286063829322E-009  -5.5267907384950567E-011
   1.0354301568299254E-007  -2.2324647026840594E-009
          33   0.0000000000000000        0.0000000000000000     
   2.4944917592561315E-009  -5.5644246253462289E-011
   1.0353446359648062E-007  -2.2373982558004527E-009
          34   0.0000000000000000        0.0000000000000000     
   2.4961184609949511E-009  -5.6118991847285691E-011
   1.0353234868169600E-007  -2.2438211872734154E-009
          35   0.0000000000000000        0.0000000000000000     
   2.4981898627931075E-009  -5.6726369836859923E-011
   1.0353781867283984E-007  -2.2522302767325855E-009
          36   0.0000000000000000        0.0000000000000000     
   2.5008169650226020E-009  -5.7517066110618345E-011
   1.0355245901721740E-007  -2.2633592891047497E-009
          37   0.0000000000000000        0.0000000000000000     
   2.5041548667545762E-009  -5.8568431065563566E-011
   1.0357849720117925E-007  -2.2783253776898504E-009
          38   0.0000000000000000        0.0000000000000000     
   2.5084259904056555E-009  -6.0002436983846886E-011
   1.0361913588715288E-007  -2.2988866110420471E-009
          39   0.0000000000000000        0.0000000000000000     
   2.5139612645868055E-009  -6.2017797616599335E-011
   1.0367914358278477E-007  -2.3279024628086723E-009
          40   0.0000000000000000        0.0000000000000000     
   2.5212954215960899E-009  -6.4956812709606022E-011
   1.0376622090973560E-007  -2.3702918965709255E-009
          41   0.0000000000000000        0.0000000000000000     
   2.5313399758954665E-009  -6.9616777866089051E-011
   1.0389348015858181E-007  -2.4374956146658491E-009
          42   0.0000000000000000        0.0000000000000000     
   2.5451822684224186E-009  -7.7597924171024050E-011
   1.0407656752585558E-007  -2.5524617994971406E-009
          43   0.0000000000000000        0.0000000000000000     
   2.5649190835608573E-009  -9.2151503405605979E-011
   1.0434560890566150E-007  -2.7617979728675134E-009
          44   0.0000000000000000        0.0000000000000000     
   2.5932430124195260E-009  -1.2251835460666900E-010
   1.0473928575712609E-007  -3.1979339596386009E-009
          45   0.0000000000000000        0.0000000000000000     
   2.6249208197064237E-009  -1.9601824149790343E-010
   1.0518274177392171E-007  -4.2523366049496258E-009
          46   0.0000000000000000        0.0000000000000000     
   2.5729534828655696E-009  -3.5649675316218777E-010
   1.0442962199757430E-007  -6.5532585939759271E-009
          47   0.0000000000000000        0.0000000000000000     
   2.3252862979252743E-009  -3.5562364401041825E-010
   1.0087460882771812E-007  -6.5427228110821477E-009
          48   0.0000000000000000        0.0000000000000000     
   2.2745661043412121E-009  -1.9321890394520210E-010
   1.0014368633129155E-007  -4.2182113698171420E-009
          49   0.0000000000000000        0.0000000000000000     
   2.3075944388558639E-009  -1.1949986663498234E-010
   1.0061522895991196E-007  -3.1648646100280053E-009
          50   0.0000000000000000        0.0000000000000000     
   2.3364895367762704E-009  -8.9326419054744736E-011
   1.0103039674723728E-007  -2.7360163962599698E-009
          51   0.0000000000000000        0.0000000000000000     
   2.3563461853877334E-009  -7.4958466661309430E-011
   1.0131928646143106E-007  -2.5343272851267845E-009
          52   0.0000000000000000        0.0000000000000000     
   2.3699620826336965E-009  -6.7117602219519280E-011
   1.0152244099440168E-007  -2.4270027113888990E-009
          53   0.0000000000000000        0.0000000000000000     
   2.3795058703291234E-009  -6.2354767609433642E-011
   1.0167149075256992E-007  -2.3648085986447839E-009
          54   0.0000000000000000        0.0000000000000000     
   2.3862994943159963E-009  -5.9195539122907281E-011
   1.0178606196879978E-007  -2.3268546360268671E-009
          55   0.0000000000000000        0.0000000000000000     
   2.3911373545844141E-009  -5.6929729275289678E-011
   1.0187838492070753E-007  -2.3032700392450920E-009
          56   0.0000000000000000        0.0000000000000000     
   2.3945036582688128E-009  -5.5178450162472387E-011
   1.0195645607743851E-007  -2.2890263896133346E-009
          57   0.0000000000000000        0.0000000000000000     
   2.3966943801487535E-009  -5.3718987871174646E-011
   1.0202585123501067E-007  -2.2814660336620045E-009
          58   0.0000000000000000        0.0000000000000000     
   2.3978839799869578E-009  -5.2405718060936689E-011
   1.0209077287380817E-007  -2.2792244106764422E-009
          59   0.0000000000000000        0.0000000000000000     
   2.3981613753282033E-009  -5.1130163041481724E-011
   1.0215469511599654E-007  -2.2817407118083360E-009
          60   0.0000000000000000        0.0000000000000000     
   2.3975478204307564E-009  -4.9797741982096174E-011
   1.0222080767117624E-007  -2.2890497327633791E-009
          61   0.0000000000000000        0.0000000000000000     
   2.3960025331524369E-009  -4.8311295487029821E-011
   1.0229237951361833E-007  -2.3017314963752633E-009
          62   0.0000000000000000        0.0000000000000000     
   2.3934168723191879E-009  -4.6556751648741680E-011
   1.0237314692190056E-007  -2.3209641648686500E-009
          63   0.0000000000000000        0.0000000000000000     
   2.3895867103977885E-009  -4.4388457531301406E-011
   1.0246796446492677E-007  -2.3486575822268666E-009
          64   0.0000000000000000        0.0000000000000000     
   2.3841110416166704E-009  -4.1570183418759643E-011
   1.0258462363116840E-007  -2.3883685816796465E-009
          65   0.0000000000000000        0.0000000000000000     
   2.3764071405140151E-009  -3.7416591764257651E-011
   1.0273368671428907E-007  -2.4512379139996626E-009
          66   0.0000000000000000        0.0000000000000000     
   2.3661371967623433E-009  -3.1069239047277607E-011
   1.0292142964616736E-007  -2.5513566475040945E-009
          67   0.0000000000000000        0.0000000000000000     
   2.3521619784741888E-009  -2.1289995394557768E-011
   1.0316733907272220E-007  -2.7091922724242151E-009
          68   0.0000000000000000        0.0000000000000000     
   2.3327829837330697E-009  -4.8436526132233349E-012
   1.0350010186507871E-007  -2.9785559777911738E-009
          69   0.0000000000000000        0.0000000000000000     
   2.3064025071173935E-009   2.5751791882952317E-011
   1.0394661363755151E-007  -3.4841220502644033E-009
          70   0.0000000000000000        0.0000000000000000     
   2.2763890082220805E-009   8.8906126579719147E-011
   1.0445082652691780E-007  -4.5328728544227709E-009
          71   0.0000000000000000        0.0000000000000000     
   2.2834086959118262E-009   2.1986426233369414E-010
   1.0433439427157209E-007  -6.7126386658031401E-009
          72   0.0000000000000000        0.0000000000000000     
   2.4646413906198284E-009   3.4817720127226677E-010
   1.0130882336164735E-007  -8.8480359559147930E-009
          73   0.0000000000000000        0.0000000000000000     
   2.6584983572895153E-009   2.2933942213494048E-010
   9.8069649153193507E-008  -6.8600206062673951E-009
          74   0.0000000000000000        0.0000000000000000     
   2.6701889024545583E-009   9.2171874510604297E-011
   9.7866192336191049E-008  -4.5656554092129808E-009
          75   0.0000000000000000        0.0000000000000000     
   2.6389139300712396E-009   2.5933083125319679E-011
   9.8375948295739572E-008  -3.4537609012130808E-009
          76   0.0000000000000000        0.0000000000000000     
   2.6108825825930705E-009  -5.5367249052248781E-012
   9.8827592664413324E-008  -2.9208569323364415E-009
          77   0.0000000000000000        0.0000000000000000     
   2.5900715520705137E-009  -2.2026761413364652E-011
   9.9154177390021928E-008  -2.6364953150713419E-009
          78   0.0000000000000000        0.0000000000000000     
   2.5747815343797295E-009  -3.1466063311743866E-011
   9.9383251144078949E-008  -2.4679916558696811E-009
          79   0.0000000000000000        0.0000000000000000     
   2.5632834370613084E-009  -3.7219376369314039E-011
   9.9542616319398247E-008  -2.3586790575791177E-009
          80   0.0000000000000000        0.0000000000000000     
   2.5543508057062987E-009  -4.0848089678189766E-011
   9.9651374865217769E-008  -2.2818004065785106E-009
          81   0.0000000000000000        0.0000000000000000     
   2.5471408479875542E-009  -4.3129556394784665E-011
   9.9721811511710074E-008  -2.2234342061702865E-009
          82   0.0000000000000000        0.0000000000000000     
   2.5410507449852621E-009  -4.4463248338001044E-011
   9.9761643973393447E-008  -2.1756223095805211E-009
          83   0.0000000000000000        0.0000000000000000     
   2.5356149245611269E-009  -4.5045411699064795E-011
   9.9775510098214028E-008  -2.1333306184815966E-009
          84   0.0000000000000000        0.0000000000000000     
   2.5304303597178792E-009  -4.4948865343042057E-011
   9.9765800029831823E-008  -2.0929810024889549E-009
          85   0.0000000000000000        0.0000000000000000     
   2.5250787067187548E-009  -4.4159642665056579E-011
   9.9732893173509266E-008  -2.0516706271506899E-009
          86   0.0000000000000000        0.0000000000000000     
   2.5189751048344501E-009  -4.2530507692396833E-011
   9.9674418950439501E-008  -2.0061785546423971E-009
          87   0.0000000000000000        0.0000000000000000     
   2.5113688715369879E-009  -3.9348939338154355E-011
   9.9585612092995348E-008  -1.9489080237068874E-009
          88   0.0000000000000000        0.0000000000000000     
   2.5021160956493063E-009  -3.3618147806797072E-011
   9.9466172946837689E-008  -1.8700925586294047E-009
          89   0.0000000000000000        0.0000000000000000     
   2.4904340962561567E-009  -2.4591009890312953E-011
   9.9309680331703778E-008  -1.7622462005958300E-009
          90   0.0000000000000000        0.0000000000000000     
   2.4747522217925404E-009  -9.9236887600332612E-012
   9.9102369986799311E-008  -1.6041742523063408E-009
          91   0.0000000000000000        0.0000000000000000     
   2.4534563190732133E-009   1.5422254348303221E-011
   9.8829548190655305E-008  -1.3514332377165465E-009
          92   0.0000000000000000        0.0000000000000000     
   2.4261696812231101E-009   6.2246230279477019E-011
   9.8486572378820910E-008  -9.0985335959348684E-010
          93   0.0000000000000000        0.0000000000000000     
   2.4019217297314872E-009   1.5397360364114785E-010
   9.8149023082134209E-008  -7.6363698900185904E-011
          94   0.0000000000000000        0.0000000000000000     
   2.4368240376363340E-009   3.2455754443018354E-010
   9.8296609227475788E-008   1.4431401528188918E-009
          95   0.0000000000000000        0.0000000000000000     
   2.6750973320858243E-009   4.8722843741444781E-010
   1.0016581326244684E-007   2.9051677828951977E-009
          96   0.0000000000000000        0.0000000000000000     
   2.9711524445372632E-009   3.6808457760467439E-010
   1.0249903210190596E-007   1.9578687473626806E-009
          97   0.0000000000000000        0.0000000000000000     
   3.0526629574341780E-009   1.6265796872318307E-010
   1.0294666139544005E-007   2.8891747051694236E-010
          98   0.0000000000000000        0.0000000000000000     
   3.0479564373139392E-009   3.6381044487077287E-011
   1.0260246690393432E-007  -6.6977183009356730E-010
          99   0.0000000000000000        0.0000000000000000     
   3.0409447749532870E-009  -3.8603973464537065E-011
   1.0217440228040782E-007  -1.1433902633565964E-009
         100   0.0000000000000000        0.0000000000000000     
   3.0489299456542906E-009  -9.3536167645436765E-011
   1.0179222408667406E-007  -1.3764314100639893E-009
         101   0.0000000000000000        0.0000000000000000     
   3.0748237109145442E-009  -1.4639298294655772E-010
   1.0145509764376522E-007  -1.4805935219225027E-009
         102   0.0000000000000000        0.0000000000000000     
   3.1200334442464335E-009  -2.1164303108661158E-010
   1.0114309042223698E-007  -1.4992952181806032E-009
         103   0.0000000000000000        0.0000000000000000     
   3.1852865154888713E-009  -3.0895145866472131E-010
   1.0083823991666182E-007  -1.4388376332068597E-009
         104   0.0000000000000000        0.0000000000000000     
   3.2626752371026432E-009  -4.7467031079148737E-010
   1.0053564883388812E-007  -1.2726389656209460E-009
         105   0.0000000000000000        0.0000000000000000     
   3.2974734989406261E-009  -7.7376992138063668E-010
   1.0028477696220953E-007  -9.3515841068321526E-010
         106   0.0000000000000000        0.0000000000000000     
   3.0770805039344747E-009  -1.2177721791580149E-009
   1.0031099943990815E-007  -4.1613795659711150E-010
         107   0.0000000000000000        0.0000000000000000     
   2.4285309482007630E-009  -1.3695556003753181E-009
   1.0079376034762796E-007  -1.9998660735346442E-010
         108   0.0000000000000000        0.0000000000000000     
   1.9934372132426538E-009  -9.7256033511415066E-010
   1.0100340380816708E-007  -5.6260029701232268E-010
         109   0.0000000000000000        0.0000000000000000     
   1.9618939977703820E-009  -5.9735339551727774E-010
   1.0071831946593960E-007  -8.4609756579903084E-010
         110   0.0000000000000000        0.0000000000000000     
   2.0468281750239166E-009  -3.8853425112790457E-010
   1.0025571774111428E-007  -8.7398038270541243E-010
         111   0.0000000000000000        0.0000000000000000     
   2.1374182684486867E-009  -2.7806088595958962E-010
   9.9713297175681178E-008  -6.9724642239499064E-010
         112   0.0000000000000000        0.0000000000000000     
   2.2141546137125619E-009  -2.1767060706555652E-010
   9.9080166906179489E-008  -3.0337856482574361E-010
         113   0.0000000000000000        0.0000000000000000     
   2.2775784393395711E-009  -1.8468770978362759E-010
   9.8331374082959216E-008   4.1258143791745704E-010
         114   0.0000000000000000        0.0000000000000000     
   2.3308284882607518E-009  -1.6955293688674634E-010
   9.7492774498008375E-008   1.6993898243919840E-009
         115   0.0000000000000000        0.0000000000000000     
   2.3749276432665962E-009  -1.6985708466332401E-010
   9.6858952689658559E-008   4.0471172147255229E-009
         116   0.0000000000000000        0.0000000000000000     
   2.4034664513902684E-009  -1.8583635051409505E-010
   9.7730335768277955E-008   7.9473581362756236E-009
         117   0.0000000000000000        0.0000000000000000     
   2.4012089213220745E-009  -2.0226145973454929E-010
   1.0264151934185983E-007   1.1373737399284653E-008
         118   0.0000000000000000        0.0000000000000000     
   2.3878929424377215E-009  -1.8506818882547768E-010
   1.0882396748495795E-007   9.3684020033804397E-009
         119   0.0000000000000000        0.0000000000000000     
   2.4006155210424050E-009  -1.5417759941453013E-010
   1.1086716864813700E-007   4.9998688530020705E-009
         120   0.0000000000000000        0.0000000000000000     
   2.4282966093307182E-009  -1.3440684188408095E-010
   1.1055575714224899E-007   2.0289117675184499E-009
         121   0.0000000000000000        0.0000000000000000     
   2.4588446653115892E-009  -1.2494770580802461E-010
   1.0981322109254919E-007   3.4498542027638000E-010
         122   0.0000000000000000        0.0000000000000000     
   2.4894563289964155E-009  -1.2194524667922895E-010
   1.0916824988693034E-007  -6.4739845327399201E-010
         123   0.0000000000000000        0.0000000000000000     
   2.5203457404937672E-009  -1.2344551504821085E-010
   1.0870358988194983E-007  -1.2910639449744389E-009
         124   0.0000000000000000        0.0000000000000000     
   2.5524515633449535E-009  -1.2890427263808064E-010
   1.0840906291080414E-007  -1.7617754137077830E-009
         125   0.0000000000000000        0.0000000000000000     
   2.5869465545515131E-009  -1.3875300527151830E-010
   1.0826501156497861E-007  -2.1584132385753673E-009
         126   0.0000000000000000        0.0000000000000000     
   2.6251816894428435E-009  -1.5441605899150269E-010
   1.0825912099898910E-007  -2.5503910976819391E-009
         127   0.0000000000000000        0.0000000000000000     
   2.6686554818352792E-009  -1.7879472767917862E-010
   1.0838721850913546E-007  -3.0061665023753077E-009
         128   0.0000000000000000        0.0000000000000000     
   2.7186600655508890E-009  -2.1749778517064160E-010
   1.0864552614706369E-007  -3.6205517986485350E-009
         129   0.0000000000000000        0.0000000000000000     
   2.7744034880730760E-009  -2.8153582790288102E-010
   1.0900031342332039E-007  -4.5546379319632569E-009
         130   0.0000000000000000        0.0000000000000000     
   2.8247285570836335E-009  -3.9124186647492277E-010
   1.0927517958525219E-007  -6.0877172690724040E-009
         131   0.0000000000000000        0.0000000000000000     
   2.8227269689067962E-009  -5.6820309334900995E-010
   1.0879461429255085E-007  -8.5175830788821998E-009
         132   0.0000000000000000        0.0000000000000000     
   2.6684170295868133E-009  -7.5697930709419199E-010
   1.0611064953804985E-007  -1.1039310491611050E-008
         133   0.0000000000000000        0.0000000000000000     
   2.4077404806107449E-009  -7.5456196162025230E-010
   1.0185801992179472E-007  -1.0706530722535668E-008
         134   0.0000000000000000        0.0000000000000000     
   2.2951727792513569E-009  -5.9788642189760192E-010
   9.9667175050255485E-008  -7.9709606327892638E-009
         135   0.0000000000000000        0.0000000000000000     
   2.3255665741315576E-009  -4.9183924900589103E-010
   9.9481070409656373E-008  -5.6219090769650232E-009
         136   0.0000000000000000        0.0000000000000000     
   2.3929287376786257E-009  -4.8462533059456521E-010
   9.9926500094067116E-008  -4.0868103990672922E-009
         137   0.0000000000000000        0.0000000000000000     
   2.4242018320823867E-009  -5.7177489692940774E-010
   1.0054135327138195E-007  -2.9825813126846044E-009
         138   0.0000000000000000        0.0000000000000000     
   2.3277044039390125E-009  -7.0487470213036419E-010
   1.0141194374254261E-007  -2.1301525167564199E-009
