   262144.00000000000     
         256           1           3
   1.7567330116226543E-005   14.463779801378999       -127.33399034630000     
   6.0401400154609997        12.000000000000000        6321.0000000000000     
           0   0.0000000000000000        0.0000000000000000     
   0.0000000000000000        0.0000000000000000     
   0.0000000000000000        0.0000000000000000     
           1  -3.8056878548294229E-009   1.9341010826430976E-010
  -4.7452488307632063E-009   2.2206990746824897E-010
   0.0000000000000000        0.0000000000000000     
           2  -3.8823883070308650E-009   2.7373364562374340E-010
  -4.8189459257259640E-009   3.0680191444920428E-010
   0.0000000000000000        0.0000000000000000     
           3  -4.0890216590256875E-009   3.8445949082291648E-010
  -5.0332664415115396E-009   4.2359661101389612E-010
   0.0000000000000000        0.0000000000000000     
           4  -4.4509232255832057E-009   5.5411137345293174E-010
  -5.4128635752899783E-009   6.0234467999647991E-010
   0.0000000000000000        0.0000000000000000     
           5  -5.0419948030488824E-009   8.4605103367266664E-010
  -6.0346766879753295E-009   9.0957574255273027E-010
   0.0000000000000000        0.0000000000000000     
           6  -6.0183108364451678E-009   1.4280314284756735E-009
  -7.0624248005409997E-009   1.5214565421402733E-009
   0.0000000000000000        0.0000000000000000     
           7  -7.6913587902340702E-009   2.8603217118909666E-009
  -8.8233927321443810E-009   3.0263820166597855E-009
   0.0000000000000000        0.0000000000000000     
           8  -1.0045295088855822E-008   7.6009866009113301E-009
  -1.1300769831931542E-008   8.0060929857370245E-009
   0.0000000000000000        0.0000000000000000     
           9  -1.4113515596006101E-009   1.8513580328807862E-008
  -2.2392181316967817E-009   1.9469414335515498E-008
   0.0000000000000000        0.0000000000000000     
          10   8.3131465692596640E-009   7.7923880818377335E-009
   7.9689741120268919E-009   8.2109604242345313E-009
   0.0000000000000000        0.0000000000000000     
          11   5.7618558405538713E-009   2.7222870369898246E-009
   5.2821760836883123E-009   2.8866175256427732E-009
   0.0000000000000000        0.0000000000000000     
          12   3.9226983700049359E-009   1.2761610230524512E-009
   3.3419497800047016E-009   1.3686919036334019E-009
   0.0000000000000000        0.0000000000000000     
          13   2.8344386118521014E-009   7.2065983746769541E-010
   2.1893232649220010E-009   7.8636270913992948E-010
   0.0000000000000000        0.0000000000000000     
          14   2.1429731740696492E-009   4.5751375547423902E-010
   1.4521737624958562E-009   5.1122167531414462E-010
   0.0000000000000000        0.0000000000000000     
          15   1.6715390137349415E-009   3.1469185770803668E-010
   9.4481807199272621E-010   3.6257500485700031E-010
   0.0000000000000000        0.0000000000000000     
          16   1.3315713327036149E-009   2.2965136277715040E-010
   5.7441751295712348E-010   2.7475151427236115E-010
   0.0000000000000000        0.0000000000000000     
          17   1.0754499156567899E-009   1.7559041614160034E-010
   2.9082434269288192E-010   2.1960284950858911E-010
   0.0000000000000000        0.0000000000000000     
          18   8.7554622589992016E-010   1.3956387014276238E-010
   6.4851895273520197E-011   1.8353600366619844E-010
   0.0000000000000000        0.0000000000000000     
          19   7.1477133458021003E-010   1.1473144246330234E-010
  -1.2148875033629116E-010   1.5938319383830392E-010
   0.0000000000000000        0.0000000000000000     
          20   5.8199106827834120E-010   9.7219936513688728E-011
  -2.7994178118653040E-010   1.4309585761528861E-010
   0.0000000000000000        0.0000000000000000     
          21   4.6984097225100048E-010   8.4729970148302055E-011
  -4.1845466845760998E-010   1.3227082121199437E-010
   0.0000000000000000        0.0000000000000000     
          22   3.7298847513770903E-010   7.5820459853491421E-011
  -5.4270790090183359E-010   1.2542016894655636E-010
   0.0000000000000000        0.0000000000000000     
          23   2.8771759817121355E-010   6.9578098654610142E-011
  -6.5686775248400511E-010   1.2160216035151521E-010
   0.0000000000000000        0.0000000000000000     
          24   2.1092092726341867E-010   6.5383042659667462E-011
  -7.6413306535121875E-010   1.2021307388488525E-010
   0.0000000000000000        0.0000000000000000     
          25   1.4047981682757715E-010   6.2846672138654457E-011
  -8.6703660683494324E-010   1.2087218551206865E-010
   0.0000000000000000        0.0000000000000000     
          26   7.4600886047098463E-011   6.1712041409551657E-011
  -9.6768132534438457E-010   1.2335204794436281E-010
   0.0000000000000000        0.0000000000000000     
          27   1.1692507446242962E-011   6.1815430754466045E-011
  -1.0678767882256922E-009   1.2753965634257640E-010
   0.0000000000000000        0.0000000000000000     
          28  -4.9349358053248176E-011   6.3091239731348323E-011
  -1.1693027281399839E-009   1.3340990740677399E-010
   0.0000000000000000        0.0000000000000000     
          29  -1.0980052648249951E-010   6.5516576663257595E-011
  -1.2735234922620420E-009   1.4102047161301519E-010
   0.0000000000000000        0.0000000000000000     
          30  -1.7078490359630739E-010   6.9134248775365329E-011
  -1.3821151649720304E-009   1.5050584908889874E-010
   0.0000000000000000        0.0000000000000000     
          31  -2.3340637571039874E-010   7.4048252216252275E-011
  -1.4967476874206580E-009   1.6208236453611803E-010
   0.0000000000000000        0.0000000000000000     
          32  -2.9889231097438747E-010   8.0424397430817509E-011
  -1.6191723547581135E-009   1.7606891365070003E-010
   0.0000000000000000        0.0000000000000000     
          33  -3.6852299899200314E-010   8.8514023794240654E-011
  -1.7514394399820428E-009   1.9290065497334328E-010
   0.0000000000000000        0.0000000000000000     
          34  -4.4379070255239254E-010   9.8670904738233363E-011
  -1.8959149260039738E-009   2.1317332349366187E-010
   0.0000000000000000        0.0000000000000000     
          35  -5.2646845700591938E-010   1.1138945660346063E-010
  -2.0554377853888771E-009   2.3769894831050225E-010
   0.0000000000000000        0.0000000000000000     
          36  -6.1873121322111855E-010   1.2736166704994348E-010
  -2.2335028698776972E-009   2.6759396534081282E-010
   0.0000000000000000        0.0000000000000000     
          37  -7.2325881578584830E-010   1.4757144143902522E-010
  -2.4344987136522196E-009   3.0441805540711285E-010
   0.0000000000000000        0.0000000000000000     
          38  -8.4374384798664033E-010   1.7341876717140925E-010
  -2.6641522930606251E-009   3.5038791589778025E-010
   0.0000000000000000        0.0000000000000000     
          39  -9.8486040522626088E-010   2.0698660607294184E-010
  -2.9299708890428122E-009   4.0874777704337349E-010
   0.0000000000000000        0.0000000000000000     
          40  -1.1530885181094260E-009   2.5142906723931063E-010
  -3.2421655834664368E-009   4.8438275036756586E-010
   0.0000000000000000        0.0000000000000000     
          41  -1.3575398396663201E-009   3.1170661012372714E-010
  -3.6149803257893908E-009   5.8492719832065327E-010
   0.0000000000000000        0.0000000000000000     
          42  -1.6114223745525870E-009   3.9596390108395748E-010
  -4.0689008074413165E-009   7.2284966163039809E-010
   0.0000000000000000        0.0000000000000000     
          43  -1.9346411681407109E-009   5.1828622215596416E-010
  -4.6343992379579247E-009   9.1963071602704465E-010
   0.0000000000000000        0.0000000000000000     
          44  -2.3576716018911217E-009   7.0471005860787798E-010
  -5.3584220323956217E-009   1.2147850543742464E-009
   0.0000000000000000        0.0000000000000000     
          45  -2.9297951643582520E-009   1.0073089760737557E-009
  -6.3157153999828901E-009   1.6871757332014065E-009
   0.0000000000000000        0.0000000000000000     
          46  -3.7303452246416039E-009   1.5415106615115105E-009
  -7.6262405917954359E-009   2.5111750326434997E-009
   0.0000000000000000        0.0000000000000000     
          47  -4.8726398433554147E-009   2.5973166009793736E-009
  -9.4603372282258840E-009   4.1240180908026195E-009
   0.0000000000000000        0.0000000000000000     
          48  -6.3532271157166189E-009   5.0007339177823962E-009
  -1.1810273801440465E-008   7.7686486894027646E-009
   0.0000000000000000        0.0000000000000000     
          49  -6.4160112458883793E-009   1.0809607146368783E-008
  -1.2024146232103809E-008   1.6531481187883768E-008
   0.0000000000000000        0.0000000000000000     
          50   2.7092516580681692E-009   1.5978632254147311E-008
   1.5603483160753023E-009   2.4284735551223132E-008
   0.0000000000000000        0.0000000000000000     
          51   9.3056523177000231E-009   8.9403603360928763E-009
   1.1250869454578517E-008   1.3693761123123339E-008
   0.0000000000000000        0.0000000000000000     
          52   8.3905777299259601E-009   4.0846488470654721E-009
   9.6284771554847891E-009   6.4337110882057069E-009
   0.0000000000000000        0.0000000000000000     
          53   6.9296035369865134E-009   2.1235932427809226E-009
   7.1704343778273064E-009   3.5384777490613838E-009
   0.0000000000000000        0.0000000000000000     
          54   5.8839562730352207E-009   1.2367134216249867E-009
   5.3069861917480914E-009   2.2662014858733830E-009
   0.0000000000000000        0.0000000000000000     
          55   5.1755841665777187E-009   7.7241891334888560E-010
   3.9094576521987817E-009   1.6396184034583308E-009
   0.0000000000000000        0.0000000000000000     
          56   4.6921003178015741E-009   4.9823023298320789E-010
   2.7984383843776130E-009   1.3131005642851810E-009
   0.0000000000000000        0.0000000000000000     
          57   4.3618591394401406E-009   3.1901519907270615E-010
   1.8530062072486545E-009   1.1485900842019532E-009
   0.0000000000000000        0.0000000000000000     
          58   4.1418008249958506E-009   1.9022824012615196E-010
   9.9288964123635535E-010   1.0859795450616456E-009
   0.0000000000000000        0.0000000000000000     
          59   4.0073780454478461E-009   8.8268834357747002E-011
   1.5976534991882587E-010   1.0993455642439893E-009
   0.0000000000000000        0.0000000000000000     
          60   3.9454168294800144E-009  -1.3404694167797203E-012
  -6.9489614511667118E-010   1.1808985761084329E-009
   0.0000000000000000        0.0000000000000000     
          61   3.9501723775112696E-009  -8.9465734095745053E-011
  -1.6183399012507539E-009   1.3355173516567811E-009
   0.0000000000000000        0.0000000000000000     
          62   4.0238199152960277E-009  -1.8643340039410027E-010
  -2.6636323627825562E-009   1.5807081204327583E-009
   0.0000000000000000        0.0000000000000000     
          63   4.1753837505568051E-009  -3.0511474458205618E-010
  -3.8979542536301002E-009   1.9511519800892399E-009
   0.0000000000000000        0.0000000000000000     
          64   4.4227836960059855E-009  -4.6511607513667860E-010
  -5.4141187918358046E-009   2.5100990762455342E-009
   0.0000000000000000        0.0000000000000000     
          65   4.7986899636676865E-009  -7.0049900902338957E-010
  -7.3483134039749458E-009   3.3747089733987536E-009
   0.0000000000000000        0.0000000000000000     
          66   5.3578004161729642E-009  -1.0775822965162054E-009
  -9.9098577706907609E-009   4.7742891648906000E-009
   0.0000000000000000        0.0000000000000000     
          67   6.1887787951935966E-009  -1.7390991598124404E-009
  -1.3422811623432726E-008   7.1963451582227125E-009
   0.0000000000000000        0.0000000000000000     
          68   7.4191916207623062E-009  -3.0285376857097072E-009
  -1.8338125986267050E-008   1.1791958608642471E-008
   0.0000000000000000        0.0000000000000000     
          69   9.0798499209510367E-009  -5.8682461090158541E-009
  -2.4787039773803827E-008   2.1593138394726162E-008
   0.0000000000000000        0.0000000000000000     
          70   9.7498237571079387E-009  -1.2659295949340529E-008
  -2.8217617789647714E-008   4.4347481765014917E-008
   0.0000000000000000        0.0000000000000000     
          71   2.6230367125965114E-010  -2.3096769838526113E-008
   4.8958953561420028E-010   7.8848699030627348E-008
   0.0000000000000000        0.0000000000000000     
          72  -1.6767065585062513E-008  -1.6544226278733514E-008
   5.1522265203065123E-008   5.9885627143391807E-008
   0.0000000000000000        0.0000000000000000     
          73  -2.0119621841677478E-008  -4.0585496855940174E-009
   5.7519742259379414E-008   2.5581454670619581E-008
   0.0000000000000000        0.0000000000000000     
          74  -1.9521404497709955E-008   5.5838198805060647E-009
   5.1551649961179221E-008   7.1703324375847138E-009
   0.0000000000000000        0.0000000000000000     
          75  -1.4688001800281712E-008   1.7152009987047344E-008
   4.3463059945489072E-008  -6.1299624388909674E-009
   0.0000000000000000        0.0000000000000000     
          76   1.2184315677230711E-009   2.1886745372393864E-008
   2.9128370212951342E-008  -1.1992448372986643E-008
   0.0000000000000000        0.0000000000000000     
          77   1.0188225633519755E-008   1.2653470320750572E-008
   2.0880950341340613E-008  -6.9877226292629861E-009
   0.0000000000000000        0.0000000000000000     
          78   1.0213087028595634E-008   6.0444388800453384E-009
   1.9659735375857043E-008  -3.3706494747434578E-009
   0.0000000000000000        0.0000000000000000     
          79   8.9509501149519538E-009   3.0113304285495936E-009
   1.9867289695893495E-008  -2.0005212803083646E-009
   0.0000000000000000        0.0000000000000000     
          80   7.9770950827324738E-009   1.5365955255378755E-009
   2.0291936064531652E-008  -1.5766260728115830E-009
   0.0000000000000000        0.0000000000000000     
          81   7.3731196863837694E-009   7.2540940312128570E-010
   2.0814454846762919E-008  -1.5446257211917069E-009
   0.0000000000000000        0.0000000000000000     
          82   7.0532153100708035E-009   2.1921830617608844E-010
   2.1463724972824951E-008  -1.7025539892430299E-009
   0.0000000000000000        0.0000000000000000     
          83   6.9450315395289188E-009  -1.3898534907881620E-010
   2.2281495994681859E-008  -1.9783902504667779E-009
   0.0000000000000000        0.0000000000000000     
          84   7.0053590845632580E-009  -4.2643476594703001E-010
   2.3310166870077681E-008  -2.3526821900006686E-009
   0.0000000000000000        0.0000000000000000     
          85   7.2118772698102917E-009  -6.8679381621297444E-010
   2.4596961662357106E-008  -2.8323472056805487E-009
   0.0000000000000000        0.0000000000000000     
          86   7.5570371473175646E-009  -9.4922335863200812E-010
   2.6200611963197391E-008  -3.4432306070401980E-009
   0.0000000000000000        0.0000000000000000     
          87   8.0470138701788207E-009  -1.2381048798076424E-009
   2.8198839931751593E-008  -4.2314881374470570E-009
   0.0000000000000000        0.0000000000000000     
          88   8.6982238568872966E-009  -1.5788444139772224E-009
   3.0698599077881156E-008  -5.2720108334018064E-009
   0.0000000000000000        0.0000000000000000     
          89   9.5410742484351800E-009  -2.0034257145795950E-009
   3.3851064296479535E-008  -6.6865920998301306E-009
   0.0000000000000000        0.0000000000000000     
          90   1.0621511784979236E-008  -2.5574505286851507E-009
   3.7874538471254210E-008  -8.6802841462324498E-009
   0.0000000000000000        0.0000000000000000     
          91   1.2008429191932086E-008  -3.3119404514117067E-009
   4.3089017651000451E-008  -1.1616560837830395E-008
   0.0000000000000000        0.0000000000000000     
          92   1.3803175285542783E-008  -4.3853195430011985E-009
   4.9963145435167073E-008  -1.6182962043005323E-008
   0.0000000000000000        0.0000000000000000     
          93   1.6152105630094775E-008  -5.9881868557256578E-009
   5.9141682154551225E-008  -2.3784923349428718E-008
   0.0000000000000000        0.0000000000000000     
          94   1.9257157124781911E-008  -8.5214610890382426E-009
   7.1223616684500123E-008  -3.7549137706263332E-008
   0.0000000000000000        0.0000000000000000     
          95   2.3350561917723257E-008  -1.2806119180810482E-008
   8.4866049603699313E-008  -6.4833715692379166E-008
   0.0000000000000000        0.0000000000000000     
          96   2.8429077030667421E-008  -2.0640662789990040E-008
   8.5502960841648076E-008  -1.1984400882745585E-007
   0.0000000000000000        0.0000000000000000     
          97   3.2650358502762957E-008  -3.5991172760915230E-008
   1.8331280819041367E-008  -1.8599903106867460E-007
   0.0000000000000000        0.0000000000000000     
          98   2.4817335102867973E-008  -6.3339741530933801E-008
  -8.3732835523112841E-008  -1.5102724322470924E-007
   0.0000000000000000        0.0000000000000000     
          99  -1.4677698774768729E-008  -8.0012313156972251E-008
  -1.0181327892501890E-007  -8.0253369260664555E-008
   0.0000000000000000        0.0000000000000000     
         100  -4.7316819059220591E-008  -5.5764201090304191E-008
  -8.7888338467812188E-008  -4.3215481643340381E-008
   0.0000000000000000        0.0000000000000000     
         101  -5.0773487557950430E-008  -3.0507024934526531E-008
  -7.3881899166963604E-008  -2.5800196060569088E-008
   0.0000000000000000        0.0000000000000000     
         102  -4.6464986381711422E-008  -1.6853317071892782E-008
  -6.3345457964236743E-008  -1.6638104258727478E-008
   0.0000000000000000        0.0000000000000000     
         103  -4.2520859063465445E-008  -9.5306613980292975E-009
  -5.5609762454672228E-008  -1.1306975492873444E-008
   0.0000000000000000        0.0000000000000000     
         104  -4.0304929883415120E-008  -4.9516489138761963E-009
  -4.9873820387515478E-008  -7.9500565179136102E-009
   0.0000000000000000        0.0000000000000000     
         105  -4.0113468089450888E-008  -1.1442626487167901E-009
  -4.5562797428215442E-008  -5.6948530477887396E-009
   0.0000000000000000        0.0000000000000000     
         106  -4.2528922753482775E-008   4.0679528997333024E-009
  -4.2291459735999668E-008  -4.0932205658589067E-009
   0.0000000000000000        0.0000000000000000     
         107  -4.7160154381382014E-008   1.7695498753090267E-008
  -3.9802745838234767E-008  -2.8972892810084342E-009
   0.0000000000000000        0.0000000000000000     
         108  -2.1731436435023173E-008   4.4267499941948619E-008
  -3.7923627921996514E-008  -1.9607855336798221E-009
   0.0000000000000000        0.0000000000000000     
         109  -1.3950495930653395E-009   1.7434604004952591E-008
  -3.6536521278458390E-008  -1.1920134435801677E-009
   0.0000000000000000        0.0000000000000000     
         110  -7.6925289549217025E-009   7.0009265289621648E-009
  -3.5561748484732276E-008  -5.2979459406383615E-010
   0.0000000000000000        0.0000000000000000     
         111  -1.2346898507002485E-008   4.5273672419225733E-009
  -3.4946603171261199E-008   6.9719133348628132E-011
   0.0000000000000000        0.0000000000000000     
         112  -1.5655269070965224E-008   4.1379315001580462E-009
  -3.4658721152553976E-008   6.4089070414093063E-010
   0.0000000000000000        0.0000000000000000     
         113  -1.8490499618817670E-008   4.6160847834106888E-009
  -3.4682167259877592E-008   1.2138476441193581E-009
   0.0000000000000000        0.0000000000000000     
         114  -2.1344088652185668E-008   5.7209850371734758E-009
  -3.5015516895442712E-008   1.8187336926422906E-009
   0.0000000000000000        0.0000000000000000     
         115  -2.4551209723114409E-008   7.5500121150298208E-009
  -3.5671367728164529E-008   2.4901954090510311E-009
   0.0000000000000000        0.0000000000000000     
         116  -2.8399772243192258E-008   1.0473075760072151E-008
  -3.6677021145933349E-008   3.2736251903009364E-009
   0.0000000000000000        0.0000000000000000     
         117  -3.3132253855496288E-008   1.5294799106125014E-008
  -3.8074828091830786E-008   4.2358012805923297E-009
   0.0000000000000000        0.0000000000000000     
         118  -3.8689366530037161E-008   2.3701070515716404E-008
  -3.9915971211172645E-008   5.4848442263821274E-009
   0.0000000000000000        0.0000000000000000     
         119  -4.3387294016237341E-008   3.9061437604149100E-008
  -4.2223923887771023E-008   7.2023400712870040E-009
   0.0000000000000000        0.0000000000000000     
         120  -3.8907236925609369E-008   6.5417511343062330E-008
  -4.4849824312740517E-008   9.6174836438253504E-009
   0.0000000000000000        0.0000000000000000     
         121  -6.6288915430975454E-009   9.0614491691375636E-008
  -4.7411549318845906E-008   1.2504791102352700E-008
   0.0000000000000000        0.0000000000000000     
         122   3.6778570087951477E-008   7.8050997386734390E-008
  -5.0751480149078550E-008   1.5093999725269326E-008
   0.0000000000000000        0.0000000000000000     
         123   5.1061133377105814E-008   4.7832943245398462E-008
  -5.6400993488129647E-008   1.8693979084679087E-008
   0.0000000000000000        0.0000000000000000     
         124   4.8752599647199857E-008   2.7457322654702717E-008
  -6.4300382803999461E-008   2.5247430681132567E-008
   0.0000000000000000        0.0000000000000000     
         125   4.3608816967738389E-008   1.5830982826855126E-008
  -7.4275934823349133E-008   3.6932039234300409E-008
   0.0000000000000000        0.0000000000000000     
         126   3.9128152926315324E-008   8.4514953715302844E-009
  -8.5185533280648531E-008   5.8249878429127375E-008
   0.0000000000000000        0.0000000000000000     
         127   3.5343715565153704E-008   2.5224803068834189E-009
  -8.9486855326472494E-008   9.7463741967239263E-008
   0.0000000000000000        0.0000000000000000     
         128   3.0515134438832419E-008  -3.0641460874852115E-009
  -5.8896529170181830E-008   1.5473960612790284E-007
   0.0000000000000000        0.0000000000000000     
         129   2.3398030254715925E-008  -5.5489877834036566E-009
   2.6330147752230845E-008   1.7155157375988674E-007
   0.0000000000000000        0.0000000000000000     
         130   1.8633154715522034E-008  -3.6966216879389905E-009
   8.1785555094081183E-008   1.1862243481311795E-007
   0.0000000000000000        0.0000000000000000     
         131   1.7225986501786077E-008  -1.8682582328368847E-009
   8.5829902027724868E-008   6.9578446491133465E-008
   0.0000000000000000        0.0000000000000000     
         132   1.6999817610088336E-008  -1.1191840426051884E-009
   7.5291401942597740E-008   4.1996905946820908E-008
   0.0000000000000000        0.0000000000000000     
         133   1.7122903866436781E-008  -1.0120244429289555E-009
   6.4251410873642040E-008   2.7053318992917127E-008
   0.0000000000000000        0.0000000000000000     
         134   1.7438436476041894E-008  -1.2559281414922518E-009
   5.5229325416549521E-008   1.8474629310332423E-008
   0.0000000000000000        0.0000000000000000     
         135   1.7951565574900089E-008  -1.7472074422256523E-009
   4.8176134001859354E-008   1.3206960989255749E-008
   0.0000000000000000        0.0000000000000000     
         136   1.8708243375391561E-008  -2.4900471998861932E-009
   4.2661352677133703E-008   9.7721197651988969E-009
   0.0000000000000000        0.0000000000000000     
         137   1.9771237115427818E-008  -3.5725433924024970E-009
   3.8297033879800175E-008   7.4119426959593918E-009
   0.0000000000000000        0.0000000000000000     
         138   2.1210888522844161E-008  -5.1912755830721071E-009
   3.4789608118816312E-008   5.7083046878940753E-009
   0.0000000000000000        0.0000000000000000     
