   262144.00000000000     
         256           1           3
   1.7567330116226543E-005  -9.2646085535570002        161.96561313430001     
   6.0401400154609997        12.000000000000000        5733.8999999999996     
           0   0.0000000000000000        0.0000000000000000     
   0.0000000000000000        0.0000000000000000     
   0.0000000000000000        0.0000000000000000     
           1  -2.0928071972011111E-010   1.2972887976941492E-012
  -3.6569978535824666E-010  -1.0490739658136679E-012
  -2.1718125963260891E-009  -9.3612153069891956E-012
           2  -2.1088860385080423E-010   1.6805544011390698E-012
  -3.6537436216521979E-010  -4.8932219018256039E-013
  -2.1675440149013355E-009  -5.5810503491316564E-012
           3  -2.1362412782231236E-010   2.4159503230528914E-012
  -3.6478395559954149E-010  -4.9754004067895843E-013
  -2.1600127251608592E-009  -6.4657071918127803E-012
           4  -2.1746244556025928E-010   3.2511694557415191E-012
  -3.6404668991087200E-010  -6.1172883690151483E-013
  -2.1501470917545404E-009  -8.2501170623026689E-012
           5  -2.2249105351812591E-010   4.1604394739510664E-012
  -3.6311944209044373E-010  -7.6076458481453775E-013
  -2.1375406566761671E-009  -1.0365720988755579E-011
           6  -2.2881176206761204E-010   5.1535135533858138E-012
  -3.6197226425935799E-010  -9.3155485955459703E-013
  -2.1218761882129386E-009  -1.2719982117750201E-011
           7  -2.3654978819863820E-010   6.2499703004556481E-012
  -3.6057841598313774E-010  -1.1230415690156093E-012
  -2.1028416306804493E-009  -1.5320953353472974E-011
           8  -2.4586156233807640E-010   7.4754610948752106E-012
  -3.5890869175320772E-010  -1.3379554170809958E-012
  -2.0800802734540592E-009  -1.8210616457837704E-011
           9  -2.5694245464899094E-010   8.8619478356636245E-012
  -3.5692853520195668E-010  -1.5809807709349730E-012
  -2.0531625623376147E-009  -2.1450843759307751E-011
          10  -2.7003608325159414E-010   1.0449238244945362E-011
  -3.5459588339404426E-010  -1.8584342032532793E-012
  -2.0215623924417978E-009  -2.5122043416051743E-011
          11  -2.8544634959798961E-010   1.2287426423116340E-011
  -3.5185893565333442E-010  -2.1784552107635367E-012
  -1.9846308029574662E-009  -2.9326433798612127E-011
          12  -3.0355341818508202E-010   1.4440384610633671E-011
  -3.4865343427765567E-010  -2.5514866531149862E-012
  -1.9415629916279212E-009  -3.4194325385577540E-011
          13  -3.2483526425355458E-010   1.6990716093641693E-011
  -3.4489911450442953E-010  -2.9910344705774273E-012
  -1.8913548180896004E-009  -3.9893623243506193E-011
          14  -3.4989713484807407E-010   2.0046862838491101E-011
  -3.4049491445785870E-010  -3.5147907985833687E-012
  -1.8327439306473037E-009  -4.6643699939094191E-011
          15  -3.7951243313411014E-010   2.3753489141997229E-011
  -3.3531236869015760E-010  -4.1462891311856421E-012
  -1.7641285198336321E-009  -5.4735750418762472E-011
          16  -4.1468041408354095E-010   2.8306975131256020E-011
  -3.2918631712145461E-010  -4.9173798853953126E-012
  -1.6834530935310836E-009  -6.4563178197047909E-011
          17  -4.5670335802557329E-010   3.3979095235728758E-011
  -3.2188811325978005E-010  -5.8720154186780178E-012
  -1.5880442764823221E-009  -7.6668004026139324E-011
          18  -5.0733181290954467E-010   4.1154200913941257E-011
  -3.1315988778387179E-010  -7.0721908941153540E-012
  -1.4743720862338836E-009  -9.1813675144204102E-011
          19  -5.6891355454268831E-010   5.0389439910312509E-011
  -3.0260435135572091E-010  -8.6075652274221843E-012
  -1.3376863473739715E-009  -1.1110288220584239E-010
          20  -6.4470193505731689E-010   6.2515817155103386E-011
  -2.8969300255023328E-010  -1.0611597833201714E-011
  -1.1714588517715690E-009  -1.3617513010934504E-010
          21  -7.3930304630792376E-010   7.8814958031524451E-011
  -2.7369580655474740E-010  -1.3289766272064179E-011
  -9.6648732333611980E-010  -1.6955209537008588E-010
          22  -8.5945344766682265E-010   1.0134373334257991E-010
  -2.5349467466171075E-010  -1.6971377747605573E-011
  -7.0940624595167022E-010  -2.1527157413497224E-010
          23  -1.0153241599597087E-009   1.3356625073025531E-010
  -2.2746859629576125E-010  -2.2210417589255708E-011
  -3.8008841009839683E-010  -2.8012124988215964E-010
          24  -1.2229984249182100E-009   1.8167488370250556E-010
  -1.9302398719344842E-010  -2.9996333656963537E-011
   5.3131958251100479E-011  -3.7621696910375556E-010
          25  -1.5091900844995170E-009   2.5760713027287338E-010
  -1.4590766620516008E-010  -4.2235375756764188E-011
   6.4285566462146841E-010  -5.2688987715057559E-010
          26  -1.9216900240218137E-009   3.8676169922251215E-010
  -7.8465658522349838E-011  -6.2981665288442284E-011
   1.4825628801441607E-009  -7.8174224400686349E-010
          27  -2.5528272462029379E-009   6.3092849353213029E-010
   2.4092546011838079E-011  -1.0209552988879541E-010
   2.7531092765743145E-009  -1.2613868037809532E-009
          28  -3.6000963229154636E-009   1.1721091343095713E-009
   1.9322783459977669E-010  -1.8861649549404318E-010
   4.8402620953453453E-009  -2.3209874375812681E-009
          29  -5.4979293473360827E-009   2.7234493422651560E-009
   4.9833045978133176E-010  -4.3632476225758342E-010
   8.5922404819453577E-009  -5.3520148811195003E-009
          30  -7.8257607443803623E-009   9.1866906747731987E-009
   8.7232423306714349E-010  -1.4677197678994333E-009
   1.3189502863986448E-008  -1.7967095447661682E-008
          31   7.2387782661314504E-009   1.5008840040125024E-008
  -1.5281300074511304E-009  -2.3968609493612960E-009
  -1.6139771170214868E-008  -2.9332124872269249E-008
          32   8.6436772415408755E-009   4.1811321834442409E-009
  -1.7489669232172968E-009  -6.6965838108359188E-010
  -1.8809735435111709E-008  -8.2131871298688341E-009
          33   6.2906081353935023E-009   1.5553751060995216E-009
  -1.3697784314723772E-009  -2.5105219826889089E-010
  -1.4138120943451962E-008  -3.0977938750806707E-009
          34   5.0204085597344161E-009   7.5205974484797112E-010
  -1.1629504836821398E-009  -1.2323081587865863E-010
  -1.1568188189644673E-008  -1.5393218097215735E-009
          35   4.3195964564920695E-009   4.1096472556795291E-010
  -1.0464834477168326E-009  -6.9169346033915803E-011
  -1.0096124035892255E-008  -8.8408533720918920E-010
          36   3.9178014945182976E-009   2.3124063942455919E-010
  -9.7721559861215834E-010  -4.0844335902339089E-011
  -9.1924610118353451E-009  -5.4527546915268673E-010
          37   3.6946839145077871E-009   1.1983573305410768E-010
  -9.3599400057235504E-010  -2.3356257931179293E-011
  -8.6201125604147225E-009  -3.4141168072236003E-010
          38   3.5931871879435440E-009   4.0253285775118129E-011
  -9.1384813228560151E-010  -1.0769010153031812E-011
  -8.2654891844164122E-009  -2.0107345786867655E-010
          39   3.5858227183522852E-009  -2.4840612952822568E-011
  -9.0671797849609201E-010  -7.5447782077490821E-014
  -8.0732608661555373E-009  -8.9490062781130799E-011
          40   3.6612828847597685E-009  -8.5503266292935468E-011
  -9.1359775771301671E-010   1.0864201965686744E-011
  -8.0214996756461616E-009   1.5822834912102510E-011
          41   3.8190543622125815E-009  -1.4925455575061936E-010
  -9.3614070004152948E-010   2.4514393084713978E-011
  -8.1148439157781741E-009   1.3756171855983171E-010
          42   4.0680435385590675E-009  -2.2368963317916796E-010
  -9.7978482296179305E-010   4.5387605004571477E-011
  -8.3912534864739197E-009   3.1383099544204354E-010
          43   4.4282169989763778E-009  -3.1898601980465748E-010
  -1.0574925559302615E-009   8.5124925377479315E-011
  -8.9509473128386752E-009   6.4009691900556990E-010
          44   4.9356341162343819E-009  -4.5254887558697078E-010
  -1.1991632941296076E-009   1.8494745161544900E-010
  -1.0032771571966281E-008   1.4527510048552246E-009
          45   5.6501196110052908E-009  -6.6487902160894938E-010
  -1.4298877853472983E-009   5.5676578386857426E-010
  -1.1834070924899193E-008   4.4822768603131967E-009
          46   6.5953746946848931E-009  -1.0242941241829594E-009
  -6.1697991193123045E-010   1.4480267306784293E-009
  -5.0850802858113872E-009   1.1747158660748586E-008
          47   8.0557865216545686E-009  -1.4802522572628425E-009
  -8.4048772758622409E-011   4.8352489033924835E-010
  -5.8741863592249368E-010   3.8198138601084406E-009
          48   1.0458946080588072E-008  -2.5135452135663717E-009
  -3.3176048733196214E-010   1.8675656490809825E-010
  -2.3963911320821279E-009   1.3015375718460725E-009
          49   1.4618801520137798E-008  -5.1167277038238761E-009
  -4.9997015557326331E-010   1.1237391527369323E-010
  -3.4001699024326693E-009   4.5663064201289264E-010
          50   2.2006992567869781E-008  -1.4117618593602531E-008
  -6.3050651642186682E-010   8.8833904233404736E-011
  -3.8030796204300318E-009  -5.6714202397910050E-010
          51   1.1225854184222114E-008  -4.8225792140389144E-008
  -7.8977474484085344E-010   6.7196849731594938E-011
  -6.1370010751965271E-009  -3.9097524429399585E-009
          52  -2.6852423698542311E-008  -2.2984053769167144E-008
  -1.0276066235754389E-009   1.6123926867237200E-010
  -1.1661422126036477E-008  -7.8752470183584975E-010
          53  -1.9288575803938976E-008  -7.1097636122302818E-009
  -1.3218232206479911E-009   3.5604293122987495E-010
  -1.3410563108162054E-008   2.2872832781263364E-009
          54  -1.4134257747945728E-008  -3.0940632911399082E-009
  -1.8287614902333839E-009   9.9278984094354047E-010
  -1.7132348328062745E-008   7.8699216562325174E-009
          55  -1.1193399676104783E-008  -1.4707934854100481E-009
  -9.2929244473618774E-010   3.2889075708222056E-009
  -9.5849184836067261E-009   2.6784716022822833E-008
          56  -9.2914748343246001E-009  -9.3342309427725911E-010
   1.4194242534710303E-009   1.4472161102750853E-009
   9.6892557054646252E-009   1.1803183337687092E-008
          57  -8.2335779434876862E-009  -6.3499968469105871E-010
   9.0412322003048610E-010   4.5714153478493785E-010
   5.4759968348186702E-009   3.7572564824479429E-009
          58  -7.5396012063718453E-009  -4.2181220399559559E-010
   5.6695941896840111E-010   2.0465232716934594E-010
   2.6646249781813393E-009   1.7304081656914701E-009
          59  -7.0847455316651010E-009  -2.6968993622702938E-010
   3.8147959733396720E-010   1.1044397444546207E-010
   1.0465428114593320E-009   9.9398715265101576E-010
          60  -6.8055702268243673E-009  -1.5368886520167529E-010
   2.7225969450870154E-010   6.5096412944603137E-011
   6.7965246693571771E-012   6.5761835399964464E-010
          61  -6.6664034669142788E-009  -5.7717396651079855E-011
   2.0574515114335796E-010   3.9082985582955789E-011
  -7.3223696533617165E-010   4.8305938551069556E-010
          62  -6.6485944172471900E-009   2.8979579148889123E-011
   1.6630804243357862E-010   2.1905154009211147E-011
  -1.3053465847528447E-009   3.8759418018479904E-010
          63  -6.7455822197499650E-009   1.1467104316898431E-010
   1.4626159405824215E-010   8.9922511777310055E-012
  -1.7870148260276004E-009   3.3763043244617822E-010
          64  -6.9611641045916833E-009   2.0709862582056321E-010
   1.4190940211794500E-010  -2.0487127743026949E-012
  -2.2249395347103673E-009   3.1881608284381851E-010
          65  -7.3099154815915092E-009   3.1521096737995899E-010
   1.5186570888763626E-010  -1.2780434590302030E-011
  -2.6556481676667311E-009   3.2619802317989087E-010
          66  -7.8198566913024710E-009   4.5137830905658781E-010
   1.7673422784130597E-010  -2.4565530192844358E-011
  -3.1136501369758377E-009   3.6115294036733401E-010
          67  -8.5389345459937883E-009   6.3516412159097102E-010
   2.1875205871903650E-010  -3.9027676358721680E-011
  -3.6392094447500994E-009   4.3169005401470456E-010
          68  -9.5479731114687585E-009   9.0099755037739158E-010
   2.8290351692803974E-010  -5.8660117609471164E-011
  -4.2883509457858426E-009   5.5616098927437890E-010
          69  -1.0987050695962410E-008   1.3159607778552696E-009
   3.7812164971514473E-010  -8.8053248986848155E-011
  -5.1502984111647022E-009   7.7365158462510462E-010
          70  -1.3113712248020540E-008   2.0269312627139845E-009
   5.2152017151924407E-010  -1.3703700607431028E-010
  -6.3839315882264819E-009   1.1726636130536416E-009
          71  -1.6443032874612440E-008   3.4083268477785806E-009
   7.4716228706003373E-010  -2.3045132277564231E-010
  -8.3041449145820636E-009   1.9818480946342696E-009
          72  -2.2105001379297720E-008   6.6451936481029860E-009
   1.1299337633323710E-009  -4.4663784499077909E-010
  -1.1601657042930014E-008   3.9288843206538515E-009
          73  -3.2376446959601728E-008   1.6904898798601462E-008
   1.8206914223872802E-009  -1.1267304387265951E-009
  -1.7670564807418063E-008   1.0193639113965174E-008
          74  -3.3071909360776903E-008   6.0799888721869515E-008
   1.8843116719639136E-009  -4.0268793857490237E-009
  -1.7761646649530186E-008   3.7163080783159820E-008
          75   3.9157850399235339E-008   4.7361648293572207E-008
  -2.8575277086076061E-009  -3.1453526632563941E-009
   2.7160490484643080E-008   2.8804491426585782E-008
          76   3.0487457555256537E-008   1.3650220626954948E-008
  -2.2535016251612380E-009  -9.2794824115494835E-010
   2.2381026460967376E-008   7.9353243339537082E-009
          77   2.1308129157670884E-008   5.7404373801025385E-009
  -1.6052682370224920E-009  -4.1560777358153677E-010
   1.7452507658436170E-008   2.9206422564784114E-009
          78   1.6230764072300693E-008   3.0643187652544315E-009
  -1.2125516613553481E-009  -2.5281563868043690E-010
   1.5275033421812726E-008   1.0717583503313486E-009
          79   1.3172404877701780E-008   1.8783002202820576E-009
  -9.3074997312055436E-010  -1.9538690932525293E-010
   1.4661481019682744E-008   4.5647551653712011E-011
          80   1.1164987515171924E-008   1.2621127690803253E-009
  -6.8417468125339193E-010  -1.8809408736644828E-010
   1.5175810860278639E-008  -7.9694334148227843E-010
          81   9.7505229767125357E-009   9.1598634841178720E-010
  -4.2099175758078229E-010  -2.2301566058465539E-010
   1.6823371222094279E-008  -1.7964195860026358E-009
          82   8.6777688193332399E-009   7.3252746622591355E-010
  -8.2149751195865939E-011  -3.2246698994901983E-010
   2.0010842161352880E-008  -3.4040399852780580E-009
          83   7.7686731679750127E-009   7.0508675853096377E-010
   4.3601577343502940E-010  -5.7493799910044725E-010
   2.5837611694328105E-008  -6.7865871374467432E-009
          84   6.8355300411639449E-009   1.0134304972611444E-009
   1.3446448607920467E-009  -1.3543633455908673E-009
   3.6794794773440243E-008  -1.6562656540953771E-008
          85   6.1065820796680185E-009   2.7948535879695162E-009
   2.1618051338033558E-009  -4.7241551596254926E-009
   4.6943436559589708E-008  -5.7994074036424270E-008
          86   1.0008226604826161E-008   3.3848010774310347E-009
  -5.0669900475117217E-009  -5.9410160108047765E-009
  -4.1005662995207347E-008  -7.3095572302191171E-008
          87   9.9530983204437918E-009   8.7694080265915108E-010
  -5.0120181374078614E-009  -1.6118411150776925E-009
  -3.9577668081587112E-008  -2.0391111128573222E-008
          88   9.5217460921410456E-009   2.1575642715560136E-010
  -4.0766904668428205E-009  -5.8774908471042890E-010
  -2.7042469620211936E-008  -8.1411729153263751E-009
          89   9.4836464287870025E-009  -7.2625544370922132E-011
  -3.6222948705972173E-009  -2.4779993599924822E-010
  -1.9983247484381906E-008  -4.3198993923860781E-009
          90   9.7356462737561334E-009  -2.8245512189160055E-010
  -3.4304736644094043E-009  -8.3608645097075728E-011
  -1.5625824913464640E-008  -2.7477531113144001E-009
          91   1.0256286647797766E-008  -4.9574768407276444E-010
  -3.4009579085424054E-009   2.5105406208824614E-011
  -1.2577035018596274E-008  -2.0139860392426832E-009
          92   1.1085771504148409E-008  -7.6168186724256102E-010
  -3.5004220478411583E-009   1.2201939423577841E-010
  -1.0163592332334389E-008  -1.6890913291235258E-009
          93   1.2327176075396494E-008  -1.1416780581918146E-009
  -3.7329072462065171E-009   2.3457251457320668E-010
  -7.9866202729893406E-009  -1.6353912431352819E-009
          94   1.4183117641619382E-008  -1.7503018639915411E-009
  -4.1365584260015308E-009   3.9653887373286648E-010
  -5.7205625928743005E-009  -1.8535956660343806E-009
          95   1.7054436854931114E-008  -2.8531233849986681E-009
  -4.8031264328324461E-009   6.7611773351802216E-010
  -2.9678646080741020E-009  -2.4959443945716671E-009
          96   2.1795623306935648E-008  -5.2058538428553873E-009
  -5.9390799443903201E-009   1.2609699101640455E-009
   9.6154925544437750E-010  -4.0926530210713301E-009
          97   3.0314131930395470E-008  -1.1646543271592851E-008
  -8.0110480378570194E-009   2.8510645594492515E-009
   7.5057304937271846E-009  -8.7091299156686459E-009
          98   4.2811983272903406E-008  -3.7347604364440913E-008
  -1.1067457501752251E-008   9.1844021376806681E-009
   1.6838866383456113E-008  -2.7453234280804905E-008
          99  -1.8795465141855645E-008  -7.9236338922292146E-008
   4.1285660714974422E-009   1.9504377225814098E-008
  -2.8235515151141760E-008  -5.8067400783578210E-008
         100  -3.7024603743208755E-008  -2.3305240705746352E-008
   8.6380819971609811E-009   5.7271720644295702E-009
  -4.1627962531016080E-008  -1.7013527527487694E-008
         101  -2.4855208075246215E-008  -8.4490031917401709E-009
   5.6589473140709983E-009   2.0674560058282333E-009
  -3.2845373703924028E-008  -6.0560223016766730E-009
         102  -1.7977915482848852E-008  -4.1554677070516601E-009
   3.9839413334822179E-009   1.0090577131707650E-009
  -2.8039591212017982E-008  -2.8348809534087848E-009
         103  -1.3994174868804537E-008  -2.4255207616963003E-009
   3.0232689051208027E-009   5.8149207706959428E-010
  -2.5459849727620611E-008  -1.4851308623285531E-009
         104  -1.1464598701238322E-008  -1.5714382405972394E-009
   2.4231319715077931E-009   3.6892889228237211E-010
  -2.4063714952745165E-008  -7.6528283453151342E-010
         105  -9.7396590663538251E-009  -1.0918598080390445E-009
   2.0247674266359947E-009   2.4770820060070245E-010
  -2.3395306081572254E-008  -3.0140644906317903E-010
         106  -8.4986814247411077E-009  -7.9892536169804335E-010
   1.7504777524772414E-009   1.7129494849395809E-010
  -2.3249848400139904E-008   5.3741227632967275E-011
         107  -7.5661687297135342E-009  -6.1077822008061719E-010
   1.5588605633337316E-009   1.1910953144640964E-010
  -2.3544584312076527E-008   3.7512832224928936E-010
         108  -6.8357905771906313E-009  -4.8873268029497310E-010
   1.4262725413844309E-009   8.0941146700112535E-011
  -2.4272514828948948E-008   7.1612939846078294E-010
         109  -6.2351963060720498E-009  -4.1540215061074379E-010
   1.3384791902924425E-009   5.1334681804762266E-011
  -2.5493865126643109E-008   1.1344030354369825E-009
         110  -5.7050190453444049E-009  -3.8797552789804502E-010
   1.2865017559811468E-009   2.7422933477070180E-011
  -2.7356130788509891E-008   1.7198610862884389E-009
         111  -5.1812444740130891E-009  -4.2144087080807227E-010
   1.2640289854413701E-009   8.4041345384716648E-012
  -3.0157433020389293E-008   2.6532460527390797E-009
         112  -4.5674541311377960E-009  -5.7030310196718691E-010
   1.2645376404918160E-009  -3.1219308809968574E-012
  -3.4508764773054650E-008   4.3799272525701760E-009
         113  -3.6746469710229638E-009  -1.0212667665409282E-009
   1.2764804258614576E-009   6.2147309793757066E-012
  -4.1754128808739268E-008   8.2829791205823733E-009
         114  -2.1246649309626954E-009  -2.5974944108021533E-009
   1.2760917135802435E-009   1.0240782911793187E-010
  -5.4653584058603120E-008   2.0289813614586746E-008
         115  -1.9554054468772436E-009  -9.6643713949015340E-009
   1.4475614379761723E-009   6.4740793258111538E-010
  -5.8823145786093288E-008   7.1608236345609266E-008
         116  -1.4964046352187865E-008  -8.1054553416128311E-009
   2.8032742651871424E-009   4.4683951512331049E-010
   2.9604161037427772E-008   6.1676895162428911E-008
         117  -1.4354965556891164E-008  -1.8051224363074932E-009
   3.1264954815444687E-009  -1.8769619220282239E-010
   1.9073165466006258E-008   1.8393635796263118E-008
         118  -1.3760000845665059E-008  -7.9382637084063372E-011
   3.6234782488299280E-009  -5.0268040465386525E-010
   6.0127815430155314E-009   8.5713598032062100E-009
         119  -1.4383197408096805E-008   9.0392036147626145E-010
   4.5076610878194810E-009  -8.8481282715487523E-010
  -2.4328794087848903E-009   5.6841734838221866E-009
         120  -1.6216896937351887E-008   2.0820835444852785E-009
   6.0042901752035871E-009  -1.5780382462083665E-009
  -9.1665275073692150E-009   5.0680688222513867E-009
         121  -1.9869567644405507E-008   4.4199952034601860E-009
   8.6631065692006268E-009  -3.1839594944461436E-009
  -1.6034555469072081E-008   6.1403314790271885E-009
         122  -2.6859515364826558E-008   1.1402740763240709E-008
   1.3641104534472050E-008  -8.2398295129383901E-009
  -2.4858176412948642E-008   1.1034109354443380E-008
         123  -2.8828224141199106E-008   4.1127429339228995E-008
   1.4753796315086448E-008  -3.0112143821715445E-008
  -3.0039180107130166E-008   3.2767945798284936E-008
         124   2.2919514499933377E-008   3.5410543615273882E-008
  -2.4058733615184669E-008  -2.5726247745454729E-008
   3.3526934446065543E-009   2.9121644698431380E-008
         125   1.7349434841840207E-008   1.0265954173763544E-008
  -2.0703999494204094E-008  -6.8946633067274170E-009
  -5.8047946900162075E-009   1.1869596335723899E-008
         126   1.0353559287125365E-008   4.5231317372526869E-009
  -1.6662883952737482E-008  -2.2747834318684162E-009
  -1.7750112330356262E-008   9.5908165625224970E-009
         127   6.1033767125237803E-009   2.8080553847402917E-009
  -1.5273488179923735E-008  -3.1202654089608719E-010
  -3.0974883348873287E-008   1.2149501300474584E-008
         128   2.9074165867695352E-009   2.4871888959084128E-009
  -1.5834882549793536E-008   1.4884680162500933E-009
  -4.9944981005152944E-008   2.0817880463974440E-008
         129  -3.3477477198543838E-010   3.6507345398480298E-009
  -1.8699040156328428E-008   5.3333006859326683E-009
  -8.2285478209429530E-008   4.8977198177920540E-008
         130  -2.5713454979363221E-009   1.0283068016383219E-008
  -2.0597615976556113E-008   2.0621778503613007E-008
  -1.0345076742637545E-007   1.7192549934974973E-007
         131   1.0086111150710158E-008   1.0710621978766743E-008
   9.4355246306811579E-009   2.2003684866987013E-008
   1.3863229676842263E-007   1.8179346577378978E-007
         132   8.5589892076781508E-009   3.3272266390368047E-009
   7.8912932032243535E-009   6.0709611480065272E-009
   1.2423697451194350E-007   5.0408278543878829E-008
         133   6.1312578416503859E-009   1.6058696169644437E-009
   4.1048454058740591E-009   2.4334867635088473E-009
   9.2934113385091277E-008   1.9637499137686757E-008
         134   4.5175689492202907E-009   1.0800512803119541E-009
   1.9911974133741832E-009   1.3027643532594240E-009
   7.6697635738393166E-008   9.2976149947288524E-009
         135   3.2393509817331558E-009   9.3658995111043781E-010
   6.6059988590397097E-010   8.6387367110249884E-010
   6.8445298104714379E-008   4.3386352159979943E-009
         136   1.9874638475726621E-009   1.0412344204957192E-009
  -3.3502073299837058E-010   7.0955394416101138E-010
   6.5043811716935555E-008   1.0174516048940723E-009
         137   4.4883464211108976E-010   1.5237615212167600E-009
  -1.2522046846855849E-009   7.6358094958697844E-010
   6.5609384847527315E-008  -2.3978145391773039E-009
         138  -1.9026837826459801E-009   3.1182433084383589E-009
  -2.3333785779864901E-009   1.2059734376726522E-009
   7.0852471820010524E-008  -8.5884290820293407E-009
