   262144.00000000000     
         256           1           3
   1.7567330116226543E-005  -11.098339920101999        85.396172594000006     
   6.0401400154609997        12.000000000000000        5733.8999999999996     
           0   0.0000000000000000        0.0000000000000000     
   0.0000000000000000        0.0000000000000000     
   0.0000000000000000        0.0000000000000000     
           1  -1.0375043755901941E-009   2.0232779619719604E-011
  -3.1121295978320845E-009   7.0196916876368718E-011
  -1.1148553147656076E-008   2.4878504781946298E-010
           2  -1.0267335855224295E-009   2.0256820918991618E-011
  -3.0838108524640285E-009   7.0600371939086435E-011
  -1.1049367606568510E-008   2.4436012204589583E-010
           3  -1.0195644726037125E-009   1.9609009716386245E-011
  -3.0698039357111145E-009   7.1301863887935670E-011
  -1.0997241857444843E-008   2.4481638057753357E-010
           4  -1.0134486213009412E-009   1.8844305685685950E-011
  -3.0624782678998785E-009   7.2247033048484334E-011
  -1.0966116117010802E-008   2.4640055806430230E-010
           5  -1.0074884559990812E-009   1.7976647833490142E-011
  -3.0594962502019988E-009   7.3396162291876231E-011
  -1.0948137018842804E-008   2.4857734651652289E-010
           6  -1.0012155871666870E-009   1.6970904340766200E-011
  -3.0598732504921600E-009   7.4739805674085135E-011
  -1.0939859016483956E-008   2.5121782783656462E-010
           7  -9.9429107334366907E-010   1.5781107145196491E-011
  -3.0631432836591902E-009   7.6286173636995282E-011
  -1.0939525003030177E-008   2.5429106076646393E-010
           8  -9.8640538524634155E-010   1.4351847154942352E-011
  -3.0690941323014119E-009   7.8055705021805756E-011
  -1.0946186853097431E-008   2.5780624442630287E-010
           9  -9.7723185457182592E-010   1.2615003842537426E-011
  -3.0776642376358055E-009   8.0079711816073571E-011
  -1.0959350613707311E-008   2.6179752148666952E-010
          10  -9.6639617616674251E-010   1.0484852766463955E-011
  -3.0888990990817961E-009   8.2401218507696538E-011
  -1.0978815159076795E-008   2.6632032577074044E-010
          11  -9.5344908255315302E-010   7.8513884865523059E-012
  -3.1029344906931427E-009   8.5077424897583781E-011
  -1.1004595777515711E-008   2.7145256921810231E-010
          12  -9.3784673156248228E-010   4.5702691670187374E-012
  -3.1200085810953722E-009   8.8184011497722699E-011
  -1.1036891592365927E-008   2.7729910451618222E-010
          13  -9.1886908050040352E-010   4.5240798286670727E-013
  -3.1404150680015047E-009   9.1820921923765020E-011
  -1.1076078199186170E-008   2.8399953871006149E-010
          14  -8.9563326176204203E-010  -4.7601228489919679E-012
  -3.1646061898047118E-009   9.6122842116823505E-011
  -1.1122723701982544E-008   2.9174051999906250E-010
          15  -8.6697838016216913E-010  -1.1420749023529584E-011
  -3.1931684180650141E-009   1.0127320005713850E-010
  -1.1177622005346165E-008   3.0077460405396018E-010
          16  -8.3137271163693632E-010  -2.0025000243834660E-011
  -3.2268847933099756E-009   1.0752693800375895E-010
  -1.1241852061142287E-008   3.1144961573598812E-010
          17  -7.8676062159391795E-010  -3.1283610308746583E-011
  -3.2668083496873172E-009   1.1524655725251094E-010
  -1.1316871017737042E-008   3.2425538255435474E-010
          18  -7.3033011397629668E-010  -4.6242966020275941E-011
  -3.3143748336889342E-009   1.2496142780956330E-010
  -1.1404659380557566E-008   3.3990047921899670E-010
          19  -6.5816872925786104E-010  -6.6492184579050471E-011
  -3.3715710611520826E-009   1.3746900325550737E-010
  -1.1507950529281018E-008   3.5944311850003089E-010
          20  -5.6459757805778847E-010  -9.4528682179858996E-011
  -3.4412559500680610E-009   1.5401661262037032E-010
  -1.1630599364779400E-008   3.8452455305874199E-010
          21  -4.4130092783436622E-010  -1.3445989130618529E-010
  -3.5275893718089862E-009   1.7664188369524138E-010
  -1.1778206628024397E-008   4.1780823326768235E-010
          22  -2.7551461963554817E-010  -1.9339945373261121E-010
  -3.6368831106848141E-009   2.0885806103497633E-010
  -1.1959201886478922E-008   4.6386010029327748E-010
          23  -4.6885965265675074E-011  -2.8450788276176602E-010
  -3.7792344050016151E-009   2.5714235719017843E-010
  -1.2186830095133090E-008   5.3105592465775564E-010
          24   2.7868323186036686E-010  -4.3425312883257344E-010
  -3.9713335781186054E-009   3.3447956177250389E-010
  -1.2482956232518180E-008   6.3613060320960671E-010
          25   7.6096985967710209E-010  -7.0199504548469848E-010
  -4.2424424149652346E-009   4.6992100667080278E-010
  -1.2885560806993686E-008   8.1642781314929777E-010
          26   1.5071803471193953E-009  -1.2415547864629730E-009
  -4.6446650812732178E-009   7.3859161980987430E-010
  -1.3462142117657465E-008   1.1683650352779127E-009
          27   2.6718212339943359E-009  -2.5332308373506042E-009
  -5.2524843793719223E-009   1.3746254587511786E-009
  -1.4308910413240373E-008   1.9921524608962599E-009
          28   3.7812869923086486E-009  -6.2917732578185019E-009
  -5.8326368203767350E-009   3.2118268565546994E-009
  -1.5127880845223509E-008   4.3564748432904033E-009
          29  -2.3653593179295910E-009  -1.2617441398467183E-008
  -2.8804393807397027E-009   6.2854059002374952E-009
  -1.1429233507393795E-008   8.3067701239153506E-009
          30  -9.1944956709114794E-009  -6.5330299808121471E-009
   3.7571636028254529E-010   3.3180804593547848E-009
  -7.3514204075164438E-009   4.5183449559740856E-009
          31  -8.1246830706406120E-009  -2.4872679743114652E-009
  -2.1422098289882712E-010   1.3589740276620729E-009
  -8.2141852666178288E-009   2.0245603771649124E-009
          32  -6.9395336669403287E-009  -1.1124291395979875E-009
  -8.6116635720599819E-010   7.0121980269430057E-010
  -9.1647523262578941E-009   1.2018759095579203E-009
          33  -6.2229312403840247E-009  -5.3628113864905901E-010
  -1.2854562953825815E-009   4.3266857834127865E-010
  -9.8477658875242616E-009   8.8265894601039200E-010
          34  -5.8106902982787393E-009  -2.3905280943446377E-010
  -1.5689331323287169E-009   3.0093426044944090E-010
  -1.0372568826102860E-008   7.4530699437280761E-010
          35  -5.5897466181820753E-009  -5.7338918897489396E-011
  -1.7682453026875035E-009   2.2707075604851920E-010
  -1.0817741283757994E-008   6.9146719322767642E-010
          36  -5.4999585519873929E-009   7.1797496061715289E-011
  -1.9143711565031002E-009   1.8102604003921907E-010
  -1.1231601110541748E-008   6.8723421122323764E-010
          37  -5.5104225374221762E-009   1.7743606165418525E-010
  -2.0243555588521474E-009   1.4926419977145225E-010
  -1.1648825932397086E-008   7.2328017016245449E-010
          38  -5.6068364304590336E-009   2.7581114203300472E-010
  -2.1077019225709228E-009   1.2449534686309328E-010
  -1.2101336382461311E-008   8.0532089996441225E-010
          39  -5.7856663346249144E-009   3.7829297668177545E-010
  -2.1691510017986017E-009   1.0148468718868781E-010
  -1.2627099778489550E-008   9.5777614735990748E-010
          40  -6.0522205620053232E-009   4.9498613427670667E-010
  -2.2099873238985831E-009   7.4092875478527563E-011
  -1.3279567478972230E-008   1.2454391358531708E-009
          41  -6.4213090537215064E-009   6.3606376721813123E-010
  -2.2289394366603153E-009   2.9913337835876721E-011
  -1.4127800967002297E-008   1.8492735823953792E-009
          42  -6.9261636763148308E-009   8.0901654599814311E-010
  -2.2320174705224403E-009  -6.6003679835845422E-011
  -1.5099904112763371E-008   3.3283071524871149E-009
          43  -7.6760149270162682E-009   1.0304017595688773E-009
  -2.3275699182381091E-009  -2.7284006185506416E-010
  -1.4413997974198119E-008   6.6414455858270662E-009
          44  -8.8227440015030700E-009   1.5630783370840754E-009
  -2.6485036516644735E-009  -2.7535293999329824E-010
  -9.8649628527424692E-009   6.5418097190450259E-009
          45  -1.0251046163063744E-008   2.5942517308626260E-009
  -2.7059762672929190E-009  -1.0740644783849796E-010
  -9.5123769942660937E-009   3.5271658093955238E-009
          46  -1.2253048216911345E-008   4.5245846965885301E-009
  -2.6539458893176534E-009  -6.7812198965677542E-011
  -1.0742117540002996E-008   2.3794256583729804E-009
          47  -1.4775802795843888E-008   9.0371706401657249E-009
  -2.5855851320604668E-009  -1.3176686010344653E-010
  -1.2013398199631333E-008   2.1877401658508557E-009
          48  -1.3376305605937934E-008   1.9849716654258666E-008
  -2.5811421030641594E-009  -3.5323710078740053E-010
  -1.3245218788964030E-008   2.6085534584770358E-009
          49   3.9763439182193726E-009   2.3799555489150878E-008
  -2.8892384061189666E-009  -4.9893920630802723E-010
  -1.4319762696501715E-008   3.4139254681397753E-009
          50   9.8133558401629333E-009   1.1552615827637970E-008
  -2.9824276866648076E-009  -3.6640231312706170E-010
  -1.5960885353607171E-008   4.8244770149614256E-009
          51   7.3096296761932978E-009   5.6180027495579889E-009
  -2.9110412304902131E-009  -4.9113296268441832E-010
  -1.7680561921600120E-008   8.8527352444693868E-009
          52   5.0138859802182994E-009   3.4573033893363084E-009
  -3.1730936219322540E-009  -9.2665602729246950E-010
  -1.3852947173877548E-008   1.6929972822581943E-008
          53   3.5888733313023342E-009   2.3499445786637571E-009
  -3.9247049656659900E-009  -7.5948564758880335E-010
  -2.1461718657593995E-009   1.4640294362504562E-008
          54   2.3665130614119889E-009   1.6243214869684025E-009
  -4.0517890778445333E-009  -2.7719925773871464E-010
  -9.6530806184886126E-010   6.9837247400143838E-009
          55   1.3408648299380229E-009   1.2475215494535566E-009
  -4.0000905004384266E-009  -6.0752631148986496E-011
  -2.9003677920268318E-009   3.6645301228334237E-009
          56   4.8763237859019250E-010   1.0510385745957675E-009
  -3.9752313092781112E-009   3.7448996024276981E-011
  -4.5367213457077772E-009   2.2818844482261254E-009
          57  -2.5820224267071825E-010   9.5396060565020407E-010
  -3.9852100480472116E-009   9.2231049602012000E-011
  -5.7400027857756348E-009   1.6206025597456163E-009
          58  -9.4744254122978320E-010   9.2183965442347611E-010
  -4.0219465976992781E-009   1.2952131169425243E-010
  -6.6531500005931141E-009   1.2679043788868587E-009
          59  -1.6188202708285655E-009   9.4037257623762445E-010
  -4.0800519704100753E-009   1.5966416946476357E-010
  -7.3836690981430413E-009   1.0674341721284384E-009
          60  -2.3055054623119300E-009   1.0061095142905693E-009
  -4.1569860412135313E-009   1.8771457267331951E-010
  -7.9997328472421920E-009   9.5222596053739083E-010
          61  -3.0401364662615709E-009   1.1236628493105823E-009
  -4.2524411979704096E-009   2.1687409991724840E-010
  -8.5458149494806420E-009   8.9123090493310604E-010
          62  -3.8594480297374025E-009   1.3062553845691963E-009
  -4.3676980193905747E-009   2.4991765452223935E-010
  -9.0534383004506687E-009   8.7018576779471399E-010
          63  -4.8097444324094370E-009   1.5794034755055447E-009
  -4.5059063285555997E-009   2.9011205242063469E-010
  -9.5478214066196980E-009   8.8445595736381122E-010
          64  -5.9545443809346678E-009   1.9896547565789747E-009
  -4.6722195534271930E-009   3.4224026803324348E-010
  -1.0052500956883554E-008   9.3712927329051735E-010
          65  -7.3865787727339672E-009   2.6240229898233970E-009
  -4.8750200003225471E-009   4.1443252782149675E-010
  -1.0593420368254975E-008   1.0408800243466059E-009
          66  -9.2454833133996109E-009   3.6554399929070999E-009
  -5.1269576556993695E-009   5.2214320265252390E-010
  -1.1203465132387778E-008   1.2254267074476720E-009
          67  -1.1736979747736720E-008   5.4587154464691710E-009
  -5.4473106296389323E-009   6.9820620052326271E-010
  -1.1927007555373403E-008   1.5583345917869983E-009
          68  -1.5092354008512424E-008   8.9354175489329190E-009
  -5.8583624540330613E-009   1.0208532726497101E-009
  -1.2813387117247726E-008   2.2044628898637136E-009
          69  -1.8954807248370278E-008   1.6434938491997967E-008
  -6.3338591507901291E-009   1.6934634075739100E-009
  -1.3806786301951336E-008   3.5958937693176104E-009
          70  -1.7833776825284024E-008   3.2642489241075274E-008
  -6.4089580895804049E-009   3.1247139946261700E-009
  -1.3914441740461907E-008   6.6027865634914558E-009
          71   6.1230504229793049E-009   4.5993952056680480E-008
  -4.5449702933745471E-009   4.3382860438531571E-009
  -9.8496623498272644E-009   9.1384152233426867E-009
          72   2.5693417551014137E-008   2.8809342800887707E-008
  -3.0643855039171430E-009   2.9379210282898665E-009
  -6.5641905723387871E-009   6.0840709860811530E-009
          73   2.4749096926741116E-008   1.4186573789484049E-008
  -3.3872249589355236E-009   1.7593474153996547E-009
  -7.0844028672392721E-009   3.4875838213356573E-009
          74   2.0764497499370421E-008   7.6367094347090899E-009
  -4.0291789024495159E-009   1.2996709584731907E-009
  -8.2312122733035324E-009   2.4016499879817575E-009
          75   1.7587262882510580E-008   4.5460618716177099E-009
  -4.6732367433184495E-009   1.1819486940276756E-009
  -9.3133558010311399E-009   2.0075205075599736E-009
          76   1.5319318989062901E-008   2.8872693963588555E-009
  -5.3350048960754956E-009   1.2620470489781243E-009
  -1.0341299642475471E-008   1.9718180730297316E-009
          77   1.3711307322159355E-008   1.8750367590065902E-009
  -6.0725551265281890E-009   1.5318978612816256E-009
  -1.1407203967430334E-008   2.2266567958892181E-009
          78   1.2571722630039834E-008   1.1586280719169742E-009
  -6.9510204880794311E-009   2.0912401437960928E-009
  -1.2607286962901235E-008   2.8749902392299325E-009
          79   1.1772130756478251E-008   5.2585435749249015E-010
  -7.9975080384620260E-009   3.2318061150779233E-009
  -1.3983996027218474E-008   4.2783185483354588E-009
          80   1.1159504638677187E-008  -2.4222454896005739E-010
  -8.8748760967476237E-009   5.6684000795731925E-009
  -1.5108820777718509E-008   7.3453971505063353E-009
          81   1.0229333598113202E-008  -1.2989122181788651E-009
  -7.2975384292755824E-009   9.9768664860564855E-009
  -1.3053323150113885E-008   1.2808992078629840E-008
          82   8.5162145203190487E-009  -1.6058542555393243E-009
  -1.0338448472105531E-009   1.0732202347685835E-008
  -4.9561129529258887E-009   1.3712947963324322E-008
          83   7.6438402225641611E-009  -8.9544560031531545E-010
   1.4963920484208240E-009   6.4139732995061667E-009
  -1.6017267301274496E-009   8.1039849081481470E-009
          84   7.5025196546350199E-009  -4.7697720340229444E-010
   7.1538808472275108E-010   3.6594890227192487E-009
  -2.4417672389531687E-009   4.4807796218989042E-009
          85   7.5113315204844000E-009  -3.4539023330814371E-010
  -4.6337604612972757E-010   2.4200731089070176E-009
  -3.7316941899232966E-009   2.7718396886199532E-009
          86   7.5632512775907924E-009  -3.4699765121445703E-010
  -1.5180358000563121E-009   1.8724189316939298E-009
  -4.7865145150381022E-009   1.9081601954402465E-009
          87   7.6593627592233070E-009  -4.2266052406229439E-010
  -2.4600982210417891E-009   1.6674027580952776E-009
  -5.5972787787243951E-009   1.4194223749227957E-009
          88   7.8174912955304463E-009  -5.6127598348837856E-010
  -3.3641307269257859E-009   1.6831153436511097E-009
  -6.2246555030289804E-009   1.1094244708179325E-009
          89   8.0611339686177551E-009  -7.8107541251947022E-010
  -4.3067939402667003E-009   1.9053500972786993E-009
  -6.7158191415580873E-009   8.8541711659628849E-010
          90   8.4188174399031535E-009  -1.1364027668026273E-009
  -5.3653251190659504E-009   2.4078986328342126E-009
  -7.0999725475408262E-009   6.9195535470870870E-010
          91   8.9171762515817601E-009  -1.7544900285700634E-009
  -6.6049522282270974E-009   3.4064588969723927E-009
  -7.3949673965623662E-009   4.7788067696672822E-010
          92   9.5058155344933157E-009  -2.9325909996315932E-009
  -7.9519203609878976E-009   5.4295634719792769E-009
  -7.6274509526115317E-009   1.6430410522971274E-010
          93   9.6372841672400182E-009  -5.2516691208833740E-009
  -8.4357401819004992E-009   9.5265165173895513E-009
  -7.9284947099539511E-009  -3.8593415438372504E-010
          94   7.1380002603068351E-009  -8.2887326894531045E-009
  -4.1388622818662271E-009   1.4960216241617917E-008
  -8.7866077284629857E-009  -1.0881049208002954E-009
          95   2.5704811386874254E-009  -7.4177086728339043E-009
   3.9815644081115355E-009   1.3382958424006273E-008
  -1.0090468691692526E-008  -9.2338934504268979E-010
          96   1.3717873080211396E-009  -4.3388314749831855E-009
   6.0980342857357679E-009   7.7861042697954349E-009
  -1.0640387246365658E-008  -2.6118628758038330E-010
          97   1.9154962550270180E-009  -2.5425266742551690E-009
   5.0946359255368787E-009   4.4813212952009557E-009
  -1.0792378759384405E-008   1.2277019070104694E-010
          98   2.6369297617556082E-009  -1.6809692367179456E-009
   3.7939351868670767E-009   2.8621516771677540E-009
  -1.0893729246210512E-008   3.0036479837764365E-010
          99   3.2606727648518051E-009  -1.2524458167167817E-009
   2.6966317322134303E-009   2.0286704564021289E-009
  -1.1006045160554892E-008   3.7912901157391584E-010
         100   3.7862165051130684E-009  -1.0302714421761869E-009
   1.8038721476476499E-009   1.5743818113679564E-009
  -1.1128301460561366E-008   4.0536671402775653E-010
         101   4.2467862353704411E-009  -9.1576229876287194E-010
   1.0545587184597494E-009   1.3253418249602921E-009
  -1.1250205027109153E-008   3.9541104129778487E-010
         102   4.6703581828187099E-009  -8.6212048577092396E-010
   3.9418617467494540E-010   1.2053324676565401E-009
  -1.1359970923903820E-008   3.5092520640205722E-010
         103   5.0773989432879219E-009  -8.4381657210323607E-010
  -2.2158513792196286E-010   1.1844449227277084E-009
  -1.1444008046390463E-008   2.6294477965366048E-010
         104   5.4830242406145537E-009  -8.4265804936344260E-010
  -8.3070051101247221E-010   1.2617418944638934E-009
  -1.1485267375987829E-008   1.0947975350298614E-010
         105   5.8988141572831548E-009  -8.3829834554051627E-010
  -1.4690077126236353E-009   1.4654569561217429E-009
  -1.1462166272774054E-008  -1.5414302347916946E-010
         106   6.3376159228821445E-009  -7.9579463107589733E-010
  -2.1684993309668081E-009   1.8705479640463578E-009
  -1.1352730907006606E-008  -6.1915694989262360E-010
         107   6.8303695836376116E-009  -6.4093963172850997E-010
  -2.9297477866284292E-009   2.6467526463042205E-009
  -1.1166365425484142E-008  -1.4787097923969809E-009
         108   7.5043993237155863E-009  -2.1792358527057112E-010
  -3.5732276280500794E-009   4.1469095306574360E-009
  -1.1108097845242211E-008  -3.1266933496845596E-009
         109   8.8781246190738388E-009   6.2808432245616143E-010
  -3.1601836293470844E-009   6.7536167824840368E-009
  -1.2216457321532236E-008  -5.9904421756321216E-009
         110   1.1929427255912211E-008   1.0075812159903818E-009
   1.4001109628355703E-010   8.8206217728648184E-009
  -1.6509486634992763E-008  -8.2670336746169617E-009
         111   1.5417010228320654E-008  -8.5238118366925025E-010
   3.7015844953770151E-009   7.0118362839723070E-009
  -2.1098176033432584E-008  -6.2996804747571386E-009
         112   1.7852915947705980E-008  -3.6333249299706002E-009
   4.3283499687259089E-009   4.3034633180574894E-009
  -2.2462613756764375E-008  -3.3910336417053603E-009
         113   2.0252319376178390E-008  -6.6650752636779621E-009
   3.7507091886334117E-009   2.7159785013029640E-009
  -2.2502581033703400E-008  -1.8184083512782162E-009
         114   2.3275993449191310E-008  -1.0790581559894591E-008
   3.0342088152313469E-009   1.9334759572737347E-009
  -2.2395097131230246E-008  -1.3462950010790499E-009
         115   2.6868561121261944E-008  -1.7604372582900482E-008
   2.4068233840115997E-009   1.6179319363369795E-009
  -2.2455060195014822E-008  -1.8453615814818607E-009
         116   2.9254485690218195E-008  -2.9941526162485436E-008
   1.9377194397005054E-009   1.6627133901707881E-009
  -2.3132970092526825E-008  -3.6826093480866698E-009
         117   2.2445214341102906E-008  -4.9946456297206585E-008
   1.8520385438189397E-009   2.0415591932978294E-009
  -2.6220358017722180E-008  -7.1880839880863839E-009
         118  -5.6192594910518138E-009  -6.2596022040939657E-008
   2.5053186358919910E-009   2.2493427618140996E-009
  -3.4453601081512760E-008  -8.9589746533796503E-009
         119  -3.1565232088114865E-008  -4.6967565100173740E-008
   3.1790547647456826E-009   1.6121591063943486E-009
  -4.2844828891723639E-008  -4.2253092601096938E-009
         120  -3.6600549631350847E-008  -2.7155196906635225E-008
   3.2951643546509878E-009   8.3581910850327560E-010
  -4.7408123997146799E-008   1.9655714600510732E-009
         121  -3.4008668787454354E-008  -1.5249132811163390E-008
   3.2634378991789556E-009   2.6262614187894466E-010
  -5.1306190380434317E-008   7.3089619053794382E-009
         122  -3.0889493419660642E-008  -8.4138240159879887E-009
   3.3174163487205633E-009  -2.3893278411956107E-010
  -5.6487065239229751E-008   1.3128542550174223E-008
         123  -2.8759608488134213E-008  -3.7657656118040917E-009
   3.5275892271133513E-009  -8.4792572480524267E-010
  -6.3757178576477684E-008   2.1567395185790805E-008
         124  -2.7715433408603366E-008   5.7562826857219574E-010
   3.8952007812981244E-009  -1.8267912771258038E-009
  -7.3152072114167020E-008   3.6529834576231760E-008
         125  -2.6987591872824533E-008   6.5440731370171256E-009
   4.1586149975746327E-009  -3.6951115103995005E-009
  -8.0397598552520399E-008   6.6361651669794202E-008
         126  -2.2458261005488991E-008   1.5632979743313020E-008
   2.7626798721511864E-009  -6.8759806058880232E-009
  -5.9801175788042086E-008   1.1787456347211495E-007
         127  -9.1391007536949627E-009   1.8949737896507215E-008
  -2.0824337183701815E-009  -7.8185268208140117E-009
   1.8247801373089874E-008   1.3210738877474100E-007
         128  -1.7206151904607606E-009   1.1548164186381086E-008
  -4.6125273623177727E-009  -4.7422430121490962E-009
   5.8383053197885056E-008   7.9296362062325082E-008
         129  -1.5943587296728157E-009   6.3213323083954763E-009
  -4.4123585016361659E-009  -2.6320102432040532E-009
   5.3719111022140004E-008   4.1393537112452989E-008
         130  -2.7353973881474976E-009   4.3235725929729111E-009
  -3.8092574512545234E-009  -1.8228129177383478E-009
   4.2520606375522714E-008   2.2922899660585640E-008
         131  -3.5994861674709847E-009   4.1913986941490569E-009
  -3.3789728882838536E-009  -1.7744761325972268E-009
   3.3025660294252660E-008   1.3078219757635432E-008
         132  -3.4566475010260585E-009   5.3955527880583572E-009
  -3.4110759730063216E-009  -2.2872767716439820E-009
   2.5075906310968174E-008   6.6637917968846103E-009
         133  -1.1080547174070792E-009   6.7706272068078984E-009
  -4.4058299658565919E-009  -2.8840872696950931E-009
   1.6942529356325519E-008   2.3762181072259422E-009
         134   2.5057689041020153E-009   5.6270008804615745E-009
  -5.9687617041490127E-009  -2.4465751502084658E-009
   8.8800717331907086E-009   1.5946538871649783E-009
         135   4.4006117034968046E-009   2.7289002249778109E-009
  -6.8554730313502472E-009  -1.3162205571418766E-009
   3.1320307820471965E-009   3.1454174421893736E-009
         136   5.0121911758314561E-009   1.2932248872039275E-010
  -7.2793811730775476E-009  -3.8779135794884822E-010
  -1.0298816792078110E-009   4.9654795204795237E-009
         137   5.4241935171715531E-009  -2.2150696479311044E-009
  -7.7724378647461288E-009   3.0458992133238457E-010
  -4.8793553519351454E-009   7.0435793049639009E-009
         138   5.8730518750836456E-009  -5.0092550596679048E-009
  -8.6508503872334659E-009   9.9044673597097031E-010
  -8.9816686947200161E-009   1.0162785295099717E-008
