   262144.00000000000     
         256           1           3
   1.7567330116226543E-005  -80.975516620684004       -160.04670018210001     
   6.0401400154609997        12.000000000000000        5733.8999999999996     
           0   0.0000000000000000        0.0000000000000000     
   0.0000000000000000        0.0000000000000000     
   0.0000000000000000        0.0000000000000000     
           1   1.8542703112727644E-009  -9.1887168145919997E-011
  -4.8577277234949747E-009  -2.7678014085895452E-012
   0.0000000000000000        0.0000000000000000     
           2   1.8514923496146338E-009  -6.9670853955508002E-011
  -4.8012803966143865E-009   1.1240268409629616E-010
   0.0000000000000000        0.0000000000000000     
           3   1.8688412257519472E-009  -7.2339714953447893E-011
  -4.7710355593472715E-009   1.3927720839900298E-010
   0.0000000000000000        0.0000000000000000     
           4   1.8972268203970429E-009  -7.9946601783880501E-011
  -4.7687270031408133E-009   1.5207160413124641E-010
   0.0000000000000000        0.0000000000000000     
           5   1.9370664619429134E-009  -8.9614432661302104E-011
  -4.7846588171919481E-009   1.6206891500006805E-010
   0.0000000000000000        0.0000000000000000     
           6   1.9890445822016567E-009  -1.0090831021509224E-010
  -4.8149215397783268E-009   1.7174933386588897E-010
   0.0000000000000000        0.0000000000000000     
           7   2.0540803537687917E-009  -1.1391388055681878E-010
  -4.8579794350347961E-009   1.8190852626627203E-010
   0.0000000000000000        0.0000000000000000     
           8   2.1334123566077039E-009  -1.2890681124567856E-010
  -4.9133560035432208E-009   1.9292253113223062E-010
   0.0000000000000000        0.0000000000000000     
           9   2.2286658922424742E-009  -1.4628969734075273E-010
  -4.9811548532119264E-009   2.0505510187795872E-010
   0.0000000000000000        0.0000000000000000     
          10   2.3419330513384557E-009  -1.6659515539676307E-010
  -5.0618761312718181E-009   2.1855533765486654E-010
   0.0000000000000000        0.0000000000000000     
          11   2.4758817405061409E-009  -1.9051633471386165E-010
  -5.1563531724130535E-009   2.3370024222999318E-010
   0.0000000000000000        0.0000000000000000     
          12   2.6339071284163837E-009  -2.1895919536792210E-010
  -5.2657491070270995E-009   2.5082310397424160E-010
   0.0000000000000000        0.0000000000000000     
          13   2.8203429983681599E-009  -2.5312151293978300E-010
  -5.3915929475941126E-009   2.7034191147168500E-010
   0.0000000000000000        0.0000000000000000     
          14   3.0407591285797849E-009  -2.9461080464445900E-010
  -5.5358512960207373E-009   2.9279554661275489E-010
   0.0000000000000000        0.0000000000000000     
          15   3.3023852763551637E-009  -3.4562278036157648E-010
  -5.7010415058936661E-009   3.1889528564316818E-010
   0.0000000000000000        0.0000000000000000     
          16   3.6147263218717788E-009  -4.0921762444006658E-010
  -5.8904011077657765E-009   3.4960235259464683E-010
   0.0000000000000000        0.0000000000000000     
          17   3.9904738980820388E-009  -4.8975994469852517E-010
  -6.1081403761124625E-009   3.8624949556476026E-010
   0.0000000000000000        0.0000000000000000     
          18   4.4468913881927737E-009  -5.9364275787663059E-010
  -6.3598245193300635E-009   4.3073891479027697E-010
   0.0000000000000000        0.0000000000000000     
          19   5.0079792621396788E-009  -7.3052527049522278E-010
  -6.6529667295730604E-009   4.8587787677103921E-010
   0.0000000000000000        0.0000000000000000     
          20   5.7079735173804936E-009  -9.1554573213526698E-010
  -6.9979784187849886E-009   5.5597476561814662E-010
   0.0000000000000000        0.0000000000000000     
          21   6.5972140780369997E-009  -1.1734920046742130E-009
  -7.4097506558662778E-009   6.4795651883473848E-010
   0.0000000000000000        0.0000000000000000     
          22   7.7524151594113546E-009  -1.5471756401704356E-009
  -7.9104026857747950E-009   7.7360288965535349E-010
   0.0000000000000000        0.0000000000000000     
          23   9.2955424151818520E-009  -2.1155933818143966E-009
  -8.5342645854812321E-009   9.5437645237597733E-010
   0.0000000000000000        0.0000000000000000     
          24   1.1429725592184093E-008  -3.0372890210788960E-009
  -9.3376132648412090E-009   1.2329239263314443E-009
   0.0000000000000000        0.0000000000000000     
          25   1.4511094977253667E-008  -4.6671272035109165E-009
  -1.0417018840104888E-008   1.7039887905827239E-009
   0.0000000000000000        0.0000000000000000     
          26   1.9175356704546013E-008  -7.9231082065893793E-009
  -1.1943287487281167E-008   2.6113602197253762E-009
   0.0000000000000000        0.0000000000000000     
          27   2.6330304750191276E-008  -1.5666436958299320E-008
  -1.4157923308803629E-008   4.7120080582596593E-009
   0.0000000000000000        0.0000000000000000     
          28   3.3120097301288470E-008  -3.8085593264083373E-008
  -1.6302493247768417E-008   1.0692322756069095E-008
   0.0000000000000000        0.0000000000000000     
          29  -3.2881590811278169E-009  -7.5597787405716958E-008
  -7.0838712678593227E-009   2.0620317133754953E-008
   0.0000000000000000        0.0000000000000000     
          30  -4.3417013125950099E-008  -3.9279608056415530E-008
   2.9817548381329438E-009   1.1081257748921464E-008
   0.0000000000000000        0.0000000000000000     
          31  -3.6578335986045377E-008  -1.5291040936114559E-008
   6.0032454924339346E-010   4.8604752196186358E-009
   0.0000000000000000        0.0000000000000000     
          32  -2.9080848839969730E-008  -7.1998905323666300E-009
  -2.0225668405625179E-009   2.8568596684639094E-009
   0.0000000000000000        0.0000000000000000     
          33  -2.4346101940993383E-008  -3.8565573959865294E-009
  -4.0164227494878777E-009   2.1334583166977070E-009
   0.0000000000000000        0.0000000000000000     
          34  -2.1376737003504690E-008  -2.1753386907635173E-009
  -5.6741062043343346E-009   1.8890094208356354E-009
   0.0000000000000000        0.0000000000000000     
          35  -1.9488043789059342E-008  -1.1895095838026797E-009
  -7.2153915370175338E-009   1.8875117761760659E-009
   0.0000000000000000        0.0000000000000000     
          36  -1.8309378857524324E-008  -5.2927664562182103E-010
  -8.7923547849186338E-009   2.0617618612691003E-009
   0.0000000000000000        0.0000000000000000     
          37  -1.7642845037435953E-008  -2.6146764717334789E-011
  -1.0537902956509623E-008   2.4196370134486167E-009
   0.0000000000000000        0.0000000000000000     
          38  -1.7385933672419659E-008   4.1210792327596633E-010
  -1.2604469076839746E-008   3.0346487759452582E-009
   0.0000000000000000        0.0000000000000000     
          39  -1.7496100806161714E-008   8.5058209175981701E-010
  -1.5204655624291465E-008   4.0911465036435135E-009
   0.0000000000000000        0.0000000000000000     
          40  -1.7976698046563349E-008   1.3556947375273430E-009
  -1.8664265619462514E-008   6.0403617161035928E-009
   0.0000000000000000        0.0000000000000000     
          41  -1.8872732824917801E-008   2.0307011592951377E-009
  -2.3413345367470385E-008   1.0120008505282710E-008
   0.0000000000000000        0.0000000000000000     
          42  -2.0234574459184871E-008   3.1012046758140643E-009
  -2.8897951380182178E-008   2.0130437285920027E-008
   0.0000000000000000        0.0000000000000000     
          43  -2.1729569562115669E-008   4.9406105197005679E-009
  -2.2880237051104621E-008   4.2489081090777831E-008
   0.0000000000000000        0.0000000000000000     
          44  -2.3079492544426674E-008   6.4447210429966129E-009
   9.4096530849556326E-009   4.1276047977432714E-008
   0.0000000000000000        0.0000000000000000     
          45  -2.6790687496461635E-008   8.4583255080365707E-009
   1.3137580199262524E-008   2.0298412145225804E-008
   0.0000000000000000        0.0000000000000000     
          46  -3.2731208762713726E-008   1.3877270203271283E-008
   6.5051183948810870E-009   1.1855338321460135E-008
   0.0000000000000000        0.0000000000000000     
          47  -4.0139952360569120E-008   2.7470693877333734E-008
   5.2334098084493096E-011   9.2589397004996710E-009
   0.0000000000000000        0.0000000000000000     
          48  -3.5320596468769433E-008   6.0342277600169441E-008
  -6.3302095366892520E-009   9.2349500066056876E-009
   0.0000000000000000        0.0000000000000000     
          49   1.8345410761784185E-008   7.1901108732782878E-008
  -1.4112432741064013E-008   1.2120853465524849E-008
   0.0000000000000000        0.0000000000000000     
          50   3.6640553298787077E-008   3.3886098083483635E-008
  -2.3005335300958917E-008   2.0617514411013847E-008
   0.0000000000000000        0.0000000000000000     
          51   2.9552909062021265E-008   1.4796973427205282E-008
  -3.0775006321499195E-008   4.1193177786107221E-008
   0.0000000000000000        0.0000000000000000     
          52   2.2039769958236568E-008   6.3545749624668557E-009
  -1.1076056730459350E-008   8.0923320549751023E-008
   0.0000000000000000        0.0000000000000000     
          53   1.5473047719070228E-008   3.3072851344860714E-009
   4.6903400272586884E-008   6.9359127123361379E-008
   0.0000000000000000        0.0000000000000000     
          54   1.1824212652486117E-008   2.6622137140606836E-009
   5.3088464358571123E-008   3.1757888227464778E-008
   0.0000000000000000        0.0000000000000000     
          55   9.5528541818180269E-009   2.1540820583953715E-009
   4.4169228428326300E-008   1.5494071505838361E-008
   0.0000000000000000        0.0000000000000000     
          56   7.8334547716295107E-009   1.7550420454896478E-009
   3.6823279751499937E-008   8.6910586479709867E-009
   0.0000000000000000        0.0000000000000000     
          57   6.4404634360195514E-009   1.4737230865333451E-009
   3.1680521299306391E-008   5.3895161008847898E-009
   0.0000000000000000        0.0000000000000000     
          58   5.2645720711843870E-009   1.2870735329867267E-009
   2.8037427046678065E-008   3.5702551877005495E-009
   0.0000000000000000        0.0000000000000000     
          59   4.2331385950592974E-009   1.1742635883201785E-009
   2.5374472518017942E-008   2.4675890139831696E-009
   0.0000000000000000        0.0000000000000000     
          60   3.2928070656519316E-009   1.1224152233230692E-009
   2.3370353165595974E-008   1.7503263907425594E-009
   0.0000000000000000        0.0000000000000000     
          61   2.3994507392488609E-009   1.1263884207458570E-009
   2.1825303308679002E-008   1.2594864605948342E-009
   0.0000000000000000        0.0000000000000000     
          62   1.5127344495385486E-009   1.1886631955001766E-009
   2.0609618389947040E-008   9.1335931641715021E-010
   0.0000000000000000        0.0000000000000000     
          63   5.9079142629342027E-010   1.3209236341502514E-009
   1.9633885270514919E-008   6.6964767503782598E-010
   0.0000000000000000        0.0000000000000000     
          64  -4.1556463176480592E-010   1.5488114905980685E-009
   1.8831004327959202E-008   5.1029741866487742E-010
   0.0000000000000000        0.0000000000000000     
          65  -1.5711294768135318E-009   1.9232322586461319E-009
   1.8144075871674258E-008   4.3811209758411035E-010
   0.0000000000000000        0.0000000000000000     
          66  -2.9671017184009731E-009   2.5473171773710621E-009
   1.7516055512489291E-008   4.8441312206435115E-010
   0.0000000000000000        0.0000000000000000     
          67  -4.7329453261205531E-009   3.6454683172971747E-009
   1.6881919820740650E-008   7.3764489484410762E-010
   0.0000000000000000        0.0000000000000000     
          68  -7.0110160848538292E-009   5.7565588331163618E-009
   1.6178068760765172E-008   1.4294649329473777E-009
   0.0000000000000000        0.0000000000000000     
          69  -9.5894298581791797E-009   1.0279727210547070E-008
   1.5506848719154635E-008   3.1830272500080847E-009
   0.0000000000000000        0.0000000000000000     
          70  -9.1938933731357547E-009   1.9984663290441438E-008
   1.6369849105290571E-008   7.2548603134872167E-009
   0.0000000000000000        0.0000000000000000     
          71   4.7357231410583129E-009   2.7925575264269685E-008
   2.3639564485224847E-008   1.0502281322685158E-008
   0.0000000000000000        0.0000000000000000     
          72   1.5873233739076131E-008   1.7755642931777309E-008
   3.0003816072280884E-008   5.3736622214140258E-009
   0.0000000000000000        0.0000000000000000     
          73   1.4730715956424853E-008   9.2504742642651134E-009
   3.1133016642344190E-008   7.7409504835160804E-010
   0.0000000000000000        0.0000000000000000     
          74   1.1692143226734275E-008   5.6477126270353393E-009
   3.1850960180103046E-008  -1.8724529866098929E-009
   0.0000000000000000        0.0000000000000000     
          75   8.9750579630117979E-009   4.2390181376320591E-009
   3.3344202887167104E-008  -3.9542793339563025E-009
   0.0000000000000000        0.0000000000000000     
          76   6.5549564333336043E-009   3.9149528584317312E-009
   3.5852856997689355E-008  -6.2808445665236245E-009
   0.0000000000000000        0.0000000000000000     
          77   4.1653974640979044E-009   4.4040099339746916E-009
   3.9621914996576126E-008  -9.5842022846547805E-009
   0.0000000000000000        0.0000000000000000     
          78   1.5465057781754613E-009   5.9238064257028510E-009
   4.5000540917347388E-008  -1.5092336048934746E-008
   0.0000000000000000        0.0000000000000000     
          79  -1.4060481822786509E-009   9.3622046726096218E-009
   5.2058128502445065E-008  -2.5562425957483894E-008
   0.0000000000000000        0.0000000000000000     
          80  -3.5829545935839237E-009   1.6972621797979659E-008
   5.7625025403582863E-008  -4.7420972051986961E-008
   0.0000000000000000        0.0000000000000000     
          81   2.4060197430754058E-009   3.0469124805328446E-008
   4.1178453045688873E-008  -8.5673889345428557E-008
   0.0000000000000000        0.0000000000000000     
          82   2.3476646940087850E-008   3.2245728256127731E-008
  -1.6874713542654541E-008  -9.1759903578629105E-008
   0.0000000000000000        0.0000000000000000     
          83   3.2456751489585421E-008   1.7818203902506544E-008
  -4.1361238356350968E-008  -5.2712119639110066E-008
   0.0000000000000000        0.0000000000000000     
          84   3.1084383665045419E-008   8.5105698604687832E-009
  -3.6608415562951321E-008  -2.7701315494252746E-008
   0.0000000000000000        0.0000000000000000     
          85   2.8789051346772344E-008   3.9744509966274700E-009
  -2.8702710869897294E-008  -1.6034037335251582E-008
   0.0000000000000000        0.0000000000000000     
          86   2.7281575544774993E-008   1.4681775460326921E-009
  -2.2362696920742872E-008  -1.0242462540883907E-008
   0.0000000000000000        0.0000000000000000     
          87   2.6612493587401317E-008  -2.3544493544424146E-010
  -1.7623352615726978E-008  -7.0688834081378785E-009
   0.0000000000000000        0.0000000000000000     
          88   2.6689031491368437E-008  -1.7048122151249670E-009
  -1.4041438262619317E-008  -5.1761866324967865E-009
   0.0000000000000000        0.0000000000000000     
          89   2.7485766764509135E-008  -3.3153695999078399E-009
  -1.1263176671649423E-008  -3.9643278172129894E-009
   0.0000000000000000        0.0000000000000000     
          90   2.9057319107915987E-008  -5.4942059142444965E-009
  -9.0490362194102601E-009  -3.1311732383328009E-009
   0.0000000000000000        0.0000000000000000     
          91   3.1474767458529279E-008  -8.9969087708924491E-009
  -7.2399959197992630E-009  -2.4962122848879776E-009
   0.0000000000000000        0.0000000000000000     
          92   3.4414423146138831E-008  -1.5460187907105289E-008
  -5.7102893092387595E-009  -1.9088702069275267E-009
   0.0000000000000000        0.0000000000000000     
          93   3.4871833508487992E-008  -2.8006533525370237E-008
  -4.2559357096965126E-009  -1.1916689503059418E-009
   0.0000000000000000        0.0000000000000000     
          94   2.1147160807933756E-008  -4.4258539105396960E-008
  -2.3318174211427583E-009  -4.1178938491433519E-010
   0.0000000000000000        0.0000000000000000     
          95  -3.4944289634564997E-009  -3.9347201209947217E-008
  -1.6034011067541559E-011  -5.8211787807331460E-010
   0.0000000000000000        0.0000000000000000     
          96  -9.8675235315351075E-009  -2.2723722924616400E-008
   1.5262341841215807E-009  -1.3154938828333044E-009
   0.0000000000000000        0.0000000000000000     
          97  -6.9158340669644219E-009  -1.3106162794789388E-008
   2.6991610325741119E-009  -1.8381242592369197E-009
   0.0000000000000000        0.0000000000000000     
          98  -3.0416487393405198E-009  -8.5504541999655029E-009
   3.8908367971745520E-009  -2.2367815525454129E-009
   0.0000000000000000        0.0000000000000000     
          99   3.0926306622775056E-010  -6.3563031777066924E-009
   5.2072788212464172E-009  -2.6405746558767927E-009
   0.0000000000000000        0.0000000000000000     
         100   3.1667554750950821E-009  -5.3269037877177123E-009
   6.7018630713342011E-009  -3.1295495604221615E-009
   0.0000000000000000        0.0000000000000000     
         101   5.7413413503546863E-009  -4.9705010625108438E-009
   8.4339021822215989E-009  -3.7740634163246757E-009
   0.0000000000000000        0.0000000000000000     
         102   8.2309366804367971E-009  -5.1001485074675892E-009
   1.0485557302816196E-008  -4.6641341988983338E-009
   0.0000000000000000        0.0000000000000000     
         103   1.0815965467433363E-008  -5.6907474539162676E-009
   1.2971052902457044E-008  -5.9401143404417847E-009
   0.0000000000000000        0.0000000000000000     
         104   1.3675073057073337E-008  -6.8493837964351218E-009
   1.6049039700990213E-008  -7.8442692174642647E-009
   0.0000000000000000        0.0000000000000000     
         105   1.7003706382550433E-008  -8.8629797383447512E-009
   1.9928049328869588E-008  -1.0826736519108490E-008
   0.0000000000000000        0.0000000000000000     
         106   2.0981595330693636E-008  -1.2356015444504836E-008
   2.4819558869384851E-008  -1.5782686593919662E-008
   0.0000000000000000        0.0000000000000000     
         107   2.5550737283340575E-008  -1.8672585652988381E-008
   3.0618461409048821E-008  -2.4590454985801134E-008
   0.0000000000000000        0.0000000000000000     
         108   2.9239972380926890E-008  -3.0554054257801367E-008
   3.5286044426562626E-008  -4.1058442020343043E-008
   0.0000000000000000        0.0000000000000000     
         109   2.4664864563251042E-008  -5.0886720114170513E-008
   2.8625523705027167E-008  -6.9219721426231559E-008
   0.0000000000000000        0.0000000000000000     
         110  -2.2953244452828157E-009  -6.6651029265999585E-008
  -8.9349500040586585E-009  -9.1171531445140467E-008
   0.0000000000000000        0.0000000000000000     
         111  -3.0878869581038664E-008  -5.2108931497237485E-008
  -4.8835450875074686E-008  -7.1290104402716116E-008
   0.0000000000000000        0.0000000000000000     
         112  -3.6527497601937694E-008  -3.0731117909618961E-008
  -5.7052849667163691E-008  -4.1904221621580607E-008
   0.0000000000000000        0.0000000000000000     
         113  -3.2969855056774547E-008  -1.7991939130033593E-008
  -5.2462418732310333E-008  -2.4497839337801643E-008
   0.0000000000000000        0.0000000000000000     
         114  -2.8515475826232462E-008  -1.1140267891764704E-008
  -4.6541903370734575E-008  -1.5408903701580970E-008
   0.0000000000000000        0.0000000000000000     
         115  -2.4854361589380733E-008  -7.1370827819184865E-009
  -4.1669157542702686E-008  -1.0656281266262755E-008
   0.0000000000000000        0.0000000000000000     
         116  -2.2022076245144942E-008  -4.3931066180300129E-009
  -3.8164245670915851E-008  -8.4527778075304025E-009
   0.0000000000000000        0.0000000000000000     
         117  -1.9573368623407101E-008  -2.1136336816028321E-009
  -3.6578978372935781E-008  -8.0102196893510745E-009
   0.0000000000000000        0.0000000000000000     
         118  -1.6963739864755105E-008  -4.9592650482609397E-010
  -3.7839039948438463E-008  -7.3941857431808243E-009
   0.0000000000000000        0.0000000000000000     
         119  -1.5194507878665912E-008   2.7818214562527330E-011
  -3.9596235919309810E-008  -4.3730166498779016E-009
   0.0000000000000000        0.0000000000000000     
         120  -1.5271546484333608E-008   1.2675868822098830E-009
  -4.0067075844537520E-008  -1.0262387847731865E-009
   0.0000000000000000        0.0000000000000000     
         121  -1.6013031309608931E-008   7.3695469718117654E-009
  -4.0535518989752174E-008   1.7377053469113210E-009
   0.0000000000000000        0.0000000000000000     
         122  -1.8055806568913061E-010   1.4576726158768556E-008
  -4.1749077752601956E-008   4.4873266876662158E-009
   0.0000000000000000        0.0000000000000000     
         123   4.9501568851544771E-009   2.0563190555097188E-009
  -4.3979957107148143E-008   8.0251497605049602E-009
   0.0000000000000000        0.0000000000000000     
         124   3.9830492485952149E-009  -2.4143643503078171E-009
  -4.7248791551200508E-008   1.3666140895256592E-008
   0.0000000000000000        0.0000000000000000     
         125   4.0761178092818333E-009  -5.4815953315454152E-009
  -5.0258448734740753E-008   2.4091754040135716E-008
   0.0000000000000000        0.0000000000000000     
         126   3.3857774068362196E-009  -9.4160864479924475E-009
  -4.5140344209648923E-008   4.1505261273946668E-008
   0.0000000000000000        0.0000000000000000     
         127  -1.0237053570738839E-010  -1.1384753204283955E-008
  -2.2996036063131620E-008   4.7907957990071762E-008
   0.0000000000000000        0.0000000000000000     
         128  -1.0360931610300159E-009  -9.8799352842842142E-009
  -1.3434546288103859E-008   3.4768819714905221E-008
   0.0000000000000000        0.0000000000000000     
         129   1.0643117179996945E-009  -9.9944318200513134E-009
  -1.8489252770806734E-008   2.8200466859778570E-008
   0.0000000000000000        0.0000000000000000     
         130   3.8785834711897682E-009  -1.2763567712962012E-008
  -2.6084398220809910E-008   3.1104708862904206E-008
   0.0000000000000000        0.0000000000000000     
         131   6.0960880392878187E-009  -1.8887120808681827E-008
  -3.1835950279180728E-008   4.3039330955925060E-008
   0.0000000000000000        0.0000000000000000     
         132   4.4218253279863999E-009  -2.9382720262448625E-008
  -2.8317895545531793E-008   6.5311935647129345E-008
   0.0000000000000000        0.0000000000000000     
         133  -7.7146223740634015E-009  -3.9668739173155248E-008
  -9.5372946308048021E-010   8.7243120293548183E-008
   0.0000000000000000        0.0000000000000000     
         134  -2.5324265387758227E-008  -3.6358610743870577E-008
   3.9084241766581515E-008   7.8710248218181136E-008
   0.0000000000000000        0.0000000000000000     
         135  -3.2576353360185273E-008  -2.4414879319116366E-008
   5.6552448856897704E-008   5.0548790423186042E-008
   0.0000000000000000        0.0000000000000000     
         136  -3.1884060259924939E-008  -1.5635024175019012E-008
   5.6985647336717905E-008   2.8663381156168195E-008
   0.0000000000000000        0.0000000000000000     
         137  -2.9077563317718892E-008  -1.1130954652439321E-008
   5.3547746227668331E-008   1.4794216014215176E-008
   0.0000000000000000        0.0000000000000000     
         138  -2.6152954492796084E-008  -9.6862425941173688E-009
   5.0693484369874577E-008   4.7777852179967792E-009
   0.0000000000000000        0.0000000000000000     
