   262144.00000000000     
         256           1           3
   1.7567330116226543E-005   32.267967713312999        143.27462188630000     
   6.0401400154609997        12.000000000000000        5733.8999999999996     
           0   0.0000000000000000        0.0000000000000000     
   0.0000000000000000        0.0000000000000000     
   0.0000000000000000        0.0000000000000000     
           1   2.6176069977697303E-009  -6.7464257528296386E-011
   4.0392912815504338E-009  -9.1426334288792447E-011
  -3.0070162675699468E-009   6.4512580026994194E-011
           2   2.6036955676565034E-009  -7.6613327815682268E-011
   4.0048817251003478E-009  -9.0820348462587688E-011
  -2.9792208459290648E-009   5.9840696018894406E-011
           3   2.6115838044735269E-009  -8.4752895935796615E-011
   3.9888093016643715E-009  -9.2010994281544602E-011
  -2.9609640313279281E-009   5.7922796254563493E-011
           4   2.6344652054805944E-009  -9.3585516961228016E-011
   3.9816014271727508E-009  -9.3699526667319126E-011
  -2.9457158264898668E-009   5.6304793750073902E-011
           5   2.6705117352554562E-009  -1.0340802580826686E-010
   3.9804544065463098E-009  -9.5718731958109220E-011
  -2.9315159424931616E-009   5.4661301737945192E-011
           6   2.7194314594691906E-009  -1.1443126360051657E-010
   3.9841989914654921E-009  -9.8048717504374350E-011
  -2.9173819496310542E-009   5.2891685369990671E-011
           7   2.7816490622903959E-009  -1.2689885390774617E-010
   3.9923103891587219E-009  -1.0070962014196047E-010
  -2.9026855819035450E-009   5.0930359519789756E-011
           8   2.8580779238751488E-009  -1.4111184030417421E-010
   4.0045918271552004E-009  -1.0374278056522215E-010
  -2.8869402597546523E-009   4.8714076465711286E-011
           9   2.9500690432858230E-009  -1.5744743391577845E-010
   4.0210515253627985E-009  -1.0720753791744123E-010
  -2.8697052766357329E-009   4.6171386717114641E-011
          10   3.0594363941840708E-009  -1.7638316771143878E-010
   4.0418526175865531E-009  -1.1118291602528674E-010
  -2.8505314782306525E-009   4.3215892511776529E-011
          11   3.1885321795749807E-009  -1.9853062517395740E-010
   4.0672971940011478E-009  -1.1577218587012640E-010
  -2.8289219838119757E-009   3.9739245480506640E-011
          12   3.3403162749979531E-009  -2.2468705307258745E-010
   4.0978425526686071E-009  -1.2111042523837064E-010
  -2.8042956878259534E-009   3.5602161979879387E-011
          13   3.5187487891175991E-009  -2.5589024147240307E-010
   4.1340732602468588E-009  -1.2737521329313332E-010
  -2.7759488185008251E-009   3.0621916978755141E-011
          14   3.7287285911171351E-009  -2.9354266434248688E-010
   4.1768095573977488E-009  -1.3480412582326372E-010
  -2.7430022696729279E-009   2.4554098765002831E-011
          15   3.9766748272233399E-009  -3.3955109363608603E-010
   4.2271160569539868E-009  -1.4371955828275152E-010
  -2.7043354334493695E-009   1.7065292404251962E-011
          16   4.2710105847910336E-009  -3.9656870365828169E-010
   4.2863990854849350E-009  -1.5456803339658017E-010
  -2.6584899471710956E-009   7.6908775841186935E-012
          17   4.6229586109194594E-009  -4.6837462556794845E-010
   4.3565349864833820E-009  -1.6798251148965639E-010
  -2.6035293157628776E-009  -4.2321158075781509E-012
          18   5.0477500301047707E-009  -5.6049854240795698E-010
   4.4400660689188109E-009  -1.8488478645798945E-010
  -2.5368267497551798E-009  -1.9675502423321693E-011
          19   5.5665585827973930E-009  -6.8128671591868341E-010
   4.5405573417691843E-009  -2.0666122575089447E-010
  -2.4547344977303546E-009  -4.0108898456731499E-011
          20   6.2093715903837645E-009  -8.4382019235339606E-010
   4.6628917744404032E-009  -2.3547139515725750E-010
  -2.3520480649833612E-009  -6.7837684636445988E-011
          21   7.0203778248354029E-009  -1.0695040567816385E-009
   4.8144004699636438E-009  -2.7484141520718806E-010
  -2.2211117588486498E-009  -1.0664010127982688E-010
          22   8.0667680418791246E-009  -1.3953102598338657E-009
   5.0060377295303651E-009  -3.3083835518372408E-010
  -2.0502482089361867E-009  -1.6304694799698021E-010
          23   9.4551080730238906E-009  -1.8894821258022658E-009
   5.2553920400057158E-009  -4.1463597059212206E-010
  -1.8208797772650289E-009  -2.4911788374793636E-010
          24   1.1362952322225521E-008  -2.6890435263931144E-009
   5.5913495789171928E-009  -5.4860805541643307E-010
  -1.5020012650943788E-009  -3.8906960551826725E-010
          25   1.4101484402524518E-008  -4.1009316413142027E-009
   6.0644403916407066E-009  -7.8277466109347130E-010
  -1.0392851297388693E-009  -6.3713349983830783E-010
          26   1.8226647384896766E-008  -6.9199990167454780E-009
   6.7644596395165589E-009  -1.2464197732258829E-009
  -3.3556443912780696E-010  -1.1336502035319590E-009
          27   2.4538354926080644E-008  -1.3627194147226908E-008
   7.8200517931149355E-009  -2.3423726026813019E-009
   7.4793654280213305E-010  -2.3161514408364627E-009
          28   3.0594791230127973E-008  -3.3078565214486826E-008
   8.8303644504203946E-009  -5.5049992539562792E-009
   1.7746125321589865E-009  -5.7430357787574389E-009
          29  -7.8689843722561050E-010  -6.5792794485340356E-008
   3.7673656088734169E-009  -1.0795005001630150E-008
  -3.8072644965278049E-009  -1.1479925416147951E-008
          30  -3.5656049011754373E-008  -3.4425647197021819E-008
  -1.8155806469176385E-009  -5.6946040534386024E-009
  -9.9638797916148011E-009  -5.9239270501693211E-009
          31  -2.9690227575548230E-008  -1.3594751987961465E-008
  -7.7817823950420729E-010  -2.3295739903557832E-009
  -8.9390839319368579E-009  -2.2508766559625852E-009
          32  -2.3078071589385922E-008  -6.5671554204861843E-009
   3.6272490930029171E-010  -1.2045019355559623E-009
  -7.8165892728833482E-009  -1.0082248170701236E-009
          33  -1.8826907922440976E-008  -3.6766748933328248E-009
   1.1273135858392062E-009  -7.5088674015390102E-010
  -7.1212466642621511E-009  -4.9028665750464578E-010
          34  -1.6078288767684667E-008  -2.2422746874525103E-009
   1.6583599053302150E-009  -5.3538565882437519E-010
  -6.7023274947031196E-009  -2.2427200234630596E-010
          35  -1.4235042906479437E-008  -1.4243364062575336E-009
   2.0560583023711681E-009  -4.2343904878531075E-010
  -6.4573797271569332E-009  -6.0993569584746085E-011
          36  -1.2969570952822872E-008  -9.0358092356515202E-010
   2.3775893830093753E-009  -3.6537556918489912E-010
  -6.3333669458510191E-009   5.8386399386637699E-011
          37  -1.2100172549006298E-008  -5.3768643513362376E-010
   2.6580112755527858E-009  -3.4141542494327773E-010
  -6.3056441323474837E-009   1.6382784708781995E-010
          38  -1.1523834659669297E-008  -2.5356956134791613E-010
   2.9226277561696763E-009  -3.4556174394329839E-010
  -6.3678292039040498E-009   2.7775339208009196E-010
          39  -1.1183386744363484E-008  -6.8930731281892134E-012
   3.1938106278461146E-009  -3.8223068561184801E-010
  -6.5292633809600904E-009   4.2821313127201844E-010
          40  -1.1051733816839235E-008   2.3735779135834981E-010
   3.4967482658566017E-009  -4.7194903346046773E-010
  -6.8173744464038068E-009   6.6952197073338657E-010
          41  -1.1125071487609766E-008   5.2115459064343255E-010
   3.8609617168610329E-009  -6.7702275856788049E-010
  -7.2751517632528266E-009   1.1414022329582225E-009
          42  -1.1407657034359091E-008   9.2401042714247061E-010
   4.2663054947772392E-009  -1.1925895235657128E-009
  -7.8413580518400994E-009   2.2675994053567494E-009
          43  -1.1781619874553094E-008   1.5736870296633013E-009
   4.0987258527142967E-009  -2.3547477359259773E-009
  -7.1647294208001312E-009   4.7726379804131054E-009
          44  -1.2144639003672351E-008   2.1091762723843511E-009
   2.5985397340188428E-009  -2.3424990853833383E-009
  -3.5746688812472312E-009   4.6937433061737036E-009
          45  -1.3321741260938462E-008   2.8043190911552971E-009
   2.5847168218209918E-009  -1.3432717308786293E-009
  -3.1504916308533890E-009   2.4029996452825658E-009
          46  -1.5272170714259273E-008   4.6171091147365743E-009
   3.1660371243806815E-009  -1.0608209141953178E-009
  -3.9104945865666750E-009   1.4996850107433528E-009
          47  -1.7750512311711848E-008   9.1241987499622897E-009
   3.8096565343341087E-009  -1.3003435806614129E-009
  -4.6883799489406793E-009   1.2593013644065163E-009
          48  -1.6253503413569797E-008   2.0014784692150986E-008
   4.1849448478711032E-009  -2.2455315715115724E-009
  -5.5130331871456399E-009   1.3309838564002629E-009
          49   1.3807421313420355E-009   2.3951838449684411E-008
   3.2706297386034540E-009  -2.9246233964122307E-009
  -6.5894346683723571E-009   1.8119888064858466E-009
          50   7.4016677251055237E-009   1.1449336620399124E-008
   3.2866536108137354E-009  -2.5372310933925514E-009
  -7.8691398095279667E-009   3.1336445451247366E-009
          51   4.9772633344135623E-009   5.1093763827430285E-009
   3.9803407216360696E-009  -3.4658389941718419E-009
  -9.0070095347511948E-009   6.3077385289861659E-009
          52   2.2574429404358500E-009   2.2129535826525260E-009
   2.7523026620700591E-009  -6.0746579324737029E-009
  -5.9468137693702898E-009   1.2455237998735788E-008
          53  -3.5380416486398566E-010   1.2909808641222713E-009
  -1.2695346367698052E-009  -5.1730907005460982E-009
   3.0555346527402934E-009   1.0742527110798273E-008
          54  -1.8666374610967500E-009   1.2854305488746002E-009
  -1.6685361378851995E-009  -2.4425839202690779E-009
   4.1074454843829059E-009   4.9624761153501267E-009
          55  -2.9211219635238820E-009   1.2654878657956270E-009
  -1.0149797277368934E-009  -1.2392481798967854E-009
   2.8091349327505352E-009   2.4487396593238953E-009
          56  -3.8639335318087434E-009   1.2656563527599880E-009
  -4.9275558553462249E-010  -7.1719234421213030E-010
   1.7431194203831761E-009   1.3907246384323206E-009
          57  -4.7870328804373339E-009   1.3162586205192955E-009
  -1.4681860767915224E-010  -4.4784269619698027E-010
   1.0146648222239082E-009   8.7142504259044326E-010
          58  -5.7419740507453123E-009   1.4252689197823718E-009
   7.1843823536139748E-011  -2.8364661149698943E-010
   5.1974167123204478E-010   5.7878131186011960E-010
          59  -6.7746469123314591E-009   1.6002203810221437E-009
   1.9796521069152480E-010  -1.6668798068622262E-010
   1.8158308888939574E-010   3.9360923942237841E-010
          60  -7.9341531723615690E-009   1.8550451801652793E-009
   2.5011980858008259E-010  -6.9672674272438820E-011
  -4.5930827021431438E-011   2.6339114142762918E-010
          61  -9.2789372704082850E-009   2.2142742334135114E-009
   2.3600476154193815E-010   2.3536158916659407E-011
  -1.8952997609308897E-010   1.6158045006712619E-010
          62  -1.0885213637465738E-008   2.7192120106908482E-009
   1.5530912855922770E-010   1.2580930786774617E-010
  -2.6387373700756826E-010   7.2503185372649317E-011
          63  -1.2857485102997577E-008   3.4395698679403298E-009
  -4.9137618812330411E-013   2.5142672041876334E-010
  -2.7535108288677978E-010  -1.5307124432192484E-011
          64  -1.5347290989439096E-008   4.4968735375224295E-009
  -2.4902232031182830E-010   4.2092730672359780E-010
  -2.2359510073123345E-010  -1.1306740701714277E-010
          65  -1.8582535751499819E-008   6.1145897988690063E-009
  -6.2072748932942647E-010   6.6937262357229220E-010
  -1.0134422902771230E-010  -2.3569563250093074E-010
          66  -2.2910754134284957E-008   8.7342297331860919E-009
  -1.1658808513907119E-009   1.0643933255758082E-009
   1.0715298248149300E-010  -4.0855124046249994E-010
          67  -2.8851122532809916E-008   1.3310981474446960E-008
  -1.9612667319322367E-009   1.7514851512417083E-009
   4.2843449507630917E-010  -6.8318427031939833E-010
          68  -3.6984767752907283E-008   2.2141222385172309E-008
  -3.0961238306490557E-009   3.0809849196638109E-009
   8.9450058872298234E-010  -1.1805928821329216E-009
          69  -4.6397812957260755E-008   4.1208846688102818E-008
  -4.4353847417665625E-009   5.9695501038480859E-009
   1.4633012480386872E-009  -2.2138387028987083E-009
          70  -4.3097932461763980E-008   8.2447040819622296E-008
  -3.8473442294585744E-009   1.2263167810124809E-008
   1.4201161666205730E-009  -4.4112841858912925E-009
          71   1.8394446737375601E-008   1.1639763379704105E-007
   5.6803614814573285E-009   1.7513521227542769E-008
  -1.5987089478474122E-009  -6.2742545803852834E-009
          72   6.8749761148039518E-008   7.2550572561371769E-008
   1.3641846097654946E-008   1.0816060152839771E-008
  -4.0274464030554177E-009  -4.1234980691631740E-009
          73   6.6893858640511708E-008   3.5209729606048492E-008
   1.3634939396914710E-008   5.0141845786580515E-009
  -3.6832462361950485E-009  -2.3158936519133497E-009
          74   5.7349884182243331E-008   1.8406686404169731E-008
   1.2473353517752153E-008   2.3082221542212284E-009
  -2.8447251195856885E-009  -1.6175578744772904E-009
          75   4.9935087592021332E-008   1.0378966499951902E-008
   1.1702286273452310E-008   8.8721828739023575E-010
  -1.9954491472536341E-009  -1.4543151230071059E-009
          76   4.4930608640521776E-008   5.9444756424618216E-009
   1.1407984087817125E-008  -8.6612588532622934E-011
  -1.1064252472982627E-009  -1.6138063811332377E-009
          77   4.1730746742540703E-008   3.0690681457504215E-009
   1.1553882630444456E-008  -1.0155521366997124E-009
  -7.8960528714899012E-011  -2.1021638543778014E-009
          78   3.9883843373292166E-008   7.8883933735846468E-010
   1.2141534114848065E-008  -2.2456024165482686E-009
   1.1985420455854749E-009  -3.1137980240380340E-009
          79   3.9085536168398403E-008  -1.5993950328875064E-009
   1.3142793843265614E-008  -4.3590273717234768E-009
   2.7683495835071313E-009  -5.1965718276969799E-009
          80   3.8786503660921596E-008  -5.0301970732630768E-009
   1.3926185520151081E-008  -8.6249347812907960E-009
   3.9918058366874640E-009  -9.6863478833947561E-009
          81   3.6552081187989544E-008  -1.0193772303797367E-008
   1.0522286993078500E-008  -1.6053417474458844E-008
   5.8722106144076833E-010  -1.7657281877924977E-008
          82   3.0106937849982921E-008  -1.1677479376126054E-008
  -9.3850603967929550E-010  -1.7321060713114017E-008
  -1.1627223373780159E-008  -1.8964896479081932E-008
          83   2.7946356252112030E-008  -8.0813035709298761E-009
  -6.0004295042086722E-009  -9.8132845393254183E-009
  -1.6926935699295197E-008  -1.0760680808536493E-008
          84   2.9604429127009020E-008  -6.1740651250639982E-009
  -5.4181778898727795E-009  -4.9412709419889309E-009
  -1.6118549295337978E-008  -5.4410333824465206E-009
          85   3.2189382070352195E-008  -5.9636635728412674E-009
  -4.2362222680663033E-009  -2.6075411554241809E-009
  -1.4671468729469666E-008  -2.8993948201072661E-009
          86   3.5276180348402183E-008  -6.7263896883134900E-009
  -3.3921621004906511E-009  -1.3708489697371868E-009
  -1.3593433450865477E-008  -1.5719418527452911E-009
          87   3.9035041069167640E-008  -8.2848509580591801E-009
  -2.9199568207950341E-009  -5.8665032360666827E-010
  -1.2908409965908168E-008  -7.6458784798323459E-010
          88   4.3780908913109310E-008  -1.0815225327683562E-008
  -2.7667141815592709E-009   3.3718485722750351E-011
  -1.2542643479646980E-008  -1.7657100281360132E-010
          89   4.9947611273830264E-008  -1.4855478927319331E-008
  -2.9062398199353882E-009   6.6365064003347283E-010
  -1.2447796483649190E-008   3.5502104136351145E-010
          90   5.8103482839568207E-008  -2.1586338896398974E-008
  -3.3500588964720842E-009   1.4775490729742815E-009
  -1.2608580476983465E-008   9.6707080319795872E-010
          91   6.8769015711279414E-008  -3.3634666930993734E-008
  -4.1205064897214429E-009   2.7635708441237958E-009
  -1.3024683729377079E-008   1.8569258156444924E-009
          92   8.0920725292128914E-008  -5.7078942796777013E-008
  -5.1022046308871762E-009   5.1353374773115792E-009
  -1.3612342582768363E-008   3.4233858703713496E-009
          93   8.3376871052527466E-008  -1.0377798141824894E-007
  -5.1981982041751527E-009   9.7725652903179945E-009
  -1.3664178717639764E-008   6.4228151630714444E-009
          94   3.1758174506603783E-008  -1.6509507349273377E-007
  -5.0341724382839916E-011   1.5869409277579525E-008
  -1.0397666685794577E-008   1.0344168687967099E-008
          95  -6.2462033790652205E-008  -1.4660891525864902E-007
   9.2909051330181746E-009   1.4183737048147320E-008
  -4.4781043968506139E-009   9.2979145117155799E-009
          96  -8.8319873586482187E-008  -8.3012002697822849E-008
   1.1941903629040005E-008   8.0360857023164655E-009
  -2.8374816531430280E-009   5.4008233292265871E-009
          97  -7.9040443979307959E-008  -4.5531108768712503E-008
   1.1103839116963980E-008   4.4252785214748786E-009
  -3.4327345517964959E-009   3.1133463445089541E-009
          98  -6.6588825676191446E-008  -2.7056220833549094E-008
   9.9060588354837802E-009   2.6845498832742155E-009
  -4.2652359382293320E-009   2.0088728815708370E-009
          99  -5.6618037623909818E-008  -1.7336602000731705E-008
   8.9014498598693169E-009   1.8230029527543159E-009
  -4.9770769262190771E-009   1.4527329411112932E-009
         100  -4.9170187424498251E-008  -1.1736169198121796E-008
   8.0877234951721129E-009   1.3986595536912503E-009
  -5.5640758586193705E-009   1.1580124079310279E-009
         101  -4.3623543884499091E-008  -8.2354918930767153E-009
   7.3891339762410391E-009   1.2314233884147405E-009
  -6.0657818278636719E-009   1.0011384692830378E-009
         102  -3.9457237979427645E-008  -5.8862150259774612E-009
   6.7307228274473311E-009   1.2571703954085442E-009
  -6.5172588232182033E-009   9.2630944753626954E-010
         103  -3.6310285352619863E-008  -4.2013374610862252E-009
   6.0427584888877788E-009   1.4772946063431756E-009
  -6.9454479120243829E-009   9.0833055267152348E-010
         104  -3.3942481056911083E-008  -2.9055000579703794E-009
   5.2504451817238500E-009   1.9531131297755274E-009
  -7.3718554125123980E-009   9.3864765651831799E-010
         105  -3.2197252743878556E-008  -1.8215894217849052E-009
   4.2704176121405186E-009   2.8351753945011261E-009
  -7.8151025941437817E-009   1.0216832631023400E-009
         106  -3.0973230489251990E-008  -8.0802032761554672E-010
   3.0254567155335885E-009   4.4492307054095525E-009
  -8.2913187416860932E-009   1.1785977482954245E-009
         107  -3.0193581541870595E-008   2.9350769151767289E-010
   1.5670177875215865E-009   7.5018712911827099E-009
  -8.8061008308876142E-009   1.4614865737665519E-009
         108  -2.9719112899176519E-008   1.7188424287231478E-009
   7.0030226973926247E-010   1.3449826130357150E-008
  -9.3082962062034706E-009   1.9806023246736602E-009
         109  -2.9051171750210403E-008   3.7142161632218857E-009
   4.4096983658908113E-009   2.3855664438484887E-008
  -9.5083218443720640E-009   2.8557837725867066E-009
         110  -2.7264867895306143E-008   5.5026473882341902E-009
   2.0421422210252451E-008   3.1779949169543806E-008
  -8.8367106908365995E-009   3.5693188115426535E-009
         111  -2.5722928370708914E-008   5.4807098962566857E-009
   3.7871626948919910E-008   2.3177490349641926E-008
  -8.1243995013493190E-009   3.0716477889109242E-009
         112  -2.6095729797126997E-008   5.3009131173891044E-009
   4.3546271097311971E-008   1.0278986736559707E-008
  -8.3823470080477245E-009   2.2934271922302920E-009
         113  -2.7578627982395779E-008   6.2312530678472953E-009
   4.4843131331002760E-008   1.1456213050955941E-009
  -9.0757424716410692E-009   1.8587212389109806E-009
         114  -2.9701400374585350E-008   8.5911133402287267E-009
   4.6372332447669155E-008  -6.2978105953641047E-009
  -9.8837892628590198E-009   1.6425273721267893E-009
         115  -3.2212443239234453E-008   1.3206607094015928E-008
   4.8922362463538287E-008  -1.5041603153751792E-008
  -1.0771410023977454E-008   1.4777126729147243E-009
         116  -3.3792961313053135E-008   2.1968062556175212E-008
   5.0826355662729833E-008  -2.8622467450372970E-008
  -1.1850239028451772E-008   1.2036959129619434E-009
         117  -2.8640373088911004E-008   3.6346555928353227E-008
   4.4126491822118077E-008  -4.9575540751089432E-008
  -1.3535063041376129E-008   7.2977782709932160E-010
         118  -7.9865589701450324E-009   4.5382021234949290E-008
   1.6719659620831085E-008  -6.3266973898052139E-008
  -1.6448845966834416E-008   7.6929168307610859E-010
         119   1.1219367839054809E-008   3.3837151719468269E-008
  -8.3137650635242140E-009  -4.8911963045344472E-008
  -1.9649627210719458E-008   2.3524309147546143E-009
         120   1.5380587275614361E-008   1.9138527481606650E-008
  -1.2091676553707323E-008  -3.0458045479076500E-008
  -2.2431506662195588E-008   4.5487692045333244E-009
         121   1.4212312379032079E-008   9.9547039299782814E-009
  -7.6017999439835125E-009  -2.0217769390023330E-008
  -2.5602094123501143E-008   7.0859567112949064E-009
         122   1.2976888283656749E-008   4.0162842004950872E-009
  -1.7175563011063188E-009  -1.5813349923732534E-008
  -2.9785755452454713E-008   1.0635099152335309E-008
         123   1.2914837898406646E-008  -1.2273647960718360E-009
   4.2866598488064153E-009  -1.5195767219470036E-008
  -3.5418988646988075E-008   1.6494049490850257E-008
         124   1.4102103393646690E-008  -8.2194325515029462E-009
   1.0331350419406983E-008  -1.8337870342401601E-008
  -4.2519543124184767E-008   2.7452049917718319E-008
         125   1.4723803392213352E-008  -2.0864510281542943E-008
   1.5089038925283743E-008  -2.7493871091039614E-008
  -4.7877679196696026E-008   4.9737661011264730E-008
         126   3.9955872250469626E-009  -4.2471378237745497E-008
   9.7795408696741192E-009  -4.4725883043316522E-008
  -3.2110485257091103E-008   8.8463641189571266E-008
         127  -3.1279829107113855E-008  -4.8823247779243897E-008
  -1.5768117211042597E-008  -4.9371589488447232E-008
   2.7128079202474311E-008   9.9105591643987688E-008
         128  -5.1774155445465464E-008  -2.6306426568190135E-008
  -2.8244209481565053E-008  -3.1045531435816396E-008
   5.7822477060847105E-008   5.9212231722046227E-008
         129  -5.3747938529879174E-008  -8.8960401578497747E-009
  -2.5175397038350379E-008  -1.8365599592982248E-008
   5.4780853395564428E-008   3.0728657869756628E-008
         130  -5.3184211961451805E-008   1.3840098174147929E-009
  -1.9883272378958319E-008  -1.3157120486562397E-008
   4.6951337932170803E-008   1.7215519771350149E-008
         131  -5.3448809434761087E-008   9.5433313697066322E-009
  -1.5540333405587664E-008  -1.2164023010733193E-008
   4.0795809424360481E-008   1.0793948279189829E-008
         132  -5.3365021842358356E-008   1.8409672686315254E-008
  -1.3428200030589546E-008  -1.4100475267994742E-008
   3.7064664822138067E-008   7.8116395448276024E-009
         133  -4.9724983535455307E-008   2.6944888531283001E-008
  -1.5703018701548290E-008  -1.6644012756565647E-008
   3.6191081050927524E-008   6.1014891704476127E-009
         134  -4.4857670715966375E-008   2.9462020919997135E-008
  -2.0438961284956481E-008  -1.4653002440089783E-008
   3.7296625320444895E-008   3.2382833461164800E-009
         135  -4.6492036760843237E-008   2.8987615247616640E-008
  -2.1812261994526299E-008  -9.6608176960745476E-009
   3.8321569510304841E-008  -7.1210024841690372E-010
         136  -5.3780954321240649E-008   3.2235569543579433E-008
  -2.0524209525700000E-008  -5.7505045313181885E-009
   3.9539977181232140E-008  -4.8195818617167340E-009
         137  -6.4129190321538133E-008   4.1649792643570729E-008
  -1.8492070197422499E-008  -3.1723076177047152E-009
   4.1741516224789655E-008  -9.6621509443720121E-009
         138  -7.5977636652076162E-008   6.0241960814883856E-008
  -1.6062493188689195E-008  -1.2829827930598183E-009
   4.5188476628452218E-008  -1.6701413616815544E-008
