   262144.00000000000     
         256           1           3
   1.7567330116226543E-005  -9.2646085535570002        161.96561313430001     
   6.0401400154609997        12.000000000000000        5733.8999999999996     
           0   0.0000000000000000        0.0000000000000000     
   0.0000000000000000        0.0000000000000000     
   0.0000000000000000        0.0000000000000000     
           1   0.0000000000000000        0.0000000000000000     
   3.5367319255605052E-010  -1.0094133708081510E-011
   2.7548030487190026E-009  -7.4933966484790325E-011
           2   0.0000000000000000        0.0000000000000000     
   3.5004882694941353E-010  -7.8106908078264774E-012
   2.7275533068655474E-009  -6.1032199657541771E-011
           3   0.0000000000000000        0.0000000000000000     
   3.4782060467020045E-010  -7.1557556770528621E-012
   2.7115826058274339E-009  -5.7222298198176932E-011
           4   0.0000000000000000        0.0000000000000000     
   3.4577181720747282E-010  -6.7851962677346337E-012
   2.6980338855197228E-009  -5.5210487815919052E-011
           5   0.0000000000000000        0.0000000000000000     
   3.4372203035038453E-010  -6.4784827842472908E-012
   2.6853761154965299E-009  -5.3632568900980202E-011
           6   0.0000000000000000        0.0000000000000000     
   3.4158596611223281E-010  -6.1831237930169342E-012
   2.6729074874054585E-009  -5.2164077262433116E-011
           7   0.0000000000000000        0.0000000000000000     
   3.3930785659367253E-010  -5.8807642370017381E-012
   2.6602013627560668E-009  -5.0693448672566974E-011
           8   0.0000000000000000        0.0000000000000000     
   3.3684551875182352E-010  -5.5622967065307145E-012
   2.6469601693586801E-009  -4.9167775640504823E-011
           9   0.0000000000000000        0.0000000000000000     
   3.3416331058737756E-010  -5.2215531184595935E-012
   2.6329529182025972E-009  -4.7553578933964199E-011
          10   0.0000000000000000        0.0000000000000000     
   3.3122828497666086E-010  -4.8532661369648676E-012
   2.6179829215371041E-009  -4.5824146631602195E-011
          11   0.0000000000000000        0.0000000000000000     
   3.2800781179228574E-010  -4.4522491207866344E-012
   2.6018690796849053E-009  -4.3954522643103949E-011
          12   0.0000000000000000        0.0000000000000000     
   3.2446792552168914E-010  -4.0129778424155528E-012
   2.5844338738145281E-009  -4.1919064701607350E-011
          13   0.0000000000000000        0.0000000000000000     
   3.2057202754845541E-010  -3.5293118171443912E-012
   2.5654948062717813E-009  -3.9689940547670899E-011
          14   0.0000000000000000        0.0000000000000000     
   3.1627973673255732E-010  -2.9942558080006074E-012
   2.5448575772112774E-009  -3.7235949647189846E-011
          15   0.0000000000000000        0.0000000000000000     
   3.1154575888741179E-010  -2.3997156679828929E-012
   2.5223100058385135E-009  -3.4521398201726533E-011
          16   0.0000000000000000        0.0000000000000000     
   3.0631868221938343E-010  -1.7362208914057848E-012
   2.4976160564427182E-009  -3.1504875904715790E-011
          17   0.0000000000000000        0.0000000000000000     
   3.0053961984551109E-010  -9.9259127594862899E-013
   2.4705094932500282E-009  -2.8137822932926551E-011
          18   0.0000000000000000        0.0000000000000000     
   2.9414062033445197E-010  -1.5552397293541300E-013
   2.4406867448876520E-009  -2.4362779892532662E-011
          19   0.0000000000000000        0.0000000000000000     
   2.8704275876511118E-010   7.9092803964332859E-013
   2.4077985600993126E-009  -2.0111195952192413E-011
          20   0.0000000000000000        0.0000000000000000     
   2.7915380111108392E-010   1.8660238951848209E-012
   2.3714399737817092E-009  -1.5300636225095429E-011
          21   0.0000000000000000        0.0000000000000000     
   2.7036530563186858E-010   3.0932006384466300E-012
   2.3311379958063772E-009  -9.8311745830548475E-012
          22   0.0000000000000000        0.0000000000000000     
   2.6054903661710598E-010   4.5012072224310609E-012
   2.2861696144446742E-009  -3.5771231642897064E-012
          23   0.0000000000000000        0.0000000000000000     
   2.4955212190130118E-010   6.1256147739497441E-012
   2.2362091113912248E-009   3.6049969747411130E-012
          24   0.0000000000000000        0.0000000000000000     
   2.3719144164412449E-010   8.0108310018866664E-012
   2.1803030720074385E-009   1.1906152295971350E-011
          25   0.0000000000000000        0.0000000000000000     
   2.2324569898760582E-010   1.0212854188609969E-011
   2.1175051771415460E-009   2.1561944441867432E-011
          26   0.0000000000000000        0.0000000000000000     
   2.0744534199611712E-010   1.2803064552871543E-011
   2.0466673704674054E-009   3.2871828878005104E-011
          27   0.0000000000000000        0.0000000000000000     
   1.8945908027503256E-010   1.5873536935741856E-011
   1.9663839675615841E-009   4.6221032658896356E-011
          28   0.0000000000000000        0.0000000000000000     
   1.6887569471278440E-010   1.9544610012362466E-011
   1.8749163776685906E-009   6.2111752733132642E-011
          29   0.0000000000000000        0.0000000000000000     
   1.4517912664168421E-010   2.3975874250788774E-011
   1.7700901581159654E-009   8.1208408855643570E-011
          30   0.0000000000000000        0.0000000000000000     
   1.1771379656960820E-010   2.9382458380857351E-011
   1.6491518665791558E-009   1.0440467101888961E-010
          31   0.0000000000000000        0.0000000000000000     
   8.5635432515617801E-011   3.6059738559214180E-011
   1.5085663180395630E-009   1.3292508984397680E-010
          32   0.0000000000000000        0.0000000000000000     
   4.7839930491439264E-011   4.4421823328065594E-011
   1.3437235328548367E-009   1.6848330777187066E-010
          33   0.0000000000000000        0.0000000000000000     
   2.8580914125577778E-012   5.5063307173745104E-011
   1.1485054558573207E-009   2.1353582109285984E-010
          34   0.0000000000000000        0.0000000000000000     
  -5.1304089206591701E-011   6.8861796185808855E-011
   9.1462899742254560E-010   2.7170314291352878E-010
          35   0.0000000000000000        0.0000000000000000     
  -1.1741485435951005E-010   8.7154959254831190E-011
   6.3076789777397067E-010   3.4849377688020399E-010
          36   0.0000000000000000        0.0000000000000000     
  -1.9941667333109218E-010   1.1206058600648249E-010
   2.8031969756337420E-010   4.5263090558283949E-010
          37   0.0000000000000000        0.0000000000000000     
  -3.0309498343190861E-010   1.4708744335160468E-010
  -1.6045727152975466E-010   5.9854133085384397E-010
          38   0.0000000000000000        0.0000000000000000     
  -4.3722594353824052E-010   1.9837865627942364E-010
  -7.2782538099925833E-010   8.1147363897544145E-010
          39   0.0000000000000000        0.0000000000000000     
  -6.1561657750207043E-010   2.7744830683122687E-010
  -1.4784829099822903E-009   1.1387210231472958E-009
          40   0.0000000000000000        0.0000000000000000     
  -8.6073250621552172E-010   4.0780606539589909E-010
  -2.5049592936426358E-009   1.6768222538888582E-009
          41   0.0000000000000000        0.0000000000000000     
  -1.2094667373830972E-009   6.4296441215979683E-010
  -3.9587025233675466E-009   2.6454564270252196E-009
          42   0.0000000000000000        0.0000000000000000     
  -1.7147431504828183E-009   1.1222995245568684E-009
  -6.0575053389978964E-009   4.6167289039067853E-009
          43   0.0000000000000000        0.0000000000000000     
  -2.3590549017934288E-009   2.2595639795206343E-009
  -8.7300755480430871E-009   9.2888616029577152E-009
          44   0.0000000000000000        0.0000000000000000     
  -2.0917153624231453E-009   5.0241724486596700E-009
  -7.6640142493960113E-009   2.0640643736411521E-008
          45   0.0000000000000000        0.0000000000000000     
   2.4141463467070304E-009   6.4015691630313306E-009
   1.0794661015911573E-008   2.6299747362861198E-008
          46   0.0000000000000000        0.0000000000000000     
   4.3086984027856959E-009   3.1417772062102022E-009
   1.8531298373096147E-008   1.2927667856732566E-008
          47   0.0000000000000000        0.0000000000000000     
   3.7381453402781150E-009   1.4250684615903007E-009
   1.6145985713033893E-008   5.8898443018560338E-009
          48   0.0000000000000000        0.0000000000000000     
   3.1470176459150747E-009   7.4464707226253118E-010
   1.3670535440843804E-008   3.1064917786708607E-009
          49   0.0000000000000000        0.0000000000000000     
   2.7411236071500802E-009   4.3200235991542386E-010
   1.1948830944019325E-008   1.8341536448866660E-009
          50   0.0000000000000000        0.0000000000000000     
   2.4677980125365602E-009   2.6556736874017732E-010
   1.0763622105232273E-008   1.1638066681680423E-009
          51   0.0000000000000000        0.0000000000000000     
   2.2806957108327735E-009   1.6602901959884793E-010
   9.9233600927587612E-009   7.7036264280035078E-010
          52   0.0000000000000000        0.0000000000000000     
   2.1514969057813379E-009   1.0054178735620936E-010
   9.3101740677852091E-009   5.1956974282760719E-010
          53   0.0000000000000000        0.0000000000000000     
   2.0633617988699790E-009   5.3667997167504198E-011
   8.8528430943270229E-009   3.4878972567603621E-010
          54   0.0000000000000000        0.0000000000000000     
   2.0061521906205238E-009   1.7324780582715442E-011
   8.5073812225855781E-009   2.2579329582150021E-010
          55   0.0000000000000000        0.0000000000000000     
   1.9737562187846663E-009  -1.3173221537370030E-011
   8.2454282225943371E-009   1.3261901637214158E-010
          56   0.0000000000000000        0.0000000000000000     
   1.9626365873998885E-009  -4.0862277317912113E-011
   8.0483821095783558E-009   5.8525682939291625E-011
          57   0.0000000000000000        0.0000000000000000     
   1.9710581455973476E-009  -6.7998419851230368E-011
   7.9038358528709907E-009  -3.3661445383357176E-012
          58   0.0000000000000000        0.0000000000000000     
   1.9987080113201906E-009  -9.6561176627162493E-011
   7.8035332966128758E-009  -5.7818550217674721E-011
          59   0.0000000000000000        0.0000000000000000     
   2.0465774185821635E-009  -1.2862388027635216E-010
   7.7423383786156038E-009  -1.0847861587366115E-010
          60   0.0000000000000000        0.0000000000000000     
   2.1170496741031788E-009  -1.6672681634792504E-010
   7.7174052333171979E-009  -1.5853771245728687E-010
          61   0.0000000000000000        0.0000000000000000     
   2.2142170257459441E-009  -2.1438110273402590E-010
   7.7282084260771584E-009  -2.1129805184370812E-010
          62   0.0000000000000000        0.0000000000000000     
   2.3444890686556808E-009  -2.7689438520329039E-010
   7.7759452717422997E-009  -2.7080870980540391E-010
          63   0.0000000000000000        0.0000000000000000     
   2.5176528982844679E-009  -3.6289424697050693E-010
   7.8646468012437847E-009  -3.4288474474057765E-010
          64   0.0000000000000000        0.0000000000000000     
   2.7486314375686883E-009  -4.8739438238652730E-010
   8.0025073248756047E-009  -4.3699852909472217E-010
          65   0.0000000000000000        0.0000000000000000     
   3.0602476959031462E-009  -6.7849409132563047E-010
   8.2023163951709770E-009  -5.7026594358491386E-010
          66   0.0000000000000000        0.0000000000000000     
   3.4866732296825289E-009  -9.9335577459405250E-010
   8.4829611488459844E-009  -7.7692003329248817E-010
          67   0.0000000000000000        0.0000000000000000     
   4.0718002005189119E-009  -1.5599090226354762E-009
   8.8713020898047053E-009  -1.1330625936588973E-009
          68   0.0000000000000000        0.0000000000000000     
   4.8189391878497058E-009  -2.6917107968462182E-009
   9.3686555602932598E-009  -1.8245329467627977E-009
          69   0.0000000000000000        0.0000000000000000     
   5.2984183533190712E-009  -5.1291284375618344E-009
   9.7218978185062271E-009  -3.2896268219166513E-009
          70   0.0000000000000000        0.0000000000000000     
   2.9332605925682699E-009  -9.0796480048101855E-009
   8.4079985920275814E-009  -5.6515447946047231E-009
          71   0.0000000000000000        0.0000000000000000     
  -3.0246049733517674E-009  -8.5160278906008995E-009
   4.9847884970837450E-009  -5.3464700032014914E-009
          72   0.0000000000000000        0.0000000000000000     
  -4.6474889477848994E-009  -4.5587089774443724E-009
   4.1429602648076712E-009  -3.0376887219504205E-009
          73   0.0000000000000000        0.0000000000000000     
  -4.0128704138121851E-009  -2.3710864017059087E-009
   4.6547553668687297E-009  -1.7794832200927166E-009
          74   0.0000000000000000        0.0000000000000000     
  -3.2680329562869851E-009  -1.3586413739879023E-009
   5.2530867724190475E-009  -1.2212617417897666E-009
          75   0.0000000000000000        0.0000000000000000     
  -2.7077252538005200E-009  -8.4457291991886350E-010
   5.7664341308214407E-009  -9.6400913113701901E-010
          76   0.0000000000000000        0.0000000000000000     
  -2.3085301221013454E-009  -5.5305919214148051E-010
   6.2122411575915266E-009  -8.4617839771212366E-010
          77   0.0000000000000000        0.0000000000000000     
  -2.0250526756602152E-009  -3.7098832579298606E-010
   6.6218748410559255E-009  -8.0290768549548811E-010
          78   0.0000000000000000        0.0000000000000000     
  -1.8243697626077631E-009  -2.4714659989137229E-010
   7.0206769218523466E-009  -8.0658574399583342E-010
          79   0.0000000000000000        0.0000000000000000     
  -1.6852322150701849E-009  -1.5584280600088734E-010
   7.4281731272263547E-009  -8.4559054869252497E-010
          80   0.0000000000000000        0.0000000000000000     
  -1.5943609883385233E-009  -8.2836562366354740E-011
   7.8617223088686917E-009  -9.1638369112382959E-010
          81   0.0000000000000000        0.0000000000000000     
  -1.5437966762154350E-009  -1.9323931273399001E-011
   8.3381812855049235E-009  -1.0205492106727865E-009
          82   0.0000000000000000        0.0000000000000000     
  -1.5293295588009192E-009   4.0938031624421251E-011
   8.8757743357383685E-009  -1.1640541296084368E-009
          83   0.0000000000000000        0.0000000000000000     
  -1.5496817308436891E-009   1.0323388205003182E-010
   9.4971631806746402E-009  -1.3578947203015591E-009
          84   0.0000000000000000        0.0000000000000000     
  -1.6062225013125971E-009   1.7303767488789714E-010
   1.0230623261275707E-008  -1.6200458730703567E-009
          85   0.0000000000000000        0.0000000000000000     
  -1.7031176210825749E-009   2.5718443868126169E-010
   1.1113182689803294E-008  -1.9794343755737968E-009
          86   0.0000000000000000        0.0000000000000000     
  -1.8479220747484945E-009   3.6553671257951739E-010
   1.2196784797699360E-008  -2.4835831501074565E-009
          87   0.0000000000000000        0.0000000000000000     
  -2.0526820908690173E-009   5.1391863007843680E-010
   1.3555147099390333E-008  -3.2135721333697343E-009
          88   0.0000000000000000        0.0000000000000000     
  -2.3355273605306313E-009   7.2996940521030845E-010
   1.5291858496183357E-008  -4.3149766544431437E-009
          89   0.0000000000000000        0.0000000000000000     
  -2.7219579160900378E-009   1.0658982958041870E-009
   1.7548385925860209E-008  -6.0661295573721731E-009
          90   0.0000000000000000        0.0000000000000000     
  -3.2407108696114671E-009   1.6282981681111262E-009
   2.0482716653256940E-008  -9.0382097306434007E-009
          91   0.0000000000000000        0.0000000000000000     
  -3.8864094419310498E-009   2.6495734627790197E-009
   2.4067180490274840E-008  -1.4479103749700332E-008
          92   0.0000000000000000        0.0000000000000000     
  -4.4063177282200998E-009   4.6240275701557341E-009
   2.6945702078462395E-008  -2.5045081630445014E-008
          93   0.0000000000000000        0.0000000000000000     
  -3.4142122227324306E-009   8.0588664229158676E-009
   2.1664505950672448E-008  -4.3461781714158514E-008
          94   0.0000000000000000        0.0000000000000000     
   1.4759371172666327E-009   1.0211894768560844E-008
  -4.6068083140358790E-009  -5.4983314730213430E-008
          95   0.0000000000000000        0.0000000000000000     
   5.6367651303182670E-009   7.2503010564078783E-009
  -2.6988739545173934E-008  -3.8999610803742748E-008
          96   0.0000000000000000        0.0000000000000000     
   6.0850110974509228E-009   4.0366260628895071E-009
  -2.9443134716527230E-008  -2.1653779945931421E-008
          97   0.0000000000000000        0.0000000000000000     
   5.4598143458773609E-009   2.2939547934700032E-009
  -2.6162412620876734E-008  -1.2208266397221727E-008
          98   0.0000000000000000        0.0000000000000000     
   4.8186521168622868E-009   1.3900741827475368E-009
  -2.2838143757918128E-008  -7.2608966643970858E-009
          99   0.0000000000000000        0.0000000000000000     
   4.3235772789045969E-009   8.8431230825613325E-010
  -2.0347409415039697E-008  -4.4386625226393759E-009
         100   0.0000000000000000        0.0000000000000000     
   3.9627188697016193E-009   5.7555636583335941E-010
  -1.8633677999314330E-008  -2.6555768168256261E-009
         101   0.0000000000000000        0.0000000000000000     
   3.7051324129461603E-009   3.7106880765243202E-010
  -1.7540947396792942E-008  -1.4068600092373673E-009
         102   0.0000000000000000        0.0000000000000000     
   3.5259887481258616E-009   2.2475343883217772E-010
  -1.6948560909637318E-008  -4.3638944162125897E-010
         103   0.0000000000000000        0.0000000000000000     
   3.4082982696952173E-009   1.1162077542604564E-010
  -1.6782986763360959E-008   4.0160770280872952E-010
         104   0.0000000000000000        0.0000000000000000     
   3.3412022027048366E-009   1.6742199669621367E-011
  -1.7008155834884548E-008   1.2034286081228783E-009
         105   0.0000000000000000        0.0000000000000000     
   3.3183863626763764E-009  -6.9961368258449310E-011
  -1.7620466556615824E-008   2.0463867328022002E-009
         106   0.0000000000000000        0.0000000000000000     
   3.3370797252557234E-009  -1.5651602293250129E-010
  -1.8644875920218625E-008   3.0078507529260823E-009
         107   0.0000000000000000        0.0000000000000000     
   3.3975887379517902E-009  -2.5076628614996954E-010
  -2.0138071901769531E-008   4.1822524798305582E-009
         108   0.0000000000000000        0.0000000000000000     
   3.5032693456637958E-009  -3.6214377420912328E-010
  -2.2193718111768674E-008   5.7029264317928121E-009
         109   0.0000000000000000        0.0000000000000000     
   3.6608554027664935E-009  -5.0407112430913549E-010
  -2.4951509766530750E-008   7.7780745409323419E-009
         110   0.0000000000000000        0.0000000000000000     
   3.8809675186448476E-009  -6.9813787409638725E-010
  -2.8609649405808539E-008   1.0758507974452414E-008
         111   0.0000000000000000        0.0000000000000000     
   4.1780030407043473E-009  -9.8238905137751573E-010
  -3.3422492061062782E-008   1.5275744464687630E-008
         112   0.0000000000000000        0.0000000000000000     
   4.5658014834784186E-009  -1.4289883986324446E-009
  -3.9633405854691338E-008   2.2539044748405107E-008
         113   0.0000000000000000        0.0000000000000000     
   5.0336163777985045E-009  -2.1820555763775229E-009
  -4.7063161944755083E-008   3.4972967468498017E-008
         114   0.0000000000000000        0.0000000000000000     
   5.4371759557291547E-009  -3.5214000431211878E-009
  -5.3279203238295758E-008   5.7292418009463226E-008
         115   0.0000000000000000        0.0000000000000000     
   5.1019748915078572E-009  -5.7835310779397797E-009
  -4.6897225078074093E-008   9.5169218527371097E-008
         116   0.0000000000000000        0.0000000000000000     
   2.4859552415519301E-009  -8.0651403197763844E-009
  -1.8891405253254866E-009   1.3335406244566544E-007
         117   0.0000000000000000        0.0000000000000000     
  -1.3312659986826246E-009  -7.2721473652707330E-009
   6.3532234328067181E-008   1.1962972486116744E-007
         118   0.0000000000000000        0.0000000000000000     
  -2.7664064249062981E-009  -4.6739822555780837E-009
   8.8917633171363773E-008   7.5408477309311755E-008
         119   0.0000000000000000        0.0000000000000000     
  -2.5913673134274354E-009  -2.8328553272790644E-009
   8.7306029838042024E-008   4.3915876152995288E-008
         120   0.0000000000000000        0.0000000000000000     
  -2.0739547074937622E-009  -1.8096564979962429E-009
   8.0109920836667350E-008   2.6167724851687944E-008
         121   0.0000000000000000        0.0000000000000000     
  -1.5833854757665248E-009  -1.2377234499309550E-009
   7.3586019227933017E-008   1.5962415835678554E-008
         122   0.0000000000000000        0.0000000000000000     
  -1.1782671425672412E-009  -9.0033860355207825E-010
   6.8753742843492269E-008   9.6247706705031230E-009
         123   0.0000000000000000        0.0000000000000000     
  -8.4996148522316860E-010  -6.9039221680637011E-010
   6.5506650324579075E-008   5.3238659883117433E-009
         124   0.0000000000000000        0.0000000000000000     
  -5.8055616304769234E-010  -5.5407649263926573E-010
   6.3592389274915342E-008   2.1208441731162103E-009
         125   0.0000000000000000        0.0000000000000000     
  -3.5447984035807021E-010  -4.6288738438773004E-010
   6.2810233030275091E-008  -5.0656812089696151E-010
         126   0.0000000000000000        0.0000000000000000     
  -1.5985485066605378E-010  -4.0082854593912196E-010
   6.3039074012549445E-008  -2.8846343434944134E-009
         127   0.0000000000000000        0.0000000000000000     
   1.2159800854331300E-011  -3.5837652170758349E-010
   6.4230952557570355E-008  -5.2525999638385065E-009
         128   0.0000000000000000        0.0000000000000000     
   1.6819095565286228E-010  -3.2943055564031447E-010
   6.6405499096535857E-008  -7.8256617318498497E-009
         129   0.0000000000000000        0.0000000000000000     
   3.1330726809806606E-010  -3.0957621981150482E-010
   6.9648110532220491E-008  -1.0843250706969331E-008
         130   0.0000000000000000        0.0000000000000000     
   4.5151554487439067E-010  -2.9483194312375138E-010
   7.4114959390694962E-008  -1.4622855069626247E-008
         131   0.0000000000000000        0.0000000000000000     
   5.8621298396774657E-010  -2.8030513017067291E-010
   8.0041737264744788E-008  -1.9641270838106759E-008
         132   0.0000000000000000        0.0000000000000000     
   7.2092167532018977E-010  -2.5807254465384578E-010
   8.7735859513368515E-008  -2.6679824653805497E-008
         133   0.0000000000000000        0.0000000000000000     
   8.6136245002213987E-010  -2.1306416162686841E-010
   9.7519521395747701E-008  -3.7106881226760144E-008
         134   0.0000000000000000        0.0000000000000000     
   1.0225234576846826E-009  -1.1469024285363566E-010
   1.0941152171196365E-007  -5.3436491533894856E-008
         135   0.0000000000000000        0.0000000000000000     
   1.2539593247343438E-009   9.7591815503400992E-011
   1.2189774370310963E-007  -8.0305158276473944E-008
         136   0.0000000000000000        0.0000000000000000     
   1.7256436100802981E-009   5.1379912839257443E-010
   1.2757153793819385E-007  -1.2489439845975272E-007
         137   0.0000000000000000        0.0000000000000000     
   2.9151501632673958E-009   1.0595577432849936E-009
   1.0348325826525878E-007  -1.8788105027597248E-007
         138   0.0000000000000000        0.0000000000000000     
   5.2948451674033655E-009   7.7525399052467154E-010
   2.6551650810821696E-008  -2.2828512251123992E-007
