   262144.00000000000     
         256           1           3
   1.7567330116226543E-005  -3.8553127350719998        56.028443713300000     
   6.0401400154609997        12.000000000000000        5733.8999999999996     
           0   0.0000000000000000        0.0000000000000000     
   0.0000000000000000        0.0000000000000000     
   0.0000000000000000        0.0000000000000000     
           1   2.7184566900095945E-009  -2.1976458381587148E-009
  -1.7906677549888746E-008   2.5929331319350957E-009
   0.0000000000000000        0.0000000000000000     
           2  -9.8197421644003990E-010  -6.8141571298258667E-009
  -1.4031466301131235E-008   7.2268638568824922E-009
   0.0000000000000000        0.0000000000000000     
           3  -4.7413970828590369E-009  -2.4103090093691276E-009
  -1.0172544693055180E-008   2.8063666809488181E-009
   0.0000000000000000        0.0000000000000000     
           4  -3.8163765095948188E-009  -7.2535002546440162E-010
  -1.1050728494527355E-008   1.1168373349672450E-009
   0.0000000000000000        0.0000000000000000     
           5  -3.2574218905514706E-009  -2.8711586115430728E-010
  -1.1581967934629942E-008   6.7978916902518958E-010
   0.0000000000000000        0.0000000000000000     
           6  -2.9576674559609081E-009  -1.2731712354366015E-010
  -1.1867791823663764E-008   5.2283910026231381E-010
   0.0000000000000000        0.0000000000000000     
           7  -2.7831138820140283E-009  -5.4624731151148948E-011
  -1.2039701991873753E-008   4.5379577579288764E-010
   0.0000000000000000        0.0000000000000000     
           8  -2.6742497182959711E-009  -1.6384055397334987E-011
  -1.2155668097867940E-008   4.1974433638157155E-010
   0.0000000000000000        0.0000000000000000     
           9  -2.6031483885474734E-009   5.9396113011731468E-012
  -1.2242610954629497E-008   4.0204954941316781E-010
   0.0000000000000000        0.0000000000000000     
          10  -2.5554763164428902E-009   2.0065395197163406E-011
  -1.2314189857159017E-008   3.9294828394332328E-010
   0.0000000000000000        0.0000000000000000     
          11  -2.5232882113342059E-009   2.9620229644642893E-011
  -1.2377892565135981E-008   3.8879438459027619E-010
   0.0000000000000000        0.0000000000000000     
          12  -2.5018977942564267E-009   3.6470294704927867E-011
  -1.2438096611704574E-008   3.8771531287216674E-010
   0.0000000000000000        0.0000000000000000     
          13  -2.4884000069126266E-009   4.1646691999719414E-011
  -1.2497505154600379E-008   3.8868129544419467E-010
   0.0000000000000000        0.0000000000000000     
          14  -2.4809208272069477E-009   4.5753098334197216E-011
  -1.2557870393816020E-008   3.9109517393642294E-010
   0.0000000000000000        0.0000000000000000     
          15  -2.4782126237348908E-009   4.9160622516783523E-011
  -1.2620380670452014E-008   3.9459625787592861E-010
   0.0000000000000000        0.0000000000000000     
          16  -2.4794244953065010E-009   5.2107362533831856E-011
  -1.2685878401427252E-008   3.9896007917817650E-010
   0.0000000000000000        0.0000000000000000     
          17  -2.4839662153269157E-009   5.4752173361683649E-011
  -1.2754988218138875E-008   4.0404426486446062E-010
   0.0000000000000000        0.0000000000000000     
          18  -2.4914246620593796E-009   5.7205112003323791E-011
  -1.2828195198776583E-008   4.0975792812858056E-010
   0.0000000000000000        0.0000000000000000     
          19  -2.5015109099991237E-009   5.9545406302926234E-011
  -1.2905894247538622E-008   4.1604366213086974E-010
   0.0000000000000000        0.0000000000000000     
          20  -2.5140258963606549E-009   6.1832468096697218E-011
  -1.2988422211573411E-008   4.2286657862554752E-010
   0.0000000000000000        0.0000000000000000     
          21  -2.5288377197813306E-009   6.4112892676733663E-011
  -1.3076079355638702E-008   4.3020742880957278E-010
   0.0000000000000000        0.0000000000000000     
          22  -2.5458664568387357E-009   6.6425078203335444E-011
  -1.3169144096349382E-008   4.3805816138842106E-010
   0.0000000000000000        0.0000000000000000     
          23  -2.5650739945630673E-009   6.8802407989490430E-011
  -1.3267883358029063E-008   4.4641896890919223E-010
   0.0000000000000000        0.0000000000000000     
          24  -2.5864573285686467E-009   7.1275561917851823E-011
  -1.3372560009943067E-008   4.5529625316909262E-010
   0.0000000000000000        0.0000000000000000     
          25  -2.6100443580237028E-009   7.3874313162647387E-011
  -1.3483438297200333E-008   4.6470115222880209E-010
   0.0000000000000000        0.0000000000000000     
          26  -2.6358915775882169E-009   7.6629048727700244E-011
  -1.3600787832650666E-008   4.7464838967512448E-010
   0.0000000000000000        0.0000000000000000     
          27  -2.6640833135208647E-009   7.9572188865783050E-011
  -1.3724886486773728E-008   4.8515526944250646E-010
   0.0000000000000000        0.0000000000000000     
          28  -2.6947323286579926E-009   8.2739651809718858E-011
  -1.3856022346220416E-008   4.9624066573565535E-010
   0.0000000000000000        0.0000000000000000     
          29  -2.7279817637707189E-009   8.6172507465109497E-011
  -1.3994494774488565E-008   5.0792385552328216E-010
   0.0000000000000000        0.0000000000000000     
          30  -2.7640085151526222E-009   8.9918984863478222E-011
  -1.4140614475390297E-008   5.2022301113568120E-010
   0.0000000000000000        0.0000000000000000     
          31  -2.8030282921838127E-009   9.4037047271959589E-011
  -1.4294702306928903E-008   5.3315310606047009E-010
   0.0000000000000000        0.0000000000000000     
          32  -2.8453027779459501E-009   9.8597837100652848E-011
  -1.4457086391517150E-008   5.4672287229564449E-010
   0.0000000000000000        0.0000000000000000     
          33  -2.8911495632228983E-009   1.0369044226790792E-010
  -1.4628096777366315E-008   5.6093025227758621E-010
   0.0000000000000000        0.0000000000000000     
          34  -2.9409558881739238E-009   1.0942868764232000E-010
  -1.4808056461836248E-008   5.7575545638903478E-010
   0.0000000000000000        0.0000000000000000     
          35  -2.9951977878656271E-009   1.1596108630611802E-010
  -1.4997266883628070E-008   5.9115016386321507E-010
   0.0000000000000000        0.0000000000000000     
          36  -3.0544671357040546E-009   1.2348584224429329E-010
  -1.5195984842213728E-008   6.0702039053111005E-010
   0.0000000000000000        0.0000000000000000     
          37  -3.1195105593573586E-009   1.3227416812649308E-010
  -1.5404385878679263E-008   6.2319869560417805E-010
   0.0000000000000000        0.0000000000000000     
          38  -3.1912867182623337E-009   1.4270776453857822E-010
  -1.5622505842867479E-008   6.3939789632221659E-010
   0.0000000000000000        0.0000000000000000     
          39  -3.2710528299070201E-009   1.5534138307399597E-010
  -1.5850146527465445E-008   6.5513154567974399E-010
   0.0000000000000000        0.0000000000000000     
          40  -3.3604992498560291E-009   1.7101187898746394E-010
  -1.6086720652024364E-008   6.6957210794287377E-010
   0.0000000000000000        0.0000000000000000     
          41  -3.4619655349132075E-009   1.9103808208796235E-010
  -1.6330991805679498E-008   6.8128639014748442E-010
   0.0000000000000000        0.0000000000000000     
          42  -3.5787988313835560E-009   2.1760937406272790E-010
  -1.6580627967067735E-008   6.8771438515256146E-010
   0.0000000000000000        0.0000000000000000     
          43  -3.7159658068008141E-009   2.5459608201008895E-010
  -1.6831419204536022E-008   6.8407224354225606E-010
   0.0000000000000000        0.0000000000000000     
          44  -3.8811088305263454E-009   3.0938858003377537E-010
  -1.7075903390692272E-008   6.6084741413597026E-010
   0.0000000000000000        0.0000000000000000     
          45  -4.0862561990618928E-009   3.9751873588722109E-010
  -1.7301123297766604E-008   5.9748147506493931E-010
   0.0000000000000000        0.0000000000000000     
          46  -4.3493946896447020E-009   5.5574204287769236E-010
  -1.7486629729929832E-008   4.4445767176729877E-010
   0.0000000000000000        0.0000000000000000     
          47  -4.6843912250081752E-009   8.8343846692927117E-010
  -1.7618611987829969E-008   6.6605644160779260E-011
   0.0000000000000000        0.0000000000000000     
          48  -4.9677195194930704E-009   1.6586511045428997E-009
  -1.7873357525524184E-008  -9.1544649706562475E-010
   0.0000000000000000        0.0000000000000000     
          49  -4.1495230573309412E-009   2.9497600924968403E-009
  -1.9698040262836161E-008  -2.5892763832004333E-009
   0.0000000000000000        0.0000000000000000     
          50  -2.4895218220200029E-009   2.2574047885261479E-009
  -2.2734429942525954E-008  -1.5252409491228100E-009
   0.0000000000000000        0.0000000000000000     
          51  -2.5719125976456997E-009   1.1349723517400253E-009
  -2.3454333063614967E-008   1.3843137994912752E-010
   0.0000000000000000        0.0000000000000000     
          52  -3.0159995844442087E-009   6.8865360025446537E-010
  -2.3768781555364258E-008   8.9425708641268688E-010
   0.0000000000000000        0.0000000000000000     
          53  -3.4131873689946144E-009   5.1894315752311372E-010
  -2.4252236117111467E-008   1.2974394416539129E-009
   0.0000000000000000        0.0000000000000000     
          54  -3.7632089630279598E-009   4.5629445066464733E-010
  -2.4924467711678113E-008   1.5881192390406246E-009
   0.0000000000000000        0.0000000000000000     
          55  -4.0943506501554506E-009   4.4466383783652000E-010
  -2.5772084389553210E-008   1.8536171281882514E-009
   0.0000000000000000        0.0000000000000000     
          56  -4.4292774391339812E-009   4.6455495244357925E-010
  -2.6798109167051171E-008   2.1356953969413749E-009
   0.0000000000000000        0.0000000000000000     
          57  -4.7864158863686872E-009   5.1030554491563417E-010
  -2.8022668277543371E-008   2.4642754798052054E-009
   0.0000000000000000        0.0000000000000000     
          58  -5.1836402881473379E-009   5.8339462241981461E-010
  -2.9483766939802520E-008   2.8710496867585261E-009
   0.0000000000000000        0.0000000000000000     
          59  -5.6415317793352563E-009   6.9118198776588656E-010
  -3.1241314005788262E-008   3.3992195755731721E-009
   0.0000000000000000        0.0000000000000000     
          60  -6.1870147227718165E-009   8.4864671201651122E-010
  -3.3386128204900744E-008   4.1163825259744851E-009
   0.0000000000000000        0.0000000000000000     
          61  -6.8584265148099066E-009   1.0837305599959116E-009
  -3.6056343768368424E-008   5.1381952445646347E-009
   0.0000000000000000        0.0000000000000000     
          62  -7.7135522650585360E-009   1.4499445601529828E-009
  -3.9465963834248933E-008   6.6788984920613621E-009
   0.0000000000000000        0.0000000000000000     
          63  -8.8423720329750457E-009   2.0571168239016905E-009
  -4.3949545647558756E-008   9.1714053111493524E-009
   0.0000000000000000        0.0000000000000000     
          64  -1.0379528379504327E-008   3.1535980634960851E-009
  -5.0010310299235547E-008   1.3585543808992994E-008
   0.0000000000000000        0.0000000000000000     
          65  -1.2470588933113667E-008   5.3695461549636465E-009
  -5.8161665182280257E-008   2.2362018561310253E-008
   0.0000000000000000        0.0000000000000000     
          66  -1.4716250804795212E-008   1.0423382999774082E-008
  -6.6736744183278893E-008   4.2089544251611814E-008
   0.0000000000000000        0.0000000000000000     
          67  -1.2115245083209168E-008   2.1042212961473400E-008
  -5.6285670702496515E-008   8.2887959270882200E-008
   0.0000000000000000        0.0000000000000000     
          68   4.2374842912231379E-009   2.4148931459327198E-008
   6.4368821539952489E-009   9.3760873854150066E-008
   0.0000000000000000        0.0000000000000000     
          69   1.0831287992345491E-008   1.2856130031642834E-008
   3.0397722895983838E-008   5.0044687158348738E-008
   0.0000000000000000        0.0000000000000000     
          70   9.1177490514199428E-009   6.2803479734975872E-009
   2.2653348626647564E-008   2.5264981533349610E-008
   0.0000000000000000        0.0000000000000000     
          71   6.9753887502588540E-009   3.3001753370852207E-009
   1.3418444786744789E-008   1.4655997987946417E-008
   0.0000000000000000        0.0000000000000000     
          72   5.3505220304920050E-009   1.5852091565252439E-009
   6.3439137023597248E-009   9.5360737087224976E-009
   0.0000000000000000        0.0000000000000000     
          73   3.8055864752445588E-009   1.9762265251499690E-010
   8.3275556895643632E-010   6.6364946760909602E-009
   0.0000000000000000        0.0000000000000000     
          74   1.7925566096941552E-009  -3.5682510115978987E-010
  -3.8896356744041848E-009   5.1161784761941423E-009
   0.0000000000000000        0.0000000000000000     
          75   5.7865443093133345E-010   1.1551954189868278E-010
  -7.5940831618046127E-009   4.5976060227404484E-009
   0.0000000000000000        0.0000000000000000     
          76   6.6808891602193495E-011   4.0583209859870877E-010
  -1.0564433302555128E-008   4.3046072738995963E-009
   0.0000000000000000        0.0000000000000000     
          77  -3.0030724164428925E-010   4.9328628036275616E-010
  -1.3213178118527588E-008   4.1205007054845464E-009
   0.0000000000000000        0.0000000000000000     
          78  -6.3732892446349394E-010   5.0846685429477626E-010
  -1.5701204177591394E-008   4.0478579917052680E-009
   0.0000000000000000        0.0000000000000000     
          79  -9.6082514050459748E-010   5.0257859103977571E-010
  -1.8118500317086272E-008   4.0796623226759272E-009
   0.0000000000000000        0.0000000000000000     
          80  -1.2752783286756753E-009   4.9345654940364859E-010
  -2.0534368890958291E-008   4.2099458820756342E-009
   0.0000000000000000        0.0000000000000000     
          81  -1.5845585987504795E-009   4.8764021157728669E-010
  -2.3011508179882167E-008   4.4389722960758059E-009
   0.0000000000000000        0.0000000000000000     
          82  -1.8929078874645894E-009   4.8786935904149809E-010
  -2.5611653513873975E-008   4.7747485014266738E-009
   0.0000000000000000        0.0000000000000000     
          83  -2.2053854075601228E-009   4.9576313469871989E-010
  -2.8401666730139593E-008   5.2345074109629137E-009
   0.0000000000000000        0.0000000000000000     
          84  -2.5277566662200164E-009   5.1295398871454805E-010
  -3.1458687236177191E-008   5.8474047114545210E-009
   0.0000000000000000        0.0000000000000000     
          85  -2.8667198881812585E-009   5.4177971604042016E-010
  -3.4877149679142441E-008   6.6595665533635568E-009
   0.0000000000000000        0.0000000000000000     
          86  -3.2306074366841729E-009   5.8602374796820212E-010
  -3.8779393444843449E-008   7.7432280424957424E-009
   0.0000000000000000        0.0000000000000000     
          87  -3.6297658088522717E-009   6.5208578717882176E-010
  -4.3328339486388680E-008   9.2132106553950619E-009
   0.0000000000000000        0.0000000000000000     
          88  -4.0783281024694052E-009   7.5124450702344011E-010
  -4.8750877189282338E-008   1.1258105306783183E-008
   0.0000000000000000        0.0000000000000000     
          89  -4.5956449176554352E-009   9.0439751579571238E-010
  -5.5370025778028591E-008   1.4201757870689273E-008
   0.0000000000000000        0.0000000000000000     
          90  -5.2090595941596008E-009   1.1528695244500641E-009
  -6.3654069650110143E-008   1.8632862129370189E-008
   0.0000000000000000        0.0000000000000000     
          91  -5.9517393578948580E-009   1.5846539717255244E-009
  -7.4267069407641036E-008   2.5698164679069234E-008
   0.0000000000000000        0.0000000000000000     
          92  -6.8274535785180065E-009   2.3995305739633906E-009
  -8.8025563733143385E-008   3.7818338415728075E-008
   0.0000000000000000        0.0000000000000000     
          93  -7.6081788727763314E-009   4.0319481049383048E-009
  -1.0512489610746804E-007   6.0515671468581176E-008
   0.0000000000000000        0.0000000000000000     
          94  -7.0130054793550341E-009   6.8213750853919457E-009
  -1.1987598938214529E-007   1.0632844744586940E-007
   0.0000000000000000        0.0000000000000000     
          95  -3.4649307790854080E-009   8.0014369352164423E-009
  -9.5995791145806721E-008   1.8879905252752240E-007
   0.0000000000000000        0.0000000000000000     
          96  -1.4192844919464776E-009   5.6255338937154073E-009
   2.4677967306966650E-008   2.2871743862475326E-007
   0.0000000000000000        0.0000000000000000     
          97  -1.7854521005345091E-009   3.7122267994380829E-009
   1.0502105956555376E-007   1.4835440408907535E-007
   0.0000000000000000        0.0000000000000000     
          98  -2.6933855572159764E-009   2.7349913969108013E-009
   1.0268295610005818E-007   8.0481739024837149E-008
   0.0000000000000000        0.0000000000000000     
          99  -3.6844068909067373E-009   2.2583607479769088E-009
   8.4098154608219465E-008   4.6874659969647003E-008
   0.0000000000000000        0.0000000000000000     
         100  -4.7138059073535259E-009   2.0609944342985739E-009
   6.7523276044559357E-008   3.0098588497460019E-008
   0.0000000000000000        0.0000000000000000     
         101  -5.8200133331162117E-009   2.0498410751522703E-009
   5.4619498574832022E-008   2.0974383141087429E-008
   0.0000000000000000        0.0000000000000000     
         102  -7.0872436699044570E-009   2.2066268242397781E-009
   4.4595291954431444E-008   1.5606710359916507E-008
   0.0000000000000000        0.0000000000000000     
         103  -8.6426951032669801E-009   2.5812596959211395E-009
   3.6611061603798078E-008   1.2254395970300299E-008
   0.0000000000000000        0.0000000000000000     
         104  -1.0713404066394960E-008   3.3524421418412032E-009
   3.0056187472553525E-008   1.0072316106174260E-008
   0.0000000000000000        0.0000000000000000     
         105  -1.3738047926438526E-008   5.1070400556369780E-009
   2.4508522670245813E-008   8.6186793602224722E-009
   0.0000000000000000        0.0000000000000000     
         106  -1.8254379373595880E-008   1.0278617301392336E-008
   1.9673607718022810E-008   7.6486562843473845E-009
   0.0000000000000000        0.0000000000000000     
         107  -1.5434678000630797E-008   2.7267931830761442E-008
   1.5339590547087310E-008   7.0213781013617281E-009
   0.0000000000000000        0.0000000000000000     
         108   6.5573728076321831E-009   1.9468618043964042E-008
   1.1347483983980131E-008   6.6555556513066170E-009
   0.0000000000000000        0.0000000000000000     
         109   2.3914313649642650E-009   9.0046902463760803E-009
   7.5716592486541735E-009   6.5081216635981587E-009
   0.0000000000000000        0.0000000000000000     
         110  -2.5369508936183073E-009   7.2693280917496989E-009
   3.9072001171451818E-009   6.5658331031409533E-009
   0.0000000000000000        0.0000000000000000     
         111  -6.4645185469359740E-009   8.3909043189828816E-009
   2.6381130482996958E-010   6.8474259733776223E-009
   0.0000000000000000        0.0000000000000000     
         112  -9.7328737406724307E-009   1.1898554829031965E-008
  -3.4222625728427855E-009   7.4179880487864145E-009
   0.0000000000000000        0.0000000000000000     
         113  -1.0958190423151855E-008   1.8847214231027451E-008
  -7.1143171999987603E-009   8.3957450161481464E-009
   0.0000000000000000        0.0000000000000000     
         114  -4.9389359768299083E-009   2.7838598436135676E-008
  -1.0520114447735992E-008   9.7279174485853678E-009
   0.0000000000000000        0.0000000000000000     
         115   8.2287814130794281E-009   2.7718630391394975E-008
  -1.3732074326152975E-008   1.0677285182522473E-008
   0.0000000000000000        0.0000000000000000     
         116   1.4223339951736650E-008   1.8764483005403700E-008
  -1.7894158633900597E-008   1.1331085675160745E-008
   0.0000000000000000        0.0000000000000000     
         117   1.3394892673026253E-008   1.1860612584906128E-008
  -2.3156762660688118E-008   1.2596499404405985E-008
   0.0000000000000000        0.0000000000000000     
         118   1.0930359988300314E-008   8.1370382597327098E-009
  -2.9367289540546953E-008   1.4773873612401861E-008
   0.0000000000000000        0.0000000000000000     
         119   8.4450142559932239E-009   6.2409313288255890E-009
  -3.6698816192129576E-008   1.8126117017832727E-008
   0.0000000000000000        0.0000000000000000     
         120   6.1753969923119657E-009   5.3611134558716429E-009
  -4.5519487210315275E-008   2.3221177427094371E-008
   0.0000000000000000        0.0000000000000000     
         121   4.0605306533362734E-009   5.1589112282509971E-009
  -5.6315222779032424E-008   3.1191490743230861E-008
   0.0000000000000000        0.0000000000000000     
         122   2.0021399252314247E-009   5.5789689202416910E-009
  -6.9516678997395480E-008   4.4299504381078383E-008
   0.0000000000000000        0.0000000000000000     
         123  -3.3399669927615763E-011   6.8164224215968283E-009
  -8.4602429604127959E-008   6.7189209179716222E-008
   0.0000000000000000        0.0000000000000000     
         124  -1.7313022696803468E-009   9.3844216865871078E-009
  -9.6002039468025723E-008   1.0881443453164515E-007
   0.0000000000000000        0.0000000000000000     
         125  -1.5671805236638801E-009   1.3738351966584884E-008
  -7.8972067310940255E-008   1.7713489803074386E-007
   0.0000000000000000        0.0000000000000000     
         126   3.0872519086734543E-009   1.7100757002659108E-008
   9.4962978403535993E-009   2.2918391992352065E-007
   0.0000000000000000        0.0000000000000000     
         127   7.9725550098084481E-009   1.4511676931773305E-008
   1.0482915025940553E-007   1.8481330157166077E-007
   0.0000000000000000        0.0000000000000000     
         128   8.0390399174541921E-009   1.0606465965108773E-008
   1.2676306627254461E-007   1.1402512029334766E-007
   0.0000000000000000        0.0000000000000000     
         129   5.8401439117805980E-009   8.8839355981640508E-009
   1.1522804677293636E-007   7.0265194334381492E-008
   0.0000000000000000        0.0000000000000000     
         130   3.1866641937773642E-009   9.2270551043460597E-009
   9.8763905947081021E-008   4.7280047468820152E-008
   0.0000000000000000        0.0000000000000000     
         131   7.4429982275856993E-010   1.1644277684694226E-008
   8.4183195799772188E-008   3.5717133512447840E-008
   0.0000000000000000        0.0000000000000000     
         132  -1.7723515922031488E-010   1.6697151231075557E-008
   7.2851825577335933E-008   3.1010862481489527E-008
   0.0000000000000000        0.0000000000000000     
         133   3.8172004940794181E-009   2.3295426128851239E-008
   6.6227773246663472E-008   3.0294373373421155E-008
   0.0000000000000000        0.0000000000000000     
         134   1.3055397010659982E-008   2.4554487722988806E-008
   6.4120687999725180E-008   2.8770907377927099E-008
   0.0000000000000000        0.0000000000000000     
         135   1.8717469384990691E-008   1.9482621459089874E-008
   6.1684644339714771E-008   2.5474579314744244E-008
   0.0000000000000000        0.0000000000000000     
         136   2.0189551405111791E-008   1.5253418956801130E-008
   5.9363406173229591E-008   2.3687805078588647E-008
   0.0000000000000000        0.0000000000000000     
         137   2.1320240141835494E-008   1.1984076021959120E-008
   5.9226852106281893E-008   2.0956148574667839E-008
   0.0000000000000000        0.0000000000000000     
         138   2.1399041727422050E-008   8.3780191804345631E-009
   5.7586317068481438E-008   1.5969791977122907E-008
   0.0000000000000000        0.0000000000000000     
