   262144.00000000000     
         256           1           3
   1.7567330116226543E-005   20.860845378598000        104.28469363400001     
   6.0401400154609997        12.000000000000000        5733.8999999999996     
           0   0.0000000000000000        0.0000000000000000     
   0.0000000000000000        0.0000000000000000     
   0.0000000000000000        0.0000000000000000     
           1   6.0684429624414525E-010   7.0754543295169534E-011
   3.3156548288357992E-009  -7.2757057287531771E-011
  -8.2123956400625273E-009   3.9845507098948048E-010
           2   7.4907313456749051E-010   2.6742989620059240E-010
   3.2853417108054788E-009  -7.2425715676581477E-011
  -7.7502322198135725E-009   9.1512508779664559E-010
           3   9.0791459627710857E-010   8.7502278496071824E-011
   3.2691408275400864E-009  -7.2531121114746703E-011
  -7.2858571321086225E-009   4.4226041493400827E-010
           4   8.6994988553530485E-010   1.5768062770683043E-011
   3.2592200582786993E-009  -7.2858510555531695E-011
  -7.3577283042274495E-009   2.5467829374966796E-010
           5   8.4707061324048758E-010  -3.5383152167044753E-012
   3.2530752302833939E-009  -7.3326064140108495E-011
  -7.4011697667283969E-009   2.0543321448357991E-010
           6   8.3563293044513283E-010  -1.0963285003614115E-011
   3.2496268548027330E-009  -7.3899143905657009E-011
  -7.4226111954249400E-009   1.8774741026625177E-010
           7   8.3011924122868679E-010  -1.4645001924594845E-011
   3.2483101830241573E-009  -7.4562274597573931E-011
  -7.4349111209603769E-009   1.8016197019422435E-010
           8   8.2802756760772027E-010  -1.6848615681940144E-011
   3.2487985321923476E-009  -7.5308307101215559E-011
  -7.4436858314244817E-009   1.7669319280686301E-010
           9   8.2816890594536345E-010  -1.8379813064195549E-011
   3.2508919299358338E-009  -7.6134562460227431E-011
  -7.4514637297410562E-009   1.7520953499561091E-010
          10   8.2992885370019621E-010  -1.9577936762634542E-011
   3.2544651475277060E-009  -7.7041153345498194E-011
  -7.4594759079656355E-009   1.7481376112760650E-010
          11   8.3296753135875058E-010  -2.0604711666328354E-011
   3.2594408792460901E-009  -7.8030176015413075E-011
  -7.4683668205821633E-009   1.7508081171027279E-010
          12   8.3708780669684966E-010  -2.1545048032858794E-011
   3.2657748809518163E-009  -7.9105311566130579E-011
  -7.4784969063804316E-009   1.7579124625566054E-010
          13   8.4217247272457592E-010  -2.2447319429824231E-011
   3.2734473314659051E-009  -8.0271645504705864E-011
  -7.4900817831517115E-009   1.7682452001595584E-010
          14   8.4815209419296138E-010  -2.3341212302759845E-011
   3.2824576834217019E-009  -8.1535618815121742E-011
  -7.5032607368830685E-009   1.7811160072774015E-010
          15   8.5498755293598908E-010  -2.4246315551124136E-011
   3.2928216076862602E-009  -8.2905069467219532E-011
  -7.5181324084007362E-009   1.7961214740301102E-010
          16   8.6266010913000594E-010  -2.5176544425716411E-011
   3.3045692812206034E-009  -8.4389345857231550E-011
  -7.5347743348608968E-009   1.8130277760327722E-010
          17   8.7116552700757543E-010  -2.6142555477928810E-011
   3.3177446024921281E-009  -8.5999486206816208E-011
  -7.5532541469778119E-009   1.8317070991362780E-010
          18   8.8051050957109216E-010  -2.7153135735715027E-011
   3.3324051032710276E-009  -8.7748466090927041E-011
  -7.5736362809481383E-009   1.8521017311265734E-010
          19   8.9071050516463582E-010  -2.8216043000407620E-011
   3.3486224351173895E-009  -8.9651522679650115E-011
  -7.5959862067637065E-009   1.8742031550317251E-010
          20   9.0178836446699904E-010  -2.9338541232617544E-011
   3.3664833795633081E-009  -9.1726570441099891E-011
  -7.6203732558344891E-009   1.8980396682954023E-010
          21   9.1377354765383737E-010  -3.0527761846392538E-011
   3.3860913821233898E-009  -9.3994729985807784E-011
  -7.6468726569735268E-009   1.9236690700289261E-010
          22   9.2670170404735817E-010  -3.1790964145879700E-011
   3.4075686528309988E-009  -9.6481000368653818E-011
  -7.6755671365206706E-009   1.9511745035761906E-010
          23   9.4061451723539633E-010  -3.3135737664199507E-011
   3.4310589172018259E-009  -9.9215116576562225E-011
  -7.7065482991093704E-009   1.9806623678994049E-010
          24   9.5555975068725420E-010  -3.4570172517272309E-011
   3.4567309470727247E-009  -1.0223264954872869E-010
  -7.7399179277614176E-009   2.0122616716065567E-010
          25   9.7159145513374799E-010  -3.6103014570826120E-011
   3.4847830561728578E-009  -1.0557642795067298E-010
  -7.7757892978474877E-009   2.0461244710363759E-010
          26   9.8877031583718365E-010  -3.7743816958848169E-011
   3.5154488171266914E-009  -1.0929839211675965E-010
  -7.8142885751351136E-009   2.0824271967154185E-010
          27   1.0071641294451474E-009  -3.9503096564627886E-011
   3.5490043535167726E-009  -1.1346203577709809E-010
  -7.8555563555413435E-009   2.1213727777319061E-010
          28   1.0268484085028027E-009  -4.1392502557621336E-011
   3.5857776951880866E-009  -1.1814565773192225E-010
  -7.8997493992402834E-009   2.1631935471621858E-010
          29   1.0479071183130023E-009  -4.3425003471795661E-011
   3.6261608755990451E-009  -1.2344674521984465E-010
  -7.9470426119821317E-009   2.2081549687168660E-010
          30   1.0704335566058461E-009  -4.5615099353100980E-011
   3.6706257252431204E-009  -1.2948796236793072E-010
  -7.9976313307788428E-009   2.2565602747376611E-010
          31   1.0945313919401856E-009  -4.7979066070235831E-011
   3.7197447193751661E-009  -1.3642545239143060E-010
  -8.0517339790205683E-009   2.3087561549669181E-010
          32   1.1203158824971801E-009  -5.0535239941938887E-011
   3.7742188426992285E-009  -1.4446053479138036E-010
  -8.1095951675793370E-009   2.3651396893549682E-010
          33   1.1479153032673403E-009  -5.3304352426693401E-011
   3.8349153543861397E-009  -1.5385648213066077E-010
  -8.1714893339470801E-009   2.4261667812150962E-010
          34   1.1774240053659699E-009  -5.6307856660810261E-011
   3.9029193006976989E-009  -1.6496304222984834E-010
  -8.2377245625429199E-009   2.4923622227448005E-010
          35   1.2090988594636910E-009  -5.9576683980839513E-011
   3.9796081621381797E-009  -1.7825321978805686E-010
  -8.3086495403120492E-009   2.5643330343600593E-010
          36   1.2430697770922674E-009  -6.3139387588493824E-011
   4.0667529076558270E-009  -1.9437941193025593E-010
  -8.3846567797946313E-009   2.6427826086484628E-010
          37   1.2795362804411014E-009  -6.7031091530851278E-011
   4.1667064568575143E-009  -2.1426366031426451E-010
  -8.4661917062841004E-009   2.7285304098891545E-010
          38   1.3187249137407305E-009  -7.1292387777523107E-011
   4.2824880653060698E-009  -2.3923584537161466E-010
  -8.5537608799855560E-009   2.8225351496475190E-010
          39   1.3609428075255675E-009  -7.5972475277958339E-011
   4.4183410753341373E-009  -2.7128608712190266E-010
  -8.6479429362005048E-009   2.9259240299957136E-010
          40   1.4063691925144610E-009  -8.1121554958443130E-011
   4.5801346435180111E-009  -3.1348675596911435E-010
  -8.7493991991250639E-009   3.0400281139793373E-010
          41   1.4553850368365283E-009  -8.6806149325197245E-011
   4.7762484505887382E-009  -3.7078367057790249E-010
  -8.8588923096714823E-009   3.1664290836130510E-010
          42   1.5083006508080298E-009  -9.3099747940618956E-011
   5.0192127974608965E-009  -4.5155240724389716E-010
  -8.9773024861348883E-009   3.3070150033442790E-010
          43   1.5656626176976228E-009  -1.0009853142364520E-010
   5.3280901189720263E-009  -5.7084479249835139E-010
  -9.1056538489484883E-009   3.4640523938311821E-010
          44   1.6279712331692954E-009  -1.0791447647253357E-010
   5.7329595352920846E-009  -7.5782248475901869E-010
  -9.2451405532550057E-009   3.6402708464727212E-010
          45   1.6955880631326198E-009  -1.1668090015026882E-010
   6.2825889618952241E-009  -1.0745708425238949E-009
  -9.3971619157821843E-009   3.8389576435114877E-010
          46   1.7694783470587338E-009  -1.2660417916258400E-010
   7.0523929655816719E-009  -1.6697395849240497E-009
  -9.5633760058414172E-009   4.0640310672742008E-010
          47   1.8500760821009186E-009  -1.3797955967664701E-010
   8.1070882493899099E-009  -2.9500274146697156E-009
  -9.7457569707906250E-009   4.3199361625534300E-010
          48   1.9384912455444450E-009  -1.5141531069032461E-010
   8.9657486093432366E-009  -6.0728878830228440E-009
  -9.9467930138282925E-009   4.6110093755698745E-010
          49   2.0338571775051353E-009  -1.6728939670050838E-010
   5.3101897513941196E-009  -1.1437921603808162E-008
  -1.0170216754520403E-008   4.9448554134462675E-010
          50   2.1380752698706984E-009  -1.8257247324913653E-010
  -2.0809324808472617E-009  -8.7274320558647012E-009
  -1.0419420781946388E-008   5.3523968299153656E-010
          51   2.2559773802251555E-009  -1.9964603356038502E-010
  -2.4031461188342895E-009  -4.0388487225524561E-009
  -1.0696668261737550E-008   5.8358360154240251E-010
          52   2.3875422732091007E-009  -2.2056915153593929E-010
  -1.2223104995979634E-009  -2.0791193431899208E-009
  -1.1008505655019555E-008   6.4046659402410461E-010
          53   2.5341636277764394E-009  -2.4547247505020252E-010
  -2.7767186282887161E-010  -1.2467754911227003E-009
  -1.1362176440774953E-008   7.0871626524032618E-010
          54   2.6986246307222963E-009  -2.7499123312058534E-010
   3.9497145285850410E-010  -8.3888743262067394E-010
  -1.1766544844493583E-008   7.9192230614632325E-010
          55   2.8841531713868296E-009  -3.1017876123666341E-010
   8.8586347832776916E-010  -6.1429304323731914E-010
  -1.2233125496211590E-008   8.9497220516477951E-010
          56   3.0949196059728828E-009  -3.5253749920010920E-010
   1.2593376702178631E-009  -4.7964413961495419E-010
  -1.2777188827727516E-008   1.0248367469833403E-009
          57   3.3360660562499848E-009  -4.0416314003539114E-010
   1.5550548345153479E-009  -3.9381016487724512E-010
  -1.3419377006016140E-008   1.1917919654914136E-009
          58   3.6144669825724411E-009  -4.6805127689339765E-010
   1.7975932075434920E-009  -3.3664633715440595E-010
  -1.4188212311526228E-008   1.4115049084964227E-009
          59   3.9391105115693850E-009  -5.4859805180543982E-010
   2.0028373956535527E-009  -2.9743229753009270E-010
  -1.5124084196649148E-008   1.7087958888532088E-009
          60   4.3224126371334518E-009  -6.5253743704621772E-010
   2.1813399461126517E-009  -2.7006974314361054E-010
  -1.6285782499746015E-008   2.1248094789820099E-009
          61   4.7815506115918908E-009  -7.9070539946396094E-010
   2.3402702303945902E-009  -2.5089865582928727E-010
  -1.7761436883767971E-008   2.7315749474570233E-009
          62   5.3409893751094244E-009  -9.8172618772533941E-010
   2.4850050342142820E-009  -2.3764401941216419E-010
  -1.9686973200322353E-008   3.6638807768246535E-009
          63   6.0373880776246794E-009  -1.2604877120368547E-009
   2.6194414714029466E-009  -2.2884061005362171E-010
  -2.2275534721940088E-008   5.1955976971317783E-009
          64   6.9236282479598015E-009  -1.6997434094401258E-009
   2.7464619619461518E-009  -2.2353043818187521E-010
  -2.5848473520684278E-008   7.9424397136277349E-009
          65   8.0639605328370810E-009  -2.4723621938589361E-009
   2.8684022403938399E-009  -2.2110931403676658E-010
  -3.0735429545583561E-008   1.3458330799547340E-008
          66   9.4032871901563907E-009  -4.0295366405202313E-009
   2.9874206347992565E-009  -2.2127774480459982E-010
  -3.5888121130522648E-008   2.5950922648404396E-008
          67   9.7852554229539377E-009  -7.0970616244473813E-009
   3.1045633614122644E-009  -2.2393420824977305E-010
  -2.8907898601172698E-008   5.1933851399454063E-008
          68   7.1143069338034697E-009  -8.6015479779109223E-009
   3.2206173319840840E-009  -2.2799413328463154E-010
   1.1599154897696161E-008   5.8934945651718085E-008
          69   7.2432388944429998E-009  -7.0415225486007209E-009
   3.3389475655605560E-009  -2.3294100273753649E-010
   2.7604204875774028E-008   3.0902166376960030E-008
          70   1.0017841785896000E-008  -7.5216079391380376E-009
   3.4602831972061563E-009  -2.4007469556045701E-010
   2.3410920393402902E-008   1.4747517613429816E-008
          71   1.3615608953012424E-008  -1.0843609794629221E-008
   3.5856174625610258E-009  -2.4935384986449599E-010
   1.8339459863708350E-008   7.3892523188570786E-009
          72   1.6762803360513653E-008  -1.9034477747477410E-008
   3.7161698409582500E-009  -2.6065605837520131E-010
   1.4623590453551808E-008   2.9773581678800338E-009
          73   1.1736137186546113E-008  -3.4734780503528280E-008
   3.8538453735095604E-009  -2.7403113652458550E-010
   1.0934678951082306E-008  -9.2485020681551167E-010
          74  -1.2127704013243278E-008  -3.9425169271905565E-008
   4.0003239082591074E-009  -2.9053626542119961E-010
   5.4748693465599402E-009  -2.5690046885739060E-009
          75  -2.3761566270778608E-008  -2.3012120262280228E-008
   4.1560129130075600E-009  -3.1097485679832630E-010
   2.2458333571349164E-009  -9.7418240674836917E-010
          76  -2.1917823179195823E-008  -1.1945326119230871E-008
   4.3231691803181781E-009  -3.3475718668104153E-010
   1.2093519774633019E-009   8.5377385072224477E-011
          77  -1.8515543437779465E-008  -6.7955315267090330E-009
   4.5045238264406141E-009  -3.6254740995857794E-010
   6.3417311677763772E-010   4.6779161868705051E-010
          78  -1.5798835171393393E-008  -4.2445518336284524E-009
   4.7027628821277509E-009  -3.9537859597150929E-010
   1.5123103725438808E-010   5.8222064907062699E-010
          79  -1.3798899092381039E-008  -2.8401231640402627E-009
   4.9212618005603882E-009  -4.3449640139956797E-010
  -2.8793177760078287E-010   5.9867918180025501E-010
          80  -1.2321419753293169E-008  -1.9935488878614555E-009
   5.1642460263792089E-009  -4.8150480986650377E-010
  -6.8851498381096479E-010   5.7960458085283797E-010
          81  -1.1210468238823267E-008  -1.4447738060737022E-009
   5.4366045736390664E-009  -5.3852771118371783E-010
  -1.0523098718658061E-009   5.4883626015244052E-010
          82  -1.0360908488589151E-008  -1.0674252195694328E-009
   5.7449205991751436E-009  -6.0848401750922080E-010
  -1.3820155916145012E-009   5.1580441559580883E-010
          83  -9.7029870291398426E-009  -7.9479839372771605E-010
   6.0974871502121054E-009  -6.9544059297152069E-010
  -1.6809534589444036E-009   4.8421501419262574E-010
          84  -9.1900385378826872E-009  -5.8914595361622036E-010
   6.5050403848651192E-009  -8.0520394282133910E-010
  -1.9525329263196035E-009   4.5538942757487158E-010
          85  -8.7903333661640910E-009  -4.2781005488767578E-010
   6.9820222125568008E-009  -9.4630020026164880E-010
  -2.1999500598656980E-009   4.2963235183013500E-010
          86  -8.4816764598101451E-009  -2.9648311434788463E-010
   7.5481912791254394E-009  -1.1316349374173192E-009
  -2.4260646589406714E-009   4.0681950844152254E-010
          87  -8.2481116724850972E-009  -1.8570437433705167E-010
   8.2308164064317267E-009  -1.3814405122954098E-009
  -2.6333699423460142E-009   3.8665727354009983E-010
          88  -8.0789470643787693E-009  -8.8887217491280278E-011
   9.0683390324747215E-009  -1.7288103693600527E-009
  -2.8239943503221749E-009   3.6879697829430157E-010
          89  -7.9659012295786949E-009  -1.2559633356550013E-012
   1.0116931275926824E-008  -2.2307150985372047E-009
  -2.9997468608306636E-009   3.5288336937733229E-010
          90  -7.9041469175935076E-009   8.0932523679166724E-011
   1.1457759685322493E-008  -2.9912344252464953E-009
  -3.1621305197661117E-009   3.3856843003113961E-010
          91  -7.8896643572108787E-009   1.6080611930719397E-010
   1.3206951334057065E-008  -4.2147120173951087E-009
  -3.3123948472417698E-009   3.2550638846459060E-010
          92  -7.9209614477144954E-009   2.4142124872593746E-010
   1.5502816659991354E-008  -6.3358956087883650E-009
  -3.4515431227898570E-009   3.1332480035940691E-010
          93  -7.9966693494771309E-009   3.2620398940818268E-010
   1.8344260722549609E-008  -1.0346246189120267E-008
  -3.5804028117051245E-009   3.0155532239694673E-010
          94  -8.1144665213020272E-009   4.1820083467563985E-010
   2.0576494039564860E-008  -1.8395286259427526E-008
  -3.6998264170154015E-009   2.8950745508835757E-010
          95  -8.2717826490598387E-009   5.1246598006256925E-010
   1.5905042884154791E-008  -3.2280262527635318E-008
  -3.8114953397231239E-009   2.7655334213237017E-010
          96  -8.4839094683124174E-009   6.0686525179463661E-010
  -4.5928296735407831E-009  -3.8560124879952832E-008
  -3.9174081278133325E-009   2.6501734134304619E-010
          97  -8.7584659471326001E-009   7.1526976106173607E-010
  -1.8097367543254726E-008  -2.4966791948018198E-008
  -4.0131848894313783E-009   2.5696007646331594E-010
          98  -9.0966951388587936E-009   8.4355547272625042E-010
  -1.7829706115684515E-008  -1.3531003646078568E-008
  -4.0973704096809083E-009   2.4769736925194356E-010
          99  -9.5063946203317579E-009   9.9568984583980270E-010
  -1.4849978795271034E-008  -7.8323924579629009E-009
  -4.1717470321949659E-009   2.3605891973453304E-010
         100  -9.9983684767940365E-009   1.1778538369209155E-009
  -1.2209084589492407E-008  -4.9603579314232384E-009
  -4.2362713280248158E-009   2.2201637949588543E-010
         101  -1.0587884720633800E-008   1.3991378405404538E-009
  -1.0190302133901881E-008  -3.3775955234215101E-009
  -4.2900149667260135E-009   2.0509030082865990E-010
         102  -1.1295226451380084E-008   1.6724835614775863E-009
  -8.6654024670746442E-009  -2.4287543293567748E-009
  -4.3315375306541953E-009   1.8435703650394068E-010
         103  -1.2146378858104288E-008   2.0164438494500718E-009
  -7.4963918868428410E-009  -1.8194041867200132E-009
  -4.3588426038228646E-009   1.5841102732193511E-010
         104  -1.3176983761152934E-008   2.4583271643699876E-009
  -6.5830908794754952E-009  -1.4056999665146611E-009
  -4.3691793176267087E-009   1.2517811398295838E-010
         105  -1.4434919206676473E-008   3.0394709791951205E-009
  -5.8567682811643659E-009  -1.1116886439517103E-009
  -4.3587707773607227E-009   8.1548579647712553E-011
         106  -1.5985457440868093E-008   3.8247018913789438E-009
  -5.2709111447596540E-009  -8.9448055159627884E-010
  -4.3224042359904113E-009   2.2708002961813859E-011
         107  -1.7919954262440880E-008   4.9200001519738229E-009
  -4.7931505517318402E-009  -7.2846209030036447E-010
  -4.2528358960883587E-009  -5.9109927703078363E-011
         108  -2.0363167841944078E-008   6.5069147276143305E-009
  -4.4003538828434287E-009  -5.9758111949733107E-010
  -4.1400603739130259E-009  -1.7705759770655528E-010
         109  -2.3482390596104406E-008   8.9140368718523323E-009
  -4.0765732973806560E-009  -4.9129540540501560E-010
  -3.9706474510110874E-009  -3.5470318495781260E-010
         110  -2.7464913688307632E-008   1.2772566100984933E-008
  -3.8095989564830233E-009  -4.0242549514543548E-010
  -3.7288590560400716E-009  -6.3699466666762340E-010
         111  -3.2361615556653478E-008   1.9364398056328437E-008
  -3.5906686111824156E-009  -3.2582968714278738E-010
  -3.4071450111832244E-009  -1.1148427876336919E-009
         112  -3.7276965946431928E-008   3.1314549988056731E-008
  -3.4137146759411347E-009  -2.5759716359552219E-010
  -3.0614466233110227E-009  -1.9745632510315683E-009
         113  -3.6965708436946606E-008   5.2756653220042430E-008
  -3.2737467836569882E-009  -1.9458664243849572E-010
  -3.0480193799174028E-009  -3.5137815816180735E-009
         114  -1.5382714385873301E-008   7.9524798114118275E-008
  -3.1667150038645953E-009  -1.3463649430319625E-010
  -4.4843665885154294E-009  -5.4658135755617074E-009
         115   2.6786155507965039E-008   7.8266623782006259E-008
  -3.0907332604703934E-009  -7.7560745642705247E-011
  -7.3541510151972354E-009  -5.5114342574001538E-009
         116   4.6737896842931718E-008   5.0734722189504506E-008
  -3.0473465548027698E-009  -2.1316285138248523E-011
  -8.6595221976251489E-009  -3.7322078772368457E-009
         117   4.6317781720575863E-008   2.9589227334443135E-008
  -3.0365466988381566E-009   3.8008017169328588E-011
  -8.4741694128778238E-009  -2.4237032048706252E-009
         118   4.1282330393626909E-008   1.7871514175609514E-008
  -3.0585345591754670E-009   1.0287181889835885E-010
  -7.8701970388155498E-009  -1.8433683483288058E-009
         119   3.6510301216259238E-008   1.1344249512699390E-008
  -3.1152391658946384E-009   1.7574544456110540E-010
  -7.1607886499600522E-009  -1.7466584291899369E-009
         120   3.2785518669051577E-008   7.4138369279327093E-009
  -3.2102276679513141E-009   2.5991218419328296E-010
  -6.3594645676896843E-009  -2.0336568014532914E-009
         121   3.0034619187126352E-008   4.8001007018375923E-009
  -3.3483145716898562E-009   3.5984366662474807E-010
  -5.4066060688737910E-009  -2.7648119232820802E-009
         122   2.8070242221049097E-008   2.8253049303875585E-009
  -3.5367359863033469E-009   4.8182856719225041E-010
  -4.2429062099862689E-009  -4.1894215487679052E-009
         123   2.6706472398886528E-008   1.0382421425332770E-009
  -3.7850768423422185E-009   6.3496443622974921E-010
  -2.9358075808658335E-009  -6.8876492953598485E-009
         124   2.5658394883068601E-008  -9.9036872653219882E-010
  -4.1066006778747203E-009   8.3290365911716001E-010
  -2.2178462686251417E-009  -1.2016682932870643E-008
         125   2.4136207700148876E-008  -3.5817389281901963E-009
  -4.5185313311723147E-009   1.0965053309479060E-009
  -5.3487672756312706E-009  -2.0622055849699058E-008
         126   2.0881047017099662E-008  -5.5705347469047651E-009
  -5.0433476445631611E-009   1.4570440229324300E-009
  -1.8045646500878439E-008  -2.7074672826930864E-008
         127   1.7711804304223378E-008  -4.7616169643604049E-009
  -5.7172874687560985E-009   1.9668623427174641E-009
  -3.1948687319430405E-008  -2.0742252715223026E-008
         128   1.6848503277963882E-008  -3.2040920334386341E-009
  -6.5840233063007104E-009   2.7271263592375126E-009
  -3.6498454319808558E-008  -1.0672270237559772E-008
         129   1.7129278446543888E-008  -2.4278782588610776E-009
  -7.6812757239459155E-009   3.9230650042134651E-009
  -3.6955500514652960E-008  -3.8206584498567946E-009
         130   1.7752626627382316E-008  -2.2827283426748019E-009
  -8.9896960424429537E-009   5.9087823662300763E-009
  -3.7162830855225693E-008   7.7938187276533717E-010
         131   1.8545322777340359E-008  -2.5540224547645688E-009
  -1.0206885808715582E-008   9.3568366555940793E-009
  -3.8118903802191365E-008   4.6594372751951581E-009
         132   1.9507083780805159E-008  -3.2033461401048070E-009
  -9.9331979464067503E-009   1.5192457436677832E-008
  -4.0027096523464862E-008   8.9728261269663257E-009
         133   2.0644214512511438E-008  -4.3538126471659828E-009
  -4.4312175567300903E-009   2.2311602635874592E-008
  -4.2804740734191220E-008   1.4979353976851233E-008
         134   2.1841438608913028E-008  -6.3285092112007293E-009
   6.6237865382622410E-009   2.3136277941590652E-008
  -4.5648747590954819E-008   2.4639170836224484E-008
         135   2.2445439638395221E-008  -9.6734064941956345E-009
   1.3333988001618584E-008   1.6407126782434846E-008
  -4.4931774813714816E-008   4.0671789162352033E-008
         136   2.0409176431582253E-008  -1.4043860386199042E-008
   1.4148664552816115E-008   1.0156737988307817E-008
  -3.0371020307678260E-008   6.0859023328887772E-008
         137   1.5049665623549384E-008  -1.5292977622093951E-008
   1.3018985197887565E-008   6.3816338697179117E-009
   5.9361091570309341E-010   6.4313029230112873E-008
         138   1.1950468594198413E-008  -1.2074286215664976E-008
   1.1670545855446699E-008   4.2190261603310794E-009
   1.9886132847026796E-008   4.5525886764273550E-008
