   262144.00000000000     
         256           1           3
   1.7567330116226543E-005   7.4134639136039997        32.166201293400000     
   6.0401400154609997        12.000000000000000        1200.0000000000000     
           0   0.0000000000000000        0.0000000000000000     
   0.0000000000000000        0.0000000000000000     
   0.0000000000000000        0.0000000000000000     
           1   0.0000000000000000        0.0000000000000000     
  -2.6420958009255798E-012   3.6508926722317617E-010
   1.3716732916254772E-010   3.8829476203238481E-009
           2   0.0000000000000000        0.0000000000000000     
   3.5783203310170780E-012   8.5680566955699353E-011
   2.0187496778436342E-010   9.0851133488603938E-010
           3   0.0000000000000000        0.0000000000000000     
  -3.8321024859869116E-011   3.0029627575722408E-011
  -2.4497507385214240E-010   3.1607296228131629E-010
           4   0.0000000000000000        0.0000000000000000     
  -5.8938440281168846E-011   1.4351883655874138E-011
  -4.6495928999268349E-010   1.4916033289941862E-010
           5   0.0000000000000000        0.0000000000000000     
  -6.9647662287190150E-011   8.4797465234418689E-012
  -5.7927977623693137E-010   8.6627242953646912E-011
           6   0.0000000000000000        0.0000000000000000     
  -7.5800328197079808E-011   5.8282242153553535E-012
  -6.4496181915133777E-010   5.8374624208298859E-011
           7   0.0000000000000000        0.0000000000000000     
  -7.9651078485608573E-011   4.4707474122565987E-012
  -6.8603599993696564E-010   4.3893985370868001E-011
           8   0.0000000000000000        0.0000000000000000     
  -8.2237748887672354E-011   3.7121634147785511E-012
  -7.1356761645790921E-010   3.5785545594452055E-011
           9   0.0000000000000000        0.0000000000000000     
  -8.4083637813660211E-011   3.2612415501657278E-012
  -7.3313825898346660E-010   3.0949290874385339E-011
          10   0.0000000000000000        0.0000000000000000     
  -8.5473577500897417E-011   2.9816301320581683E-012
  -7.4778733945817488E-010   2.7933860970275746E-011
          11   0.0000000000000000        0.0000000000000000     
  -8.6572642861651249E-011   2.8037706918660970E-012
  -7.5927716352253194E-010   2.5998872287465392E-011
          12   0.0000000000000000        0.0000000000000000     
  -8.7481595248563303E-011   2.6896752263067523E-012
  -7.6868391879984372E-010   2.4739976805497794E-011
          13   0.0000000000000000        0.0000000000000000     
  -8.8264674332329890E-011   2.6174164443228268E-012
  -7.7669398759399870E-010   2.3923766616344646E-011
          14   0.0000000000000000        0.0000000000000000     
  -8.8964386746787880E-011   2.5737458755767146E-012
  -7.8376166373133982E-010   2.3409198476557991E-011
          15   0.0000000000000000        0.0000000000000000     
  -8.9609784767389109E-011   2.5503477542715642E-012
  -7.9019746826764600E-010   2.3107719964249884E-011
          16   0.0000000000000000        0.0000000000000000     
  -9.0221306272987313E-011   2.5418328829619166E-012
  -7.9621979760270993E-010   2.2961916710472674E-011
          17   0.0000000000000000        0.0000000000000000     
  -9.0813712459234254E-011   2.5446139604967546E-012
  -8.0198628257677608E-010   2.2933542044183783E-011
          18   0.0000000000000000        0.0000000000000000     
  -9.1397930248682529E-011   2.5562497115890221E-012
  -8.0761346209484769E-010   2.2996536453964280E-011
          19   0.0000000000000000        0.0000000000000000     
  -9.1982241558733113E-011   2.5750490619520396E-012
  -8.1318948648753910E-010   2.3132814802580378E-011
          20   0.0000000000000000        0.0000000000000000     
  -9.2573070910167777E-011   2.5998249672490517E-012
  -8.1878253299415997E-010   2.3329646276982140E-011
          21   0.0000000000000000        0.0000000000000000     
  -9.3175519193930129E-011   2.6297372090490296E-012
  -8.2444651038718778E-010   2.3577981134620803E-011
          22   0.0000000000000000        0.0000000000000000     
  -9.3793733076105511E-011   2.6641896312524744E-012
  -8.3022500759478050E-010   2.3871356760929344E-011
          23   0.0000000000000000        0.0000000000000000     
  -9.4431165646413794E-011   2.7027615654983150E-012
  -8.3615407983861161E-010   2.4205167494838110E-011
          24   0.0000000000000000        0.0000000000000000     
  -9.5090763701802765E-011   2.7451612377845351E-012
  -8.4226425013917289E-010   2.4576168293252086E-011
          25   0.0000000000000000        0.0000000000000000     
  -9.5775104669309143E-011   2.7911936149683154E-012
  -8.4858197184576799E-010   2.4982131971178194E-011
          26   0.0000000000000000        0.0000000000000000     
  -9.6486498434337252E-011   2.8407379272957629E-012
  -8.5513071525047340E-010   2.5421609314281253E-011
          27   0.0000000000000000        0.0000000000000000     
  -9.7227064375435755E-011   2.8937317975348098E-012
  -8.6193178833102089E-010   2.5893759392830864E-011
          28   0.0000000000000000        0.0000000000000000     
  -9.7998790687236591E-011   2.9501599624322471E-012
  -8.6900496728268988E-010   2.6398228634112314E-011
          29   0.0000000000000000        0.0000000000000000     
  -9.8803580929074423E-011   3.0100462434360859E-012
  -8.7636898958933067E-010   2.6935064352091047E-011
          30   0.0000000000000000        0.0000000000000000     
  -9.9643291302068250E-011   3.0734478581441723E-012
  -8.8404194704771090E-010   2.7504653055544318E-011
          31   0.0000000000000000        0.0000000000000000     
  -1.0051976117202231E-010   3.1404514504981865E-012
  -8.9204160561948825E-010   2.8107676903404288E-011
          32   0.0000000000000000        0.0000000000000000     
  -1.0143483867734854E-010   3.2111704097032690E-012
  -9.0038567172646281E-010   2.8745083716557875E-011
          33   0.0000000000000000        0.0000000000000000     
  -1.0239040278893779E-010   3.2857431787781405E-012
  -9.0909201954481255E-010   2.9418067346122266E-011
          34   0.0000000000000000        0.0000000000000000     
  -1.0338838285136660E-010   3.3643323442867106E-012
  -9.1817889023125276E-010   3.0128056159841137E-011
          35   0.0000000000000000        0.0000000000000000     
  -1.0443077640032344E-010   3.4471243628087129E-012
  -9.2766507149293613E-010   3.0876708086135972E-011
          36   0.0000000000000000        0.0000000000000000     
  -1.0551966588176761E-010   3.5343298257737502E-012
  -9.3757006408399475E-010   3.1665911141668604E-011
          37   0.0000000000000000        0.0000000000000000     
  -1.0665723477911187E-010   3.6261841982193041E-012
  -9.4791424051922970E-010   3.2497788725054872E-011
          38   0.0000000000000000        0.0000000000000000     
  -1.0784578356987685E-010   3.7229489928915651E-012
  -9.5871900036618093E-010   3.3374709229317040E-011
          39   0.0000000000000000        0.0000000000000000     
  -1.0908774587822445E-010   3.8249133613483619E-012
  -9.7000692586506662E-010   3.4299299735111769E-011
          40   0.0000000000000000        0.0000000000000000     
  -1.1038570515089253E-010   3.9323961005531001E-012
  -9.8180194118252377E-010   3.5274463718748791E-011
          41   0.0000000000000000        0.0000000000000000     
  -1.1174241216433865E-010   4.0457480879752693E-012
  -9.9412947836353474E-010   3.6303402855295298E-011
          42   0.0000000000000000        0.0000000000000000     
  -1.1316080366194489E-010   4.1653551716167836E-012
  -1.0070166529138054E-009   3.7389643129862975E-011
          43   0.0000000000000000        0.0000000000000000     
  -1.1464402242495644E-010   4.2916415545438992E-012
  -1.0204924519551179E-009   3.8537065598494075E-011
          44   0.0000000000000000        0.0000000000000000     
  -1.1619543909353676E-010   4.4250737269180202E-012
  -1.0345879379832544E-009   3.9749942268890048E-011
          45   0.0000000000000000        0.0000000000000000     
  -1.1781867607667974E-010   4.5661650131643788E-012
  -1.0493364714409770E-009   4.1032977710377959E-011
          46   0.0000000000000000        0.0000000000000000     
  -1.1951763392596106E-010   4.7154808180708951E-012
  -1.0647739556390437E-009   4.2391357154387448E-011
          47   0.0000000000000000        0.0000000000000000     
  -1.2129652058928847E-010   4.8736446743683592E-012
  -1.0809391079202669E-009   4.3830802022205162E-011
          48   0.0000000000000000        0.0000000000000000     
  -1.2315988401754701E-010   5.0413452161214203E-012
  -1.0978737614753937E-009   4.5357634019309481E-011
          49   0.0000000000000000        0.0000000000000000     
  -1.2511264866586894E-010   5.2193442282467141E-012
  -1.1156232028457843E-009   4.6978849176783131E-011
          50   0.0000000000000000        0.0000000000000000     
  -1.2716015651658837E-010   5.4084859537586907E-012
  -1.1342365509277229E-009   4.8702203509862500E-011
          51   0.0000000000000000        0.0000000000000000     
  -1.2930821335354161E-010   5.6097078781499085E-012
  -1.1537671842335839E-009   5.0536312313298952E-011
          52   0.0000000000000000        0.0000000000000000     
  -1.3156314114222133E-010   5.8240532566841116E-012
  -1.1742732243104928E-009   5.2490765541549493E-011
          53   0.0000000000000000        0.0000000000000000     
  -1.3393183752551944E-010   6.0526857072698453E-012
  -1.1958180846486178E-009   5.4576262247086417E-011
          54   0.0000000000000000        0.0000000000000000     
  -1.3642184362800722E-010   6.2969062621260392E-012
  -1.2184710960926426E-009   5.6804767701192991E-011
          55   0.0000000000000000        0.0000000000000000     
  -1.3904142159180674E-010   6.5581733590384612E-012
  -1.2423082218952819E-009   5.9189697629787638E-011
          56   0.0000000000000000        0.0000000000000000     
  -1.4179964354389630E-010   6.8381263628174713E-012
  -1.2674128780975742E-009   6.1746135009966523E-011
          57   0.0000000000000000        0.0000000000000000     
  -1.4470649403836765E-010   7.1386133455437801E-012
  -1.2938768780920106E-009   6.4491086145780678E-011
          58   0.0000000000000000        0.0000000000000000     
  -1.4777298844018423E-010   7.4617240289289255E-012
  -1.3218015241228571E-009   6.7443784353657712E-011
          59   0.0000000000000000        0.0000000000000000     
  -1.5101131024275096E-010   7.8098290144841376E-012
  -1.3512988733276500E-009   7.0626051639057350E-011
          60   0.0000000000000000        0.0000000000000000     
  -1.5443497096568708E-010   8.1856267119654311E-012
  -1.3824932119535225E-009   7.4062731372692655E-011
          61   0.0000000000000000        0.0000000000000000     
  -1.5805899710127690E-010   8.5921997436311822E-012
  -1.4155227789660754E-009   7.7782208360475847E-011
          62   0.0000000000000000        0.0000000000000000     
  -1.6190014961329270E-010   9.0330830781988628E-012
  -1.4505417898141606E-009   8.1817037095131196E-011
          63   0.0000000000000000        0.0000000000000000     
  -1.6597718280286824E-010   9.5123467705722683E-012
  -1.4877228232056482E-009   8.6204704716330331E-011
          64   0.0000000000000000        0.0000000000000000     
  -1.7031115103362128E-010   1.0034697002806925E-011
  -1.5272596492226236E-009   9.0988562764187808E-011
          65   0.0000000000000000        0.0000000000000000     
  -1.7492577395698732E-010   1.0605600208441389E-011
  -1.5693705969215420E-009   9.6218971834091395E-011
          66   0.0000000000000000        0.0000000000000000     
  -1.7984787366178147E-010   1.1231436516091143E-011
  -1.6143025852349968E-009   1.0195471665021238E-010
          67   0.0000000000000000        0.0000000000000000     
  -1.8510790093155369E-010   1.1919690713190581E-011
  -1.6623359764046294E-009   1.0826476721804499E-010
          68   0.0000000000000000        0.0000000000000000     
  -1.9074057160884968E-010   1.2679191578810110E-011
  -1.7137904412112698E-009   1.1523048601359780E-010
          69   0.0000000000000000        0.0000000000000000     
  -1.9678564319018759E-010   1.3520414178831413E-011
  -1.7690321248981655E-009   1.2294841608782157E-010
          70   0.0000000000000000        0.0000000000000000     
  -2.0328886547698901E-010   1.4455864706881348E-011
  -1.8284824110563988E-009   1.3153383035450597E-010
          71   0.0000000000000000        0.0000000000000000     
  -2.1030315514465753E-010   1.5500574748481098E-011
  -1.8926287544227700E-009   1.4112529024769082E-010
          72   0.0000000000000000        0.0000000000000000     
  -2.1789005668378437E-010   1.6672741985390031E-011
  -1.9620381542349412E-009   1.5189055507810572E-010
          73   0.0000000000000000        0.0000000000000000     
  -2.2612157429530659E-010   1.7994569089899083E-011
  -2.0373740490405421E-009   1.6403431943954622E-010
          74   0.0000000000000000        0.0000000000000000     
  -2.3508248862840561E-010   1.9493374042739209E-011
  -2.1194176834467352E-009   1.7780845416396545E-010
          75   0.0000000000000000        0.0000000000000000     
  -2.4487331363167208E-010   2.1203076965632656E-011
  -2.2090953789969974E-009   1.9352572017418168E-010
          76   0.0000000000000000        0.0000000000000000     
  -2.5561410766925403E-010   2.3166216555176875E-011
  -2.3075136844766430E-009   2.1157836729238377E-010
          77   0.0000000000000000        0.0000000000000000     
  -2.6744943792940421E-010   2.5436722783056123E-011
  -2.4160051638355680E-009   2.3246370874440942E-010
          78   0.0000000000000000        0.0000000000000000     
  -2.8055492115611025E-010   2.8083787470922040E-011
  -2.5361887237140275E-009   2.5681982233130249E-010
          79   0.0000000000000000        0.0000000000000000     
  -2.9514594752686160E-010   3.1197357651961140E-011
  -2.6700500778453842E-009   2.8547622002312471E-010
          80   0.0000000000000000        0.0000000000000000     
  -3.1148947093729680E-010   3.4896075604843246E-011
  -2.8200504954549893E-009   3.1952708544850552E-010
          81   0.0000000000000000        0.0000000000000000     
  -3.2992017103686399E-010   3.9338989294899687E-011
  -2.9892758740472329E-009   3.6043928933792825E-010
          82   0.0000000000000000        0.0000000000000000     
  -3.5086294640602631E-010   4.4743215742677916E-011
  -3.1816442098618692E-009   4.1021531437369216E-010
          83   0.0000000000000000        0.0000000000000000     
  -3.7486472549612519E-010   5.1411260491253774E-011
  -3.4021990144030014E-009   4.7164524731596441E-010
          84   0.0000000000000000        0.0000000000000000     
  -4.0264021190958462E-010   5.9774480708889486E-011
  -3.6575312600826557E-009   5.4870767913104694E-010
          85   0.0000000000000000        0.0000000000000000     
  -4.3513877396450515E-010   7.0464471642669392E-011
  -3.9563963591077571E-009   6.4722816866580199E-010
          86   0.0000000000000000        0.0000000000000000     
  -4.7364375499778347E-010   8.4434643131753688E-011
  -4.3106301890337367E-009   7.7600065695970040E-010
          87   0.0000000000000000        0.0000000000000000     
  -5.1992148918961417E-010   1.0317602423384738E-010
  -4.7365235989526744E-009   9.4877803718599242E-010
          88   0.0000000000000000        0.0000000000000000     
  -5.7644446762960796E-010   1.2911892996750432E-010
  -5.2568808732085559E-009   1.1879771080961409E-009
          89   0.0000000000000000        0.0000000000000000     
  -6.4671350102973007E-010   1.6642220892006492E-010
  -5.9039913346432141E-009   1.5319585555797331E-009
          90   0.0000000000000000        0.0000000000000000     
  -7.3565534933030329E-010   2.2262166527947179E-010
  -6.7232970498504602E-009   2.0502319200073778E-009
          91   0.0000000000000000        0.0000000000000000     
  -8.4977078704260737E-010   3.1230466188570795E-010
  -7.7747585819465988E-009   2.8773499660161566E-009
          92   0.0000000000000000        0.0000000000000000     
  -9.9513961604380741E-010   4.6577517418644526E-010
  -9.1144532298644630E-009   4.2928347433782176E-009
          93   0.0000000000000000        0.0000000000000000     
  -1.1633373735677052E-009   7.4927755432484494E-010
  -1.0664671471218007E-008   6.9077206733228405E-009
          94   0.0000000000000000        0.0000000000000000     
  -1.2568886636592837E-009   1.2944692070532962E-009
  -1.1526301761416894E-008   1.1936409174766486E-008
          95   0.0000000000000000        0.0000000000000000     
  -8.4177606451391187E-010   2.1383058612995156E-009
  -7.6959838540161924E-009   1.9719777625066381E-008
          96   0.0000000000000000        0.0000000000000000     
   4.1493006196306802E-010   2.3461824913526388E-009
   3.8972135968553186E-009   2.1637070756870512E-008
          97   0.0000000000000000        0.0000000000000000     
   1.1294224264680421E-009   1.5309296819011167E-009
   1.0489118227939357E-008   1.4117054614445253E-008
          98   0.0000000000000000        0.0000000000000000     
   1.1161106338229948E-009   8.6809434913704516E-010
   1.0367856581509980E-008   8.0029201269192033E-009
          99   0.0000000000000000        0.0000000000000000     
   9.4452916417420589E-010   5.1982388127422023E-010
   8.7867933413741133E-009   4.7903065936966458E-009
         100   0.0000000000000000        0.0000000000000000     
   7.8443018761872121E-010   3.3702765660805449E-010
   7.3117195798657203E-009   3.1040078476845002E-009
         101   0.0000000000000000        0.0000000000000000     
   6.5752577357309225E-010   2.3378668381780122E-010
   6.1429115868307395E-009   2.1515098779346595E-009
         102   0.0000000000000000        0.0000000000000000     
   5.5884804883874067E-010   1.7105823477736599E-010
   5.2345515627361689E-009   1.5726830813564088E-009
         103   0.0000000000000000        0.0000000000000000     
   4.8117687138497828E-010   1.3055515109081617E-010
   4.5200473594503370E-009   1.1988461481719162E-009
         104   0.0000000000000000        0.0000000000000000     
   4.1884036236007882E-010   1.0309322168300661E-010
   3.9470885950800908E-009   9.4528277373149446E-010
         105   0.0000000000000000        0.0000000000000000     
   3.6779756849049314E-010   8.3730796824795268E-011
   3.4784091251212774E-009   7.6640965470768094E-010
         106   0.0000000000000000        0.0000000000000000     
   3.2520938625997139E-010   6.9643510085619761E-011
   3.0878293698197548E-009   6.3617299036134947E-010
         107   0.0000000000000000        0.0000000000000000     
   2.8906142778893319E-010   5.9132080716002283E-011
   2.7567777430939300E-009   5.3889646189385960E-010
         108   0.0000000000000000        0.0000000000000000     
   2.5789946497940372E-010   5.1128770697372409E-011
   2.4718505133415188E-009   4.6472877363128795E-010
         109   0.0000000000000000        0.0000000000000000     
   2.3065316178009789E-010   4.4937535867859650E-011
   2.2231860476661947E-009   4.0724677015197753E-010
         110   0.0000000000000000        0.0000000000000000     
   2.0651935135488082E-010   4.0090240329629765E-011
   2.0033883167074394E-009   3.6212910654427291E-010
         111   0.0000000000000000        0.0000000000000000     
   1.8488399414254561E-010   3.6263572464048808E-011
   1.8068072154018964E-009   3.2638981612635917E-010
         112   0.0000000000000000        0.0000000000000000     
   1.6526917807018588E-010   3.3229190828102669E-011
   1.6290499015013796E-009   2.9791837504016199E-010
         113   0.0000000000000000        0.0000000000000000     
   1.4729648249800274E-010   3.0822809056359120E-011
   1.4666431085148586E-009   2.7519444201642592E-010
         114   0.0000000000000000        0.0000000000000000     
   1.3066118719212005E-010   2.8924467748485265E-011
   1.3167955362518273E-009   2.5710576482308014E-010
         115   0.0000000000000000        0.0000000000000000     
   1.1511378154270843E-010   2.7445629299161472E-011
   1.1772276312776994E-009   2.4282899428464066E-010
         116   0.0000000000000000        0.0000000000000000     
   1.0044646354847292E-010   2.6320556813440006E-011
   1.0460474570175889E-009   2.3174998065506345E-010
         117   0.0000000000000000        0.0000000000000000     
   8.6483097178329483E-011   2.5500456670128328E-011
   9.2165854243082420E-010   2.2340951893910960E-010
         118   0.0000000000000000        0.0000000000000000     
   7.3071594767590976E-011   2.4949451034695540E-011
   8.0269019586966408E-010   2.1746591907917437E-010
         119   0.0000000000000000        0.0000000000000000     
   6.0078013752443743E-011   2.4641794878564652E-011
   6.8794375165141022E-010   2.1366898553399578E-010
         120   0.0000000000000000        0.0000000000000000     
   4.7381868576281451E-011   2.4559964832036294E-011
   5.7635017432973703E-010   2.1184194835327341E-010
         121   0.0000000000000000        0.0000000000000000     
   3.4872298453093822E-011   2.4693381195790275E-011
   4.6693574393898009E-010   2.1186911696771213E-010
         122   0.0000000000000000        0.0000000000000000     
   2.2444824263448823E-011   2.5037611907629781E-011
   3.5879341053093653E-010   2.1368782522068439E-010
         123   0.0000000000000000        0.0000000000000000     
   9.9984883703435887E-012   2.5593967206528970E-011
   2.5105797915092222E-010   2.1728377575145635E-010
         124   0.0000000000000000        0.0000000000000000     
  -2.5667910190610237E-012   2.6369437899636328E-011
   1.4288365515895591E-010   2.2268928028647923E-010
         125   0.0000000000000000        0.0000000000000000     
  -1.5352798532264410E-011   2.7376966350440821E-011
   3.3422698307865967E-011   2.2998419928885123E-010
         126   0.0000000000000000        0.0000000000000000     
  -2.8465674167968303E-011   2.8636073503361477E-011
  -7.8195966968645399E-011   2.3929966043532461E-010
         127   0.0000000000000000        0.0000000000000000     
  -4.2018786554480256E-011   3.0173902876490388E-011
  -1.9288934197951669E-010   2.5082492427531703E-010
         128   0.0000000000000000        0.0000000000000000     
  -5.6135994865369319E-011   3.2026789721445946E-011
  -3.1164543234186269E-010   2.6481811480646155E-010
         129   0.0000000000000000        0.0000000000000000     
  -7.0955499957569570E-011   3.4242528669464924E-011
  -4.3555228542531580E-010   2.8162200086664568E-010
         130   0.0000000000000000        0.0000000000000000     
  -8.6634548162867020E-011   3.6883609336733242E-011
  -5.6583292988438582E-010   3.0168669822247629E-010
         131   0.0000000000000000        0.0000000000000000     
  -1.0335533081830644E-010   4.0031836591704803E-011
  -7.0388866524972488E-010   3.2560219800920314E-010
         132   0.0000000000000000        0.0000000000000000     
  -1.2133255124674613E-010   4.3794986202971382E-011
  -8.5135407215102486E-010   3.5414526975824446E-010
         133   0.0000000000000000        0.0000000000000000     
  -1.4082331043834053E-010   4.8316528302257593E-011
  -1.0101683596531274E-009   3.8834795882505701E-010
         134   0.0000000000000000        0.0000000000000000     
  -1.6214021974995462E-010   5.3790091232638030E-011
  -1.1826694672380238E-009   4.2959937272839402E-010
         135   0.0000000000000000        0.0000000000000000     
  -1.8566900362010922E-010   6.0481441889829184E-011
  -1.3717198242279018E-009   4.7980015819337977E-010
         136   0.0000000000000000        0.0000000000000000     
  -2.1189231329795724E-010   6.8762717511411033E-011
  -1.5808758823248356E-009   5.4160274349672290E-010
         137   0.0000000000000000        0.0000000000000000     
  -2.4142196237843261E-010   7.9167230830082815E-011
  -1.8146169685207147E-009   6.1879544658245384E-010
         138   0.0000000000000000        0.0000000000000000     
  -2.7504198748752097E-010   9.2479959208294866E-011
  -2.0786504137025696E-009   7.1693589965262213E-010
