   262144.00000000000     
         256           1           3
   1.7567330116226543E-005   7.4134639136039997        32.166201293400000     
   6.0401400154609997        12.000000000000000        1200.0000000000000     
           0   0.0000000000000000        0.0000000000000000     
   0.0000000000000000        0.0000000000000000     
   0.0000000000000000        0.0000000000000000     
           1  -5.2476417554813738E-010   1.5140494139677085E-011
  -2.0307717224912334E-010   1.8750164637682136E-011
  -1.9505142129869319E-009   2.1882767166157648E-010
           2  -5.3605341776007117E-010   3.1938859364621539E-011
  -2.4356209286819562E-010   6.4931220625894245E-011
  -2.4422748176736584E-009   7.7618250811219612E-010
           3  -5.5179368314586813E-010   9.4077071803777627E-011
  -2.9184923176228758E-010   2.3530681116544149E-010
  -3.0267988271264679E-009   2.8321663492310316E-009
           4  -4.1660634022663193E-010   1.5112852660221544E-010
   7.5675738863079023E-011   3.9168603731526255E-010
   1.4069025245448959E-009   4.7192381257286735E-009
           5  -3.9124523665776020E-010   5.4017866092446572E-011
   1.4320104038563353E-010   1.2526423154148883E-010
   2.2207939705678858E-009   1.5043128820734041E-009
           6  -4.1061787100548653E-010   2.6531254248979081E-011
   8.8865300073130198E-011   4.9738165451579779E-011
   1.5643824209610655E-009   5.9294282259866303E-010
           7  -4.2217858040284240E-010   1.7875987428607425E-011
   5.6586741535651567E-011   2.5831182320157623E-011
   1.1742857520183564E-009   3.0446246593118262E-010
           8  -4.2907559419334009E-010   1.4277107653195331E-011
   3.7626648550576599E-011   1.5771434955751303E-011
   9.4501722774619874E-010   1.8307572042892643E-010
           9  -4.3361940576081590E-010   1.2503413969252715E-011
   2.5581444858771242E-011   1.0699693647132703E-011
   7.9928110657457068E-010   1.2187797392911791E-010
          10  -4.3690933226061167E-010   1.1536166172023327E-011
   1.7391183580341208E-011   7.8232878220635030E-012
   7.0013682592726310E-010   8.7170264565932695E-011
          11  -4.3949704441090549E-010   1.0978358056580232E-011
   1.1511621669393283E-011   6.0541145503732666E-012
   6.2893842475011061E-010   6.5822715299812242E-011
          12  -4.4168164254026374E-010   1.0650634485480141E-011
   7.1003071480022874E-012   4.9006548553331982E-012
   5.7551139621190926E-010   5.1904415173929166E-011
          13  -4.4363668044262334E-010   1.0462786510882191E-011
   3.6654098342418137E-012   4.1156536092322519E-012
   5.3391415003841618E-010   4.2431960480407581E-011
          14  -4.4546874081696698E-010   1.0365617006629296E-011
   9.0331339255572634E-013   3.5641699818058059E-012
   5.0047762788734081E-010   3.5777222218442435E-011
          15  -4.4724649290764383E-010   1.0330557389347552E-011
  -1.3822270168967006E-012   3.1677121824375845E-012
   4.7282938348953580E-010   3.0993225420632458E-011
          16  -4.4901606418292253E-010   1.0340175389811309E-011
  -3.3230165918909951E-012   2.8782277905177559E-012
   4.4937525716768843E-010   2.7500295638487655E-011
          17  -4.5080962933031951E-010   1.0383406972846134E-011
  -5.0105108462441023E-012   2.6650420091483672E-012
   4.2900849625794801E-010   2.4928447217492634E-011
          18  -4.5265043776493154E-010   1.0453008828144972E-011
  -6.5099796582061348E-012   2.5078805989241659E-012
   4.1093870400153572E-010   2.3033194631104740E-011
          19  -4.5455587602671401E-010   1.0544125757827182E-011
  -7.8691743099097620E-012   2.3929468461213768E-012
   3.9458715597272296E-010   2.1648216230324841E-011
          20  -4.5653939875341464E-010   1.0653449540082839E-011
  -9.1238164359056027E-012   2.3106181109409409E-012
   3.7952049058589343E-010   2.0657561009001112E-011
          21  -4.5861178387596476E-010   1.0778706617547091E-011
  -1.0301179844720342E-011   2.2540422854419056E-012
   3.6540742969740902E-010   1.9978714256696248E-011
          22  -4.6078197113451158E-010   1.0918336110902472E-011
  -1.1422490119859263E-011   2.2182547461330434E-012
   3.5198977696706866E-010   1.9551943803423236E-011
          23  -4.6305763646838276E-010   1.1071281935913409E-011
  -1.2504570178375942E-011   2.1996070350845842E-012
   3.3906252378218603E-010   1.9333407757375795E-011
          24  -4.6544559490410030E-010   1.1236855487030359E-011
  -1.3560992603623352E-011   2.1953880431290445E-012
   3.2645991309244309E-010   1.9290585094967156E-011
          25  -4.6795208975052804E-010   1.1414643194659266E-011
  -1.4602902066421044E-011   2.2035673383393199E-012
   3.1404548872932576E-010   1.9399180159723388E-011
          26  -4.7058300508053822E-010   1.1604443351418801E-011
  -1.5639612617900964E-011   2.2226179008921960E-012
   3.0170486452839245E-010   1.9640985383520798E-011
          27  -4.7334402569466099E-010   1.1806222485087634E-011
  -1.6679048591842995E-011   2.2513916217091741E-012
   2.8934038284334339E-010   2.0002380771883695E-011
          28  -4.7624076074112630E-010   1.2020085083478150E-011
  -1.7728075131323000E-011   2.2890305667698424E-012
   2.7686710645755544E-010   2.0473265071980804E-011
          29  -4.7927884201071562E-010   1.2246252645565501E-011
  -1.8792749696978411E-011   2.3349029340404744E-012
   2.6420976492134986E-010   2.1046285037903689E-011
          30  -4.8246400457032254E-010   1.2485049398724108E-011
  -1.9878516300774571E-011   2.3885563524448595E-012
   2.5130039245541289E-010   2.1716274126874744E-011
          31  -4.8580215516622205E-010   1.2736892900049837E-011
  -2.0990357777060068E-011   2.4496835601732489E-012
   2.3807647225041699E-010   2.2479840775491874E-011
          32  -4.8929943233058644E-010   1.3002288316563665E-011
  -2.2132917033785293E-011   2.5180970604978031E-012
   2.2447945476146061E-010   2.3335065242295940E-011
          33  -4.9296226110434243E-010   1.3281825565561056E-011
  -2.3310595219261307E-011   2.5937103917136299E-012
   2.1045355392046359E-010   2.4281276537008603E-011
          34  -4.9679740459638756E-010   1.3576178761327642E-011
  -2.4527632634387842E-011   2.6765243503023366E-012
   1.9594475061170636E-010   2.5318889437893252E-011
          35  -5.0081201411988844E-010   1.3886107599743907E-011
  -2.5788176741366940E-011   2.7666169889594665E-012
   1.8089995060840892E-010   2.6449287426771974E-011
          36  -5.0501367932455145E-010   1.4212460446210618E-011
  -2.7096340554305292E-011   2.8641365481058735E-012
   1.6526625702235408E-010   2.7674741444127940E-011
          37  -5.0941047953228186E-010   1.4556178991863797E-011
  -2.8456253942680439E-011   2.9692967182172543E-012
   1.4899032640940463E-010   2.8998357255153952E-011
          38  -5.1401103734504248E-010   1.4918304420119542E-011
  -2.9872109825205750E-011   3.0823738024340820E-012
   1.3201778433096614E-010   3.0424046304179191E-011
          39  -5.1882457552518223E-010   1.5299985089015942E-011
  -3.1348206830633308E-011   3.2037054754609376E-012
   1.1429268097778976E-010   3.1956516473410241E-011
          40  -5.2386097811955936E-010   1.5702485789088071E-011
  -3.2888989719634790E-011   3.3336909295311821E-012
   9.5756970835799689E-011   3.3601280318872828E-011
          41  -5.2913085681965496E-010   1.6127198687344168E-011
  -3.4499088653841433E-011   3.4727922715988917E-012
   7.6350002829884344E-011   3.5364679258566095E-011
          42  -5.3464562359028071E-010   1.6575656116895926E-011
  -3.6183358252817839E-011   3.6215370942073675E-012
   5.6008009080682683E-011   3.7253922910337838E-011
          43  -5.4041757069458823E-010   1.7049545423749491E-011
  -3.7946917291691077E-011   3.7805221912097824E-012
   3.4663581395589498E-011   3.9277143388617876E-011
          44  -5.4645995935328065E-010   1.7550726137864964E-011
  -3.9795189833159102E-011   3.9504184319346694E-012
   1.2245125244652672E-011   4.1443464908933668E-011
          45  -5.5278711842816245E-010   1.8081249798539960E-011
  -4.1733948566159989E-011   4.1319768467018194E-012
  -1.1323718876305756E-011   4.3763089557408825E-011
          46  -5.5941455472333689E-010   1.8643382837686928E-011
  -4.3769361135292253E-011   4.3260360151595506E-012
  -3.6124697057108741E-011   4.6247400589030015E-011
          47  -5.6635907671727391E-010   1.9239633009470308E-011
  -4.5908040274352841E-011   4.5335308884881570E-012
  -6.2245617422838432E-011   4.8909085145437549E-011
          48  -5.7363893384564744E-010   1.9872779958608852E-011
  -4.8157098623560415E-011   4.7555032198457782E-012
  -8.9781091262861056E-011   5.1762278866910712E-011
          49  -5.8127397379951415E-010   2.0545910643369720E-011
  -5.0524209198594682E-011   4.9931138258437999E-012
  -1.1883335296097965E-010   5.4822735531383378E-011
          50  -5.8928582072701310E-010   2.1262460480475453E-011
  -5.3017672598039752E-011   5.2476569581203474E-012
  -1.4951317353687118E-010   5.8108025623670534E-011
          51  -5.9769807775744154E-010   2.2026261265831024E-011
  -5.5646492193339303E-011   5.5205771310669056E-012
  -1.8194088481871707E-010   6.1637768658954188E-011
          52  -6.0653655788727860E-010   2.2841597153910863E-011
  -5.8420458739947059E-011   5.8134888322600025E-012
  -2.1624753399318071E-010   6.5433905195140023E-011
          53  -6.1582954804410197E-010   2.3713270264617885E-011
  -6.1350246091815445E-011   6.1281996408873481E-012
  -2.5257619167475589E-010   6.9521015833694835E-011
          54  -6.2560811208602184E-010   2.4646677843110135E-011
  -6.4447520003289566E-011   6.4667374013208548E-012
  -2.9108344084184705E-010   7.3926696196135047E-011
          55  -6.3590643965137449E-010   2.5647903346520991E-011
  -6.7725062379014662E-011   6.8313822509866249E-012
  -3.3194107921748078E-010   7.8681998970252379E-011
          56  -6.4676224920607116E-010   2.6723824398751823E-011
  -7.1196913795459094E-011   7.2247044926914274E-012
  -3.7533807411154642E-010   8.3821956770256427E-011
          57  -6.5821725540361668E-010   2.7882241275109011E-011
  -7.4878537694987373E-011   7.6496095432403462E-012
  -4.2148281675788567E-010   8.9386202909812795E-011
          58  -6.7031771308366765E-010   2.9132030501203980E-011
  -7.8787010374640723E-011   8.1093914983666326E-012
  -4.7060573319637188E-010   9.5419711467024170E-011
          59  -6.8311505300180390E-010   3.0483329338239384E-011
  -8.2941241792198471E-011   8.6077972495185079E-012
  -5.2296232125741112E-010   1.0197368351542879E-010
          60  -6.9666662785678653E-010   3.1947758465107013E-011
  -8.7362233346577612E-011   9.1491035990750650E-012
  -5.7883669896138781E-010   1.0910661349683720E-010
          61  -7.1103659160828961E-010   3.3538692177618188E-011
  -9.2073380227765071E-011   9.7382104864752555E-012
  -6.3854576962384655E-010   1.1688557896836438E-010
          62  -7.2629694068623326E-010   3.5271588064552500E-011
  -9.7100827758106041E-011   1.0380754310700495E-011
  -7.0244413433573439E-010   1.2538780909323526E-010
          63  -7.4252875292001904E-010   3.7164391619522425E-011
  -1.0247389348962059E-010   1.1083246489258314E-011
  -7.7092991504502435E-010   1.3470260330263674E-010
          64  -7.5982366933527485E-010   3.9238035920431812E-011
  -1.0822556984589452E-010   1.1853243933278087E-011
  -8.4445169349016100E-010   1.4493369296764730E-010
          65  -7.7828567610215279E-010   4.1517062804403270E-011
  -1.1439312602384663E-010   1.2699560188890548E-011
  -9.2351682582605932E-010   1.5620216772362174E-010
          66  -7.9803325983021294E-010   4.4030400526406407E-011
  -1.2101883301429645E-010   1.3632528805762471E-011
  -1.0087014642951888E-009   1.6865012719407488E-010
          67  -8.1920203045249940E-010   4.6812344644457999E-011
  -1.2815084239171882E-010   1.4664334347212550E-011
  -1.1006627117419556E-009   1.8244527248192901E-010
          68  -8.4194793399738552E-010   4.9903805180227032E-011
  -1.3584425856805869E-010   1.5809431794407141E-011
  -1.2001534605576810E-009   1.9778672608171126E-010
          69  -8.6645122950762895E-010   5.3353906087374889E-011
  -1.4416245255830862E-010   1.7085082542496450E-011
  -1.3080406034918498E-009   2.1491247265783848E-010
          70  -8.9292135637972340E-010   5.7222054769486213E-011
  -1.5317870841149685E-010   1.8512046015723008E-011
  -1.4253277658932539E-009   2.3410896268510861E-010
          71  -9.2160318671764036E-010   6.1580648343804433E-011
  -1.6297823627318336E-010   2.0115480465078301E-011
  -1.5531833260223477E-009   2.5572362683964610E-010
          72  -9.5278475874922516E-010   6.6518647575513969E-011
  -1.7366075038667204E-010   2.1926129805236594E-011
  -1.6929760889704950E-009   2.8018136740530907E-010
          73  -9.8680722089441577E-010   7.2146353788314225E-011
  -1.8534372136503486E-010   2.3981904936373327E-011
  -1.8463204295524226E-009   3.0800653863962176E-010
          74  -1.0240776135435536E-009   7.8601872914521450E-011
  -1.9816655425719727E-010   2.6330017793208009E-011
  -2.0151342857851592E-009   3.3985261783680189E-010
          75  -1.0650854958449561E-009   8.6059982597302093E-011
  -2.1229600717310335E-010   2.9029901130645294E-011
  -2.2017144025547469E-009   3.7654281104375747E-010
          76  -1.1104248209152044E-009   9.4744477845588567E-011
  -2.2793330001594825E-010   3.2157263751803358E-011
  -2.4088350817736296E-009   4.1912646214801437E-010
          77  -1.1608230706116909E-009   1.0494564234518155E-010
  -2.4532355669036969E-010   3.5809816105029721E-011
  -2.6398793937814787E-009   4.6895871324769104E-010
          78  -1.2171805750876045E-009   1.1704542131728708E-010
  -2.6476851535438037E-010   4.0115501864318696E-011
  -2.8990158591539282E-009   5.2781505140752114E-010
          79  -1.2806243387592346E-009   1.3155441823096331E-010
  -2.8664388562196955E-010   4.5244571304931731E-011
  -3.1914397970222199E-009   5.9805934252717621E-010
          80  -1.3525828618506185E-009   1.4916748267643671E-010
  -3.1142342043035010E-010   5.1427687082301653E-011
  -3.5237081273106317E-009   6.8289585697337659E-010
          81  -1.4348918628153514E-009   1.7084931741735622E-010
  -3.3971285423154224E-010   5.8983757943233125E-011
  -3.9042115082445102E-009   7.8675674955866624E-010
          82  -1.5299462632337410E-009   1.9797002151453014E-010
  -3.7229858718693004E-010   6.8363934531277706E-011
  -4.3438517538573531E-009   9.1591459587444229E-010
          83  -1.6409225851317157E-009   2.3252652906536389E-010
  -4.1021877129875406E-010   8.0223372447981972E-011
  -4.8570311376131243E-009   1.0794816013393822E-009
          84  -1.7721100241759102E-009   2.7751749990306510E-010
  -4.5486889615577293E-010   9.5542542881337350E-011
  -5.4631220438481874E-009   1.2910988053921057E-009
          85  -1.9294104348853141E-009   3.3760439869898367E-010
  -5.0816084225448174E-010   1.1584084056180597E-010
  -6.1886811052354992E-009   1.5719106395803545E-009
          86  -2.1210979903656928E-009   4.2033310118309652E-010
  -5.7276377304254559E-010   1.4357074563204101E-010
  -7.0708029149383377E-009   1.9560539627912357E-009
          87  -2.3589540346183127E-009   5.3851611646902787E-010
  -6.5246228021340987E-010   1.8288535497163873E-010
  -8.1621064860323107E-009   2.5013468719096666E-009
          88  -2.6598183670350224E-009   7.1517214019893895E-010
  -7.5264117179238276E-010   2.4122742264467022E-010
  -9.5374851730902005E-009   3.3114184475169015E-009
          89  -3.0469415399586754E-009   9.9448508175896292E-010
  -8.8068995219717179E-010   3.3284874472960447E-010
  -1.1299737811253879E-008   4.5847220115337623E-009
          90  -3.5468112503182669E-009   1.4677684459509088E-009
  -1.0449141930845783E-009   4.8713025415659171E-010
  -1.3564405557407703E-008   6.7304070831942977E-009
          91  -4.1571906773426264E-009   2.3366242798072741E-009
  -1.2441104714667945E-009   7.6875313500883529E-010
  -1.6314578470418298E-008   1.0649238722767533E-008
          92  -4.6581409362803498E-009   4.0355010843585261E-009
  -1.4066120216713386E-009   1.3164883328114844E-009
  -1.8551991069143984E-008   1.8273812680903937E-008
          93  -3.8124550880781932E-009   7.0002033361755795E-009
  -1.1344626283602459E-009   2.2667311862751182E-009
  -1.4734157433821678E-008   3.1503629625824800E-008
          94   4.0779036481235570E-010   8.7060578047875185E-009
   2.1571264590129084E-010   2.8040893041975141E-009
   4.0993573600101863E-009   3.8982747551899684E-008
          95   3.7343549842358537E-009   6.0549066288657234E-009
   1.2661165852381362E-009   1.9466565164007492E-009
   1.8760414216152323E-008   2.7036191233763103E-008
          96   3.9434212113269369E-009   3.3952519208393858E-009
   1.3153111333314570E-009   1.0954765082450972E-009
   1.9480493178454587E-008   1.5176011526745378E-008
          97   3.3331824394854552E-009   1.9875857768365569E-009
   1.1037628617589059E-009   6.4857665149172802E-010
   1.6572361781498922E-008   8.9453480307381342E-009
          98   2.7321844892706235E-009   1.2653786098380366E-009
   8.9543538138181065E-010   4.2203450564148735E-010
   1.3712665307476021E-008   5.7825614828081606E-009
          99   2.2553815030080189E-009   8.6626273074123492E-010
   7.2591478014477193E-010   2.9941572041234260E-010
   1.1397558972228584E-008   4.0658630416736057E-009
         100   1.8870758176112836E-009   6.2784956876549188E-010
   5.8936886754901508E-010   2.2882762801815225E-010
   9.5464899769531787E-009   3.0722633776079261E-009
         101   1.5992725723111289E-009   4.7587449740861222E-010
   4.7618216687324803E-010   1.8672566688864900E-010
   8.0263728138189471E-009   2.4734853224935328E-009
         102   1.3698124288604441E-009   3.7382550039703765E-010
   3.7860787160512828E-010   1.6172472788362735E-010
   6.7303482592369603E-009   2.1104717248961315E-009
         103   1.1830172249754622E-009   3.0239535367803024E-010
   2.9088337410972011E-010   1.4803429432193731E-010
   5.5794572687749700E-009   1.9019056355150752E-009
         104   1.0279707131637892E-009   2.5070232238627360E-010
   2.0860610085700762E-010   1.4268963944542958E-010
   4.5140383301503633E-009   1.8055705378998831E-009
         105   8.9699595273099548E-010   2.1227239772423355E-010
   1.2816533824020880E-010   1.4433383159941985E-010
   3.4859422189689082E-009   1.8012638390936927E-009
         106   7.8459729856927670E-010   1.8307347839911444E-010
   4.6298533040682834E-011   1.5269738586599610E-010
   2.4525364030696643E-009   1.8833507144598450E-009
         107   6.8676354459606381E-010   1.6049406770060004E-010
  -4.0279427430504671E-011   1.6845145241407915E-010
   1.3718102099352243E-009   2.0583872375557533E-009
         108   6.0051204634726715E-010   1.4278364772066117E-010
  -1.3523669634553859E-010   1.9333925637142450E-010
   1.9774934376369709E-010   2.3463757499865577E-009
         109   5.2358825060589709E-010   1.2873052238573418E-010
  -2.4303450504544184E-010   2.3063342842503538E-010
  -1.1247942398525009E-009   2.7860944216321809E-009
         110   4.5426586743274041E-010   1.1746621240377942E-010
  -3.6943751347268701E-010   2.8613664924069511E-010
  -2.6663831958904247E-009   3.4470596545315594E-009
         111   3.9121376044935510E-010   1.0833667857098433E-010
  -5.2211770850191934E-010   3.7027240195601610E-010
  -4.5203658216105006E-009   4.4546861505954212E-009
         112   3.3340813532890873E-010   1.0080154116174312E-010
  -7.1103955926591243E-010   5.0258846816125766E-010
  -6.8075820333068331E-009   6.0445871028047556E-009
         113   2.8007130235477511E-010   9.4321643451122401E-011
  -9.4685243769765485E-010   7.2191499764696603E-010
  -9.6570057258762943E-009   8.6851240393581431E-009
         114   2.3058921716770361E-010   8.8164629333517374E-011
  -1.2285877581019844E-009   1.1096048133046059E-009
  -1.3057314314098971E-008   1.3357830977449295E-008
         115   1.8416940040016474E-010   8.1002798338343228E-011
  -1.4797198301113586E-009   1.8333604834403825E-009
  -1.6085349225039260E-008   2.2086267488517513E-008
         116   1.3817322041434891E-010   7.0665672417754006E-011
  -1.2878296302784448E-009   3.1067888659793777E-009
  -1.3764625121665881E-008   3.7447949505661199E-008
         117   8.5227361179196603E-011   5.9135629723334865E-011
   3.0028445716649724E-010   4.2945484754414491E-009
   5.4070822125912769E-009   5.1776053970178310E-008
         118   2.7400856069307796E-011   5.9150247640294796E-011
   2.3115018628208370E-009   3.5627506317927726E-009
   2.9686890444966972E-008   4.2940764777471317E-008
         119  -2.1967499367787067E-011   6.6822239484345179E-011
   2.8326159467271127E-009   2.1323101794463383E-009
   3.5987829667797566E-008   2.5674936633319774E-008
         120  -6.5629327652339773E-011   7.3259462608400970E-011
   2.6366201164350096E-009   1.2438731452342050E-009
   3.3637645618903518E-008   1.4949528398201127E-008
         121  -1.0791057382092423E-010   7.8081046535685757E-011
   2.3454246127423730E-009   7.7171072272992238E-010
   3.0140975224780098E-008   9.2473014567639131E-009
         122  -1.5036871416332548E-010   8.2291393329421128E-011
   2.0969105182948083E-009   5.1000057644900524E-010
   2.7161650120316884E-008   6.0845205261412356E-009
         123  -1.9362106123609481E-010   8.6537214113882983E-011
   1.9025353319402725E-009   3.5415044172273024E-010
   2.4837961413229256E-008   4.1990041585585373E-009
         124  -2.3806807362656812E-010   9.1193430233535369E-011
   1.7521521880256225E-009   2.5494945900274563E-010
   2.3047525825640078E-008   2.9968615719712968E-009
         125  -2.8408486775191593E-010   9.6510907375416501E-011
   1.6349432755629723E-009   1.8814030430055249E-010
   2.1659892924621611E-008   2.1853137953224241E-009
         126  -3.3207625398636271E-010   1.0269615351958478E-010
   1.5426058118186600E-009   1.4096024599077029E-010
   2.0574993004361050E-008   1.6102804039449425E-009
         127  -3.8249961261203391E-010   1.0995358593522617E-010
   1.4691771177451409E-009   1.0626385159164756E-010
   1.9721029888771585E-008   1.1854542823707847E-009
         128  -4.3588203810266418E-010   1.1851219583022386E-010
   1.4104174782036705E-009   7.9824591316846257E-011
   1.9047038994793799E-008   8.5973558114565490E-010
         129  -4.9283937916641355E-010   1.2864746654231976E-010
   1.3632916640529572E-009   5.9019071062179742E-011
   1.8516637870673041E-008   6.0134866797341780E-010
         130  -5.5410033266595865E-010   1.4070452083695919E-010
   1.3256025474884839E-009   4.2147283099691794E-011
   1.8103614535820721E-008   3.8963198351441979E-010
         131  -6.2053801439669267E-010   1.5512695146106315E-010
   1.2957435919896061E-009   2.8062340567640938E-011
   1.7788953578674476E-008   2.1055951302708791E-010
         132  -6.9321187591722481E-010   1.7249609916573295E-010
   1.2725332714412431E-009   1.5958610386381839E-011
   1.7558855363130283E-008   5.4169213138312098E-011
         133  -7.7342404108690365E-010   1.9358729694734606E-010
   1.2551043564223809E-009   5.2443633624420069E-012
   1.7403423364446023E-008  -8.6995511263893218E-011
         134  -8.6279549150463040E-010   2.1945313841966255E-010
   1.2428301078301322E-009  -4.5392526550002280E-012
   1.7315805520682526E-008  -2.1889603486272060E-010
         135  -9.6337040542924863E-010   2.5155026861017055E-010
   1.2352761002571856E-009  -1.3774001417261210E-011
   1.7291656774683800E-008  -3.4672132349438707E-010
         136  -1.0777600193329110E-009   2.9193784364271252E-010
   1.2321707469457532E-009  -2.2807991505405955E-011
   1.7328844147514264E-008  -4.7548987846914435E-010
         137  -1.2093411430466921E-009   3.4359738609463619E-010
   1.2333905053683186E-009  -3.1996248135858798E-011
   1.7427352869945123E-008  -6.1066507002780431E-010
         138  -1.3625281282790931E-009   4.1096504077832098E-010
   1.2389578633188480E-009  -4.1747902146509069E-011
   1.7589379129807910E-008  -7.5893440873535405E-010
