   262144.00000000000     
         256           1           3
   1.7567330116226543E-005  -3.8553127350719998        56.028443713300000     
   6.0401400154609997        12.000000000000000        1200.0000000000000     
           0   0.0000000000000000        0.0000000000000000     
   0.0000000000000000        0.0000000000000000     
   0.0000000000000000        0.0000000000000000     
           1   1.5134284441237539E-009  -5.3577991164437962E-011
   5.8438151996598752E-010  -3.5152805348271511E-011
  -2.5955507386961042E-009   2.2485000310614310E-010
           2   1.5736758555568271E-009  -1.3243391539060913E-010
   6.5225498094639435E-010  -1.1408233013273263E-010
  -3.0750854595545877E-009   7.7297429089277991E-010
           3   1.6514421932288578E-009  -4.2372834215722876E-010
   7.3403986350276762E-010  -4.0540135552332879E-010
  -3.6476506464347859E-009   2.7952638238781401E-009
           4   1.0202419551993475E-009  -6.9113120783383471E-010
   1.0501400223997980E-010  -6.7279260316483915E-010
   7.1518602846229614E-010   4.6514248344490776E-009
           5   9.0302302868913938E-010  -2.3582712307566338E-010
  -1.0884911499927848E-011  -2.1719418428790002E-010
   1.5170214807934922E-009   1.4890604493458525E-009
           6   9.9490654449186879E-010  -1.0688587783852290E-010
   8.1678067074028967E-011  -8.8030404968170568E-011
   8.7234503324338819E-010   5.9257494632700383E-010
           7   1.0497079408216577E-009  -6.6206191085977736E-011
   1.3657682908997373E-010  -4.7136460723991747E-011
   4.8944341659029788E-010   3.0879363743822822E-010
           8   1.0822673673148370E-009  -4.9216343308878108E-011
   1.6873967606890471E-010  -2.9921756858732575E-011
   2.6460170327414317E-010   1.8937512953735945E-010
           9   1.1034681967104025E-009  -4.0770583786455570E-011
   1.8910701914449602E-010  -2.1236621815836306E-011
   1.2181854989212792E-010   1.2916264570733043E-010
          10   1.1184989367239940E-009  -3.6094174042426553E-011
   2.0290461828086931E-010  -1.6305325132949511E-011
   2.4778337915033498E-011   9.5007793040701903E-011
          11   1.1299702209442475E-009  -3.3326599374545860E-011
   2.1276818482275612E-010  -1.3267007997272436E-011
  -4.4844917544739746E-011   7.3994944929057824E-011
          12   1.1393017159671659E-009  -3.1627425704636621E-011
   2.2013452402226467E-010  -1.1281004274132584E-011
  -9.7047994429911416E-011   6.0289777046490484E-011
          13   1.1473197626579167E-009  -3.0573962176972588E-011
   2.2584164561511883E-010  -9.9243590538725048E-012
  -1.3766645214494404E-010   5.0957319732574222E-011
          14   1.1545333313281062E-009  -2.9935658468629337E-011
   2.3040623621378840E-010  -8.9661865361484000E-012
  -1.7030218449552096E-010   4.4395748937901023E-011
          15   1.1612711278914752E-009  -2.9578578618630657E-011
   2.3416173845772903E-010  -8.2721349989575738E-012
  -1.9728287489633737E-010   3.9673277771863803E-011
          16   1.1677542521097390E-009  -2.9420920791894007E-011
   2.3733165442566015E-010  -7.7599064869012899E-012
  -2.2017150293695110E-010   3.6219426418165271E-011
          17   1.1741368750345481E-009  -2.9410677107768329E-011
   2.4007066180574171E-010  -7.3769184425914000E-012
  -2.4005222710152545E-010   3.3669980859881821E-011
          18   1.1805300993181448E-009  -2.9513699231418045E-011
   2.4248877788271087E-010  -7.0883707551293927E-012
  -2.5769846543352498E-010   3.1784175431351637E-011
          19   1.1870165251396159E-009  -2.9706987756561889E-011
   2.4466613775310124E-010  -6.8705355919502404E-012
  -2.7367573870650281E-010   3.0398126143981362E-011
          20   1.1936594549926610E-009  -2.9974752451791172E-011
   2.4666234762209767E-010  -6.7068169511887706E-012
  -2.8840679764434492E-010   2.9397488121287251E-011
          21   1.2005088897763039E-009  -3.0306012607364766E-011
   2.4852258356051944E-010  -6.5853492010313694E-012
  -3.0221411795538627E-010   2.8700794792346562E-011
          22   1.2076055418425137E-009  -3.0693088549477054E-011
   2.5028167329805294E-010  -6.4974857385731869E-012
  -3.1534836610937018E-010   2.8248975246234768E-011
          23   1.2149835877115341E-009  -3.1130627225474552E-011
   2.5196689183618438E-010  -6.4368207284316776E-012
  -3.2800791716117794E-010   2.7998571715946123E-011
          24   1.2226725999276079E-009  -3.1614957910975198E-011
   2.5359991587776846E-010  -6.3985400055691533E-012
  -3.4035251968987280E-010   2.7917241978709631E-011
          25   1.2306989327725736E-009  -3.2143657689077468E-011
   2.5519821560902927E-010  -6.3789808008324228E-012
  -3.5251304579440009E-010   2.7980711532730222E-011
          26   1.2390867378402263E-009  -3.2715253607939678E-011
   2.5677606246285029E-010  -6.3753271784996433E-012
  -3.6459856947482510E-010   2.8170668229875873E-011
          27   1.2478587247969442E-009  -3.3329015972708291E-011
   2.5834526997744621E-010  -6.3853956019654964E-012
  -3.7670158896886214E-010   2.8473283103313458E-011
          28   1.2570367445082512E-009  -3.3984813743799315E-011
   2.5991574609323978E-010  -6.4074815365818313E-012
  -3.8890193895980593E-010   2.8878155606819813E-011
          29   1.2666422471540824E-009  -3.4683013166159341E-011
   2.6149591022322472E-010  -6.4402481302436323E-012
  -4.0126976463212061E-010   2.9377551810497667E-011
          30   1.2766966519266084E-009  -3.5424407141347437E-011
   2.6309301203101945E-010  -6.4826443765055927E-012
  -4.1386781546858301E-010   2.9965848281009037E-011
          31   1.2872216542160460E-009  -3.6210166958693233E-011
   2.6471337787566124E-010  -6.5338442463549519E-012
  -4.2675324035136870E-010   3.0639122715871151E-011
          32   1.2982394889862158E-009  -3.7041810693687168E-011
   2.6636260342353021E-010  -6.5932009410229404E-012
  -4.3997901367826771E-010   3.1394850925676229E-011
          33   1.3097731641146598E-009  -3.7921184381836893E-011
   2.6804570579050241E-010  -6.6602121905778264E-012
  -4.5359508650871901E-010   3.2231682081054850E-011
          34   1.3218466740933397E-009  -3.8850453305474437E-011
   2.6976724497256932E-010  -6.7344937197917543E-012
  -4.6764933175650133E-010   3.3149272475205151E-011
          35   1.3344852021332934E-009  -3.9832101586390570E-011
   2.7153142178634111E-010  -6.8157588227758339E-012
  -4.8218833488253456E-010   3.4148163775734152E-011
          36   1.3477153171019616E-009  -4.0868938889636695E-011
   2.7334215770265047E-010  -6.9038025577424554E-012
  -4.9725806887646196E-010   3.5229695733529591E-011
          37   1.3615651706287126E-009  -4.1964113493194219E-011
   2.7520316064594328E-010  -6.9984894739224402E-012
  -5.1290448334100923E-010   3.6395946142910725E-011
          38   1.3760646989703534E-009  -4.3121131320106104E-011
   2.7711797985960472E-010  -7.0997440681517856E-012
  -5.2917403089912155E-010   3.7649692882367625E-011
          39   1.3912458337942580E-009  -4.4343880803657764E-011
   2.7909005221622627E-010  -7.2075433742117838E-012
  -5.4611414935105765E-010   3.8994394357299117E-011
          40   1.4071427257934430E-009  -4.5636663683936204E-011
   2.8112274183237268E-010  -7.3219112376454696E-012
  -5.6377371462263836E-010   4.0434185779718354E-011
          41   1.4237919850125181E-009  -4.7004232040205423E-011
   2.8321937443852095E-010  -7.4429139388413441E-012
  -5.8220347702730841E-010   4.1973889576843183E-011
          42   1.4412329418236579E-009  -4.8451832056035731E-011
   2.8538326765324418E-010  -7.5706569091541887E-012
  -6.0145649159107807E-010   4.3619038896213275E-011
          43   1.4595079327637983E-009  -4.9985255211949478E-011
   2.8761775808736702E-010  -7.7052823461835120E-012
  -6.2158855207743296E-010   4.5375913733213272E-011
          44   1.4786626157819658E-009  -5.1610897807487592E-011
   2.8992622602478417E-010  -7.8469675811874425E-012
  -6.4265863757743621E-010   4.7251589687032317E-011
          45   1.4987463199463426E-009  -5.3335829944946888E-011
   2.9231211829048426E-010  -7.9959240873578538E-012
  -6.6472938018480504E-010   4.9253999788830664E-011
          46   1.5198124353428514E-009  -5.5167875372391513E-011
   2.9477896982153661E-010  -8.1523970457109698E-012
  -6.8786756231057427E-010   5.1392010269172010E-011
          47   1.5419188496529773E-009  -5.7115703888011423E-011
   2.9733042437056144E-010  -8.3166654073321961E-012
  -7.1214465241516847E-010   5.3675511559709560E-011
          48   1.5651284389551884E-009  -5.9188938377335134E-011
   2.9997025471724676E-010  -8.4890424084910406E-012
  -7.3763738856857295E-010   5.6115526287071556E-011
          49   1.5895096214976148E-009  -6.1398278994224571E-011
   3.0270238271906427E-010  -8.6698765096465244E-012
  -7.6442842012168510E-010   5.8724336529180009E-011
          50   1.6151369846697731E-009  -6.3755647531627011E-011
   3.0553089949644688E-010  -8.8595527415161005E-012
  -7.9260701896038036E-010   6.1515633195525894E-011
          51   1.6420919972587134E-009  -6.6274355687983894E-011
   3.0846008602949959E-010  -9.0584944520384176E-012
  -8.2226987342073225E-010   6.4504691093204938E-011
          52   1.6704638212589041E-009  -6.8969301743752338E-011
   3.1149443442874740E-010  -9.2671654573547320E-012
  -8.5352197993658182E-010   6.7708574078814604E-011
          53   1.7003502402317947E-009  -7.1857201171580864E-011
   3.1463867013433478E-010  -9.4860726086832676E-012
  -8.8647764999281831E-010   7.1146375722199375E-011
          54   1.7318587245259582E-009  -7.4956857962155971E-011
   3.1789777529647748E-010  -9.7157687951522079E-012
  -9.2126165306879033E-010   7.4839502171731310E-011
          55   1.7651076577430557E-009  -7.8289485029267901E-011
   3.2127701359964841E-010  -9.9568564110041646E-012
  -9.5801052014673494E-010   7.8812005485395901E-011
          56   1.8002277538808256E-009  -8.1879084058013647E-011
   3.2478195679882264E-010  -1.0209991323816266E-011
  -9.9687403713836277E-010   8.3090977668512853E-011
          57   1.8373637008117809E-009  -8.5752897701081826E-011
   3.2841851325456018E-010  -1.0475887389233021E-011
  -1.0380169635511573E-009   8.7707018158436091E-011
          58   1.8766760735484620E-009  -8.9941950281225255E-011
   3.3219295877535271E-010  -1.0755321567082500E-011
  -1.0816210191706820E-009   9.2694790682139149E-011
          59   1.9183435704967983E-009  -9.4481697345809961E-011
   3.3611197010059765E-010  -1.1049139703996710E-011
  -1.1278871908401746E-009   9.8093689499370510E-011
          60   1.9625656381427758E-009  -9.9412809843077908E-011
   3.4018266139252291E-010  -1.1358263058995297E-011
  -1.1770384231458372E-009   1.0394864032251754E-010
          61   2.0095655652217879E-009  -1.0478212577639303E-010
   3.4441262414382114E-010  -1.1683695661089036E-011
  -1.2293227716767582E-009   1.1031106808058921E-010
          62   2.0595941471921892E-009  -1.1064381149868172E-010
   3.4880997095442434E-010  -1.2026532602074575E-011
  -1.2850171164015803E-009   1.1724007270679798E-010
          63   2.1129340473104025E-009  -1.1706078714736215E-010
   3.5338338368358182E-010  -1.2387969383484586E-011
  -1.3444315569040962E-009   1.2480386604736679E-010
          64   2.1699050134621855E-009  -1.2410648719562001E-010
   3.5814216654922594E-010  -1.2769312454385793E-011
  -1.4079146424527522E-009   1.3308153887544442E-010
          65   2.2308701526925922E-009  -1.3186704929525036E-010
   3.6309630481551665E-010  -1.3171991096279224E-011
  -1.4758596304222744E-009   1.4216524835698898E-010
          66   2.2962435214743066E-009  -1.4044405476937450E-010
   3.6825652979482811E-010  -1.3597570832973403E-011
  -1.5487120196884189E-009   1.5216294531033848E-010
          67   2.3664993639618180E-009  -1.4995798555920158E-010
   3.7363439098169619E-010  -1.4047768566300140E-011
  -1.6269786757122810E-009   1.6320180034787147E-010
          68   2.4421834293989430E-009  -1.6055261992296319E-010
   3.7924233624691494E-010  -1.4524469662847041E-011
  -1.7112389573699787E-009   1.7543254303984127E-010
          69   2.5239269553125198E-009  -1.7240067001126160E-010
   3.8509379348396039E-010  -1.5029747174473986E-011
  -1.8021583700336227E-009   1.8903500525698682E-010
          70   2.6124639280760071E-009  -1.8571107773680482E-010
   3.9120330077390808E-010  -1.5565883854737100E-011
  -1.9005055162832595E-009   2.0422526980977203E-010
          71   2.7086529487700439E-009  -2.0073855351247779E-010
   3.9758657168452379E-010  -1.6135396270206567E-011
  -2.0071731189512810E-009   2.2126498044493347E-010
          72   2.8135045973577197E-009  -2.1779617631910351E-010
   4.0426065005944539E-010  -1.6741062591999588E-011
  -2.1232045978281088E-009   2.4047360092993491E-010
          73   2.9282164518907895E-009  -2.3727223420092164E-010
   4.1124404125434617E-010  -1.7385953330763843E-011
  -2.2498277517171409E-009   2.6224474501408834E-010
          74   3.0542181398965543E-009  -2.5965301359926100E-010
   4.1855686738787567E-010  -1.8073465561249266E-011
  -2.3884979711136804E-009   2.8706820726030886E-010
          75   3.1932299458717419E-009  -2.8555406160558296E-010
   4.2622104075943580E-010  -1.8807360541128169E-011
  -2.5409542562056588E-009   3.1556009702101472E-010
          76   3.3473399231983590E-009  -3.1576371333608040E-010
   4.3426045719504046E-010  -1.9591804340305440E-011
  -2.7092926761296928E-009   3.4850468027520656E-010
          77   3.5191066016342649E-009  -3.5130469210812079E-010
   4.4270121086003844E-010  -2.0431410446187537E-011
  -2.8960639032851487E-009   3.8691344286486889E-010
          78   3.7116976045741694E-009  -3.9352286501668009E-010
   4.5157183153176986E-010  -2.1331282133830281E-011
  -3.1044044579387707E-009   4.3210998734293734E-010
          79   3.9290794140179789E-009  -4.4421768919133437E-010
   4.6090354419050338E-010  -2.2297050266420173E-011
  -3.3382158779459157E-009   4.8585453017080737E-010
          80   4.1762811639296801E-009  -5.0583821032849169E-010
   4.7073054864562126E-010  -2.3334898333901053E-011
  -3.6024131272741374E-009   5.5053057445607791E-010
          81   4.4597673879866874E-009  -5.8178490883828561E-010
   4.8109031305575002E-010  -2.4451559426674945E-011
  -3.9032747277357764E-009   6.2943184094711569E-010
          82   4.7879738866938473E-009  -6.7688762086408897E-010
   4.9202386839905892E-010  -2.5654256449052626E-011
  -4.2489449060295341E-009   7.2721575995527427E-010
          83   5.1720918666699577E-009  -7.9818632810660188E-010
   5.0357607920267900E-010  -2.6950530944977064E-011
  -4.6501666574912426E-009   8.5064311031020345E-010
          84   5.6272352693536708E-009  -9.5625302126960302E-010
   5.1579584606616459E-010  -2.8347853948263197E-011
  -5.1213703992068634E-009   1.0098282382016662E-009
          85   6.1742036824069817E-009  -1.1675226681583808E-009
   5.2873616389679920E-010  -2.9852803818110146E-011
  -5.6823136810675571E-009   1.2204403608497671E-009
          86   6.8421608635531427E-009  -1.4586006096611694E-009
   5.4245391609035835E-010  -3.1469358635145140E-011
  -6.3605643195776213E-009   1.5077653666868795E-009
          87   7.6726361950051808E-009  -1.8746623082763983E-009
   5.5700925540518544E-010  -3.3195302249192284E-011
  -7.1951919015427390E-009   1.9146149065516263E-009
          88   8.7249944793914918E-009  -2.4968702908131923E-009
   5.7246456988737346E-010  -3.5014399093711948E-011
  -8.2417644515783140E-009   2.5177004439022502E-009
          89   1.0081204097160729E-008  -3.4810158659161630E-009
   5.8888418889119012E-010  -3.6878508142500289E-011
  -9.5765178910705064E-009   3.4638977685501056E-009
          90   1.1834646562567170E-008  -5.1490699940025322E-009
   6.0634225947321720E-010  -3.8664504095599953E-011
  -1.1285141249364427E-008   5.0559783612333737E-009
          91   1.3977419690826626E-008  -8.2118828862858948E-009
   6.2498105019096247E-010  -4.0068803360427012E-011
  -1.3355357212642649E-008   7.9604542531177710E-009
          92   1.5733998198675416E-008  -1.4201325426754998E-008
   6.4533581708214206E-010  -4.0403778402351300E-011
  -1.5048852184739547E-008   1.3607267805216658E-008
          93   1.2741949847649931E-008  -2.4654049464329677E-008
   6.6969171069271461E-010  -3.9003840363559613E-011
  -1.2265237555438643E-008   2.3401891692936434E-008
          94  -2.1492400975280551E-009  -3.0668007660473602E-008
   7.0166137527053072E-010  -4.0246429402645514E-011
   1.6246504361786519E-009   2.8942556844350156E-008
          95  -1.3889697845473349E-008  -2.1319035011912127E-008
   7.3421041610186173E-010  -4.9404333940532874E-011
   1.2423716460706677E-008   2.0111744475150837E-008
          96  -1.4638223985046218E-008  -1.1940026420557978E-008
   7.6392467998891335E-010  -5.9173675726359674E-011
   1.2904051509352811E-008   1.1345948673429948E-008
          97  -1.2498314855678238E-008  -6.9754962114831311E-009
   7.9506750102681254E-010  -6.7577716423860491E-011
   1.0695129343736878E-008   6.7465728956684922E-009
          98  -1.0391464438926434E-008  -4.4278461673530537E-009
   8.2945284798624073E-010  -7.5749025940750193E-011
   8.5164579259317056E-009   4.4186205079153413E-009
          99  -8.7230314582183279E-009  -3.0193561832526265E-009
   8.6777498185293901E-010  -8.4507531248591249E-011
   6.7342562923350342E-009   3.1625346575515010E-009
         100  -7.4376970933846342E-009  -2.1774356140678935E-009
   9.1061999880148737E-010  -9.4391465852472651E-011
   5.2878653861394259E-009   2.4438524516102001E-009
         101  -6.4367848658503895E-009  -1.6402197711070106E-009
   9.5869729878952889E-010  -1.0587070162015601E-010
   4.0775139234728024E-009   2.0202851864835098E-009
         102  -5.6421980797328272E-009  -1.2789595144655267E-009
   1.0129121718172216E-009  -1.1946440328094955E-010
   3.0225151327887555E-009   1.7749392292409528E-009
         103  -4.9986968156786302E-009  -1.0255690676579415E-009
   1.0744259563846932E-009  -1.3582351873062954E-010
   2.0624033695853440E-009   1.6487150938304099E-009
         104  -4.4678365249504480E-009  -8.4166974491923817E-010
   1.1447357438881815E-009  -1.5581827197099946E-010
   1.1504269393220377E-009   1.6118441090751930E-009
         105  -4.0226002611443858E-009  -7.0442281582505896E-010
   1.2257890818181116E-009  -1.8065863631032295E-010
   2.4758617347911832E-010   1.6514422473672044E-009
         106  -3.6436694353930177E-009  -5.9959732567564387E-010
   1.3201510789000046E-009  -2.1208092119265377E-010
  -6.8209313397434306E-010   1.7663162388015768E-009
         107  -3.3169685359966552E-009  -5.1796787061316556E-010
   1.4312497212427154E-009  -2.5265497274166916E-010
  -1.6756053419546347E-009   1.9657305158257822E-009
         108  -3.0320603660755935E-009  -4.5333946076642837E-010
   1.5637381461840407E-009  -3.0631396487936680E-010
  -2.7750117828882219E-009   2.2712457889958586E-009
         109  -2.7810905558083536E-009  -4.0140813839019574E-010
   1.7240277641443588E-009  -3.7931083617931021E-010
  -4.0321544019290015E-009   2.7223066166179192E-009
         110  -2.5580890264404076E-009  -3.5906455571257171E-010
   1.9210480171419718E-009  -4.8203313242008989E-010
  -5.5146103745189543E-009   3.3882134528977796E-009
         111  -2.3585098785707227E-009  -3.2392593447058970E-010
   2.1672017759905561E-009  -6.3264208945152632E-010
  -7.3127896700890256E-009   4.3929975912368768E-009
         112  -2.1789347950958479E-009  -2.9394948924814411E-010
   2.4789701573960537E-009  -8.6481421093741739E-010
  -9.5444576228834847E-009   5.9689134033977429E-009
         113  -2.0168684321992972E-009  -2.6696103065303336E-010
   2.8741254749107721E-009  -1.2451381208076350E-009
  -1.2335618662196291E-008   8.5770358964261243E-009
         114  -1.8704122642807541E-009  -2.3978036346569080E-010
   3.3506659134692122E-009  -1.9128733719158067E-009
  -1.5674459904793261E-008   1.3183132670031644E-008
         115  -1.7367062616975049E-009  -2.0636077021515773E-010
   3.7774592511547066E-009  -3.1549071877120477E-009
  -1.8652393581931924E-008   2.1777889825920786E-008
         116  -1.6041460787116519E-009  -1.5664568084936470E-010
   3.4490514513426988E-009  -5.3366009654750573E-009
  -1.6373927587417168E-008   3.6896843738611389E-008
         117  -1.4388688338864076E-009  -9.9998209598184653E-011
   7.3529395390410945E-010  -7.3715922213344220E-009
   2.4753235565663743E-009   5.0998741542562116E-008
         118  -1.2512362409423536E-009  -9.6158624341911088E-011
  -2.6998984718245385E-009  -6.1239826256186746E-009
   2.6344814056562841E-008   4.2315906797273616E-008
         119  -1.1044195501180402E-009  -1.2689660642839114E-010
  -3.5850240558640833E-009  -3.6816003706088851E-009
   3.2525415332036742E-008   2.5340300163076011E-008
         120  -9.8615831033464000E-010  -1.5048515776547620E-010
  -3.2419725775524409E-009  -2.1660082268425542E-009
   3.0192400005180478E-008   1.4798080382691397E-008
         121  -8.7682630441709383E-010  -1.6506103819010951E-010
  -2.7342547923380506E-009  -1.3622548655623323E-009
   2.6727701529540657E-008   9.1969239404651397E-009
         122  -7.6980462117058668E-010  -1.7521736365959829E-010
  -2.2976642769825284E-009  -9.1842657976065836E-010
   2.3767945593728294E-008   6.0938182056128967E-009
         123  -6.6292938474839581E-010  -1.8382861599415178E-010
  -1.9517867108932132E-009  -6.5571356617954804E-010
   2.1449124955096960E-008   4.2473223006851066E-009
         124  -5.5511997111302581E-010  -1.9244661143863913E-010
  -1.6792417202666684E-009  -4.9001004296268987E-010
   1.9650774479759060E-008   3.0733580216984004E-009
         125  -4.4550326443317110E-010  -2.0198339934716361E-010
  -1.4614786620586317E-009  -3.7988412821196585E-010
   1.8244444428338500E-008   2.2840412898138183E-009
         126  -3.3318176174809362E-010  -2.1307145233661146E-010
  -1.2842233112309721E-009  -3.0356493003600311E-010
   1.7131515876209230E-008   1.7279301128532296E-009
         127  -2.1715809994573444E-010  -2.2624335362339524E-010
  -1.1371764492089638E-009  -2.4889470732191312E-010
   1.6241122389930815E-008   1.3202649173218408E-009
         128  -9.6294185122944943E-011  -2.4203143187110374E-010
  -1.0129551526012298E-009  -2.0871758256112109E-010
   1.5522821743038631E-008   1.0109420246105601E-009
         129   3.0728052248784722E-011  -2.6103543807690813E-010
  -9.0620142521263130E-010  -1.7863348408627670E-010
   1.4940437496237694E-008   7.6889936511959736E-010
         130   1.6545528072058984E-010  -2.8398206995778784E-010
  -8.1294915766422543E-010  -1.5584105332016308E-010
   1.4467704316028955E-008   5.7405276073385312E-010
         131   3.0972685354239482E-010  -3.1179079777942735E-010
  -7.3019205523689263E-010  -1.3851181328592356E-010
   1.4085322241764482E-008   4.1290750979971537E-010
         132   4.6576044825158740E-010  -3.4565832896386693E-010
  -6.5558855614091045E-010  -1.2543827827184935E-010
   1.3778980696908594E-008   2.7605285775669710E-010
         133   6.3626754414111153E-010  -3.8717638774674166E-010
  -5.8725632004317649E-010  -1.1583130971375557E-010
   1.3538029764038233E-008   1.5666387044248843E-010
         134   8.2460992939551110E-010  -4.3850415349098215E-010
  -5.2362389444054175E-010  -1.0920407632012074E-010
   1.3354584615612759E-008   4.9559728218167490E-011
         135   1.0350141279304794E-009  -5.0262963056618409E-010
  -4.6331789607197685E-010  -1.0531102249644655E-010
   1.3222926555041665E-008  -4.9427851189804809E-011
         136   1.2728670626665539E-009  -5.8377800571484466E-010
  -4.0507043997577232E-010  -1.0412748425963068E-010
   1.3139115381717603E-008  -1.4392214505988498E-010
         137   1.5451241321080046E-009  -6.8806931940585638E-010
  -3.4763518922915336E-010  -1.0586733011327525E-010
   1.3100761692917229E-008  -2.3740548664637517E-010
         138   1.8608682043114073E-009  -8.2461256839075691E-010
  -2.8970278266519529E-010  -1.1104742404218655E-010
   1.3106930659145927E-008  -3.3365008301776795E-010
