   262144.00000000000     
         256           1           3
   1.7567330116226543E-005   51.164887766128999        59.692950296100001     
   6.0401400154609997        12.000000000000000        1200.0000000000000     
           0   0.0000000000000000        0.0000000000000000     
   0.0000000000000000        0.0000000000000000     
   0.0000000000000000        0.0000000000000000     
           1   1.9549607536084214E-008  -2.7778291033618314E-009
  -3.5569263584722726E-008   4.8276474065687111E-009
   0.0000000000000000        0.0000000000000000     
           2   2.3308894661258862E-008  -7.7778774927518506E-009
  -4.2030741230596807E-008   1.3443663327004231E-008
   0.0000000000000000        0.0000000000000000     
           3   2.7411092694835784E-008  -2.5746195542675282E-008
  -4.9091884935200272E-008   4.4407719396808250E-008
   0.0000000000000000        0.0000000000000000     
           4  -1.1673359118371243E-008  -4.0266792298495998E-008
   1.8265790323470900E-008   6.9433113544657508E-008
   0.0000000000000000        0.0000000000000000     
           5  -1.7476511002571239E-008  -1.2197605583662918E-008
   2.8271275025143624E-008   2.1063025482753927E-008
   0.0000000000000000        0.0000000000000000     
           6  -1.1494416239016232E-008  -4.5890328115233757E-009
   1.7964878473831981E-008   7.9513983759266461E-009
   0.0000000000000000        0.0000000000000000     
           7  -8.0513732828324887E-009  -2.2497912621678487E-009
   1.2032423933446956E-008   3.9204327638291144E-009
   0.0000000000000000        0.0000000000000000     
           8  -6.0593888031951089E-009  -1.2885753238045899E-009
   8.5994299782855026E-009   2.2642990088663788E-009
   0.0000000000000000        0.0000000000000000     
           9  -4.8108803959404746E-009  -8.1350483002835373E-010
   6.4467183198175486E-009   1.4460040220845496E-009
   0.0000000000000000        0.0000000000000000     
          10  -3.9748695327919613E-009  -5.4839759216988500E-010
   5.0040221780412359E-009   9.8959057692643920E-010
   0.0000000000000000        0.0000000000000000     
          11  -3.3860231330704919E-009  -3.8731405023917842E-010
   3.9864907314049337E-009   7.1248566460864556E-010
   0.0000000000000000        0.0000000000000000     
          12  -2.9547361820697060E-009  -2.8308021746408734E-010
   3.2397526349230796E-009   5.3339012143429476E-010
   0.0000000000000000        0.0000000000000000     
          13  -2.6289562167557853E-009  -2.1228128126716075E-010
   2.6741366378661829E-009   4.1195082021926815E-010
   0.0000000000000000        0.0000000000000000     
          14  -2.3766864270899939E-009  -1.6229853589801231E-010
   2.2345236077665884E-009   3.2642070445899962E-010
   0.0000000000000000        0.0000000000000000     
          15  -2.1773287644140713E-009  -1.2587854454254776E-010
   1.8854309872700325E-009   2.6429942615223228E-010
   0.0000000000000000        0.0000000000000000     
          16  -2.0171071896994158E-009  -9.8629774073052325E-011
   1.6031272575129297E-009   2.1801906764665369E-010
   0.0000000000000000        0.0000000000000000     
          17  -1.8865087526927504E-009  -7.7777388631436935E-011
   1.3712233040594072E-009   1.8279814041598307E-010
   0.0000000000000000        0.0000000000000000     
          18  -1.7787835129587062E-009  -6.1504198787095467E-011
   1.1780880968688007E-009   1.5550575900985607E-010
   0.0000000000000000        0.0000000000000000     
          19  -1.6890290200173332E-009  -4.8583369586347547E-011
   1.0152715085617863E-009   1.3402863477123640E-010
   0.0000000000000000        0.0000000000000000     
          20  -1.6136118734736029E-009  -3.8164603795074006E-011
   8.7650786557076507E-010   1.1690257304002542E-010
   0.0000000000000000        0.0000000000000000     
          21  -1.5497911134613442E-009  -2.9644933254677005E-011
   7.5706720360774192E-010   1.0308978826519316E-010
   0.0000000000000000        0.0000000000000000     
          22  -1.4954664900118892E-009  -2.2588070585602893E-011
   6.5332164773250467E-010   9.1839911769540764E-011
   0.0000000000000000        0.0000000000000000     
          23  -1.4490062580784340E-009  -1.6672624693816061E-011
   5.6244878011091510E-010   8.2600746577680666E-011
   0.0000000000000000        0.0000000000000000     
          24  -1.4091269245809759E-009  -1.1658007695811030E-011
   4.8222449167466144E-010   7.4959514358734877E-011
   0.0000000000000000        0.0000000000000000     
          25  -1.3748077142642704E-009  -7.3614840261782983E-012
   4.1087562925061857E-010   6.8603307193713231E-011
   0.0000000000000000        0.0000000000000000     
          26  -1.3452287153536632E-009  -3.6424089657725751E-012
   3.4697342128289093E-010   6.3291931753911247E-011
   0.0000000000000000        0.0000000000000000     
          27  -1.3197254753969350E-009  -3.9120794419561445E-013
   2.8935522800778835E-010   5.8838925764009637E-011
   0.0000000000000000        0.0000000000000000     
          28  -1.2977552169176687E-009   2.4784561913601936E-012
   2.3706629508868646E-010   5.5098070590045185E-011
   0.0000000000000000        0.0000000000000000     
          29  -1.2788713864927107E-009   5.0353337123255782E-012
   1.8931584945159721E-010   5.1953666619175917E-011
   0.0000000000000000        0.0000000000000000     
          30  -1.2627042639949001E-009   7.3347204554966539E-012
   1.4544362116808262E-010   4.9313426983267574E-011
   0.0000000000000000        0.0000000000000000     
          31  -1.2489460355789118E-009   9.4215184520391867E-012
   1.0489404102761121E-010   4.7103220642708229E-011
   0.0000000000000000        0.0000000000000000     
          32  -1.2373391936441240E-009   1.1332529499791105E-011
   6.7196155058215248E-011   4.5263139775952778E-011
   0.0000000000000000        0.0000000000000000     
          33  -1.2276674438521610E-009   1.3098192915104196E-011
   3.1947842858233669E-011   4.3744527649110229E-011
   0.0000000000000000        0.0000000000000000     
          34  -1.2197485208330762E-009   1.4743915903572966E-011
  -1.1966919672993556E-012   4.2507711415086457E-011
   0.0000000000000000        0.0000000000000000     
          35  -1.2134284710555716E-009   1.6291102202403305E-011
  -3.2536921027220018E-011   4.1520258084762001E-011
   0.0000000000000000        0.0000000000000000     
          36  -1.2085770738224957E-009   1.7757955099831783E-011
  -6.2334048265175134E-011   4.0755622895189880E-011
   0.0000000000000000        0.0000000000000000     
          37  -1.2050841528409187E-009   1.9160110275622054E-011
  -9.0817553147229999E-011   4.0192094977080609E-011
   0.0000000000000000        0.0000000000000000     
          38  -1.2028565905299027E-009   2.0511139290314559E-011
  -1.1819054550990950E-010   3.9811970491370089E-011
   0.0000000000000000        0.0000000000000000     
          39  -1.2018159014512803E-009   2.1822954101795474E-011
  -1.4463418185032582E-010   3.9600901505401300E-011
   0.0000000000000000        0.0000000000000000     
          40  -1.2018962542224836E-009   2.3106135444761435E-011
  -1.7031133642390075E-010   3.9547381985134837E-011
   0.0000000000000000        0.0000000000000000     
          41  -1.2030428561997781E-009   2.4370202415647016E-011
  -1.9536967804963001E-010   3.9642341874401031E-011
   0.0000000000000000        0.0000000000000000     
          42  -1.2052106341500393E-009   2.5623836575213988E-011
  -2.1994427139530370E-010   3.9878827325506800E-011
   0.0000000000000000        0.0000000000000000     
          43  -1.2083631586786571E-009   2.6875070907495003E-011
  -2.4415979710978539E-010   4.0251750451376413E-011
   0.0000000000000000        0.0000000000000000     
          44  -1.2124717714591973E-009   2.8131451769264756E-011
  -2.6813246642049576E-010   4.0757695980324072E-011
   0.0000000000000000        0.0000000000000000     
          45  -1.2175148831404883E-009   2.9400180328821914E-011
  -2.9197169143669155E-010   4.1394775269477558E-011
   0.0000000000000000        0.0000000000000000     
          46  -1.2234774168097731E-009   3.0688238786177066E-011
  -3.1578156135611251E-010   4.2162520524398045E-011
   0.0000000000000000        0.0000000000000000     
          47  -1.2303503774858650E-009   3.2002505781220569E-011
  -3.3966216623466340E-010   4.3061813969084582E-011
   0.0000000000000000        0.0000000000000000     
          48  -1.2381305327100960E-009   3.3349864769441854E-011
  -3.6371080351852929E-010   4.4094848251489273E-011
   0.0000000000000000        0.0000000000000000     
          49  -1.2468201931037360E-009   3.4737308717383377E-011
  -3.8802309760378182E-010   4.5265115660686972E-011
   0.0000000000000000        0.0000000000000000     
          50  -1.2564270849974847E-009   3.6172044213993415E-011
  -4.1269405909215479E-010   4.6577424855052277E-011
   0.0000000000000000        0.0000000000000000     
          51  -1.2669643101047092E-009   3.7661597988302807E-011
  -4.3781910789925315E-010   4.8037944827672932E-011
   0.0000000000000000        0.0000000000000000     
          52  -1.2784503897909724E-009   3.9213928854210076E-011
  -4.6349508277212636E-010   4.9654276821071242E-011
   0.0000000000000000        0.0000000000000000     
          53  -1.2909093939654942E-009   4.0837548274065265E-011
  -4.8982125904752665E-010   5.1435555906178608E-011
   0.0000000000000000        0.0000000000000000     
          54  -1.3043711570765904E-009   4.2541653048417085E-011
  -5.1690039651105306E-010   5.3392585014544939E-011
   0.0000000000000000        0.0000000000000000     
          55  -1.3188715862197299E-009   4.4336274120395162E-011
  -5.4483984011777931E-010   5.5538005418344199E-011
   0.0000000000000000        0.0000000000000000     
          56  -1.3344530691464903E-009   4.6232446158678575E-011
  -5.7375269799761322E-010   5.7886509059162459E-011
   0.0000000000000000        0.0000000000000000     
          57  -1.3511649930527032E-009   4.8242403495866243E-011
  -6.0375912382452602E-010   6.0455099817902074E-011
   0.0000000000000000        0.0000000000000000     
          58  -1.3690643886305036E-009   5.0379809212161000E-011
  -6.3498773436305349E-010   6.3263412903121404E-011
   0.0000000000000000        0.0000000000000000     
          59  -1.3882167181790666E-009   5.2660025752476559E-011
  -6.6757719800768433E-010   6.6334104150835747E-011
   0.0000000000000000        0.0000000000000000     
          60  -1.4086968317826998E-009   5.5100437564987477E-011
  -7.0167803675566131E-010   6.9693324360464709E-011
   0.0000000000000000        0.0000000000000000     
          61  -1.4305901220513319E-009   5.7720839017289647E-011
  -7.3745469271152181E-010   7.3371298092175761E-011
   0.0000000000000000        0.0000000000000000     
          62  -1.4539939160209812E-009   6.0543904502194866E-011
  -7.7508792140029652E-010   7.7403031954701526E-011
   0.0000000000000000        0.0000000000000000     
          63  -1.4790191531331964E-009   6.3595762509362145E-011
  -8.1477758871395890E-010   8.1829184797274089E-011
   0.0000000000000000        0.0000000000000000     
          64  -1.5057924114169960E-009   6.6906701948146207E-011
  -8.5674596724239522E-010   8.6697142040921193E-011
   0.0000000000000000        0.0000000000000000     
          65  -1.5344583611321752E-009   7.0512047789984313E-011
  -9.0124165243323190E-010   9.2062349573804950E-011
   0.0000000000000000        0.0000000000000000     
          66  -1.5651827475041484E-009   7.4453255049677195E-011
  -9.4854425150718411E-010   9.7989980523019985E-011
   0.0000000000000000        0.0000000000000000     
          67  -1.5981560337300172E-009   7.8779286544376867E-011
  -9.9897004102614163E-010   1.0455703272525269E-010
   0.0000000000000000        0.0000000000000000     
          68  -1.6335978747520476E-009   8.3548362652564539E-011
  -1.0528788463360521E-009   1.1185498865820392E-010
   0.0000000000000000        0.0000000000000000     
          69  -1.6717626451935567E-009   8.8830203263060753E-011
  -1.1106824731948534E-009   1.1999321712921720E-010
   0.0000000000000000        0.0000000000000000     
          70  -1.7129463166849348E-009   9.4708927486746802E-011
  -1.1728551266363797E-009   1.2910336339558404E-010
   0.0000000000000000        0.0000000000000000     
          71  -1.7574950783524864E-009   1.0128684194299293E-010
  -1.2399463957333943E-009   1.3934507111779894E-010
   0.0000000000000000        0.0000000000000000     
          72  -1.8058162310388477E-009   1.0868944351544176E-010
  -1.3125975821084345E-009   1.5091352034022193E-010
   0.0000000000000000        0.0000000000000000     
          73  -1.8583920672791701E-009   1.1707210300518864E-010
  -1.3915624796679525E-009   1.6404947405199568E-010
   0.0000000000000000        0.0000000000000000     
          74  -1.9157977955961331E-009   1.2662910787096640E-010
  -1.4777337580693534E-009   1.7905283522943980E-010
   0.0000000000000000        0.0000000000000000     
          75  -1.9787247395924626E-009   1.3760606360632743E-010
  -1.5721777277763405E-009   1.9630120108281176E-010
   0.0000000000000000        0.0000000000000000     
          76  -2.0480109841084101E-009   1.5031715863582314E-010
  -1.6761793395001538E-009   2.1627562880647327E-010
   0.0000000000000000        0.0000000000000000     
          77  -2.1246821221398282E-009   1.6516959407158201E-010
  -1.7913022593074874E-009   2.3959701786554743E-010
   0.0000000000000000        0.0000000000000000     
          78  -2.2100062548162276E-009   1.8269877946611899E-010
  -1.9194696570965633E-009   2.6707841632375905E-010
   0.0000000000000000        0.0000000000000000     
          79  -2.3055692751338412E-009   2.0362005678841694E-010
  -2.0630745208042452E-009   2.9980173994873314E-010
   0.0000000000000000        0.0000000000000000     
          80  -2.4133795065068091E-009   2.2890641212658716E-010
  -2.2251326354073699E-009   3.3923282420894826E-010
   0.0000000000000000        0.0000000000000000     
          81  -2.5360155423463426E-009   2.5990814938985986E-010
  -2.4094982535176838E-009   3.8739829223291989E-010
   0.0000000000000000        0.0000000000000000     
          82  -2.6768387597307766E-009   2.9854236605972391E-010
  -2.6211734647143960E-009   4.4716512431600923E-010
   0.0000000000000000        0.0000000000000000     
          83  -2.8403042645595674E-009   3.4760249547927586E-010
  -2.8667599119449386E-009   5.2269667341959921E-010
   0.0000000000000000        0.0000000000000000     
          84  -3.0324237532534437E-009   4.1128234615782756E-010
  -3.1551297274688417E-009   6.2022352854377786E-010
   0.0000000000000000        0.0000000000000000     
          85  -3.2614644889588923E-009   4.9610017716140094E-010
  -3.4984362163972908E-009   7.4940087698461245E-010
   0.0000000000000000        0.0000000000000000     
          86  -3.5390112586303444E-009   6.1260627975536432E-010
  -3.9136445654128956E-009   9.2581318669146819E-010
   0.0000000000000000        0.0000000000000000     
          87  -3.8815527775401300E-009   7.7871286735132245E-010
  -4.4248076056851609E-009   1.1758514424468408E-009
   0.0000000000000000        0.0000000000000000     
          88  -4.3126501740590507E-009   1.0265985932086500E-009
  -5.0661462726565117E-009   1.5468106067356781E-009
   0.0000000000000000        0.0000000000000000     
          89  -4.8648272934455437E-009   1.4180270506137349E-009
  -5.8846196544430160E-009   2.1292533074646020E-009
   0.0000000000000000        0.0000000000000000     
          90  -5.5751347058249457E-009   2.0806396149293340E-009
  -6.9330074277014083E-009   3.1098792183085818E-009
   0.0000000000000000        0.0000000000000000     
          91  -6.4404730473154775E-009   3.2962382945919478E-009
  -8.2036616389328585E-009   4.8997003960387707E-009
   0.0000000000000000        0.0000000000000000     
          92  -7.1534411707874446E-009   5.6720944202521944E-009
  -9.2411777244763358E-009   8.3805234871836712E-009
   0.0000000000000000        0.0000000000000000     
          93  -5.9847105644875406E-009   9.8173644674200720E-009
  -7.5167679159278731E-009   1.4419043860211425E-008
   0.0000000000000000        0.0000000000000000     
          94  -9.9729208112770460E-011   1.2203061495169302E-008
   1.0578058272515151E-009   1.7833879651308849E-008
   0.0000000000000000        0.0000000000000000     
          95   4.5353095787021821E-009   8.4986525897255538E-009
   7.7273838150245366E-009   1.2385646023217887E-008
   0.0000000000000000        0.0000000000000000     
          96   4.8119666360798577E-009   4.7824749049324609E-009
   8.0347959996833916E-009   6.9772059603516199E-009
   0.0000000000000000        0.0000000000000000     
          97   3.9426011079027317E-009   2.8164195009753133E-009
   6.6853027683436587E-009   4.1377595084648815E-009
   0.0000000000000000        0.0000000000000000     
          98   3.0852833546321227E-009   1.8085955880374374E-009
   5.3562350816170671E-009   2.6985717332850537E-009
   0.0000000000000000        0.0000000000000000     
          99   2.4006240685446101E-009   1.2524975153464236E-009
   4.2737204228439865E-009   1.9197662898407513E-009
   0.0000000000000000        0.0000000000000000     
         100   1.8666037105321633E-009   9.2115238348063190E-010
   3.4007020514829842E-009   1.4715935220719717E-009
   0.0000000000000000        0.0000000000000000     
         101   1.4440033132285757E-009   7.1076902222793022E-010
   2.6760878551252063E-009   1.2044388884404602E-009
   0.0000000000000000        0.0000000000000000     
         102   1.1017477283541276E-009   5.7032998008585530E-010
   2.0506646381445818E-009   1.0459525873925793E-009
   0.0000000000000000        0.0000000000000000     
         103   8.1780433660980430E-010   4.7287126743419515E-010
   1.4878337714438529E-009   9.5933284911320481E-010
   0.0000000000000000        0.0000000000000000     
         104   5.7677498866611136E-010   4.0321281839854581E-010
   9.5964706780485153E-010   9.2573058260070451E-010
   0.0000000000000000        0.0000000000000000     
         105   3.6776090377734121E-010   3.5234585928298035E-010
   4.4319952401796759E-010   9.3650774842050235E-010
   0.0000000000000000        0.0000000000000000     
         106   1.8287398257900145E-010   3.1469067429533304E-010
  -8.2185394316562466E-011   9.8992753259733355E-010
   0.0000000000000000        0.0000000000000000     
         107   1.6248228282633033E-011   2.8667862192397484E-010
  -6.3730428853287922E-010   1.0902157123447015E-009
   0.0000000000000000        0.0000000000000000     
         108  -1.3661952865650580E-010   2.6598710168696975E-010
  -1.2453534445224986E-009   1.2483855995013250E-009
   0.0000000000000000        0.0000000000000000     
         109  -2.7932389583716872E-010   2.5112162798492897E-010
  -1.9345171887804435E-009   1.4851248593590275E-009
   0.0000000000000000        0.0000000000000000     
         110  -4.1488425861992729E-010   2.4120668129737249E-010
  -2.7411839616784902E-009   1.8371161239543945E-009
   0.0000000000000000        0.0000000000000000     
         111  -5.4601516355043185E-010   2.3594113216272640E-010
  -3.7137427834771852E-009   2.3702434832627904E-009
   0.0000000000000000        0.0000000000000000     
         112  -6.7536948408995160E-010   2.3576235845345710E-010
  -4.9149763817291995E-009   3.2080339312655194E-009
   0.0000000000000000        0.0000000000000000     
         113  -8.0572577221857507E-010   2.4242426946044381E-010
  -6.4118194982886147E-009   4.5957894785698052E-009
   0.0000000000000000        0.0000000000000000     
         114  -9.3974206044902898E-010   2.6058388871505035E-010
  -8.1974602120515484E-009   7.0472368274058631E-009
   0.0000000000000000        0.0000000000000000     
         115  -1.0769468379065672E-009   3.0159035830292957E-010
  -9.7871786154548433E-009   1.1620718311287079E-008
   0.0000000000000000        0.0000000000000000     
         116  -1.1973066039704500E-009   3.8577863501908079E-010
  -8.5747118366908515E-009   1.9661451363312678E-008
   0.0000000000000000        0.0000000000000000     
         117  -1.2325219070973120E-009   4.9211116643860066E-010
   1.4535902485093240E-009   2.7148785096542706E-008
   0.0000000000000000        0.0000000000000000     
         118  -1.2087951404575219E-009   4.9195412273385063E-010
   1.4136100403542428E-008   2.2510609306878018E-008
   0.0000000000000000        0.0000000000000000     
         119  -1.2649675113672871E-009   4.2419383537324838E-010
   1.7401989498514682E-008   1.3474025460384642E-008
   0.0000000000000000        0.0000000000000000     
         120  -1.3778857962322206E-009   3.7804592565157032E-010
   1.6143695935576932E-008   7.8666836425202635E-009
   0.0000000000000000        0.0000000000000000     
         121  -1.5085960236918231E-009   3.5742368380729931E-010
   1.4287340837411836E-008   4.8890631910350755E-009
   0.0000000000000000        0.0000000000000000     
         122  -1.6459988854824192E-009   3.5260892170931800E-010
   1.2701724113167496E-008   3.2401977822051631E-009
   0.0000000000000000        0.0000000000000000     
         123  -1.7885727782915001E-009   3.5775497656301015E-010
   1.1458190656590669E-008   2.2595149950652801E-009
   0.0000000000000000        0.0000000000000000     
         124  -1.9372288143419271E-009   3.7004220720658209E-010
   1.0492141708294005E-008   1.6363685867704033E-009
   0.0000000000000000        0.0000000000000000     
         125  -2.0935230177635318E-009   3.8823716503696865E-010
   9.7349528087383400E-009   1.2177030637730022E-009
   0.0000000000000000        0.0000000000000000     
         126  -2.2592581237518140E-009   4.1195902295127240E-010
   9.1339697651786157E-009   9.2303468514592257E-010
   0.0000000000000000        0.0000000000000000     
         127  -2.4364362917169653E-009   4.4135078094233960E-010
   8.6513480790815479E-009   7.0734045700536314E-010
   0.0000000000000000        0.0000000000000000     
         128  -2.6273091064634605E-009   4.7694546141934095E-010
   8.2601273922525653E-009   5.4402621678119461E-010
   0.0000000000000000        0.0000000000000000     
         129  -2.8344637368613209E-009   5.1963306059331492E-010
   7.9409401525931133E-009   4.1662600200417555E-010
   0.0000000000000000        0.0000000000000000     
         130  -3.0609343985223546E-009   5.7069080177254286E-010
   7.6796848107506071E-009   3.1451788475536310E-010
   0.0000000000000000        0.0000000000000000     
         131  -3.3103435444224074E-009   6.3186657095422049E-010
   7.4659503242188222E-009   2.3059521162392527E-010
   0.0000000000000000        0.0000000000000000     
         132  -3.5870839550401314E-009   7.0552162633828854E-010
   7.2919561657131661E-009   1.5994054233212745E-010
   0.0000000000000000        0.0000000000000000     
         133  -3.8965588969734157E-009   7.9485287288884326E-010
   7.1518357952268758E-009   9.9037636836957997E-011
   0.0000000000000000        0.0000000000000000     
         134  -4.2455043081208287E-009   9.0423310927206337E-010
   7.0411473853269333E-009   4.5283184413860724E-011
   0.0000000000000000        0.0000000000000000     
         135  -4.6424274039740702E-009   1.0397362319953990E-009
   6.9565383752566199E-009  -3.3302333353913776E-012
   0.0000000000000000        0.0000000000000000     
         136  -5.0982095825078963E-009   1.2099639748368521E-009
   6.8955165215974930E-009  -4.8433419318930985E-011
   0.0000000000000000        0.0000000000000000     
         137  -5.6269379449580519E-009   1.4273814971650338E-009
   6.8562967550283712E-009  -9.1448111371859839E-011
   0.0000000000000000        0.0000000000000000     
         138  -6.2470435012645394E-009   1.7105420147356392E-009
   6.8377064635808040E-009  -1.3373715468865727E-010
   0.0000000000000000        0.0000000000000000     
