   262144.00000000000     
         256           1           3
   1.7567330116226543E-005   51.164887766128999        59.692950296100001     
   6.0401400154609997        12.000000000000000        1200.0000000000000     
           0   0.0000000000000000        0.0000000000000000     
   0.0000000000000000        0.0000000000000000     
   0.0000000000000000        0.0000000000000000     
           1  -4.9425562855498462E-009   2.2250456377477762E-010
  -1.9399358559996826E-009   1.0547893656433239E-010
  -1.5977739412236389E-009   1.2563551546391884E-010
           2  -5.2752000567489362E-009   6.2891828767134437E-010
  -2.1434657388268832E-009   3.4225495211799043E-010
  -1.8604936558958667E-009   4.2693036131535515E-010
           3  -5.6877175549335967E-009   2.1291663960439158E-009
  -2.3886852653704241E-009   1.2162772629493721E-009
  -2.1747251888135520E-009   1.5386403051575826E-009
           4  -2.4441729401873392E-009   3.5062159476968453E-009
  -5.0113666654298086E-010   2.0185019697781707E-009
   2.2407592175396852E-010   2.5590266395571378E-009
           5  -1.8451542227022321E-009   1.1608818482452091E-009
  -1.5311540270131894E-010   6.5146721215475142E-010
   6.6518057038155311E-010   8.2053886012396142E-010
           6  -2.3211864411149098E-009   4.9641067852626759E-010
  -4.3050475561084346E-010   2.6386096863165145E-010
   3.1103532476142783E-010   3.2769221334900801E-010
           7  -2.6047225842329909E-009   2.8647688334193994E-010
  -5.9482810842420342E-010   1.4109453889312539E-010
   1.0076730399213438E-010   1.7167271770014309E-010
           8  -2.7724472651941091E-009   1.9851159207862177E-010
  -6.9087526692486975E-010   8.9370446009398074E-011
  -2.2629666650832515E-011   1.0600960522167166E-010
           9  -2.8805745756542940E-009   1.5451099275405267E-010
  -7.5147066602031339E-010   6.3233500727298646E-011
  -1.0092995258372087E-010   7.2893936207633970E-011
          10  -2.9559345042812105E-009   1.2988540112500468E-010
  -7.9229237243022290E-010   4.8354412256170986E-011
  -1.5409309582270388E-010   5.4102591198256700E-011
          11  -3.0120469236722606E-009   1.1505376940103856E-010
  -8.2124710990860996E-010   3.9149633228045543E-011
  -1.9219022371802629E-010   4.2535207950716575E-011
          12  -3.0562760493436480E-009   1.0568826595380346E-010
  -8.4264422459808845E-010   3.3096574642344986E-011
  -2.2071432584371173E-010   3.4984305206042737E-011
          13  -3.0929152720141764E-009   9.9612145844409721E-011
  -8.5899624401842732E-010   2.8925923291107821E-011
  -2.4287129950230012E-010   2.9836298203980619E-011
          14  -3.1246126485178984E-009   9.5637911736359562E-011
  -8.7185139461377578E-010   2.5944625561349838E-011
  -2.6063943713455912E-010   2.6210488599760942E-011
          15  -3.1530797908264342E-009   9.3075387114851271E-011
  -8.8220788432818767E-010   2.3749243499208399E-011
  -2.7529676870934720E-010   2.3594524936509769E-011
          16  -3.1794679224946322E-009   9.1502673192831936E-011
  -8.9073383176903863E-010   2.2092494886077262E-011
  -2.8770108381088188E-010   2.1674679413898988E-011
          17  -3.2045786493060427E-009   9.0651120153714100E-011
  -8.9789062004865379E-010   2.0816227618233897E-011
  -2.9844704038957134E-010   2.0250613854714356E-011
          18  -3.2289877389515133E-009   9.0343881297002966E-011
  -9.0400538631097858E-010   1.9815614193672651E-011
  -3.0795852701851067E-010   1.9189850230423429E-011
          19  -3.2531207760527729E-009   9.0461364063204692E-011
  -9.0931534900756554E-010   1.9019016360258883E-011
  -3.1654517077929394E-010   1.8402169843646335E-011
          20  -3.2773010276350750E-009   9.0920946475211938E-011
  -9.1399585691225597E-010   1.8376159760109075E-011
  -3.2443811745374758E-010   1.7824580867804532E-011
          21  -3.3017806556271533E-009   9.1664621455680676E-011
  -9.1817867172913794E-010   1.7850925867898933E-011
  -3.3181337418009998E-010   1.7412158124645374E-011
          22  -3.3267616229400526E-009   9.2651227671344117E-011
  -9.2196419736977605E-010   1.7416814342715835E-011
  -3.3880744259770375E-010   1.7132279255086488E-011
          23  -3.3524100385690803E-009   9.3851428319315280E-011
  -9.2542984838524887E-010   1.7054004505928029E-011
  -3.4552803493434882E-010   1.6960894980665763E-011
          24  -3.3788662212583614E-009   9.5244387828075639E-011
  -9.2863589255108105E-010   1.6747404085219582E-011
  -3.5206157384345164E-010   1.6880055431448574E-011
          25  -3.4062519079262676E-009   9.6815526866757622E-011
  -9.3162960313547908E-010   1.6485324114636946E-011
  -3.5847854085586268E-010   1.6876233408580614E-011
          26  -3.4346755213160517E-009   9.8554979334901697E-011
  -9.3444825659924080E-010   1.6258560585498054E-011
  -3.6483735657314073E-010   1.6939165666702932E-011
          27  -3.4642360964973703E-009   1.0045651681541054E-010
  -9.3712132688089578E-010   1.6059746027931094E-011
  -3.7118724065220218E-010   1.7061038335001516E-011
          28  -3.4950262676735887E-009   1.0251679097052148E-010
  -9.3967211106183791E-010   1.5882883680418430E-011
  -3.7757035144574589E-010   1.7235905528297734E-011
          29  -3.5271345890579207E-009   1.0473479659728423E-010
  -9.4211894614229094E-010   1.5723007295355736E-011
  -3.8402340957618003E-010   1.7459268860725563E-011
          30  -3.5606473800552491E-009   1.0711149090478259E-010
  -9.4447612740866912E-010   1.5575928713825333E-011
  -3.9057894702689402E-010   1.7727769862184122E-011
          31  -3.5956502292229822E-009   1.0964952566935558E-010
  -9.4675460590122672E-010   1.5438047577589164E-011
  -3.9726628138449152E-010   1.8038962875968493E-011
          32  -3.6322292537716373E-009   1.1235306274123442E-010
  -9.4896252005971257E-010   1.5306205533063033E-011
  -4.0411228636472834E-010   1.8391146196566108E-011
          33  -3.6704721855066057E-009   1.1522765259914033E-010
  -9.5110560115815882E-010   1.5177572585311890E-011
  -4.1114201013046944E-010   1.8783235977587056E-011
          34  -3.7104693362475599E-009   1.1828016192742631E-010
  -9.5318748125218481E-010   1.5049556833012137E-011
  -4.1837917915882905E-010   1.9214672016904860E-011
          35  -3.7523144832638330E-009   1.2151874053869960E-010
  -9.5520992468118415E-010   1.4919731255839298E-011
  -4.2584661574850643E-010   1.9685347667186677E-011
          36  -3.7961057065427326E-009   1.2495282105301482E-010
  -9.5717299856078167E-010   1.4785772911516365E-011
  -4.3356659027799017E-010   2.0195558309473067E-011
          37  -3.8419462036801489E-009   1.2859314698323083E-010
  -9.5907519366925640E-010   1.4645411074018121E-011
  -4.4156112436996731E-010   2.0745964374085158E-011
          38  -3.8899451039690172E-009   1.3245182655099012E-010
  -9.6091350410010064E-010   1.4496381668429646E-011
  -4.4985225746581612E-010   2.1337566003399067E-011
          39  -3.9402183005544659E-009   1.3654241086477358E-010
  -9.6268347174538519E-010   1.4336385935262524E-011
  -4.5846228664419536E-010   2.1971687260947412E-011
          40  -3.9928893178184341E-009   1.4087999614579105E-010
  -9.6437919996946637E-010   1.4163051660718923E-011
  -4.6741398762030584E-010   2.2649968391604109E-011
          41  -4.0480902303945331E-009   1.4548135060433814E-010
  -9.6599333940624302E-010   1.3973895583813348E-011
  -4.7673082342663663E-010   2.3374365094000661E-011
          42  -4.1059626499594592E-009   1.5036506739407086E-010
  -9.6751704770715675E-010   1.3766285773051088E-011
  -4.8643714624959448E-010   2.4147154120907207E-011
          43  -4.1666587965841517E-009   1.5555174588533005E-010
  -9.6893992412776921E-010   1.3537402870046445E-011
  -4.9655839721526286E-010   2.4970944809262437E-011
          44  -4.2303426723753246E-009   1.6106420432463110E-010
  -9.7024991901520683E-010   1.3284199145103909E-011
  -5.0712130841821306E-010   2.5848696380995002E-011
          45  -4.2971913567594116E-009   1.6692772784243147E-010
  -9.7143321748955078E-010   1.3003354303566720E-011
  -5.1815411120249802E-010   2.6783741066460064E-011
          46  -4.3673964450813228E-009   1.7317035678157234E-010
  -9.7247409590454640E-010   1.2691226928641661E-011
  -5.2968675461284946E-010   2.7779813298839939E-011
          47  -4.4411656548327462E-009   1.7982322146486268E-010
  -9.7335474892471403E-010   1.2343800347697991E-011
  -5.4175113792716244E-010   2.8841085419609613E-011
          48  -4.5187246275741415E-009   1.8692093089593084E-010
  -9.7405508428413574E-010   1.1956621558955409E-011
  -5.5438136136944978E-010   2.9972210535996652E-011
          49  -4.6003189589505183E-009   1.9450202451579003E-010
  -9.7455248145109316E-010   1.1524731652614148E-011
  -5.6761399939535734E-010   3.1178373387942583E-011
          50  -4.6862164945457051E-009   2.0260949811189941E-010
  -9.7482150945573445E-010   1.1042585893683096E-011
  -5.8148840136859083E-010   3.2465350327031506E-011
          51  -4.7767099360668578E-009   2.1129141740486139E-010
  -9.7483359803871749E-010   1.0503961290634941E-011
  -5.9604702505546650E-010   3.3839579795828127E-011
          52  -4.8721198103146749E-009   2.2060163580969847E-010
  -9.7455665498662540E-010   9.9018490391205770E-012
  -6.1133580912980520E-010   3.5308245034663889E-011
          53  -4.9727978633389551E-009   2.3060063657238212E-010
  -9.7395462095907687E-010   9.2283286784321716E-012
  -6.2740459185119340E-010   3.6879371154346311E-011
          54  -5.0791309542951824E-009   2.4135652409928645E-010
  -9.7298695124079369E-010   8.4744201009624939E-012
  -6.4430758429665785E-010   3.8561939217285253E-011
          55  -5.1915455384218026E-009   2.5294619509639316E-010
  -9.7160801159039715E-010   7.6299086723058115E-012
  -6.6210390806017364E-010   4.0366020595475098E-011
          56  -5.3105128470216458E-009   2.6545672746858351E-010
  -9.6976637254067203E-010   6.6831375958740271E-012
  -6.8085820921261417E-010   4.2302935657074797E-011
          57  -5.4365548951287811E-009   2.7898703424326634E-010
  -9.6740398306350035E-010   5.6207602235618561E-012
  -7.0064136267280081E-010   4.4385441822153009E-011
          58  -5.5702514760826702E-009   2.9364984170572638E-010
  -9.6445520020760963E-010   4.4274431750193428E-012
  -7.2153128408428813E-010   4.6627957286320900E-011
          59  -5.7122483379410160E-009   3.0957406628133132E-010
  -9.6084564592632150E-010   3.0855087560467536E-012
  -7.4361386996476981E-010   4.9046828323113529E-011
          60  -5.8632667815150105E-009   3.2690768457638322E-010
  -9.5649085554495057E-010   1.5745020894286833E-012
  -7.6698409152707642E-010   5.1660650156129306E-011
          61  -6.0241149769793569E-009   3.4582121695985540E-010
  -9.5129467369958064E-010  -1.2933565270510431E-013
  -7.9174727343407021E-010   5.4490654099374144E-011
          62  -6.1957013684552693E-009   3.6651197917194753E-010
  -9.4514734262124492E-010  -2.0537118170714391E-012
  -8.1802059619415888E-010   5.7561177210029830E-011
          63  -6.3790506293030146E-009   3.8920930166005179E-010
  -9.3792321353446835E-010  -4.2310755581564839E-012
  -8.4593487044159655E-010   6.0900235383842169E-011
          64  -6.5753227512639002E-009   4.1418097672092818E-010
  -9.2947799372182577E-010  -6.6996001463271488E-012
  -8.7563664365264493E-010   6.4540227065878654E-011
          65  -6.7858360073771178E-009   4.4174127488198977E-010
  -9.1964541804139770E-010  -9.5044072356359431E-012
  -9.0729071580621929E-010   6.8518803139342827E-011
          66  -7.0120947341646957E-009   4.7226098256719608E-010
  -9.0823320252012295E-010  -1.2699103225358239E-011
  -9.4108316139296867E-010   7.2879949936965847E-011
          67  -7.2558231505082525E-009   5.0618006498124315E-010
  -8.9501809635840962E-010  -1.6347721466059461E-011
  -9.7722498273519193E-010   7.7675347914643892E-011
          68  -7.5190067931447190E-009   5.4402376884712652E-010
  -8.7973979362505731E-010  -2.0527196825420391E-011
  -1.0159565562649529E-009   8.2966090118985579E-011
          69  -7.8039435485223553E-009   5.8642327453880580E-010
  -8.6209336853477433E-010  -2.5330545298145842E-011
  -1.0575530872852770E-009   8.8824874852028387E-011
          70  -8.1133075412874348E-009   6.3414243145451585E-010
  -8.4171995948672346E-010  -3.0870985206295813E-011
  -1.1023313231757271E-009   9.5338829498852962E-011
          71  -8.4502281983301320E-009   6.8811269944186045E-010
  -8.1819480203623880E-010  -3.7287334497516136E-011
  -1.1506579636662724E-009   1.0261318479626459E-010
          72  -8.8183911564185242E-009   7.4947932167186090E-010
  -7.9101232904535786E-010  -4.4751148387765880E-011
  -1.2029601718245401E-009   1.1077610689892874E-010
          73  -9.2221663709423130E-009   8.1966303063970912E-010
  -7.5956697555466954E-010  -5.3476270601202725E-011
  -1.2597389289938754E-009   1.1998512808918795E-010
          74  -9.6667731553321149E-009   9.0044355600236088E-010
  -7.2312842773770156E-010  -6.3731770829043821E-011
  -1.3215861321754876E-009   1.3043581436010733E-010
          75  -1.0158494895594846E-008   9.9407418319456767E-010
  -6.8080933974354413E-010  -7.5859706189169132E-011
  -1.3892067275174125E-009   1.4237361095567206E-010
          76  -1.0704961574134186E-008   1.1034412604978840E-009
  -6.3152275725477118E-010  -9.0299866179631667E-011
  -1.4634476978707385E-009   1.5611027752093427E-010
          77  -1.1315526090106129E-008   1.2322899386192172E-009
  -5.7392528964996023E-010  -1.0762480734244653E-010
  -1.5453365047540037E-009   1.7204707154283719E-010
          78  -1.2001772175391561E-008   1.3855494288537735E-009
  -5.0634027296177705E-010  -1.2859034623988064E-010
  -1.6361327602164423E-009   1.9070805131435854E-010
          79  -1.2778209749868730E-008   1.5698110490746476E-009
  -4.2665241768190522E-010  -1.5420977854184853E-010
  -1.7373986968081745E-009   2.1278888650594121E-010
          80  -1.3663241568981426E-008   1.7940465061829484E-009
  -3.3216117282236223E-010  -1.8586538980626599E-010
  -1.8510967823501554E-009   2.3923001072892955E-010
          81  -1.4680529160556418E-008   2.0707140906098282E-009
  -2.1937332647658717E-010  -2.2548015271297043E-010
  -1.9797271978664374E-009   2.7132901743377297E-010
          82  -1.5860956555372330E-008   2.4175101540180959E-009
  -8.3704659932059075E-011  -2.7578948559844151E-010
  -2.1265248653808086E-009   3.1091824038925374E-010
          83  -1.7245503881129631E-008   2.8602305489294988E-009
   8.0956728889658917E-011  -3.4078501266235077E-010
  -2.2957469065054396E-009   3.6065430424669968E-010
          84  -1.8889525267790998E-008   3.4376150116529503E-009
   2.8290034375565050E-010  -4.2646536878300694E-010
  -2.4930993210161032E-009   4.2450744528098085E-010
          85  -2.0869209448973321E-008   4.2098897453748078E-009
   5.3357394540128728E-010  -5.4215914579665044E-010
  -2.7263793727921367E-009   5.0862292529017894E-010
          86  -2.3291395913794423E-008   5.2745532845895970E-009
   8.4907072546047632E-010  -7.0296732686199046E-010
  -3.0064480797102678E-009   6.2291028593694396E-010
          87  -2.6308239360962141E-008   6.7971601586894366E-009
   1.2523424184138364E-009  -9.3452108810561918E-010
  -3.3486756043844240E-009   7.8413763201272950E-010
          88  -3.0137255359076013E-008   9.0751510945331554E-009
   1.7761962762610565E-009  -1.2828345389953043E-009
  -3.7748974609906267E-009   1.0223372491468027E-009
          89  -3.5078794586690072E-008   1.2679468547303029E-008
   2.4657918236467253E-009  -1.8361300981057020E-009
  -4.3150474915671273E-009   1.3949918707128849E-009
          90  -4.1475030840241214E-008   1.8790075623991724E-008
   3.3718734538653055E-009  -2.7764405865873989E-009
  -5.0027734944715747E-009   2.0205709465271807E-009
          91  -4.9296947299791259E-008   3.0012113710803365E-008
   4.4860878947587681E-009  -4.5047194711073583E-009
  -5.8334211606131295E-009   3.1598339414541844E-009
          92  -5.5702307836368485E-008   5.1959630120060162E-008
   5.3628727636288037E-009  -7.8814355543084300E-009
  -6.5183577167825251E-009   5.3721773844080693E-009
          93  -4.4703443561244678E-008   9.0264192732274517E-008
   3.5325860974202930E-009  -1.3752259612901551E-008
  -5.4538450663529254E-009   9.2074364673773693E-009
          94   9.9051869862493069E-009   1.1230123994048456E-007
  -4.9969014288889917E-009  -1.7059015701753428E-008
  -4.7004903485361058E-011   1.1379190355680525E-008
          95   5.2968331330845700E-008   7.8035477847345337E-008
  -1.1680994476250452E-008  -1.1710572760625011E-008
   4.1484559567280008E-009   7.9298902193865248E-009
          96   5.5749358495611478E-008   4.3659449520142817E-008
  -1.2170728871081109E-008  -6.3966801676489993E-009
   4.3048968693426158E-009   4.5067275929559577E-009
          97   4.7946352053914783E-008   2.5461559154162006E-008
  -1.1061382431717758E-008  -3.5853909179473320E-009
   3.4063336798738033E-009   2.7141755446293430E-009
          98   4.0266211322001271E-008   1.6120918350203092E-008
  -9.9930287710140377E-009  -2.1348091353509305E-009
   2.5160896525635622E-009   1.8111498126418247E-009
          99   3.4194619728133831E-008   1.0954872414828288E-008
  -9.1897332706428217E-009  -1.3213642102274972E-009
   1.7768633617017625E-009   1.3286475855113741E-009
         100   2.9528965383667135E-008   7.8649485266003465E-009
  -8.6193848350408476E-009  -8.2143314746791484E-010
   1.1642508063660252E-009   1.0578940965420306E-009
         101   2.5907748866802711E-008   5.8914307827262119E-009
  -8.2273487261247478E-009  -4.8669295335189178E-010
   6.3839188202211446E-010   9.0449286732287152E-010
         102   2.3044907886452119E-008   4.5624462892687971E-009
  -7.9718101622841996E-009  -2.4349332958484534E-010
   1.6668752359741325E-010   8.2322243427796063E-010
         103   2.0738164412658093E-008   3.6284386970768003E-009
  -7.8248834265189106E-009  -5.1820306504881155E-011
  -2.7582086252429187E-010   7.9164553444560248E-010
         104   1.8846814374418695E-008   2.9487169902993812E-009
  -7.7692886111564555E-009   1.1235950508653379E-010
  -7.0908786269591289E-010   7.9905513409895089E-010
         105   1.7272060742458875E-008   2.4395329155073909E-009
  -7.7956049414369615E-009   2.6540735172416524E-010
  -1.1505253135610830E-009   8.4173102581352486E-010
         106   1.5943353504459266E-008   2.0486719520148109E-009
  -7.9006380665138258E-009   4.2045459538709998E-010
  -1.6170371049072388E-009   9.2110987292516384E-010
         107   1.4809401543414690E-008   1.7422455231240039E-009
  -8.0867542288513179E-009   5.9033796576456985E-010
  -2.1268730144193482E-009   1.0436391160125429E-009
         108   1.3832306301963374E-008   1.4974415155947832E-009
  -8.3620503424421113E-009   7.9028930980653269E-010
  -2.7016112907440373E-009   1.2220782627196231E-009
         109   1.2983716109208455E-008   1.2983283946703776E-009
  -8.7413472350096486E-009   1.0414342645081847E-009
  -3.3685898313552185E-009   1.4787367094627888E-009
         110   1.2242300973198625E-008   1.1332632059018066E-009
  -9.2480616058948539E-009   1.3766115917829699E-009
  -4.1640720586496729E-009   1.8521540421737403E-009
         111   1.1592119950309208E-008   9.9309315951419594E-010
  -9.9167936048226242E-009   1.8515221983026873E-009
  -5.1370750934278977E-009   2.4108355902984773E-009
         112   1.1021610218652752E-008   8.6955247547599635E-010
  -1.0794947150610710E-008   2.5681031568368744E-009
  -6.3518047111744261E-009   3.2826977963885948E-009
         113   1.0522902666652634E-008   7.5308643214444770E-010
  -1.1934229974352501E-008   3.7268205448167373E-009
  -7.8771100958869804E-009   4.7213905314332439E-009
         114   1.0090411571559271E-008   6.2851380147760669E-010
  -1.3327350236624737E-008   5.7460253881554267E-009
  -9.7061649497685597E-009   7.2579713554397253E-009
         115   9.7130093533304024E-009   4.6555676564785918E-010
  -1.4579832173991436E-008   9.4868971632453159E-009
  -1.1339220439822854E-008   1.1986905190033696E-008
         116   9.3340951406361277E-009   2.1302860252988600E-010
  -1.3574213203716790E-008   1.6045986446766022E-008
  -1.0084828685684801E-008   2.0302160507829955E-008
         117   8.7821072782600639E-009  -8.0440880550272338E-011
  -5.4187444793922261E-009   2.2164037248158959E-008
   2.7712532026009649E-010   2.8058092872860347E-008
         118   8.1130446780456908E-009  -1.0692478996422641E-010
   4.8946923948080153E-009   1.8432330563729426E-008
   1.3396990699681702E-008   2.3288236181061229E-008
         119   7.6547619274305217E-009   3.9769027424792040E-011
   7.5507067998686157E-009   1.1115359791820133E-008
   1.6790784916299740E-008   1.3959427954201235E-008
         120   7.3465350241870062E-009   1.4467707225674270E-010
   6.5158041289534116E-009   6.5788112488345256E-009
   1.5502575659389921E-008   8.1672475368083237E-009
         121   7.0897018237241308E-009   1.9802090663271686E-010
   4.9811647142094761E-009   4.1778878261263467E-009
   1.3590539374657780E-008   5.0913492620771558E-009
         122   6.8526522079613340E-009   2.2313865807077490E-010
   3.6544178047886052E-009   2.8568398101604143E-009
   1.1954414987731795E-008   3.3887550657140964E-009
         123   6.6268464194654766E-009   2.3436801302770745E-010
   2.5944144827152506E-009   2.0792913908097390E-009
   1.0668965409192814E-008   2.3770362744034662E-009
         124   6.4095168182264937E-009   2.3906539606053348E-010
   1.7490286112788813E-009   1.5930145560684950E-009
   9.6679487668889307E-009   1.7351424814252520E-009
         125   6.1992344965303654E-009   2.4109284182744766E-010
   1.0625598700324091E-009   1.2738226185219508E-009
   8.8807134783675643E-009   1.3048548719477939E-009
         126   5.9948047585261384E-009   2.4262994448606140E-010
   4.9207531361293923E-010   1.0565270967826893E-009
   8.2529858884405397E-009   1.0029660944117093E-009
         127   5.7949863852758002E-009   2.4503920092147240E-010
   6.5020912635975678E-012   9.0479555540031888E-010
   7.7457259816575320E-009   7.8293269942284955E-010
         128   5.5984142373595797E-009   2.4929595432447750E-010
  -4.1655455232230474E-010   7.9732233407142478E-010
   7.3310960526838500E-009   6.1727142985807736E-010
         129   5.4035646514439729E-009   2.5622143086626777E-010
  -7.9349414666763559E-010   7.2109760734524553E-010
   6.9890713497853724E-009   4.8897869661961279E-010
         130   5.2087196165447741E-009   2.6662757609535855E-010
  -1.1366324464392031E-009   6.6794636451467720E-010
   6.7050408455926395E-009   3.8710200829039505E-010
         131   5.0119159282778692E-009   2.8142687223759159E-010
  -1.4555146074329729E-009   6.3266529489324394E-010
   6.4681806519443055E-009   3.0433352363340784E-010
         132   4.8108723043324129E-009   3.0173758356258574E-010
  -1.7578235710432290E-009   6.1198753587625605E-010
   6.2703579910414065E-009   2.3564121638330015E-010
         133   4.6028880433553944E-009   3.2900741436480950E-010
  -2.0500281481637319E-009   6.0400433648371941E-010
   6.1053874277510966E-009   1.7745771194779141E-010
         134   4.3847019367937953E-009   3.6518004037121720E-010
  -2.3378712024733522E-009   6.0786085489654555E-010
   5.9685204713698196E-009   1.2718105771839877E-010
         135   4.1522983919235869E-009   4.1293835601073415E-010
  -2.6267675570641887E-009   6.2363991270835894E-010
   5.8560913502474898E-009   8.2855682831080149E-011
         136   3.9006400167566020E-009   4.7607867455263370E-010
  -2.9221640462837155E-009   6.5240543585873720E-010
   5.7652692734028632E-009   4.2959515294715713E-011
         137   3.6232968813079709E-009   5.6010965957791970E-010
  -3.2299057555343813E-009   6.9642400379994965E-010
   5.6938852293751988E-009   6.2531037356538426E-012
         138   3.3119394738952845E-009   6.7324630367653812E-010
  -3.5566478091897312E-009   7.5963918446728003E-010
   5.6403125809351503E-009  -2.8338395252227121E-011
