   262144.00000000000     
         256           1           3
   1.7567330116226543E-005  -11.098339920101999        85.396172594000006     
   6.0401400154609997        12.000000000000000        1200.0000000000000     
           0   0.0000000000000000        0.0000000000000000     
   0.0000000000000000        0.0000000000000000     
   0.0000000000000000        0.0000000000000000     
           1   0.0000000000000000        0.0000000000000000     
  -1.5488407228973201E-010  -9.4055408763064830E-010
   8.7841976916032623E-010   1.0280714564545360E-009
           2   0.0000000000000000        0.0000000000000000     
  -1.6949822730442922E-010  -2.1803139048576852E-010
   8.8824619277767466E-010   2.2643335740583880E-010
           3   0.0000000000000000        0.0000000000000000     
  -6.0369877964554666E-011  -7.4112247815031541E-011
   7.6382705166922921E-010   6.6686939030219520E-011
           4   0.0000000000000000        0.0000000000000000     
  -6.5822267311348158E-012  -3.3551500201957009E-011
   7.0217793507180667E-010   2.1576277577431348E-011
           5   0.0000000000000000        0.0000000000000000     
   2.1396574614431958E-011  -1.8341084742777491E-011
   6.7000763530765407E-010   4.5637152358580630E-012
           6   0.0000000000000000        0.0000000000000000     
   3.7458643623929344E-011  -1.1454183623492842E-011
   6.5167041282321091E-010  -3.2358423774779894E-012
           7   0.0000000000000000        0.0000000000000000     
   4.7462437759250920E-011  -7.9096216067059675E-012
   6.4054354857123568E-010  -7.3457042724407906E-012
           8   0.0000000000000000        0.0000000000000000     
   5.4108311814792363E-011  -5.9102352252524344E-012
   6.3355876535655901E-010  -9.7579609920050970E-012
           9   0.0000000000000000        0.0000000000000000     
   5.8759990133307400E-011  -4.7031878630131996E-012
   6.2915741576840197E-010  -1.1306821059011373E-011
          10   0.0000000000000000        0.0000000000000000     
   6.2161021000924332E-011  -3.9360381656462477E-012
   6.2648440135100674E-010  -1.2382734638681614E-011
          11   0.0000000000000000        0.0000000000000000     
   6.4743075475449960E-011  -3.4289965537987143E-012
   6.2504031422182581E-010  -1.3184905253065730E-011
          12   0.0000000000000000        0.0000000000000000     
   6.6770065445481258E-011  -3.0838642615472921E-012
   6.2451828320525820E-010  -1.3822225789792969E-011
          13   0.0000000000000000        0.0000000000000000     
   6.8410455333939493E-011  -2.8439396206553379E-012
   6.2472180435920114E-010  -1.4357705352586340E-011
          14   0.0000000000000000        0.0000000000000000     
   6.9775782158250881E-011  -2.6749372918907118E-012
   6.2552079079657496E-010  -1.4829604206148172E-011
          15   0.0000000000000000        0.0000000000000000     
   7.0942244128828488E-011  -2.5553063303575166E-012
   6.2682683331039236E-010  -1.5262153741005204E-011
          16   0.0000000000000000        0.0000000000000000     
   7.1963337504353407E-011  -2.4710458476068232E-012
   6.2857865346167590E-010  -1.5671294450245296E-011
          17   0.0000000000000000        0.0000000000000000     
   7.2877536507499511E-011  -2.4127988733014873E-012
   6.3073322240359281E-010  -1.6067891496728889E-011
          18   0.0000000000000000        0.0000000000000000     
   7.3713115920055099E-011  -2.3741576969617752E-012
   6.3326015943839878E-010  -1.6459609696194570E-011
          19   0.0000000000000000        0.0000000000000000     
   7.4491267752492492E-011  -2.3506411056693113E-012
   6.3613809787987762E-010  -1.6852045538616135E-011
          20   0.0000000000000000        0.0000000000000000     
   7.5228167411169927E-011  -2.3390582067931926E-012
   6.3935226872389570E-010  -1.7249432141430081E-011
          21   0.0000000000000000        0.0000000000000000     
   7.5936374954589031E-011  -2.3371020030990941E-012
   6.4289285971724192E-010  -1.7655090720223348E-011
          22   0.0000000000000000        0.0000000000000000     
   7.6625805068505974E-011  -2.3430835013630573E-012
   6.4675388085193035E-010  -1.8071727296317564E-011
          23   0.0000000000000000        0.0000000000000000     
   7.7304411080228223E-011  -2.3557540270761541E-012
   6.5093236841164009E-010  -1.8501632529262771E-011
          24   0.0000000000000000        0.0000000000000000     
   7.7978675590667241E-011  -2.3741842029659295E-012
   6.5542782027787363E-010  -1.8946819568867377E-011
          25   0.0000000000000000        0.0000000000000000     
   7.8653967950802862E-011  -2.3976801053518428E-012
   6.6024179250031573E-010  -1.9409121493064049E-011
          26   0.0000000000000000        0.0000000000000000     
   7.9334808580087723E-011  -2.4257242869557789E-012
   6.6537761054502438E-010  -1.9890261973057465E-011
          27   0.0000000000000000        0.0000000000000000     
   8.0025067127996102E-011  -2.4579337304403422E-012
   6.7084016375034458E-010  -2.0391907980452394E-011
          28   0.0000000000000000        0.0000000000000000     
   8.0728113043174981E-011  -2.4940295207459747E-012
   6.7663576137716771E-010  -2.0915710351751611E-011
          29   0.0000000000000000        0.0000000000000000     
   8.1446931485295536E-011  -2.5338147558919736E-012
   6.8277203526874465E-010  -2.1463336125013899E-011
          30   0.0000000000000000        0.0000000000000000     
   8.2184213741583061E-011  -2.5771583358788869E-012
   6.8925787860802783E-010  -2.2036495339671458E-011
          31   0.0000000000000000        0.0000000000000000     
   8.2942428710647517E-011  -2.6239830067930330E-012
   6.9610341338335399E-010  -2.2636964191230258E-011
          32   0.0000000000000000        0.0000000000000000     
   8.3723880221505914E-011  -2.6742565299901750E-012
   7.0331998135899687E-010  -2.3266605905559726E-011
          33   0.0000000000000000        0.0000000000000000     
   8.4530753699597018E-011  -2.7279851810983669E-012
   7.1092015491146162E-010  -2.3927390346611425E-011
          34   0.0000000000000000        0.0000000000000000     
   8.5365154786254358E-011  -2.7852090137947516E-012
   7.1891776526001462E-010  -2.4621413139636931E-011
          35   0.0000000000000000        0.0000000000000000     
   8.6229141883607072E-011  -2.8459984843693489E-012
   7.2732794646944961E-010  -2.5350914938840476E-011
          36   0.0000000000000000        0.0000000000000000     
   8.7124754128647404E-011  -2.9104521469691485E-012
   7.3616719428353500E-010  -2.6118301372269072E-011
          37   0.0000000000000000        0.0000000000000000     
   8.8054035964062633E-011  -2.9786952113417519E-012
   7.4545343937204084E-010  -2.6926164139688895E-011
          38   0.0000000000000000        0.0000000000000000     
   8.9019059222068733E-011  -3.0508788148764428E-012
   7.5520613503057970E-010  -2.7777303712698096E-011
          39   0.0000000000000000        0.0000000000000000     
   9.0021943462865837E-011  -3.1271799051609765E-012
   7.6544635974822235E-010  -2.8674754083314004E-011
          40   0.0000000000000000        0.0000000000000000     
   9.1064875171348057E-011  -3.2078016634305954E-012
   7.7619693542406041E-010  -2.9621810024063332E-011
          41   0.0000000000000000        0.0000000000000000     
   9.2150126324170319E-011  -3.2929744258825189E-012
   7.8748256234839593E-010  -3.0622057357274860E-011
          42   0.0000000000000000        0.0000000000000000     
   9.3280072768589151E-011  -3.3829570814813336E-012
   7.9932997241775074E-010  -3.1679406783520269E-011
          43   0.0000000000000000        0.0000000000000000     
   9.4457212813847258E-011  -3.4780389434713229E-012
   8.1176810240558721E-010  -3.2798131888943855E-011
          44   0.0000000000000000        0.0000000000000000     
   9.5684186405738694E-011  -3.5785421081101600E-012
   8.2482828951181555E-010  -3.3982912041069740E-011
          45   0.0000000000000000        0.0000000000000000     
   9.6963795240937970E-011  -3.6848243299938349E-012
   8.3854449184852319E-010  -3.5238880994151729E-011
          46   0.0000000000000000        0.0000000000000000     
   9.8299024185778217E-011  -3.7972824586804188E-012
   8.5295353701140760E-010  -3.6571682163294821E-011
          47   0.0000000000000000        0.0000000000000000     
   9.9693064370635597E-011  -3.9163564979741293E-012
   8.6809540246418316E-010  -3.7987531695022586E-011
          48   0.0000000000000000        0.0000000000000000     
   1.0114933835934118E-010  -4.0425343670162384E-012
   8.8401353212597633E-010  -3.9493290668412164E-011
          49   0.0000000000000000        0.0000000000000000     
   1.0267152783097607E-010  -4.1763574628030485E-012
   9.0075519433084263E-010  -4.1096548012585446E-011
          50   0.0000000000000000        0.0000000000000000     
   1.0426360426326456E-010  -4.3184271475055328E-012
   9.1837188726030445E-010  -4.2805716035382419E-011
          51   0.0000000000000000        0.0000000000000000     
   1.0592986317218570E-010  -4.4694123120436772E-012
   9.3691979905080947E-010  -4.4630140836267704E-011
          52   0.0000000000000000        0.0000000000000000     
   1.0767496254390231E-010  -4.6300582013922128E-012
   9.5646033110331795E-010  -4.6580230342981975E-011
          53   0.0000000000000000        0.0000000000000000     
   1.0950396620550736E-010  -4.8011967283221632E-012
   9.7706069470835041E-010  -4.8667603287698281E-011
          54   0.0000000000000000        0.0000000000000000     
   1.1142239300105588E-010  -4.9837585532006624E-012
   9.9879459304311537E-010  -5.0905263154222120E-011
          55   0.0000000000000000        0.0000000000000000     
   1.1343627280730448E-010  -5.1787872703357123E-012
   1.0217430029190695E-009  -5.3307802019176495E-011
          56   0.0000000000000000        0.0000000000000000     
   1.1555221061198109E-010  -5.3874561200209845E-012
   1.0459950735454633E-009  -5.5891640328741069E-011
          57   0.0000000000000000        0.0000000000000000     
   1.1777746012440627E-010  -5.6110877441184833E-012
   1.0716491630689880E-009  -5.8675310059204449E-011
          58   0.0000000000000000        0.0000000000000000     
   1.2012000868552748E-010  -5.8511776277796378E-012
   1.0988140379987222E-009  -6.1679790492763726E-011
          59   0.0000000000000000        0.0000000000000000     
   1.2258867561969218E-010  -6.1094220286834607E-012
   1.1276102659905863E-009  -6.4928908109114330E-011
          60   0.0000000000000000        0.0000000000000000     
   1.2519322663276941E-010  -6.3877513982616106E-012
   1.1581718391718696E-009  -6.8449815001239230E-011
          61   0.0000000000000000        0.0000000000000000     
   1.2794450744929532E-010  -6.6883705612749762E-012
   1.1906480735674725E-009  -7.2273563971213173E-011
          62   0.0000000000000000        0.0000000000000000     
   1.3085460061601643E-010  -7.0138072597262643E-012
   1.2252058407834222E-009  -7.6435803326849947E-011
          63   0.0000000000000000        0.0000000000000000     
   1.3393701033335916E-010  -7.3669711107556961E-012
   1.2620322014949986E-009  -8.0977620754046883E-011
          64   0.0000000000000000        0.0000000000000000     
   1.3720688137316644E-010  -7.7512256123977174E-012
   1.3013375274120794E-009  -8.5946574008342618E-011
          65   0.0000000000000000        0.0000000000000000     
   1.4068125966975520E-010  -8.1704766057656151E-012
   1.3433592203618270E-009  -9.1397957268441776E-011
          66   0.0000000000000000        0.0000000000000000     
   1.4437940415686280E-010  -8.6292816387386039E-012
   1.3883661655428602E-009  -9.7396366842852238E-011
          67   0.0000000000000000        0.0000000000000000     
   1.4832316205289064E-010  -9.1329860758666583E-012
   1.4366640967845601E-009  -1.0401765005074442E-010
          68   0.0000000000000000        0.0000000000000000     
   1.5253742285902742E-010  -9.6878936955515648E-012
   1.4886020740257029E-009  -1.1135134773475124E-010
          69   0.0000000000000000        0.0000000000000000     
   1.5705067181330527E-010  -1.0301482159603924E-011
   1.5445804161876725E-009  -1.1950378034356813E-010
          70   0.0000000000000000        0.0000000000000000     
   1.6189566789160510E-010  -1.0982677340180174E-011
   1.6050603875264743E-009  -1.2860197643996866E-010
          71   0.0000000000000000        0.0000000000000000     
   1.6711028117053001E-010  -1.1742205646933108E-011
   1.6705761822269848E-009  -1.3879871904887143E-010
          72   0.0000000000000000        0.0000000000000000     
   1.7273853436883051E-010  -1.2593050751335215E-011
   1.7417498309161552E-009  -1.5027908760166284E-010
          73   0.0000000000000000        0.0000000000000000     
   1.7883190881685255E-010  -1.3551051600133902E-011
   1.8193098953670211E-009  -1.6326902413460043E-010
          74   0.0000000000000000        0.0000000000000000     
   1.8545099604691150E-010  -1.4635693927705093E-011
   1.9041151146523712E-009  -1.7804667179401258E-010
          75   0.0000000000000000        0.0000000000000000     
   1.9266760569860601E-010  -1.5871170189255456E-011
   1.9971845887141857E-009  -1.9495755911796385E-010
          76   0.0000000000000000        0.0000000000000000     
   2.0056748241099414E-010  -1.7287817054715767E-011
   2.0997366867710450E-009  -2.1443519383147947E-010
          77   0.0000000000000000        0.0000000000000000     
   2.0925384488432212E-010  -1.8924092059803130E-011
   2.2132397349680024E-009  -2.3702938148329297E-010
          78   0.0000000000000000        0.0000000000000000     
   2.1885204869997207E-010  -2.0829332958307260E-011
   2.3394788043415107E-009  -2.6344575838166103E-010
          79   0.0000000000000000        0.0000000000000000     
   2.2951580551854084E-010  -2.3067674003942390E-011
   2.4806447975803074E-009  -2.9460190070870439E-010
          80   0.0000000000000000        0.0000000000000000     
   2.4143558835902902E-010  -2.5723706540314686E-011
   2.6394548568238603E-009  -3.3170842566982465E-010
          81   0.0000000000000000        0.0000000000000000     
   2.5485015358077652E-010  -2.8910827640056948E-011
   2.8193174262578925E-009  -3.7638860643072966E-010
          82   0.0000000000000000        0.0000000000000000     
   2.7006257648438061E-010  -3.2783832796938047E-011
   3.0245619842579708E-009  -4.3085879498075762E-010
          83   0.0000000000000000        0.0000000000000000     
   2.8746292980087993E-010  -3.7558392808938152E-011
   3.2607639528500167E-009  -4.9820748032992266E-010
          84   0.0000000000000000        0.0000000000000000     
   3.0756089639885943E-010  -4.3542040078090374E-011
   3.5352119420521406E-009  -5.8283925140542907E-010
          85   0.0000000000000000        0.0000000000000000     
   3.3103345645483325E-010  -5.1185062564390617E-011
   3.8575909775654068E-009  -6.9120399299571497E-010
          86   0.0000000000000000        0.0000000000000000     
   3.5879568850927311E-010  -6.1167180239309756E-011
   4.2409968991923247E-009  -8.3303876648988094E-010
          87   0.0000000000000000        0.0000000000000000     
   3.9210700741490515E-010  -7.4551400572248560E-011
   4.7034584916843911E-009  -1.0235722188930408E-009
          88   0.0000000000000000        0.0000000000000000     
   4.3273026679071844E-010  -9.3070382695247666E-011
   5.2702170476276062E-009  -1.2876275506432376E-009
          89   0.0000000000000000        0.0000000000000000     
   4.8316143996942081E-010  -1.1968912384302393E-010
   5.9770171650842109E-009  -1.6676845755663402E-009
          90   0.0000000000000000        0.0000000000000000     
   5.4691310406073352E-010  -1.5978018653765810E-010
   6.8741684258619242E-009  -2.2407181459119426E-009
          91   0.0000000000000000        0.0000000000000000     
   6.2861999893001111E-010  -2.2374347360160161E-010
   8.0280577825153964E-009  -3.1557337778425017E-009
          92   0.0000000000000000        0.0000000000000000     
   7.3261671541272698E-010  -3.3318390116588355E-010
   9.5007709887345544E-009  -4.7222801502310547E-009
          93   0.0000000000000000        0.0000000000000000     
   8.5289713185824724E-010  -5.3532975236883049E-010
   1.1206233241606102E-008  -7.6170324701843361E-009
          94   0.0000000000000000        0.0000000000000000     
   9.1996701707807262E-010  -9.2404496131336296E-010
   1.2148723653980728E-008  -1.3184852394196932E-008
          95   0.0000000000000000        0.0000000000000000     
   6.2439742388559771E-010  -1.5256767216480175E-009
   7.8947825620529627E-009  -2.1803234770959676E-008
          96   0.0000000000000000        0.0000000000000000     
  -2.7117098715996896E-010  -1.6739065041664864E-009
  -4.9564512296506602E-009  -2.3925294625458093E-008
          97   0.0000000000000000        0.0000000000000000     
  -7.8016508523092601E-010  -1.0927051740729065E-009
  -1.2269573417428076E-008  -1.5596137440281168E-008
          98   0.0000000000000000        0.0000000000000000     
  -7.7027000743117097E-010  -6.2016846273723723E-010
  -1.2148826872149897E-008  -8.8238330118444040E-009
          99   0.0000000000000000        0.0000000000000000     
  -6.4753060439538561E-010  -3.7189778384537450E-010
  -1.0411968598833856E-008  -5.2646930417331430E-009
         100   0.0000000000000000        0.0000000000000000     
  -5.3297051509473967E-010  -2.4160011780086485E-010
  -8.7930279898454600E-009  -3.3957689275571381E-009
         101   0.0000000000000000        0.0000000000000000     
  -4.4206957729524724E-010  -1.6802007222426409E-010
  -7.5138242333914637E-009  -2.3394024297254239E-009
         102   0.0000000000000000        0.0000000000000000     
  -3.7128650159530233E-010  -1.2332223737026593E-010
  -6.5236463094102068E-009  -1.6967703524918504E-009
         103   0.0000000000000000        0.0000000000000000     
  -3.1547438475097701E-010  -9.4468660391723813E-011
  -5.7487790930382269E-009  -1.2810646569930707E-009
         104   0.0000000000000000        0.0000000000000000     
  -2.7059028605358188E-010  -7.4911202549274628E-011
  -5.1313254704078139E-009  -9.9846222655431184E-010
         105   0.0000000000000000        0.0000000000000000     
  -2.3375418521853913E-010  -6.1126360187179100E-011
  -4.6300510440069876E-009  -7.9847652013133718E-010
         106   0.0000000000000000        0.0000000000000000     
  -2.0294310510172189E-010  -5.1100055019780095E-011
  -4.2160014367649745E-009  -6.5224802631751021E-010
         107   0.0000000000000000        0.0000000000000000     
  -1.7672227095871488E-010  -4.3620241876955731E-011
  -3.8686502239098632E-009  -5.4240898984530372E-010
         108   0.0000000000000000        0.0000000000000000     
  -1.5405653752279456E-010  -3.7925025125732664E-011
  -3.5731968758844329E-009  -4.5804182417940878E-010
         109   0.0000000000000000        0.0000000000000000     
  -1.3418476768506541E-010  -3.3517381807678257E-011
  -3.3187665967119946E-009  -3.9202466648288783E-010
         110   0.0000000000000000        0.0000000000000000     
  -1.1653667205615947E-010  -3.0062626855883258E-011
  -3.0972184555397664E-009  -3.3956248743195807E-010
         111   0.0000000000000000        0.0000000000000000     
  -1.0067723644245259E-010  -2.7329149771920140E-011
  -2.9023486953626067E-009  -2.9733823957487455E-010
         112   0.0000000000000000        0.0000000000000000     
  -8.6269015897324595E-011  -2.5152835769702979E-011
  -2.7293499096153483E-009  -2.6300341977087020E-010
         113   0.0000000000000000        0.0000000000000000     
  -7.3046110962945339E-011  -2.3414981219671198E-011
  -2.5744374480306741E-009  -2.3486206120522767E-010
         114   0.0000000000000000        0.0000000000000000     
  -6.0795895102585726E-011  -2.2028174595017575E-011
  -2.4345866913214060E-009  -2.1166896300072415E-010
         115   0.0000000000000000        0.0000000000000000     
  -4.9345970489625869E-011  -2.0927028956931940E-011
  -2.3073450000968578E-009  -1.9249757180502885E-010
         116   0.0000000000000000        0.0000000000000000     
  -3.8554710428956986E-011  -2.0061952481284812E-011
  -2.1906947547608540E-009  -1.7665157196833641E-010
         117   0.0000000000000000        0.0000000000000000     
  -2.8304303579958278E-011  -1.9394868556097818E-011
  -2.0829518652475090E-009  -1.6360464160333173E-010
         118   0.0000000000000000        0.0000000000000000     
  -1.8495572103810515E-011  -1.8896213884196200E-011
  -1.9826892217057285E-009  -1.5295882221789893E-010
         119   0.0000000000000000        0.0000000000000000     
  -9.0440683323304670E-012  -1.8542789408167661E-011
  -1.8886778590333664E-009  -1.4441550296798496E-010
         120   0.0000000000000000        0.0000000000000000     
   1.2289142732763173E-013  -1.8316187969156265E-011
  -1.7998407765299958E-009  -1.3775518865994706E-010
         121   0.0000000000000000        0.0000000000000000     
   9.0684933904815247E-012  -1.8201614562616933E-011
  -1.7152157922280948E-009  -1.3282358225011887E-010
         122   0.0000000000000000        0.0000000000000000     
   1.7848158877760172E-011  -1.8186972433298302E-011
  -1.6339247697926775E-009  -1.2952239642500366E-010
         123   0.0000000000000000        0.0000000000000000     
   2.6510858060880837E-011  -1.8262123983801075E-011
  -1.5551471902865501E-009  -1.2780390793241197E-010
         124   0.0000000000000000        0.0000000000000000     
   3.5100082751276079E-011  -1.8418256997768414E-011
  -1.4780964489424603E-009  -1.2766870110445081E-010
         125   0.0000000000000000        0.0000000000000000     
   4.3654527376973982E-011  -1.8647298170229000E-011
  -1.4019974976494539E-009  -1.2916639114637733E-010
         126   0.0000000000000000        0.0000000000000000     
   5.2208503364142582E-011  -1.8941319447200668E-011
  -1.3260645606700472E-009  -1.3239943038767215E-010
         127   0.0000000000000000        0.0000000000000000     
   6.0792090067436244E-011  -1.9291878673397837E-011
  -1.2494776430364716E-009  -1.3753043180114390E-010
         128   0.0000000000000000        0.0000000000000000     
   6.9431003090580494E-011  -1.9689223537860198E-011
  -1.1713563844193212E-009  -1.4479384962952132E-010
         129   0.0000000000000000        0.0000000000000000     
   7.8146133444946248E-011  -2.0121263933795886E-011
  -1.0907296344811505E-009  -1.5451340372755115E-010
         130   0.0000000000000000        0.0000000000000000     
   8.6952680110766725E-011  -2.0572177379343426E-011
  -1.0064985127704603E-009  -1.6712744214380747E-010
         131   0.0000000000000000        0.0000000000000000     
   9.5858752535281676E-011  -2.1020445237214982E-011
  -9.1739018921900377E-010  -1.8322566134976615E-010
         132   0.0000000000000000        0.0000000000000000     
   1.0486325986945686E-010  -2.1436007402554897E-011
  -8.2189850500118916E-010  -2.0360255763391909E-010
         133   0.0000000000000000        0.0000000000000000     
   1.1395281748165893E-010  -2.1776039558127387E-011
  -7.1820610493045196E-010  -2.2933616891939824E-010
         134   0.0000000000000000        0.0000000000000000     
   1.2309728048547675E-010  -2.1978545211262408E-011
  -6.0408063446165636E-010  -2.6190601599990705E-010
         135   0.0000000000000000        0.0000000000000000     
   1.3224334792426251E-010  -2.1952412230379474E-011
  -4.7673463028323627E-010  -3.0337338516391772E-010
         136   0.0000000000000000        0.0000000000000000     
   1.4130546822401777E-010  -2.1561614394276064E-011
  -3.3263495311308942E-010  -3.5666350072255464E-010
         137   0.0000000000000000        0.0000000000000000     
   1.5015305272398701E-010  -2.0599455018960806E-011
  -1.6724361231201940E-010  -4.2601920519440406E-010
         138   0.0000000000000000        0.0000000000000000     
   1.5859294270786206E-010  -1.8745362004808221E-011
   2.5329733398847372E-011  -5.1775272009187931E-010
