   262144.00000000000     
         256           1           3
   1.7567330116226543E-005  -80.975516620684004       -160.04670018210001     
   6.0401400154609997        12.000000000000000        1200.0000000000000     
           0   0.0000000000000000        0.0000000000000000     
   0.0000000000000000        0.0000000000000000     
   0.0000000000000000        0.0000000000000000     
           1   0.0000000000000000        0.0000000000000000     
  -1.0184736903602715E-009  -4.1299325129380804E-009
  -5.5600190501952149E-012   2.4426110644260183E-011
           2   0.0000000000000000        0.0000000000000000     
  -1.0797226681759981E-009  -9.5168341320919200E-010
  -5.0982412784567658E-012   5.8236226963248581E-012
           3   0.0000000000000000        0.0000000000000000     
  -5.9811330135389286E-010  -3.1857050513658343E-010
  -7.8641869786016705E-012   2.1194887487031306E-012
           4   0.0000000000000000        0.0000000000000000     
  -3.6059890286357700E-010  -1.4009234367753187E-010
  -9.2243050766743035E-012   1.0771086625061967E-012
           5   0.0000000000000000        0.0000000000000000     
  -2.3702355894627474E-010  -7.3111806585609651E-011
  -9.9318550869322892E-012   6.8783172751889057E-013
           6   0.0000000000000000        0.0000000000000000     
  -1.6616755639607025E-010  -4.2734003304360597E-011
  -1.0341381718193433E-011   5.1318413190385962E-013
           7   0.0000000000000000        0.0000000000000000     
  -1.2220212120761601E-010  -2.7049222528840250E-011
  -1.0602069581353341E-011   4.2487176159493339E-013
           8   0.0000000000000000        0.0000000000000000     
  -9.3214521998232839E-011  -1.8152939712477164E-011
  -1.0782475589194719E-011   3.7659930127921349E-013
           9   0.0000000000000000        0.0000000000000000     
  -7.3184352181490035E-011  -1.2734047824765125E-011
  -1.0917103830365656E-011   3.4897074942298175E-013
          10   0.0000000000000000        0.0000000000000000     
  -5.8826647492100191E-011  -9.2424736347829932E-012
  -1.1024701207539292E-011   3.3290572794063041E-013
          11   0.0000000000000000        0.0000000000000000     
  -4.8232968648185964E-011  -6.8874571575064708E-012
  -1.1116116869376903E-011   3.2377345944561188E-013
          12   0.0000000000000000        0.0000000000000000     
  -4.0235899863955097E-011  -5.2370370522630417E-012
  -1.1197968875912421E-011   3.1904692290237087E-013
          13   0.0000000000000000        0.0000000000000000     
  -3.4090038012620209E-011  -4.0417128659473109E-012
  -1.1274479842280529E-011   3.1726979700198975E-013
          14   0.0000000000000000        0.0000000000000000     
  -2.9301972279238713E-011  -3.1505288497040459E-012
  -1.1348452387055350E-011   3.1756472369213608E-013
          15   0.0000000000000000        0.0000000000000000     
  -2.5534945313867566E-011  -2.4684952794936990E-012
  -1.1421814403306181E-011   3.1938374127746035E-013
          16   0.0000000000000000        0.0000000000000000     
  -2.2553015916807769E-011  -1.9337899962780649E-012
  -1.1495937379343899E-011   3.2237462791464426E-013
          17   0.0000000000000000        0.0000000000000000     
  -2.0187105764582543E-011  -1.5049788020448812E-012
  -1.1571829346992789E-011   3.2630597421629509E-013
          18   0.0000000000000000        0.0000000000000000     
  -1.8313667394694250E-011  -1.1535632184435268E-012
  -1.1650255753549819E-011   3.3102349725196766E-013
          19   0.0000000000000000        0.0000000000000000     
  -1.6840892001948865E-011  -8.5948257361384003E-013
  -1.1731817430628453E-011   3.3642368928004452E-013
          20   0.0000000000000000        0.0000000000000000     
  -1.5699563325557565E-011  -6.0831569854729749E-013
  -1.1817002234304260E-011   3.4243744658935091E-013
          21   0.0000000000000000        0.0000000000000000     
  -1.4836854527641688E-011  -3.8949255248242480E-013
  -1.1906220087952432E-011   3.4901963500748288E-013
          22   0.0000000000000000        0.0000000000000000     
  -1.4212035724522643E-011  -1.9512344482134445E-013
  -1.1999827312089123E-011   3.5614229155546156E-013
          23   0.0000000000000000        0.0000000000000000     
  -1.3793449780455114E-011  -1.9215751881335204E-014
  -1.2098143894140387E-011   3.6379011294472103E-013
          24   0.0000000000000000        0.0000000000000000     
  -1.3556346962052169E-011   1.4286057593180617E-013
  -1.2201466021174161E-011   3.7195741771611681E-013
          25   0.0000000000000000        0.0000000000000000     
  -1.3481312033858825E-011   2.9474441101662200E-013
  -1.2310075384812113E-011   3.8064607991316300E-013
          26   0.0000000000000000        0.0000000000000000     
  -1.3553106822561050E-011   4.3934590169636740E-013
  -1.2424246259899316E-011   3.8986411743121462E-013
          27   0.0000000000000000        0.0000000000000000     
  -1.3759808782056653E-011   5.7903490011736737E-013
  -1.2544251033569716E-011   3.9962473126418801E-013
          28   0.0000000000000000        0.0000000000000000     
  -1.4092163443024013E-011   7.1577831359844945E-013
  -1.2670364651031168E-011   4.0994566236435652E-013
          29   0.0000000000000000        0.0000000000000000     
  -1.4543093580277891E-011   8.5124172190058292E-013
  -1.2802868304935037E-011   4.2084877775366630E-013
          30   0.0000000000000000        0.0000000000000000     
  -1.5107324669096332E-011   9.8686568633662777E-013
  -1.2942052602190011E-011   4.3235982668734610E-013
          31   0.0000000000000000        0.0000000000000000     
  -1.5781097755344894E-011   1.1239239429389274E-012
  -1.3088220378765318E-011   4.4450832699872138E-013
          32   0.0000000000000000        0.0000000000000000     
  -1.6561948856970096E-011   1.2635685150827012E-012
  -1.3241689289809457E-011   4.5732755480181691E-013
          33   0.0000000000000000        0.0000000000000000     
  -1.7448539627962746E-011   1.4068653194448052E-012
  -1.3402794272842870E-011   4.7085461974649848E-013
          34   0.0000000000000000        0.0000000000000000     
  -1.8440528083632446E-011   1.5548228397120872E-012
  -1.3571889961192730E-011   4.8513061439452201E-013
          35   0.0000000000000000        0.0000000000000000     
  -1.9538471054737114E-011   1.7084157483729928E-012
  -1.3749353111034723E-011   5.0020083093143136E-013
          36   0.0000000000000000        0.0000000000000000     
  -2.0743752184787446E-011   1.8686048730321833E-012
  -1.3935585096237470E-011   5.1611504194977043E-013
          37   0.0000000000000000        0.0000000000000000     
  -2.2058530846452574E-011   2.0363545624573131E-012
  -1.4131014519333993E-011   5.3292784481196288E-013
          38   0.0000000000000000        0.0000000000000000     
  -2.3485708556915486E-011   2.2126482664374008E-012
  -1.4336099983804367E-011   5.5069907143387811E-013
          39   0.0000000000000000        0.0000000000000000     
  -2.5028910341680003E-011   2.3985029743878767E-012
  -1.4551333071831025E-011   5.6949426738949577E-013
          40   0.0000000000000000        0.0000000000000000     
  -2.6692479222824104E-011   2.5949830384528887E-012
  -1.4777241572243532E-011   5.8938524619420305E-013
          41   0.0000000000000000        0.0000000000000000     
  -2.8481482541441711E-011   2.8032138263279661E-012
  -1.5014393005534925E-011   6.1045072658394516E-013
          42   0.0000000000000000        0.0000000000000000     
  -3.0401729290555652E-011   3.0243955971641601E-012
  -1.5263398496409941E-011   6.3277706267198034E-013
          43   0.0000000000000000        0.0000000000000000     
  -3.2459797987395457E-011   3.2598179635458198E-012
  -1.5524917049295757E-011   6.5645907914151913E-013
          44   0.0000000000000000        0.0000000000000000     
  -3.4663074955307352E-011   3.5108752922746192E-012
  -1.5799660288740021E-011   6.8160102618730128E-013
          45   0.0000000000000000        0.0000000000000000     
  -3.7019803184817140E-011   3.7790834003620042E-012
  -1.6088397734509822E-011   7.0831767189731633E-013
          46   0.0000000000000000        0.0000000000000000     
  -3.9539142192536074E-011   4.0660979235068209E-012
  -1.6391962691336921E-011   7.3673555323200903E-013
          47   0.0000000000000000        0.0000000000000000     
  -4.2231239600420735E-011   4.3737347674465236E-012
  -1.6711258844990773E-011   7.6699441090652427E-013
          48   0.0000000000000000        0.0000000000000000     
  -4.5107315428404479E-011   4.7039931031137391E-012
  -1.7047267670855420E-011   7.9924883842998354E-013
          49   0.0000000000000000        0.0000000000000000     
  -4.8179760393655673E-011   5.0590814326570497E-012
  -1.7401056778447934E-011   8.3367018153009588E-013
          50   0.0000000000000000        0.0000000000000000     
  -5.1462249844306924E-011   5.4414473398415925E-012
  -1.7773789336269744E-011   8.7044873147328592E-013
          51   0.0000000000000000        0.0000000000000000     
  -5.4969875335831287E-011   5.8538116479394650E-012
  -1.8166734746374643E-011   9.0979626464158947E-013
          52   0.0000000000000000        0.0000000000000000     
  -5.8719296305446457E-011   6.2992078456355844E-012
  -1.8581280768237035E-011   9.5194899163003991E-013
          53   0.0000000000000000        0.0000000000000000     
  -6.2728914786950366E-011   6.7810278143083370E-012
  -1.9018947328283088E-011   9.9717099254983550E-013
          54   0.0000000000000000        0.0000000000000000     
  -6.7019076762619141E-011   7.3030751058378575E-012
  -1.9481402295780906E-011   1.0457582318827532E-012
          55   0.0000000000000000        0.0000000000000000     
  -7.1612304438023332E-011   7.8696272909286486E-012
  -1.9970479559945387E-011   1.0980432669616239E-012
          56   0.0000000000000000        0.0000000000000000     
  -7.6533564659737849E-011   8.4855092386389459E-012
  -2.0488199809490960E-011   1.1544007901533271E-012
          57   0.0000000000000000        0.0000000000000000     
  -8.1810579755236247E-011   9.1561796172217570E-012
  -2.1036794497118940E-011   1.2152541774977133E-012
          58   0.0000000000000000        0.0000000000000000     
  -8.7474188431095422E-011   9.8878334519866058E-012
  -2.1618733572079932E-011   1.2810832579918407E-012
          59   0.0000000000000000        0.0000000000000000     
  -9.3558766007239093E-011   1.0687524270166734E-011
  -2.2236757688542884E-011   1.3524335704070188E-012
          60   0.0000000000000000        0.0000000000000000     
  -1.0010271534255399E-010   1.1563310253957334E-011
  -2.2893915752913102E-011   1.4299274420717508E-012
          61   0.0000000000000000        0.0000000000000000     
  -1.0714904236531593E-010   1.2524429970819314E-011
  -2.3593608868002888E-011   1.5142773110925231E-012
          62   0.0000000000000000        0.0000000000000000     
  -1.1474603338759296E-010   1.3581514741867909E-011
  -2.4339641977706365E-011   1.6063018264844360E-012
          63   0.0000000000000000        0.0000000000000000     
  -1.2294805549126109E-010   1.4746846657198179E-011
  -2.5136284826791518E-011   1.7069454082607372E-012
          64   0.0000000000000000        0.0000000000000000     
  -1.3181650651873636E-010   1.6034673813120889E-011
  -2.5988344248180055E-011   1.8173021439143658E-012
          65   0.0000000000000000        0.0000000000000000     
  -1.4142094795522801E-010   1.7461597750430399E-011
  -2.6901250300042716E-011   1.9386451555283175E-012
          66   0.0000000000000000        0.0000000000000000     
  -1.5184046269424394E-010   1.9047052626406464E-011
  -2.7881159435048779E-011   2.0724629166422563E-012
          67   0.0000000000000000        0.0000000000000000     
  -1.6316529124986000E-010   2.0813901804154974E-011
  -2.8935078831335351E-011   2.2205044655961562E-012
          68   0.0000000000000000        0.0000000000000000     
  -1.7549881343675074E-010   2.2789185876509707E-011
  -3.0071016533174623E-011   2.3848360807491499E-012
          69   0.0000000000000000        0.0000000000000000     
  -1.8895996661400147E-010   2.5005067760746886E-011
  -3.1298165373973995E-011   2.5679129001598698E-012
          70   0.0000000000000000        0.0000000000000000     
  -2.0368621070761806E-010   2.7500036322110341E-011
  -3.2627127600019824E-011   2.7726701044438661E-012
          71   0.0000000000000000        0.0000000000000000     
  -2.1983719295079810E-010   3.0320452651477687E-011
  -3.4070192849988482E-011   3.0026400600992055E-012
          72   0.0000000000000000        0.0000000000000000     
  -2.3759930924323568E-010   3.3522555004328661E-011
  -3.5641683974225771E-011   3.2621041978246176E-012
          73   0.0000000000000000        0.0000000000000000     
  -2.5719142686396373E-010   3.7175084533504231E-011
  -3.7358390814202060E-011   3.5562919057615362E-012
          74   0.0000000000000000        0.0000000000000000     
  -2.7887212530340364E-010   4.1362761270112544E-011
  -3.9240118961134837E-011   3.8916438140674644E-012
          75   0.0000000000000000        0.0000000000000000     
  -3.0294894164667662E-010   4.6190939628191831E-011
  -4.1310390331837865E-011   4.2761644066018774E-012
          76   0.0000000000000000        0.0000000000000000     
  -3.2979029143353487E-010   5.1791923097866603E-011
  -4.3597346371304610E-011   4.7199002843722834E-012
          77   0.0000000000000000        0.0000000000000000     
  -3.5984100186110192E-010   5.8333648342862686E-011
  -4.6134924831169102E-011   5.2355978648320984E-012
          78   0.0000000000000000        0.0000000000000000     
  -3.9364278274297390E-010   6.6031809083646747E-011
  -4.8964410497526557E-011   5.8396215761909064E-012
          79   0.0000000000000000        0.0000000000000000     
  -4.3186153653397719E-010   7.5167064516211130E-011
  -5.2136503853402042E-011   6.5532571024369854E-012
          80   0.0000000000000000        0.0000000000000000     
  -4.7532427491446600E-010   8.6109913830235968E-011
  -5.5714117256932598E-011   7.4045951789996612E-012
          81   0.0000000000000000        0.0000000000000000     
  -5.2506973199037436E-010   9.9357384635874657E-011
  -5.9776208372816152E-011   8.4313100497048536E-012
          82   0.0000000000000000        0.0000000000000000     
  -5.8241881356889744E-010   1.1558837406011868E-010
  -6.4423115794321539E-011   9.6848504796365220E-012
          83   0.0000000000000000        0.0000000000000000     
  -6.4907424071931572E-010   1.3574924614510691E-010
  -6.9784105546891846E-011   1.1236922059089164E-011
          84   0.0000000000000000        0.0000000000000000     
  -7.2726385318943444E-010   1.6119001382948988E-010
  -7.6028223941117281E-011   1.3189800245797218E-011
          85   0.0000000000000000        0.0000000000000000     
  -8.1995016438909316E-010   1.9388801653817033E-010
  -8.3380167630397020E-011   1.5693269393167562E-011
          86   0.0000000000000000        0.0000000000000000     
  -9.3114150182781874E-010   2.3682886481296698E-010
  -9.2143846683961464E-011   1.8973471509825465E-011
          87   0.0000000000000000        0.0000000000000000     
  -1.0663588936080471E-009   2.9468264271585738E-010
  -1.0273774222201137E-010   2.3384114699953459E-011
          88   0.0000000000000000        0.0000000000000000     
  -1.2333352968345189E-009   3.7506249800929749E-010
  -1.1574785916553125E-010   2.9501785456242095E-011
          89   0.0000000000000000        0.0000000000000000     
  -1.4430250224051433E-009   4.9099769459152553E-010
  -1.3200416996681628E-010   3.8313231403628556E-011
          90   0.0000000000000000        0.0000000000000000     
  -1.7108496265895283E-009   6.6609883948375814E-010
  -1.5267496582021944E-010   5.1606520708448688E-011
          91   0.0000000000000000        0.0000000000000000     
  -2.0571617978081225E-009   9.4607203495328010E-010
  -1.7930198749856991E-010   7.2843001567596006E-011
          92   0.0000000000000000        0.0000000000000000     
  -2.5009941204886646E-009   1.4258703325111152E-009
  -2.1332702236461698E-010   1.0921346460763738E-010
          93   0.0000000000000000        0.0000000000000000     
  -3.0159297570577241E-009   2.3130637651391740E-009
  -2.5275002178661124E-010   1.7643711537267584E-010
          94   0.0000000000000000        0.0000000000000000     
  -3.2965145057654679E-009   4.0201903340656485E-009
  -2.7443963319202427E-010   3.0575525603594476E-010
          95   0.0000000000000000        0.0000000000000000     
  -1.9827570142322808E-009   6.6630453148488005E-009
  -1.7540509279459228E-010   5.0593705193766170E-010
          96   0.0000000000000000        0.0000000000000000     
   1.9685824400238484E-009   7.3130916588271182E-009
   1.2335694230543205E-010   5.5520630969576141E-010
          97   0.0000000000000000        0.0000000000000000     
   4.2214445476372873E-009   4.7571513241485944E-009
   2.9347888234905871E-010   3.6168988984145982E-010
          98   0.0000000000000000        0.0000000000000000     
   4.1943181615111396E-009   2.6787314072523072E-009
   2.9092267328752426E-010   2.0433752153066144E-010
          99   0.0000000000000000        0.0000000000000000     
   3.6718360154921962E-009   1.5859071060863098E-009
   2.5083681900336501E-010   1.2162548662853010E-010
         100   0.0000000000000000        0.0000000000000000     
   3.1859368788667717E-009   1.0115060865475157E-009
   2.1350408121590506E-010   7.8175189174760907E-011
         101   0.0000000000000000        0.0000000000000000     
   2.8046860444441241E-009   6.8630040719473613E-010
   1.8407835630230885E-010   5.3598236929854300E-011
         102   0.0000000000000000        0.0000000000000000     
   2.5125508595358554E-009   4.8794584082296523E-010
   1.6138270171330934E-010   3.8629647751282846E-011
         103   0.0000000000000000        0.0000000000000000     
   2.2869437002373069E-009   3.5913407190038724E-010
   1.4370588657091624E-010   2.8929566385724325E-011
         104   0.0000000000000000        0.0000000000000000     
   2.1101309133858419E-009   2.7107979189950091E-010
   1.2970425214067657E-010   2.2318164027739370E-011
         105   0.0000000000000000        0.0000000000000000     
   1.9694920823893291E-009   2.0829088470434474E-010
   1.1842134656177623E-010   1.7622292609547317E-011
         106   0.0000000000000000        0.0000000000000000     
   1.8561757945378082E-009   1.6190891428889233E-010
   1.0918613028333846E-010   1.4171162205302014E-011
         107   0.0000000000000000        0.0000000000000000     
   1.7639181975683232E-009   1.2660004786297209E-010
   1.0152350999718291E-010   1.1560890178140328E-011
         108   0.0000000000000000        0.0000000000000000     
   1.6882143466058065E-009   9.9008474952567597E-011
   9.5091590334563207E-011   9.5373765310599950E-012
         109   0.0000000000000000        0.0000000000000000     
   1.6257662341263578E-009   7.6942081226796122E-011
   8.9639880048819937E-011   7.9346316632951918E-012
         110   0.0000000000000000        0.0000000000000000     
   1.5741174428733516E-009   5.8921785337456711E-011
   8.4981632844921955E-011   6.6406431120736741E-012
         111   0.0000000000000000        0.0000000000000000     
   1.5314090515782154E-009   4.3921063475027442E-011
   8.0975372857356489E-011   5.5776438485885741E-012
         112   0.0000000000000000        0.0000000000000000     
   1.4962140643721930E-009   3.1209577442665947E-011
   7.7512369481278990E-011   4.6902626973770355E-012
         113   0.0000000000000000        0.0000000000000000     
   1.4674231789186148E-009   2.0256122881385216E-011
   7.4508003551500288E-011   3.9381650398906480E-012
         114   0.0000000000000000        0.0000000000000000     
   1.4441646105973274E-009   1.0666602631692180E-011
   7.1895716942303591E-011   3.2913434087573833E-012
         115   0.0000000000000000        0.0000000000000000     
   1.4257468770830403E-009   2.1433452621846885E-012
   6.9622706433595992E-011   2.7270212856847644E-012
         116   0.0000000000000000        0.0000000000000000     
   1.4116173175279023E-009  -5.5421933378630169E-012
   6.7646816054224937E-011   2.2275662075190837E-012
         117   0.0000000000000000        0.0000000000000000     
   1.4013315645294033E-009  -1.2568117835314524E-011
   6.5934267587487840E-011   1.7790495355595299E-012
         118   0.0000000000000000        0.0000000000000000     
   1.3945307510591923E-009  -1.9075106860136379E-011
   6.4457987877728919E-011   1.3702289216854638E-012
         119   0.0000000000000000        0.0000000000000000     
   1.3909242497244261E-009  -2.5175599400403871E-011
   6.3196369132161480E-011   9.9181140423632957E-013
         120   0.0000000000000000        0.0000000000000000     
   1.3902764098143803E-009  -3.0960338377473588E-011
   6.2132349896602523E-011   6.3590455443565299E-013
         121   0.0000000000000000        0.0000000000000000     
   1.3923962024171513E-009  -3.6503040246596131E-011
   6.1252739256614322E-011   2.9559352217707947E-013
         122   0.0000000000000000        0.0000000000000000     
   1.3971289824117854E-009  -4.1863691405494305E-011
   6.0547731010112143E-011  -3.5399303815425618E-014
         123   0.0000000000000000        0.0000000000000000     
   1.4043497764952203E-009  -4.7090792470211272E-011
   6.0010571869543680E-011  -3.6300372050028211E-013
         124   0.0000000000000000        0.0000000000000000     
   1.4139576388032506E-009  -5.2222744146835838E-011
   5.9637360685417470E-011  -6.9306516519279543E-013
         125   0.0000000000000000        0.0000000000000000     
   1.4258706988461374E-009  -5.7288470226681530E-011
   5.9426965957025410E-011  -1.0316038796804355E-012
         126   0.0000000000000000        0.0000000000000000     
   1.4400215713494345E-009  -6.2307287469282031E-011
   5.9381057778578506E-011  -1.3850910639417337E-012
         127   0.0000000000000000        0.0000000000000000     
   1.4563528097552372E-009  -6.7287944700676466E-011
   5.9504259002716692E-011  -1.7607657100583140E-012
         128   0.0000000000000000        0.0000000000000000     
   1.4748120630437600E-009  -7.2226649455959198E-011
   5.9804428789331245E-011  -2.1670214802404148E-012
         129   0.0000000000000000        0.0000000000000000     
   1.4953465445941902E-009  -7.7103761182029434E-011
   6.0293104788611689E-011  -2.6139032113400192E-012
         130   0.0000000000000000        0.0000000000000000     
   1.5178963119094588E-009  -8.1878626557749742E-011
   6.0986140227826888E-011  -3.1137692745312745E-012
         131   0.0000000000000000        0.0000000000000000     
   1.5423857043866763E-009  -8.6481720579583269E-011
   6.1904594434289871E-011  -3.6822033280317035E-012
         132   0.0000000000000000        0.0000000000000000     
   1.5687120377473045E-009  -9.0802759056912568E-011
   6.3075958624145315E-011  -4.3393032238304576E-012
         133   0.0000000000000000        0.0000000000000000     
   1.5967302967710569E-009  -9.4672630427618502E-011
   6.4535835365890184E-011  -5.1115480829202464E-012
         134   0.0000000000000000        0.0000000000000000     
   1.6262320504664946E-009  -9.7835614484852016E-011
   6.6330240195131637E-011  -6.0345681629230188E-012
         135   0.0000000000000000        0.0000000000000000     
   1.6569160940644180E-009  -9.9905961789172822E-011
   6.8518762593107792E-011  -7.1573560169268536E-012
         136   0.0000000000000000        0.0000000000000000     
   1.6883473927881138E-009  -1.0029863637446557E-010
   7.1178911736377357E-011  -8.5488378956239966E-012
         137   0.0000000000000000        0.0000000000000000     
   1.7198999278415178E-009  -9.8116169479444622E-011
   7.4412067350810273E-011  -1.0308422017704964E-011
         138   0.0000000000000000        0.0000000000000000     
   1.7506787691166136E-009  -9.1958654371336056E-011
   7.8351488031714375E-011  -1.2583461833953645E-011
