   262144.00000000000     
         256           1           3
   1.7567330116226543E-005   51.164887766128999        59.692950296100001     
   6.0401400154609997        12.000000000000000        5733.8999999999996     
           0   0.0000000000000000        0.0000000000000000     
   0.0000000000000000        0.0000000000000000     
   0.0000000000000000        0.0000000000000000     
           1   1.1643964177676070E-009   1.4527538954834869E-010
   1.1571352501752069E-008   8.3457248097491665E-011
  -8.1181761047320821E-009   1.0825328190882983E-010
           2   1.3248323731544000E-009   5.8571880521272611E-010
   1.1667357414740264E-008   3.3895170885160977E-010
  -8.0003998745032220E-009   4.3530820847093948E-010
           3   1.8219547422173477E-009   2.7983496763699807E-010
   1.1961275448315026E-008   1.5943315700853443E-010
  -7.6338086703917740E-009   2.0912056910857998E-010
           4   1.7370925222134858E-009   8.4105669931684435E-011
   1.1917665223115253E-008   4.4105916557393618E-011
  -7.6993928556281653E-009   6.4584292660241652E-011
           5   1.6772679239215973E-009   3.7069305583558481E-011
   1.1890356965924411E-008   1.5427780137318874E-011
  -7.7471702204465030E-009   3.0265656901781146E-011
           6   1.6432884523098602E-009   2.1055017664370600E-011
   1.1879849207735185E-008   4.8082256505218903E-012
  -7.7765330043248253E-009   1.8935551620826239E-011
           7   1.6211350527437733E-009   1.4312714922474321E-011
   1.1878005526678643E-008  -4.3517961711067394E-013
  -7.7978617096171413E-009   1.4469145325050178E-011
           8   1.6045994325387877E-009   1.1169961607155766E-011
   1.1881249352777178E-008  -3.6141910395603386E-012
  -7.8157441991710408E-009   1.2659502695778991E-011
           9   1.5907889514172482E-009   9.6949093661684256E-012
   1.1887944465205581E-008  -5.8607443204882722E-012
  -7.8323075473385892E-009   1.2072280456576019E-011
          10   1.5782036361783770E-009   9.1024217605119034E-012
   1.1897274786983981E-008  -7.6389071438527311E-012
  -7.8486431538751551E-009   1.2122880227730364E-011
          11   1.5659810482639528E-009   9.0326430026164958E-012
   1.1908804998666919E-008  -9.1654704842610099E-012
  -7.8653660735535441E-009   1.2541604588331259E-011
          12   1.5535734792008972E-009   9.3067598997112156E-012
   1.1922293281454549E-008  -1.0552418244514227E-011
  -7.8828537817782301E-009   1.3192538565988949E-011
          13   1.5405968410460566E-009   9.8316676420885697E-012
   1.1937604300006411E-008  -1.1862625384362878E-011
  -7.9013575641353418E-009   1.4002798929913321E-011
          14   1.5267538997236494E-009   1.0558568905816055E-011
   1.1954665710222056E-008  -1.3134143316561574E-011
  -7.9210586771652052E-009   1.4931748419761392E-011
          15   1.5117922232732126E-009   1.1463475789351849E-011
   1.1973445128794048E-008  -1.4391747134771272E-011
  -7.9420986334246241E-009   1.5956427748320119E-011
          16   1.4954793513579325E-009   1.2537459452568780E-011
   1.1993937410492759E-008  -1.5652836004227873E-011
  -7.9645965508143743E-009   1.7064190591719185E-011
          17   1.4775868854841258E-009   1.3781584746371017E-011
   1.2016157447457329E-008  -1.6930645853435481E-011
  -7.9886596847756022E-009   1.8248783126600216E-011
          18   1.4578792935122859E-009   1.5204258584595670E-011
   1.2040136103638884E-008  -1.8236108678323098E-011
  -8.0143902186422126E-009   1.9508177445954281E-011
          19   1.4361051540381889E-009   1.6819912335727124E-011
   1.2065918039653125E-008  -1.9579001163710181E-011
  -8.0418899445199489E-009   2.0843349487473982E-011
          20   1.4119895187210168E-009   1.8648484054205797E-011
   1.2093560758950555E-008  -2.0968711158529299E-011
  -8.0712637472292846E-009   2.2257593926575529E-011
          21   1.3852265515469484E-009   2.0715433097765153E-011
   1.2123134512827246E-008  -2.2414800131045396E-011
  -8.1026224296194586E-009   2.3756162771847039E-011
          22   1.3554718427632109E-009   2.3052159649758342E-011
   1.2154722875277166E-008  -2.3927464914374556E-011
  -8.1360852174221971E-009   2.5346113555214122E-011
          23   1.3223338998171539E-009   2.5696782200466975E-011
   1.2188423904400607E-008  -2.5517964251611130E-011
  -8.1717821739799225E-009   2.7036306482896091E-011
          24   1.2853643391815545E-009   2.8695279087186734E-011
   1.2224351878809627E-008  -2.7199057186792416E-011
  -8.2098566991326426E-009   2.8837520742210853E-011
          25   1.2440462638893426E-009   3.2103042308430669E-011
   1.2262639653440344E-008  -2.8985492944581818E-011
  -8.2504682620411844E-009   3.0762679676772217E-011
          26   1.1977802188732122E-009   3.5986932976644352E-011
   1.2303441730948999E-008  -3.0894591797366442E-011
  -8.2937955145252409E-009   3.2827188757797223E-011
          27   1.1458669653477845E-009   4.0427975469035709E-011
   1.2346938200607403E-008  -3.2946962149483716E-011
  -8.3400399455151881E-009   3.5049402706730910E-011
          28   1.0874860929066669E-009   4.5524889111518926E-011
   1.2393339763983950E-008  -3.5167410789594796E-011
  -8.3894302678386716E-009   3.7451251255157562E-011
          29   1.0216691691089074E-009   5.1398741509056063E-011
   1.2442894154376913E-008  -3.7586122373360177E-011
  -8.4422277782702766E-009   4.0059069115943607E-011
          30   9.4726567170403293E-010   5.8199129911787888E-011
   1.2495894376349930E-008  -4.0240213549323816E-011
  -8.4987330061576861E-009   4.2904697427880005E-011
          31   8.6289929716536378E-010   6.6112476888556470E-011
   1.2552689359235160E-008  -4.3175811638377722E-011
  -8.5592940746473379E-009   4.6026954879596315E-011
          32   7.6691129545110395E-010   7.5373296873621398E-011
   1.2613697858853458E-008  -4.6450875543025085E-011
  -8.6243173570497852E-009   4.9473622515588114E-011
          33   6.5728609475772437E-010   8.6279704420748193E-011
   1.2679426793392664E-008  -5.0139081095189341E-011
  -8.6942812440873108E-009   5.3304155851303177E-011
          34   5.3155241089848645E-010   9.9215082975252300E-011
   1.2750495723735919E-008  -5.4335257070998203E-011
  -8.7697541854281724E-009   5.7593446325935796E-011
          35   3.8664989065448255E-010   1.1467886867893682E-010
   1.2827669985512080E-008  -5.9163120726025649E-011
  -8.8514186964099357E-009   6.2437126868630815E-011
          36   2.1864255129476052E-010   1.3333110039211420E-010
   1.2911929291933986E-008  -6.4786492283611120E-011
  -8.9401035533846759E-009   6.7959198457463701E-011
          37   2.2879895217846025E-011   1.5605822159629473E-010
   1.3004439064780561E-008  -7.1425888496218939E-011
  -9.0368296798170615E-009   7.4323227643139431E-011
          38  -2.0698806539383756E-010   1.8407257716051083E-010
   1.3106779517754259E-008  -7.9383653222864607E-011
  -9.1428713623246494E-009   8.1749181676311387E-011
          39  -4.7914422789518887E-010   2.1906677337090992E-010
   1.3221062503934471E-008  -8.9083005908532443E-011
  -9.2598478020137490E-009   9.0539424794171642E-011
          40  -8.0439151611479036E-010   2.6346039247941176E-010
   1.3349842133438379E-008  -1.0113052856579982E-010
  -9.3898565662771855E-009   1.0112009417836961E-010
          41  -1.1974920790867001E-009   3.2080791242481973E-010
   1.3496879588694606E-008  -1.1641961501163333E-010
  -9.5356758169612502E-009   1.1410927153472377E-010
          42  -1.6788636519330306E-009   3.9650018052862926E-010
   1.3667366835512578E-008  -1.3630852192861176E-010
  -9.7010827423817404E-009   1.3043387750412633E-010
          43  -2.2779286093317655E-009   4.9902756537945348E-010
   1.3868533940075703E-008  -1.6294123904199674E-010
  -9.8913709491080435E-009   1.5153967887260842E-010
          44  -3.0383453720938115E-009   6.4238244789455461E-010
   1.4111431779765477E-008  -1.9985816933328197E-010
  -1.0114233204939542E-008   1.7979001107815135E-010
          45  -4.0271087203299440E-009   8.5094119512062745E-010
   1.4412871616035474E-008  -2.5323760935263367E-010
  -1.0381346698253281E-008   2.1927493786471498E-010
          46  -5.3533883794943057E-009   1.1702280244201019E-009
   1.4800510511593720E-008  -3.3463390740240292E-010
  -1.0711396857451788E-008   2.7759364989842940E-010
          47  -7.2055180738849042E-009   1.6932284177201347E-009
   1.5322228634415637E-008  -4.6767263790323960E-010
  -1.1136303936790036E-008   3.7020909485901395E-010
          48  -9.9351350438555851E-009   2.6340019642055949E-009
   1.6067057937152980E-008  -7.0678311827114243E-010
  -1.1715207057614358E-008   5.3262578258949146E-010
          49  -1.4267503414275698E-008   4.5750203295352624E-009
   1.7218782539768655E-008  -1.2001439569939913E-009
  -1.2568911691400448E-008   8.6129902030542713E-010
          50  -2.1816200589440566E-008   9.5436268189317069E-009
   1.9188385554638342E-008  -2.4636425619204927E-009
  -1.3965735877919080E-008   1.6916636830240232E-009
          51  -3.4756825951281777E-008   2.7570521655142651E-008
   2.2528134656164996E-008  -7.0500320584961050E-009
  -1.6266725665206834E-008   4.6827669801037418E-009
          52  -1.9773437255378792E-009   8.5243702710320688E-008
   1.4229546313517187E-008  -2.1725938107672319E-008
  -1.1020940268088273E-008   1.4231907514700374E-008
          53   4.7408627403218714E-008   3.2611919003019942E-008
   1.7019289173494934E-009  -8.3279490050563868E-009
  -3.0455616666252178E-009   5.5409068817791507E-009
          54   3.4276216774084317E-008   1.0682463799446557E-008
   5.0799348513950498E-009  -2.7427919601107320E-009
  -5.4283370207818067E-009   1.9295650316002768E-009
          55   2.6151099115837105E-008   4.9369617268023997E-009
   7.1776076324741046E-009  -1.2751638759989421E-009
  -7.0055289848990846E-009   9.9743432601721282E-010
          56   2.1572406630055588E-008   2.7654289996710507E-009
   8.3641666272453390E-009  -7.1533949944364078E-010
  -8.0228999286794285E-009   6.5986452651129737E-010
          57   1.8754481069070423E-008   1.7290786796550761E-009
   9.0915448501789879E-009  -4.4203741426897864E-010
  -8.7811837369306365E-009   5.1456789292278492E-010
          58   1.6898279840459816E-008   1.1541586303024215E-009
   9.5592911894934959E-009  -2.8293172732185463E-010
  -9.4194869110210529E-009   4.5156739689002183E-010
          59   1.5621962924558495E-008   7.9903741271944405E-010
   9.8595712030676780E-009  -1.7528356782071572E-010
  -1.0010276038671543E-008   4.3298068544710786E-010
          60   1.4725688108240281E-008   5.5997487206760821E-010
   1.0035987786008694E-008  -9.0829949900811191E-011
  -1.0599239163027488E-008   4.4472422474278622E-010
          61   1.4097821428787150E-008   3.8582882021612044E-010
   1.0106875452382810E-008  -1.3677066603989942E-011
  -1.1222461008629927E-008   4.8303886687284592E-010
          62   1.3674792148059045E-008   2.4786190277266505E-010
   1.0073427271099036E-008   6.8115440339455831E-011
  -1.1915872654049435E-008   5.5064799015026563E-010
          63   1.3422010514453030E-008   1.2696212347278843E-010
   9.9218470571688380E-009   1.6720532938869198E-010
  -1.2723025052225494E-008   6.5686828636150696E-010
          64   1.3327818088961330E-008   6.6361905288114258E-012
   9.6193943151720673E-009   3.0169798912873086E-010
  -1.3704981467623142E-008   8.2105677382613586E-010
          65   1.3402504489280826E-008  -1.3332338435697349E-010
   9.1033175095354378E-009   5.0342852990598777E-010
  -1.4957185141164333E-008   1.0819588974686767E-009
          66   1.3687087009089448E-008  -3.2763322224032336E-010
   8.2560347806116598E-009   8.3754978901750575E-010
  -1.6643500471082836E-008   1.5221092924433023E-009
          67   1.4282402536784299E-008  -6.5389647249325655E-010
   6.8465275051761885E-009   1.4588652591616365E-009
  -1.9073617802540447E-008   2.3393719723298281E-009
          68   1.5421465212866962E-008  -1.3315692750281214E-009
   4.3770302501107072E-009   2.8116162260276821E-009
  -2.2896776375265875E-008   4.1012808819131235E-009
          69   1.7640712281039794E-008  -3.1872096454488441E-009
  -2.6718477145898241E-010   6.5702452863371103E-009
  -2.9553617994265460E-008   8.9422327354379342E-009
          70   2.0972635723671623E-008  -1.0652818153657545E-008
  -7.1935209847318466E-009   2.1700254668764203E-008
  -3.9210696466446388E-008   2.8273298152770667E-008
          71   2.5118411617707833E-009  -2.2861041280023976E-008
   2.9836172951286462E-008   4.6467367434469857E-008
   6.8936152809304695E-009   5.9904881264340928E-008
          72  -3.4632817366526784E-009  -6.2878147660618452E-009
   4.1459257021645437E-008   1.3163132347861298E-008
   2.0468056169533872E-008   1.7756632957839620E-008
          73  -7.8845333200486438E-010  -1.6160378780351681E-009
   3.5274207869100861E-008   4.0825733354634428E-009
   1.1048780306652499E-008   6.5594392448976096E-009
          74  -2.0003925350886253E-010   2.5783797122546877E-010
   3.2674958105905958E-008   1.0338362381279997E-009
   5.5975746485536465E-009   3.3441895652385223E-009
          75  -1.5116541750781079E-009   2.1771420601107329E-009
   3.2643708911864555E-008  -1.1111986868733288E-009
   2.2886337513057010E-009   2.0919898137677838E-009
          76  -5.4243696702712213E-009   6.6370157100091792E-009
   3.5194098372057318E-008  -4.8955125522221634E-009
  -4.7036993295972746E-012   1.6010936580328546E-009
          77  -9.4368315620631343E-009   2.4774798017317682E-008
   3.8164401956659527E-008  -1.9087654359059352E-008
  -1.6897737042928240E-009   1.8868132167722857E-009
          78   3.0385326530152815E-008   3.2943357229282049E-008
   7.5809967764312991E-009  -2.5531956266483767E-008
  -1.4379238343379610E-009   1.9577442040385828E-009
          79   3.1081934031436177E-008   8.7864601082743947E-009
   7.3231010277643061E-009  -7.0291445423732973E-009
  -2.3546571868389189E-009   9.4936925551327104E-010
          80   2.6171430219846731E-008   3.1182535116627908E-009
   1.1530584541699678E-008  -2.7592616887316833E-009
  -3.3178148746794804E-009   6.5089263234988368E-010
          81   2.3800263110524084E-008   1.3180463316550350E-009
   1.3907570458954990E-008  -1.4630742135325936E-009
  -4.0852595980496114E-009   5.2168215814326905E-010
          82   2.2745575497344402E-008   5.2571576802706039E-010
   1.5391199088440509E-008  -9.4242918574239047E-010
  -4.7342459675688474E-009   4.4972725293719248E-010
          83   2.2406249002148706E-008   8.8121578658680350E-011
   1.6447715743040285E-008  -6.9874984948238227E-010
  -5.3103006317401352E-009   4.0602893658225714E-010
          84   2.2518257317796554E-008  -2.0146727720112930E-010
   1.7287444099117079E-008  -5.7707738774016934E-010
  -5.8411991054757874E-009   3.7989669301924598E-010
          85   2.2960993837133767E-008  -4.2573473567557230E-010
   1.8017907807735694E-008  -5.1829099370181071E-010
  -6.3463287351899887E-009   3.6657392010545782E-010
          86   2.3681907324469636E-008  -6.2493669406948145E-010
   1.8699603392350324E-008  -4.9681967631718477E-010
  -6.8410212537438575E-009   3.6390576170255269E-010
          87   2.4666825971821205E-008  -8.2327608328010633E-010
   1.9372333831041008E-008  -5.0104952940499980E-010
  -7.3389166534255025E-009   3.7123698844085914E-010
          88   2.5928100073080257E-008  -1.0394999975027688E-009
   2.0065887102417437E-008  -5.2620347597274080E-010
  -7.8535953550264354E-009   3.8906615088073166E-010
          89   2.7501985362395955E-008  -1.2925744301364824E-009
   2.0807124833527499E-008  -5.7163153325144351E-010
  -8.4000594455771702E-009   4.1907765966289809E-010
          90   2.9452061099653014E-008  -1.6063786522044311E-009
   2.1624494117165562E-008  -6.4003629917160452E-010
  -8.9964639855094953E-009   4.6449704757145990E-010
          91   3.1880205663945526E-008  -2.0158168073533784E-009
   2.2552319000444820E-008  -7.3793072676597082E-010
  -9.6665616500018991E-009   5.3089756358711855E-010
          92   3.4944893775384748E-008  -2.5774329221282841E-009
   2.3636235439084972E-008  -8.7746538901939518E-010
  -1.0443597884169763E-008   6.2783392126195334E-010
          93   3.8898676962667204E-008  -3.3909949609656137E-009
   2.4942940733943743E-008  -1.0806487386815787E-009
  -1.1377117541862207E-008   7.7222072119142075E-010
          94   4.4167357984862683E-008  -4.6488251061130463E-009
   2.6578499498186953E-008  -1.3888600578105782E-009
  -1.2545820847609179E-008   9.9580204911565340E-010
          95   5.1514647013016539E-008  -6.7634494407700549E-009
   2.8719310768754957E-008  -1.8859074582030448E-009
  -1.4083833887144694E-008   1.3633633950675509E-009
          96   6.2425595949571400E-008  -1.0754194441509433E-008
   3.1691274672243163E-008  -2.7610732918331677E-009
  -1.6239443513696802E-008   2.0234100629476643E-009
          97   8.0103362457892792E-008  -1.9700119274798915E-008
   3.6150391983847448E-008  -4.5131117027299670E-009
  -1.9519337384338850E-008   3.3771934570905416E-009
          98   1.1143275277021323E-007  -4.6143660218866614E-008
   4.3563847601928002E-008  -8.7855041412933401E-009
  -2.5048020406298104E-008   6.8073833839169859E-009
          99   1.3983991578144930E-007  -1.5886600931350182E-007
   5.6987797670927127E-008  -2.3281065187684223E-008
  -3.4392489013034482E-008   1.9046431041437420E-008
         100  -9.6496852964304764E-008  -1.9797327255684542E-007
   3.7482440417248323E-008  -8.5085546906813640E-008
  -1.5679974530752099E-008   6.0141861867550119E-008
         101  -9.1895674442794983E-008  -5.6122384600381917E-008
  -2.4080947689890834E-008  -3.7287837712881980E-008
   2.4282993805855629E-008   2.5530196537846619E-008
         102  -5.6978908645790619E-008  -2.2768812980209863E-008
  -1.0403170303695190E-008  -1.2051470217586276E-008
   1.4653011907595794E-008   8.2959274749275902E-009
         103  -3.6955611680149962E-008  -1.2313204035108604E-008
  -1.2252207060200530E-009  -5.6816629157428626E-009
   8.3368255500691625E-009   3.8845813292239910E-009
         104  -2.4387703109162113E-008  -7.9339351566186130E-009
   4.1873590657993201E-009  -3.3573109409949170E-009
   4.6715417191828800E-009   2.2510299709885924E-009
         105  -1.5551085348708197E-008  -5.7731683129240425E-009
   7.7653158185613458E-009  -2.2870526924618174E-009
   2.3112823791379828E-009   1.4857558923317464E-009
         106  -8.7180536683091635E-009  -4.6170592566183357E-009
   1.0379024282537517E-008  -1.7212482348884619E-009
   6.5116680718575546E-010   1.0711324445068709E-009
         107  -2.9889168626413599E-009  -3.9970486553467316E-009
   1.2443874856295076E-008  -1.3971644299025631E-009
  -5.9872064555797226E-010   8.2424708071721413E-010
         108   2.1696890080503263E-009  -3.7097224226735965E-009
   1.4183042818776336E-008  -1.2049941614709051E-009
  -1.5921369353257557E-009   6.6794108369411089E-010
         109   7.1219449972529115E-009  -3.6655293162178814E-009
   1.5727543810777535E-008  -1.0932233943561677E-009
  -2.4182969507622325E-009   5.6546816517938229E-010
         110   1.2162059350434417E-008  -3.8350095404858164E-009
   1.7163169546054527E-008  -1.0361496724115840E-009
  -3.1333510643184096E-009   4.9788709345223776E-010
         111   1.7575430842256957E-008  -4.2313837738724919E-009
   1.8552666232809054E-008  -1.0212606918831131E-009
  -3.7757012813881964E-009   4.5513519186411698E-010
         112   2.3693525394825444E-008  -4.9125803518437774E-009
   1.9948290869286443E-008  -1.0442111224651174E-009
  -4.3743608706219800E-009   4.3226977655972828E-010
         113   3.0958690622141795E-008  -6.0027051330276083E-009
   2.1400392183039084E-008  -1.1075462172754934E-009
  -4.9543449240751521E-009   4.2808671685732898E-010
         114   4.0032789777613946E-008  -7.7485441259276527E-009
   2.2967381938140336E-008  -1.2225459564452954E-009
  -5.5413223822317427E-009   4.4537305194540134E-010
         115   5.2017424937751107E-008  -1.0662020953198887E-008
   2.4731370929234372E-008  -1.4163332021424127E-009
  -6.1676113964659978E-009   4.9342381670393899E-010
         116   6.8916321655693412E-008  -1.5917095380457375E-008
   2.6820091730264956E-008  -1.7530942402280190E-009
  -6.8830788863152752E-009   5.9620593711765055E-010
         117   9.4786357157243471E-008  -2.6661061391868126E-008
   2.9477924541477528E-008  -2.4050077534292384E-009
  -7.7801615976984173E-009   8.2013210501948177E-010
         118   1.3860872543709304E-007  -5.3571758917353974E-008
   3.3217155339700101E-008  -3.9531018977388796E-009
  -9.0556599948165332E-009   1.3923864137634269E-009
         119   2.1476138704057433E-007  -1.4778143729194345E-007
   3.8844840723838381E-008  -9.1690033910131876E-009
  -1.1021006203348457E-008   3.4024612178755242E-009
         120   8.6075313913891870E-008  -4.9159038369896453E-007
   3.3577129139532976E-008  -2.7923705724409967E-008
  -8.6274524409062158E-009   1.0735187586170338E-008
         121  -2.7048649491698084E-007  -2.2011975612258306E-007
   1.6211674060148569E-008  -1.3435541313031838E-008
  -1.3895454257194765E-009   4.9611636741594408E-009
         122  -1.9220762787911132E-007  -7.0082019657741513E-008
   2.2679411658504727E-008  -5.5819435495240520E-009
  -3.4356040856063704E-009   1.7799854846042282E-009
         123  -1.3984048865115376E-007  -3.2140754359797260E-008
   2.8158628418278324E-008  -3.8869941797917941E-009
  -4.9552363517400055E-009   9.9416596196935314E-010
         124  -1.0996011117967213E-007  -1.8215597073655083E-008
   3.2983869966547901E-008  -3.6340677658139460E-009
  -6.0317312880278901E-009   7.2927241660763546E-010
         125  -9.1148778925260814E-008  -1.1716716014063376E-008
   3.8007837365758001E-008  -4.0122753344627629E-009
  -6.9229074016178028E-009   6.3616864715408952E-010
         126  -7.8277557506681903E-008  -8.1906368907622756E-009
   4.3890643344605899E-008  -4.9463830479201600E-009
  -7.7601519171949642E-009   6.2819222447383896E-010
         127  -6.8906412318418671E-008  -6.0672454176869251E-009
   5.1440818809305450E-008  -6.7010108076205636E-009
  -8.6318876712890603E-009   6.8895593246621752E-010
         128  -6.1766338008297701E-008  -4.6677132634049734E-009
   6.2014493269447246E-008  -1.0082223740559307E-008
  -9.6315006503036815E-009   8.4452525418751698E-010
         129  -5.6177720538688263E-008  -3.6079264322401817E-009
   7.8374990065176143E-008  -1.7526273042312021E-008
  -1.0908796024323893E-008   1.2035787706290810E-009
         130  -5.1832888226699708E-008  -2.4338098941857552E-009
   1.0653021563374613E-007  -3.8512224601862093E-008
  -1.2761304741814126E-008   2.2055471655623337E-009
         131  -4.8254086243007119E-008   5.6913325116423115E-010
   1.4280036550172277E-007  -1.2466503374010536E-007
  -1.5036246123180880E-008   6.2512309765813531E-009
         132  -3.7344855345013160E-008   3.5961568513288991E-009
  -5.8145620207186153E-008  -2.1852995657803253E-007
  -6.3499849410786230E-009   1.0672778742502280E-008
         133  -3.1941559140254505E-008  -1.5377676138677030E-009
  -8.3007024505199690E-008  -6.3433523812424744E-008
  -5.9416288325421451E-009   3.5439656126341445E-009
         134  -2.8062548365471836E-008  -3.2737857606655713E-009
  -4.5614861931698887E-008  -2.5650984387203398E-008
  -8.5552328693292771E-009   1.9004272212054592E-009
         135  -2.2746036051989300E-008  -4.6830274710275707E-009
  -2.2453608360502339E-008  -1.5109412248441988E-008
  -1.0686200034759320E-008   1.5700620081943914E-009
         136  -1.5335372265493935E-008  -6.8887316047179894E-009
  -5.6627750098430318E-009  -1.2111778666607113E-008
  -1.2776482575402835E-008   1.6624162119568355E-009
         137  -4.2250996672335472E-009  -1.1354487914377691E-008
   1.0065870077425229E-008  -1.3429646417667918E-008
  -1.5192551946198368E-008   2.0694542356297856E-009
         138   1.4280812215847373E-008  -2.2719383525660745E-008
   2.9636418705678847E-008  -2.1861182322498803E-008
  -1.8360948725597736E-008   2.9803390760507115E-009
