   262144.00000000000     
         256           1           3
   1.7567330116226543E-005  -6.2812290861650002       -178.01823173560001     
   6.0401400154609997        12.000000000000000        5733.8999999999996     
           0   0.0000000000000000        0.0000000000000000     
   0.0000000000000000        0.0000000000000000     
   0.0000000000000000        0.0000000000000000     
           1   0.0000000000000000        0.0000000000000000     
   6.2173120608801708E-011  -1.8695614932254667E-012
   1.8951766777063326E-009  -5.5265191266179544E-011
           2   0.0000000000000000        0.0000000000000000     
   6.2159299219620354E-011  -3.6240032946734625E-013
   1.8948230366565304E-009  -1.0761212072089600E-011
           3   0.0000000000000000        0.0000000000000000     
   6.2260667520532304E-011  -3.4938812413929289E-014
   1.8979097532383174E-009  -1.1132917851996329E-012
           4   0.0000000000000000        0.0000000000000000     
   6.2191688307982295E-011   8.6508024103648994E-014
   1.8960009705812305E-009   2.4470654303331721E-012
           5   0.0000000000000000        0.0000000000000000     
   6.2015473510019442E-011   1.5780119459531225E-013
   1.8909623830441112E-009   4.5247445229773582E-012
           6   0.0000000000000000        0.0000000000000000     
   6.1759014963410281E-011   2.1351230511061132E-013
   1.8835927780719045E-009   6.1409744637658448E-012
           7   0.0000000000000000        0.0000000000000000     
   6.1432250766176464E-011   2.6410640354821614E-013
   1.8741873951567522E-009   7.6047095699048845E-012
           8   0.0000000000000000        0.0000000000000000     
   6.1038154268810367E-011   3.1361849028673187E-013
   1.8628360435506772E-009   9.0348990571520936E-012
           9   0.0000000000000000        0.0000000000000000     
   6.0576438213180300E-011   3.6398256141710465E-013
   1.8495325781709819E-009   1.0488388861081449E-011
          10   0.0000000000000000        0.0000000000000000     
   6.0044982181698287E-011   4.1635006009759424E-013
   1.8342171150985920E-009   1.1998871105406536E-011
          11   0.0000000000000000        0.0000000000000000     
   5.9440410407872712E-011   4.7156393395026468E-013
   1.8167931520692470E-009   1.3590883967143672E-011
          12   0.0000000000000000        0.0000000000000000     
   5.8758320642739394E-011   5.3035504094220270E-013
   1.7971343888940778E-009   1.5285606793889242E-011
          13   0.0000000000000000        0.0000000000000000     
   5.7993350329233846E-011   5.9343565161300801E-013
   1.7750867525605332E-009   1.7103613313098741E-011
          14   0.0000000000000000        0.0000000000000000     
   5.7139156997019772E-011   6.6155193773687835E-013
   1.7504679019216977E-009   1.9066411175707080E-011
          15   0.0000000000000000        0.0000000000000000     
   5.6188343941774513E-011   7.3551972467057292E-013
   1.7230651326476479E-009   2.1197484671549883E-011
          16   0.0000000000000000        0.0000000000000000     
   5.5132343918229782E-011   8.1625429221542137E-013
   1.6926320618540888E-009   2.3523158659663721E-011
          17   0.0000000000000000        0.0000000000000000     
   5.3961263857659813E-011   9.0479963268537185E-013
   1.6588841860944816E-009   2.6073442751307313E-011
          18   0.0000000000000000        0.0000000000000000     
   5.2663688980190406E-011   1.0023605109028648E-012
   1.6214932700549515E-009   2.8882953575320320E-011
          19   0.0000000000000000        0.0000000000000000     
   5.1226440178585445E-011   1.1103398504299156E-012
   1.5800803922313485E-009   3.1991988401258563E-011
          20   0.0000000000000000        0.0000000000000000     
   4.9634438516680246E-011   1.2303839673368862E-012
   1.5344345695366196E-009   3.5447816497889327E-011
          21   0.0000000000000000        0.0000000000000000     
   4.7869689962867023E-011   1.3644385004396583E-012
   1.4835936198127452E-009   3.9306308253902784E-011
          22   0.0000000000000000        0.0000000000000000     
   4.5911809109533942E-011   1.5148185386325360E-012
   1.4271942063412791E-009   4.3633907929083049E-011
          23   0.0000000000000000        0.0000000000000000     
   4.3736812787434562E-011   1.6842976986351430E-012
   1.3645472388784055E-009   4.8510211311216328E-011
          24   0.0000000000000000        0.0000000000000000     
   4.1316589235153949E-011   1.8762223592784453E-012
   1.2948451572629548E-009   5.4031233107856068E-011
          25   0.0000000000000000        0.0000000000000000     
   3.8618029719702946E-011   2.0946597068763113E-012
   1.2171370392168583E-009   6.0313648847798576E-011
          26   0.0000000000000000        0.0000000000000000     
   3.5601931922843122E-011   2.3445915893720954E-012
   1.1302971689743373E-009   6.7500348824770926E-011
          27   0.0000000000000000        0.0000000000000000     
   3.2221603325241369E-011   2.6321711517421582E-012
   1.0329850112617016E-009   7.5767790163256570E-011
          28   0.0000000000000000        0.0000000000000000     
   2.8421065405373002E-011   2.9650665772733222E-012
   9.2359374943648142E-010   8.5335843615152467E-011
          29   0.0000000000000000        0.0000000000000000     
   2.4132720639208689E-011   3.3529273620947377E-012
   8.0018343580494540E-010   9.6481149632783769E-011
          30   0.0000000000000000        0.0000000000000000     
   1.9274286845670055E-011   3.8080255637852567E-012
   6.6039315602401881E-010   1.0955548544487038E-010
          31   0.0000000000000000        0.0000000000000000     
   1.3744718160004579E-011   4.3461510605367375E-012
   5.0132416829096642E-010   1.2501140643855042E-010
          32   0.0000000000000000        0.0000000000000000     
   7.4187024975378251E-012   4.9878823317866244E-012
   3.1938227226650824E-010   1.4343864141172908E-010
          33   0.0000000000000000        0.0000000000000000     
   1.3912472627122927E-013   5.7604236486741299E-012
   1.1006191673910214E-010   1.6561670785816099E-010
          34   0.0000000000000000        0.0000000000000000     
  -8.2934327228321354E-012   6.7003158881237704E-012
  -1.3235453652815670E-010   1.9259254442066792E-010
          35   0.0000000000000000        0.0000000000000000     
  -1.8135710652250059E-011   7.8575288300136532E-012
  -4.1549566243244300E-010   2.2579771666920572E-010
          36   0.0000000000000000        0.0000000000000000     
  -2.9722927857817701E-011   9.3018000958628900E-012
  -7.4843234441452598E-010   2.6722988846398024E-010
          37   0.0000000000000000        0.0000000000000000     
  -4.3501580631860386E-011   1.1132745761122855E-011
  -1.1442288445286495E-009   3.1974243015521987E-010
          38   0.0000000000000000        0.0000000000000000     
  -6.0078001701478321E-011   1.3496536459396000E-011
  -1.6202589586064179E-009   3.8752189471454776E-010
          39   0.0000000000000000        0.0000000000000000     
  -8.0295656131314466E-011   1.6614491073726404E-011
  -2.2003749586887095E-009   4.7690679902184380E-010
          40   0.0000000000000000        0.0000000000000000     
  -1.0536154268628819E-010   2.0834384959967947E-011
  -2.9197799833211694E-009   5.9785690131044381E-010
          41   0.0000000000000000        0.0000000000000000     
  -1.3706112330246795E-010   2.6727623097056961E-011
  -3.8293036205342524E-009   7.6673562080108597E-010
          42   0.0000000000000000        0.0000000000000000     
  -1.7814460471605258E-010   3.5285670039791875E-011
  -5.0080697137304925E-009   1.0119348160443140E-009
          43   0.0000000000000000        0.0000000000000000     
  -2.3306303575013902E-010   4.8350309975488400E-011
  -6.5824580310472120E-009   1.3861949252024889E-009
          44   0.0000000000000000        0.0000000000000000     
  -3.0947572949934883E-010   6.9656636043856682E-011
  -8.7729430546133627E-009   1.9964705774949467E-009
          45   0.0000000000000000        0.0000000000000000     
  -4.2162039307582692E-010   1.0771834203280999E-010
  -1.1987265877071995E-008   3.0865489168470712E-009
          46   0.0000000000000000        0.0000000000000000     
  -5.9857144216601062E-010   1.8537296894209338E-010
  -1.7057157459220139E-008   5.3103716256053529E-009
          47   0.0000000000000000        0.0000000000000000     
  -9.0501909950463417E-010   3.8041577979755011E-010
  -2.5835392726880773E-008   1.0895559714994406E-008
          48   0.0000000000000000        0.0000000000000000     
  -1.4419114097097491E-009   1.0676026147598408E-009
  -4.1212410482554621E-008   3.0573007635211465E-008
          49   0.0000000000000000        0.0000000000000000     
  -4.3423905926456607E-010   3.5245897333360338E-009
  -1.2362015957444822E-008   1.0092757608245144E-007
          50   0.0000000000000000        0.0000000000000000     
   2.0367092935419965E-009   1.5267823075724302E-009
   5.8386596465236283E-008   4.3722055680359231E-008
          51   0.0000000000000000        0.0000000000000000     
   1.4859291709166345E-009   4.8444268395401823E-010
   4.2609973164757673E-008   1.3875792463785922E-008
          52   0.0000000000000000        0.0000000000000000     
   1.1266278822666605E-009   2.1886537463317126E-010
   3.2315743301873540E-008   6.2716824887006752E-009
          53   0.0000000000000000        0.0000000000000000     
   9.2631682899241027E-010   1.2051363736388281E-010
   2.6573288672683558E-008   3.4560521892151180E-009
          54   0.0000000000000000        0.0000000000000000     
   8.0482658353388212E-010   7.4061447485531072E-011
   2.3086925075224668E-008   2.1266332505333470E-009
          55   0.0000000000000000        0.0000000000000000     
   7.2624863883589589E-010   4.8387840761080940E-011
   2.0828597813073856E-008   1.3923187892615384E-009
          56   0.0000000000000000        0.0000000000000000     
   6.7354899037558039E-010   3.2510696650779604E-011
   1.9309737380906003E-008   9.3867046961057397E-010
          57   0.0000000000000000        0.0000000000000000     
   6.3787515926924065E-010   2.1778394053712235E-011
   1.8276945881576431E-008   6.3252733501346847E-010
          58   0.0000000000000000        0.0000000000000000     
   6.1429184449017768E-010   1.3939777109168925E-011
   1.7588623629088295E-008   4.0947463552855125E-010
          59   0.0000000000000000        0.0000000000000000     
   5.9992859149604303E-010   7.7819692522544846E-012
   1.7162226127790598E-008   2.3484234428228996E-010
          60   0.0000000000000000        0.0000000000000000     
   5.9310662350062718E-010   2.5835553820794468E-012
   1.6948884422623666E-008   8.8053010391722211E-011
          61   0.0000000000000000        0.0000000000000000     
   5.9290344286517343E-010  -2.1330194597019265E-012
   1.6922324209427224E-008  -4.4459965521393906E-011
          62   0.0000000000000000        0.0000000000000000     
   5.9893426719055272E-010  -6.7276993454909986E-012
   1.7070435350180232E-008  -1.7285459904821765E-010
          63   0.0000000000000000        0.0000000000000000     
   6.1125405348886531E-010  -1.1517876855258497E-011
   1.7393818528987506E-008  -3.0601005378351732E-010
          64   0.0000000000000000        0.0000000000000000     
   6.3034063075742719E-010  -1.6834687857398147E-011
   1.7905238023214947E-008  -4.5310700630096754E-010
          65   0.0000000000000000        0.0000000000000000     
   6.5714953320872606E-010  -2.3080285582220020E-011
   1.8629485716967743E-008  -6.2521493987400875E-010
          66   0.0000000000000000        0.0000000000000000     
   6.9325129921810676E-010  -3.0805157346323886E-011
   1.9609403865501948E-008  -8.3741528584650694E-010
          67   0.0000000000000000        0.0000000000000000     
   7.4109526912140668E-010  -4.0834552532949794E-011
   2.0911074381023992E-008  -1.1122563398633184E-009
          68   0.0000000000000000        0.0000000000000000     
   8.0448601337004940E-010  -5.4501808284520355E-011
   2.2639240982508067E-008  -1.4861178908695328E-009
          69   0.0000000000000000        0.0000000000000000     
   8.8947286224146130E-010  -7.4120969578037569E-011
   2.4957364988445584E-008  -2.0220935317645407E-009
          70   0.0000000000000000        0.0000000000000000     
   1.0060745891360864E-009  -1.0403758460212070E-010
   2.8138383300453131E-008  -2.8386270297487534E-009
          71   0.0000000000000000        0.0000000000000000     
   1.1718915477407128E-009  -1.5323659183447129E-010
   3.2663080513185219E-008  -4.1805764178186691E-009
          72   0.0000000000000000        0.0000000000000000     
   1.4203537746665132E-009  -2.4279717927818062E-010
   3.9441119895838142E-008  -6.6223514672451855E-009
          73   0.0000000000000000        0.0000000000000000     
   1.8212709155824219E-009  -4.3171571304565074E-010
   5.0375176270360843E-008  -1.1771559996254572E-008
          74   0.0000000000000000        0.0000000000000000     
   2.5305890899027193E-009  -9.3428174407940239E-010
   6.9714695865649015E-008  -2.5467367148713992E-008
          75   0.0000000000000000        0.0000000000000000     
   3.6683597118879447E-009  -2.8619339841196107E-009
   1.0073253297210503E-007  -7.7995200287639408E-008
          76   0.0000000000000000        0.0000000000000000     
  -7.1551067420863129E-010  -7.3699309267110552E-009
  -1.8709173253215323E-008  -2.0083452667876137E-007
          77   0.0000000000000000        0.0000000000000000     
  -3.4553375490567203E-009  -2.3589552033530283E-009
  -9.3347037731892963E-008  -6.4293205608138099E-008
          78   0.0000000000000000        0.0000000000000000     
  -2.3403099184657758E-009  -8.1710467144416504E-010
  -6.2942428139009568E-008  -2.2281681109652523E-008
          79   0.0000000000000000        0.0000000000000000     
  -1.6950719020378825E-009  -3.8961674539658148E-010
  -4.5336028670634179E-008  -1.0635491993139827E-008
          80   0.0000000000000000        0.0000000000000000     
  -1.3285040327301506E-009  -2.2131258252458576E-010
  -3.5320397379021302E-008  -6.0520833067799167E-009
          81   0.0000000000000000        0.0000000000000000     
  -1.1019047180635388E-009  -1.3872627725583697E-010
  -2.9114450412350028E-008  -3.8047926031913514E-009
          82   0.0000000000000000        0.0000000000000000     
  -9.5325308813092306E-010  -9.1839403554517314E-011
  -2.5027576435243262E-008  -2.5307776862816048E-009
          83   0.0000000000000000        0.0000000000000000     
  -8.5258806672185897E-010  -6.2188022949447965E-011
  -2.2243380174017494E-008  -1.7270486324386881E-009
          84   0.0000000000000000        0.0000000000000000     
  -7.8414794627542056E-010  -4.1682384819154484E-011
  -2.0331012466730489E-008  -1.1733412968313440E-009
          85   0.0000000000000000        0.0000000000000000     
  -7.3914472547145929E-010  -2.6283353073246677E-011
  -1.9049771927880401E-008  -7.5982418653093326E-010
          86   0.0000000000000000        0.0000000000000000     
  -7.1258190313324438E-010  -1.3728435635957532E-011
  -1.8262324909891569E-008  -4.2516107223901798E-010
          87   0.0000000000000000        0.0000000000000000     
  -7.0175749220320368E-010  -2.5852082634983923E-012
  -1.7892124245706565E-008  -1.3075782293569843E-010
          88   0.0000000000000000        0.0000000000000000     
  -7.0554767929693558E-010   8.2022556026401922E-012
  -1.7906171589568842E-008   1.5153380098848912E-010
          89   0.0000000000000000        0.0000000000000000     
  -7.2411358642119921E-010   1.9575476435689171E-011
  -1.8304640649678319E-008   4.4645297973568191E-010
          90   0.0000000000000000        0.0000000000000000     
  -7.5888709315408188E-010   3.2565279376263205E-011
  -1.9122119283182608E-008   7.8070143519070720E-010
          91   0.0000000000000000        0.0000000000000000     
  -8.1282670676605995E-010   4.8523027598509990E-011
  -2.0431661043830440E-008   1.1889212428839286E-009
          92   0.0000000000000000        0.0000000000000000     
  -8.9102905494213324E-010   6.9480356299113292E-011
  -2.2359729864560960E-008   1.7228844425172852E-009
          93   0.0000000000000000        0.0000000000000000     
  -1.0019398058168620E-009   9.8829199113701112E-011
  -2.5120416408596415E-008   2.4687812412054164E-009
          94   0.0000000000000000        0.0000000000000000     
  -1.1597722281390320E-009   1.4278493849097920E-010
  -2.9073018397697286E-008   3.5843568228587405E-009
          95   0.0000000000000000        0.0000000000000000     
  -1.3895383769997530E-009   2.1393030230034252E-010
  -3.4849952320794865E-008   5.3888209371814537E-009
          96   0.0000000000000000        0.0000000000000000     
  -1.7383818588564960E-009   3.4107563932229071E-010
  -4.3646973241012513E-008   8.6129788947248978E-009
          97   0.0000000000000000        0.0000000000000000     
  -2.3035475052649450E-009   6.0220347240512027E-010
  -5.7929351671655118E-008   1.5234938114744758E-008
          98   0.0000000000000000        0.0000000000000000     
  -3.3023550845561449E-009   1.2667672980144333E-009
  -8.3207294794058176E-008   3.2089818086247336E-008
          99   0.0000000000000000        0.0000000000000000     
  -5.0445486642803947E-009   3.6562045123107529E-009
  -1.2733794624815309E-007   9.2698529022327511E-008
         100   0.0000000000000000        0.0000000000000000     
  -9.3578363078991560E-010   1.1625956816272958E-008
  -2.3041961327089905E-008   2.9486243655875643E-007
         101   0.0000000000000000        0.0000000000000000     
   6.3128828828526782E-009   4.6118006247846145E-009
   1.6091955068796074E-007   1.1692428619912584E-007
         102   0.0000000000000000        0.0000000000000000     
   4.5461212525920949E-009   1.4737256577037482E-009
   1.1619454502537706E-007   3.7308269034860113E-008
         103   0.0000000000000000        0.0000000000000000     
   3.4550347043339757E-009   6.5514217713342168E-010
   8.8629775607308380E-008   1.6526734722832424E-008
         104   0.0000000000000000        0.0000000000000000     
   2.8691809368155559E-009   3.4265583672864131E-010
   7.3907504974336126E-008   8.5768265454548392E-009
         105   0.0000000000000000        0.0000000000000000     
   2.5412014417574446E-009   1.8745154502569698E-010
   6.5762671215619479E-008   4.6065487098128920E-009
         106   0.0000000000000000        0.0000000000000000     
   2.3636630287603774E-009   9.2603550755319248E-011
   6.1488418344977549E-008   2.1509861602649709E-009
         107   0.0000000000000000        0.0000000000000000     
   2.2904266292084175E-009   2.1227487212322985E-011
   5.9940039919651373E-008   2.6296116785014464E-010
         108   0.0000000000000000        0.0000000000000000     
   2.3058725126639706E-009  -4.6949232097411515E-011
   6.0770476471196435E-008  -1.5951525769149701E-009
         109   0.0000000000000000        0.0000000000000000     
   2.4167982189602113E-009  -1.3191018649345985E-010
   6.4239350789401589E-008  -3.9832642985706012E-009
         110   0.0000000000000000        0.0000000000000000     
   2.6590659664214951E-009  -2.7142604764830282E-010
   7.1438981648109092E-008  -7.9999036189841999E-009
         111   0.0000000000000000        0.0000000000000000     
   3.1263495990047863E-009  -5.8020306331964507E-010
   8.5149725766670061E-008  -1.7022477310997552E-008
         112   0.0000000000000000        0.0000000000000000     
   3.9897537082414831E-009  -1.5826619787651282E-009
   1.1042683077134823E-007  -4.6535967754749786E-008
         113   0.0000000000000000        0.0000000000000000     
   3.0861285027079824E-009  -5.4680532001261650E-009
   8.3347826949674193E-008  -1.6121442952941221E-007
         114   0.0000000000000000        0.0000000000000000     
  -1.4977691161392659E-009  -2.8770910552934178E-009
  -5.2651338720351310E-008  -8.4513692559831914E-008
         115   0.0000000000000000        0.0000000000000000     
  -5.2552708605866647E-010  -9.6036839002294323E-010
  -2.4708284061465872E-008  -2.7687867198867080E-008
         116   0.0000000000000000        0.0000000000000000     
   2.5427397024751027E-010  -5.2277235243692617E-010
  -2.7551199006961257E-009  -1.4487075435688413E-008
         117   0.0000000000000000        0.0000000000000000     
   8.2642078006107507E-010  -4.1288651335431258E-010
   1.2628562758114330E-008  -1.0834253633565604E-008
         118   0.0000000000000000        0.0000000000000000     
   1.3650650278406848E-009  -4.3352753607478920E-010
   2.6358275631920475E-008  -1.0788097666087016E-008
         119   0.0000000000000000        0.0000000000000000     
   1.9986208883463360E-009  -5.6846756630327652E-010
   4.1794714120243275E-008  -1.3605684034344441E-008
         120   0.0000000000000000        0.0000000000000000     
   2.8918490328019318E-009  -9.0627858561734257E-010
   6.2914807652318647E-008  -2.1192420913052174E-008
         121   0.0000000000000000        0.0000000000000000     
   4.3619488685130340E-009  -1.8109722173112417E-009
   9.7102902459861752E-008  -4.1851755659645398E-008
         122   0.0000000000000000        0.0000000000000000     
   6.8555837839643114E-009  -5.0975648699437851E-009
   1.5466643463682293E-007  -1.1722638080994938E-007
         123   0.0000000000000000        0.0000000000000000     
   1.3767658964910919E-009  -1.6236471867765371E-008
   2.9112231610312193E-008  -3.7288949423151133E-007
         124   0.0000000000000000        0.0000000000000000     
  -8.9074543678229629E-009  -6.5537272526357418E-009
  -2.0682542812562416E-007  -1.5055303939056281E-007
         125   0.0000000000000000        0.0000000000000000     
  -6.3973613117293445E-009  -2.1077718475145698E-009
  -1.4909763284219980E-007  -4.8446682823845071E-008
         126   0.0000000000000000        0.0000000000000000     
  -4.8220608291159259E-009  -9.5246622382826553E-010
  -1.1287939057953769E-007  -2.1888621309800586E-008
         127   0.0000000000000000        0.0000000000000000     
  -3.9558609964692998E-009  -5.1478262520389192E-010
  -9.2986673512875554E-008  -1.1805977581533548E-008
         128   0.0000000000000000        0.0000000000000000     
  -3.4474811747488416E-009  -3.0179102592965936E-010
  -8.1355446092873542E-008  -6.8796823877952924E-009
         129   0.0000000000000000        0.0000000000000000     
  -3.1410669298157182E-009  -1.7825548862980066E-010
  -7.4413283491915020E-008  -4.0020466659010600E-009
         130   0.0000000000000000        0.0000000000000000     
  -2.9642783010105445E-009  -9.5396316787288168E-011
  -7.0508577780705662E-008  -2.0492480104162424E-009
         131   0.0000000000000000        0.0000000000000000     
  -2.8820683127160458E-009  -3.1510438595909434E-011
  -6.8851232736869768E-008  -5.1720611612345342E-010
         132   0.0000000000000000        0.0000000000000000     
  -2.8787527980727629E-009   2.5361779260164859E-011
  -6.9106085440625547E-008   8.7800493536187139E-010
         133   0.0000000000000000        0.0000000000000000     
  -2.9511709712111114E-009   8.4016680679137417E-011
  -7.1242306454232583E-008   2.3545388924939473E-009
         134   0.0000000000000000        0.0000000000000000     
  -3.1072883440387465E-009   1.5386764498251918E-010
  -7.5509873042639965E-008   4.1588298477542706E-009
         135   0.0000000000000000        0.0000000000000000     
  -3.3691811228355906E-009   2.4932708228399382E-010
  -8.2537998306642736E-008   6.6838361517703315E-009
         136   0.0000000000000000        0.0000000000000000     
  -3.7828811710579637E-009   3.9929290794486078E-010
  -9.3613773135876133E-008   1.0735609293276488E-008
         137   0.0000000000000000        0.0000000000000000     
  -4.4439447812675733E-009   6.7640621120143188E-010
  -1.1141163106689986E-007   1.8365559602293589E-008
         138   0.0000000000000000        0.0000000000000000     
  -5.5626092505826415E-009   1.3176053510697277E-009
  -1.4184541706684245E-007   3.6313721730765642E-008
