   262144.00000000000     
         256           1           3
   1.7567330116226543E-005   7.4134639136039997        32.166201293400000     
   6.0401400154609997        12.000000000000000        5733.8999999999996     
           0   0.0000000000000000        0.0000000000000000     
   0.0000000000000000        0.0000000000000000     
   0.0000000000000000        0.0000000000000000     
           1  -3.8788300096130778E-009   1.4886146617164517E-012
   7.6779860566395189E-010  -2.1591496591746764E-013
  -7.4009947567758831E-008  -2.4379190913940982E-012
           2  -3.8823318628113853E-009   3.3893700973153209E-012
   7.6699840288532307E-010   6.6912504275143817E-013
  -7.4019947074895676E-008   8.4128091275389924E-012
           3  -3.8881823887612948E-009   5.1718748775529805E-012
   7.6568722165952551E-010   1.1762230428198852E-012
  -7.4036349041570667E-008   1.4709610820931339E-011
           4  -3.8964508254394331E-009   6.9635629544661012E-012
   7.6376885075752289E-010   1.6251745261374002E-012
  -7.4060326076961686E-008   2.0315240910174535E-011
           5  -3.9071836554920223E-009   8.7954888712962995E-012
   7.6124999592389675E-010   2.0698417540515139E-012
  -7.4091814248363877E-008   2.5883884185601776E-011
           6  -3.9204496260641318E-009   1.0685635311881186E-011
   7.5812066165161251E-010   2.5251905677233055E-012
  -7.4130957304764685E-008   3.1601040269001809E-011
           7  -3.9363394529688384E-009   1.2650865972551482E-011
   7.5435990807781990E-010   2.9988778486433327E-012
  -7.4178038290974674E-008   3.7564945501899897E-011
           8  -3.9549673412831666E-009   1.4709599547588836E-011
   7.4993831984079664E-010   3.4971722058222474E-012
  -7.4233451220323006E-008   4.3858337819868511E-011
           9  -3.9764741439150329E-009   1.6883061966663724E-011
   7.4481811586418464E-010   4.0265937530659597E-012
  -7.4297701703080355E-008   5.0568658412539800E-011
          10  -4.0010319246600350E-009   1.9196409180422115E-011
   7.3895216136491607E-010   4.5946471261373858E-012
  -7.4371421462028259E-008   5.7797446401803282E-011
          11  -4.0288501202878943E-009   2.1680075317144366E-011
   7.3228223157470258E-010   5.2103838969045174E-012
  -7.4455392733662213E-008   6.5667867933718769E-011
          12  -4.0601837642399054E-009   2.4371557680613865E-011
   7.2473652224685687E-010   5.8850255415751997E-012
  -7.4550582924214347E-008   7.4333255348791667E-011
          13  -4.0953445060550401E-009   2.7317877289949773E-011
   7.1622622470046027E-010   6.6327746292318347E-012
  -7.4658192170013172E-008   8.3988327770983922E-011
          14  -4.1347155314604222E-009   3.0579059189719185E-011
   7.0664083063204594E-010   7.4719436290003887E-012
  -7.4779718506920653E-008   9.4884857220146745E-011
          15  -4.1787720505740028E-009   3.4233168891337698E-011
   6.9584163675908166E-010   8.4265824909240484E-012
  -7.4917048044140724E-008   1.0735428767981930E-010
          16  -4.2281099139569707E-009   3.8383773122004463E-011
   6.8365262400327902E-010   9.5288902005087346E-012
  -7.5072581638340998E-008   1.2184127168036552E-010
          17  -4.2834771367712629E-009   4.3171275074693411E-011
   6.6985547211816169E-010   1.0822883333534682E-011
  -7.5249417605443366E-008   1.3895470979607171E-010
          18  -4.3458702558570952E-009   4.8790628525596882E-011
   6.5413822292698698E-010   1.2370137952254205E-011
  -7.5451611385258932E-008   1.5954764673648683E-010
          19  -4.4165677046855715E-009   5.5519910688549587E-011
   6.3611503845911813E-010   1.4259062293943919E-011
  -7.5684581976035967E-008   1.8484634801912953E-010
          20  -4.4973035686707573E-009   6.3768118671694971E-011
   6.1524974569123991E-010   1.6620426502457573E-011
  -7.5955721223084314E-008   2.1666648229066448E-010
          21  -4.5904625104146732E-009   7.4158551336269071E-011
   5.9079923381859125E-010   1.9654477471226090E-011
  -7.6275379809082164E-008   2.5779063845450392E-010
          22  -4.6994967666978442E-009   8.7681633742093422E-011
   5.6167241744036033E-010   2.3680669144754534E-011
  -7.6658491131451299E-008   3.1266076741357177E-010
          23  -4.8294712026138422E-009   1.0599199257388608E-010
   5.2626177809317164E-010   2.9234379525570560E-011
  -7.7127425162053185E-008   3.8872498249353418E-010
          24  -4.9882546718740227E-009   1.3202876146430639E-010
   4.8204656420575307E-010   3.7268927971662620E-011
  -7.7717205258584676E-008   4.9925079896534073E-010
          25  -5.1888196240439299E-009   1.7143116449548188E-010
   4.2485078064461642E-010   4.9616693267352480E-011
  -7.8485755956082236E-008   6.6974677585660973E-010
          26  -5.4539996819373395E-009   2.3615745282181106E-010
   3.4729501413682395E-010   7.0168114094804190E-011
  -7.9535692098348638E-008   9.5438193335858147E-010
          27  -5.8276795073738186E-009   3.5523660346015167E-010
   2.3515052883046085E-010   1.0837469037160421E-010
  -8.1065011234184498E-008   1.4847711089610452E-009
          28  -6.4030695793080962E-009   6.1406614374910886E-010
   5.8082028098384580E-011   1.9205298477188205E-010
  -8.3495305578809260E-008   2.6482939969975244E-009
          29  -7.3846481377335972E-009   1.3470608923934830E-009
  -2.5033119599695959E-010   4.3015410320641559E-010
  -8.7752584413437461E-008   5.9622770302106804E-009
          30  -8.5760408132387063E-009   4.3834710674000923E-009
  -6.2576825383094986E-010   1.4186817844268675E-009
  -9.2944756907133672E-008   1.9727162974218614E-008
          31  -1.6228382157592002E-009   7.1201963312167573E-009
   1.6533154708820646E-009   2.3094682233228807E-009
  -6.1161201767839961E-008   3.2130589040384853E-008
          32  -1.0844265012783442E-009   2.0525086076718615E-009
   1.8434584500481085E-009   6.5727158603633796E-010
  -5.8462134991231281E-008   9.1179304873555405E-009
          33  -2.3195577846395351E-009   8.3116441631662976E-010
   1.4575059743186886E-009   2.5817835095468758E-010
  -6.3788065204764179E-008   3.5567541152891376E-009
          34  -3.0612439869917586E-009   4.6574905731697498E-010
   1.2339615829052334E-009   1.3781638064165979E-010
  -6.6846513603955929E-008   1.8770196469126531E-009
          35  -3.5524103840980705E-009   3.1898400121402373E-010
   1.0938849302027010E-009   8.8521420527959646E-011
  -6.8737044813181874E-008   1.1865008779334602E-009
          36  -3.9227791876266392E-009   2.5035716269047698E-010
   9.9530351475755410E-010   6.4487993227058958E-011
  -7.0043860520783686E-008   8.4710886200410433E-010
          37  -4.2325912212176982E-009   2.1696317507118853E-010
   9.1887883955537019E-010   5.1719001623171380E-011
  -7.1035187962391334E-008   6.6366403290448965E-010
          38  -4.5135255291341317E-009   2.0269145910731882E-010
   8.5459300772076959E-010   4.4967954446150800E-011
  -7.1849079354940123E-008   5.6271318613779369E-010
          39  -4.7849630274616131E-009   2.0084223364053389E-010
   7.9640963666444391E-010   4.2111425660118452E-011
  -7.2567524546555195E-008   5.1403409908350952E-010
          40  -5.0610632498369148E-009   2.0879701942555481E-010
   7.3987481070460059E-010   4.2508156573527609E-011
  -7.3249276780654831E-008   5.0751667641593313E-010
          41  -5.3542464156774717E-009   2.2622192124938499E-010
   6.8066712408351501E-010   4.6681341657949688E-011
  -7.3949254811394371E-008   5.4808626270562290E-010
          42  -5.6778111901002402E-009   2.5463691502360243E-010
   6.1303487594937360E-010   5.7014939497061574E-011
  -7.4738263098205786E-008   6.6355987899623144E-010
          43  -6.0482739428321130E-009   2.9788062411933110E-010
   5.2681896116244091E-010   8.0988597627063671E-011
  -7.5738952423179565E-008   9.4338490784303397E-010
          44  -6.4890711157342538E-009   3.6401638140137362E-010
   4.0081447484459816E-010   1.4635263151370929E-010
  -7.7206370422354889E-008   1.7215193704788039E-009
          45  -7.0354556170161461E-009   4.7259396975169488E-010
   2.1757767883650444E-010   3.9720338009178168E-010
  -7.9348783989409165E-008   4.7354624452459218E-009
          46  -7.7109072823196685E-009   6.5802330619882925E-010
   7.4904897315507435E-010   1.0017541781149381E-009
  -7.2846389520519823E-008   1.2012659138300306E-008
          47  -8.6605304571436995E-009   9.1002893822561502E-010
   1.0939521964180641E-009   3.4046019547056208E-010
  -6.8566930627995566E-008   4.0046704177135965E-009
          48  -1.0111740897327494E-008   1.4678281512481611E-009
   9.1323534643057370E-010   1.3122005714816267E-010
  -7.0584820084748944E-008   1.4279719769706987E-009
          49  -1.2508230207222915E-008   2.8660770373933617E-009
   7.9817490700565033E-010   6.4206013072883462E-011
  -7.1727276346260160E-008   4.9842864315987889E-010
          50  -1.6639212755238199E-008   7.6913513404458004E-009
   7.2862371137513400E-010  -7.1721661327699800E-012
  -7.2166032481492672E-008  -7.6720352763680672E-010
          51  -1.1049673017259026E-008   2.5963192492563136E-008
   5.2848101308283656E-010  -2.3092678066032862E-010
  -7.4976715776911267E-008  -4.9833858445000327E-009
          52   9.1497756726213496E-009   1.2454089238804041E-008
   1.0735478860347549E-010  -1.2139304776621295E-011
  -8.1652715196386503E-008  -1.2330223122351530E-009
          53   4.8938644308054588E-009   3.9637401949962321E-009
  -7.2033718297190106E-011   2.1799853626893193E-010
  -8.3388755039246257E-008   2.2386038290993893E-009
          54   1.9134179855279962E-009   1.8291202998843546E-009
  -4.1215745189702651E-010   6.7658088979129932E-010
  -8.7151145085244635E-008   7.9395965742380876E-009
          55   1.1354082368340465E-010   9.9078502508210710E-010
   1.9170483285511175E-010   2.2507378781163427E-009
  -7.9615790921522675E-008   2.6989781824172969E-008
          56  -1.1376446031935959E-009   7.0371584421986148E-010
   1.7756291315764901E-009   1.0002765876825434E-009
  -6.0291889743678731E-008   1.1919658775837286E-008
          57  -1.9819954511574513E-009   5.5419170306536307E-010
   1.4030268464747530E-009   3.2846505768756187E-010
  -6.4589702494344736E-008   3.8171325079041918E-009
          58  -2.6569119984033982E-009   4.5965330869884063E-010
   1.1485259378160551E-009   1.5859203089304680E-010
  -6.7460914112474994E-008   1.7633283796410445E-009
          59  -3.2347137360142211E-009   4.0346955912682123E-010
   9.9467668946518272E-010   9.6280536958356790E-011
  -6.9107509455315075E-008   1.0017843830550788E-009
          60  -3.7565944069149742E-009   3.7262143438346169E-010
   8.9034018067436191E-010   6.7181116825330215E-011
  -7.0139981788320755E-008   6.3611349403485284E-010
          61  -4.2506056663357363E-009   3.5992732073902794E-010
   8.1265024479343784E-010   5.1309184381261027E-011
  -7.0827870170991701E-008   4.2503746548351953E-010
          62  -4.7380554157121554E-009   3.6191126499579595E-010
   7.5080302364010749E-010   4.1616669246328057E-011
  -7.1294232204449108E-008   2.8270035781106577E-010
          63  -5.2375461305745521E-009   3.7755090776511807E-010
   6.9928988260601634E-010   3.5091843658341297E-011
  -7.1597066245072801E-008   1.7123120548778456E-010
          64  -5.7676287650392857E-009   4.0783940115252085E-010
   6.5512839932159826E-010   3.0224425748019953E-011
  -7.1760736204910291E-008   6.9900885012033306E-011
          65  -6.3495869603814935E-009   4.5598041757573879E-010
   6.1681753311870263E-010   2.6110924704544978E-011
  -7.1787977898340489E-008  -3.6218837583294855E-011
          66  -7.0106834350315637E-009   5.2831275599519938E-010
   5.8383095579128082E-010   2.2061452280015440E-011
  -7.1662938156328637E-008  -1.6206840811036236E-010
          67  -7.7893055889114000E-009   6.3648423214871898E-010
   5.5652219551927598E-010   1.7352205756202884E-011
  -7.1348001095260794E-008  -3.2773808367215498E-010
          68  -8.7440957039273455E-009   8.0232204783590848E-010
   5.3630245673436146E-010   1.0949205190488568E-011
  -7.0773187033977481E-008  -5.6642576845354051E-010
          69  -9.9716999034277275E-009   1.0694454265984081E-009
   5.2633594199027924E-010   9.9238658238329118E-013
  -6.9812102625945969E-008  -9.4156343377997757E-010
          70  -1.1645774045345017E-008   1.5342804615882769E-009
   5.3299202679418831E-010  -1.6499950940711673E-011
  -6.8227522568981366E-008  -1.5914793434978897E-009
          71  -1.4108967834528772E-008   2.4434487410671424E-009
   5.6956897403183660E-010  -5.1649386716929759E-011
  -6.5539910143359685E-008  -2.8689799630328511E-009
          72  -1.8108981171107770E-008   4.5782810769647074E-009
   6.6577743672546929E-010  -1.3655575298197254E-010
  -6.0690671428174065E-008  -5.8921006918936215E-009
          73  -2.5150920628796896E-008   1.1346526219490332E-008
   8.8198626566451966E-010  -4.1145995717439913E-010
  -5.1539615380537966E-008  -1.5540190096633241E-008
          74  -2.5881557139908863E-008   4.0299020063349748E-008
   8.3368276472920192E-010  -1.5991874557268584E-009
  -5.1502348618343745E-008  -5.6950546689662119E-008
          75   2.1475506008967747E-008   3.1442038679074913E-008
  -1.2047883632497654E-009  -1.2277233141129584E-009
  -1.2044546565324990E-007  -4.4180394912140514E-008
          76   1.5471414259119038E-008   9.2167000338330463E-009
  -1.0553031611471184E-009  -3.0341709474765584E-010
  -1.1307912649949535E-007  -1.2232138546992143E-008
          77   9.1191835725697192E-009   4.0094031284085454E-009
  -9.0394887233011846E-010  -7.7192390617369485E-011
  -1.0539055622098029E-007  -4.6193664021319447E-009
          78   5.4584925872107784E-009   2.2556378141140662E-009
  -8.8243062075114461E-010   1.1388371720046395E-011
  -1.0180014794957894E-007  -1.8892102970528200E-009
          79   3.1131452496367113E-009   1.4865455392462033E-009
  -9.4101526390584004E-010   6.6916454137254552E-011
  -1.0044272391407565E-007  -4.6467383393157080E-010
          80   1.4416398198904921E-009   1.0950505719398605E-009
  -1.0658765379315761E-009   1.1998926907269062E-010
  -1.0057612111776031E-007   6.0262721079853152E-010
          81   1.3967139483923833E-010   8.8274180313875777E-010
  -1.2669595061133480E-009   1.9079006130832444E-010
  -1.0207913735649969E-007   1.7665355625574909E-009
          82  -9.5940381772715611E-010   7.7633820704055262E-010
  -1.5809737784876817E-009   3.1201413165880855E-010
  -1.0532626518756203E-007   3.5516921714660012E-009
          83  -1.9697191442633199E-009   7.6268072351394100E-010
  -2.0968045103112028E-009   5.7376449464737245E-010
  -1.1147299823067078E-007   7.2443868763038036E-009
          84  -3.0016821994710674E-009   9.2168045407583766E-010
  -3.0108426706536042E-009   1.3369628687626806E-009
  -1.2320375560308482E-007   1.7886300929317667E-008
          85  -3.9669714878286594E-009   1.7851441566438708E-009
  -3.8587908153571891E-009   4.5789332399446628E-009
  -1.3401579410552955E-007   6.3022476648342973E-008
          86  -2.8096353180238991E-009   2.1045897039828490E-009
   2.9749388934049329E-009   5.7597824889745635E-009
  -3.7804789397770433E-008   7.9428748785648273E-008
          87  -3.5758375782785688E-009   9.8880678918404567E-010
   2.8131292355082357E-009   1.6321532141459943E-009
  -3.8947113349874229E-008   2.1878456964313006E-008
          88  -4.6129534037734074E-009   7.6040212767742745E-010
   1.7840010814935872E-009   6.7141127929625260E-010
  -5.2063592626331218E-008   8.4024642598331588E-009
          89  -5.5935352989854657E-009   7.3615399609142087E-010
   1.1861411563493250E-009   3.6997241612515994E-010
  -5.9020015301445675E-008   4.0691609663151614E-009
          90  -6.6123393580555229E-009   7.9086460825094030E-010
   8.0340366303526978E-010   2.4359778285901915E-010
  -6.2765890065033210E-008   2.1192966832070293E-009
          91  -7.7474643396455282E-009   9.0767650270322400E-010
   5.2846409219292195E-010   1.8112072345260531E-010
  -6.4708616944553079E-008   9.7815201150117693E-010
          92  -9.0846430393820196E-009   1.1019728843017742E-009
   3.1159508806771491E-010   1.4765619763653193E-010
  -6.5408483038883449E-008   1.1225809687296517E-010
          93  -1.0746625575115100E-008   1.4183524227523785E-009
   1.2671424091999479E-010   1.3003028027361211E-010
  -6.5014011332545971E-008  -7.5313052263930659E-010
          94  -1.2937880355309537E-008   1.9570918272652772E-009
  -4.2360803940978623E-011   1.2326682345494276E-010
  -6.3375532089924069E-008  -1.8790894502660016E-009
          95  -1.6041245613564181E-008   2.9611402802557655E-009
  -2.0858367179722633E-010   1.2724970170408097E-010
  -5.9960323681201428E-008  -3.7250917750504900E-009
          96  -2.0857051369448312E-008   5.1289873660152002E-009
  -3.8743476135270250E-010   1.4894338313578697E-010
  -5.3481921093997986E-008  -7.5061558049949743E-009
          97  -2.9160365879781751E-008   1.1089546015647598E-008
  -6.0459825324657660E-010   2.1998077208075323E-010
  -4.0970350985880588E-008  -1.7716367543736306E-008
          98  -4.1142614121876933E-008   3.4902449432733891E-008
  -8.6334103708892056E-010   5.1416141161057885E-010
  -2.2136333173964984E-008  -5.8323035411450390E-008
          99   1.5553647044700253E-008   7.3719780799984261E-008
  -2.7154966542736779E-010   9.9582920025448585E-010
  -1.2031346810714888E-007  -1.2447788602063790E-007
         100   3.2046993909316468E-008   2.1890083201664174E-008
  -1.7865434276157985E-010   3.5447869659309617E-010
  -1.4999065940401117E-007  -3.6143201305827641E-008
         101   2.0368666963971938E-008   8.1275006843512563E-009
  -4.3835739656769240E-010   1.8638942043934490E-010
  -1.3168392339489937E-007  -1.2661200247840564E-008
         102   1.3584892493499615E-008   4.1562906455214722E-009
  -6.4099625798587450E-010   1.4089418598641913E-010
  -1.2177141850295069E-007  -5.8467084154617070E-009
         103   9.4700865074749723E-009   2.5637325662737435E-009
  -8.1693665435714207E-010   1.2616537794770781E-010
  -1.1648436725185308E-007  -3.0656358472893003E-009
         104   6.6865070157038285E-009   1.7859805473626052E-009
  -9.8422054346726967E-010   1.2302030696050387E-010
  -1.1357158315641852E-007  -1.6490597766083675E-009
         105   4.6278374894629999E-009   1.3586717813735503E-009
  -1.1523794529281922E-009   1.2605581902445316E-010
  -1.1203630707337432E-007  -7.9902350350540188E-010
         106   2.9918950049164187E-009   1.1080204265265054E-009
  -1.3279947176398134E-009   1.3369017405217746E-010
  -1.1141099860313269E-007  -2.0858912116693379E-010
         107   1.6106512085180189E-009   9.5847908795808590E-010
  -1.5169393941977707E-009   1.4591977665130115E-010
  -1.1147479061290084E-007   2.6878417348745461E-010
         108   3.8009037061675592E-010   8.7438197810408690E-010
  -1.7258110611213376E-009   1.6387829222422300E-010
  -1.1214574639973651E-007   7.2439648727185171E-010
         109  -7.7276390565156929E-010   8.3933901453117086E-010
  -1.9635961058043827E-009   1.9018304531637756E-010
  -1.1344713201619399E-007   1.2416407788502976E-009
         110  -1.9078843547268012E-009   8.4909428348681180E-010
  -2.2438862448726567E-009   2.3025126441745506E-010
  -1.1552044433276466E-007   1.9368354179292393E-009
         111  -3.0863664651472826E-009   9.1185459378546209E-010
  -2.5898566429026532E-009   2.9600772241770968E-010
  -1.1869687316515128E-007   3.0345369009342393E-009
         112  -4.3885038788943009E-009   1.0595861967409314E-009
  -3.0456590368306987E-009   4.1752386332856093E-010
  -1.2369363185609176E-007   5.0845492792449242E-009
         113  -5.9499309261312946E-009   1.3980738096047232E-009
  -3.7051057000592507E-009   6.8847458267770507E-010
  -1.3213120965082472E-007   9.7994917071865503E-009
         114  -8.0176445961081056E-009   2.3782556453914491E-009
  -4.7580599060757561E-009   1.5098722181687030E-009
  -1.4737635720542376E-007   2.4544568049418401E-008
         115  -9.5614412575098681E-009   6.3550328284060276E-009
  -5.2371893907764614E-009   4.9912539552205409E-009
  -1.5141402553845635E-007   8.8159236944752013E-008
         116  -4.3561696252433029E-009   5.7987469324248686E-009
   5.1786001149550135E-010   4.3398333579457954E-009
  -3.9639615298295202E-008   7.5345754180693938E-008
         117  -6.8923776433171493E-009   2.8441922801805434E-009
  -4.4460271282976510E-010   1.4436863457357839E-009
  -5.0394554464497647E-008   2.0757603418125842E-008
         118  -1.0107060635297034E-008   2.5881753093328565E-009
  -1.6233613355586221E-009   8.2324686339388938E-010
  -6.3180983255153792E-008   7.4259000224199324E-009
         119  -1.3782554866818130E-008   3.2153390524191156E-009
  -2.5613517072363251E-009   6.9973785780980222E-010
  -6.8381723271791787E-008   1.9122811369088807E-009
         120  -1.8765966847362241E-008   4.8246495331779539E-009
  -3.5037971625657501E-009   7.9200772827848211E-010
  -6.8188623063062395E-008  -2.6085857471791002E-009
         121  -2.6567308900423880E-008   8.7833335844998352E-009
  -4.6804100815529165E-009   1.1667749491680036E-009
  -6.1799363367267017E-008  -1.0046467753626661E-008
         122  -4.0135563469431561E-008   2.1322361336326790E-008
  -6.4268089261776100E-009   2.4230630921755529E-009
  -4.5120380559093552E-008  -3.1421447633576318E-008
         123  -4.4284696765670408E-008   7.5431317133034843E-008
  -7.2685967547037461E-009   7.8360041834130910E-009
  -4.4353081268218028E-008  -1.2259030152571348E-007
         124   4.9887947145105257E-008   6.4818076494887393E-008
   1.6032804332921345E-009   6.8433327505701903E-009
  -2.1008825685696610E-007  -1.0409271282449419E-007
         125   3.9627858920878454E-008   1.8689362230716620E-008
  -1.2919504962639548E-011   2.3635965297158581E-009
  -2.0057593636575059E-007  -2.5095948609681857E-008
         126   2.7089226257420510E-008   7.8938428318854028E-009
  -2.0362619090329512E-009   1.4761461009160857E-009
  -1.8914654499459059E-007  -4.8248241779940679E-009
         127   2.0064970980862295E-008   4.2144234961300627E-009
  -3.8262847106314335E-009   1.4683239151658622E-009
  -1.9053965801112005E-007   5.3954907222290750E-009
         128   1.5879429722043816E-008   2.4192735786413293E-009
  -5.9418843069147236E-009   2.1054638698014952E-009
  -2.0355169491826180E-007   1.7608395249164232E-008
         129   1.3411811964595628E-008   9.2174134275012008E-010
  -9.1082917966937822E-009   4.4209839656224509E-009
  -2.3322473717606575E-007   4.7899970718903970E-008
         130   1.1459445854741375E-008  -2.5087053221458711E-009
  -1.1322245748983301E-008   1.4666157267994904E-008
  -2.5369279568804568E-007   1.7289442312695082E-007
         131   3.6273351048112440E-009  -3.0243960049784560E-009
   8.4017226522758831E-009   1.5502096351953455E-008
  -1.0828584768146705E-008   1.8384250627084458E-007
         132   2.2651714429009126E-009  -2.0393642777945313E-011
   6.7143544451001868E-009   4.5774676534672520E-009
  -2.7257204472815514E-008   5.2598572178967940E-008
         133   1.4725412977706103E-009   6.3554138202458804E-010
   3.5691874838103877E-009   2.0574623297692037E-009
  -6.1949290621488721E-008   2.2626203994069816E-008
         134   3.8813439662073496E-010   8.6427858032624481E-010
   1.6055323244940244E-009   1.2627002649507836E-009
  -8.2901863736234026E-008   1.3418282600349703E-008
         135  -9.0280516477507209E-010   1.0342225029845131E-009
   1.9908192131415497E-010   9.5062267013547861E-010
  -9.7641820518686651E-008   1.0088087528782441E-008
         136  -2.4295011217827371E-009   1.2703056751613261E-009
  -9.6773341002846165E-010   8.3736974632686944E-010
  -1.1014682781700535E-007   9.4126025273424952E-009
         137  -4.3391041003739974E-009   1.7297540243603483E-009
  -2.0729354737662443E-009   8.5633073308642678E-010
  -1.2304276511268859E-007   1.1146531782567748E-008
         138  -6.9733709109725795E-009   2.9308904393918464E-009
  -3.2671221236756223E-009   1.0716783483842864E-009
  -1.3935881694849955E-007   1.8226131711132883E-008
