   262144.00000000000     
         256           1           3
   1.7567330116226543E-005   35.902873699465999        16.020003305100001     
   6.0401400154609997        12.000000000000000        5733.8999999999996     
           0   0.0000000000000000        0.0000000000000000     
   0.0000000000000000        0.0000000000000000     
   0.0000000000000000        0.0000000000000000     
           1   0.0000000000000000        0.0000000000000000     
  -4.6832632646625880E-008   2.2438710788980769E-011
   4.7533199263963374E-009   1.7060794102668775E-012
           2   0.0000000000000000        0.0000000000000000     
  -4.6841804999777023E-008   1.2475341965159954E-011
   4.7534825813205747E-009   1.8967522536868236E-013
           3   0.0000000000000000        0.0000000000000000     
  -4.6858136707635192E-008   1.3863241943930086E-011
   4.7536512729107891E-009  -1.9931798184106667E-013
           4   0.0000000000000000        0.0000000000000000     
  -4.6879032190067532E-008   1.7267588161700383E-011
   4.7540862798023407E-009  -3.8974568088816681E-013
           5   0.0000000000000000        0.0000000000000000     
  -4.6905166211854251E-008   2.1208888221089055E-011
   4.7547235995430917E-009  -5.2938710828832749E-013
           6   0.0000000000000000        0.0000000000000000     
  -4.6936883655368116E-008   2.5370122198815120E-011
   4.7555329548766356E-009  -6.5045343140863882E-013
           7   0.0000000000000000        0.0000000000000000     
  -4.6974386241814994E-008   2.9666521427910426E-011
   4.7564992590854136E-009  -7.6208858548961449E-013
           8   0.0000000000000000        0.0000000000000000     
  -4.7017830951437517E-008   3.4076195990455824E-011
   4.7576128697658159E-009  -8.6721702423477262E-013
           9   0.0000000000000000        0.0000000000000000     
  -4.7067367295699223E-008   3.8598790002008860E-011
   4.7588659320707205E-009  -9.6666200268170701E-013
          10   0.0000000000000000        0.0000000000000000     
  -4.7123153038270832E-008   4.3243086997225774E-011
   4.7602508752998102E-009  -1.0603862097046460E-012
          11   0.0000000000000000        0.0000000000000000     
  -4.7185362161125061E-008   4.8022775457027129E-011
   4.7617596924952362E-009  -1.1479222054786247E-012
          12   0.0000000000000000        0.0000000000000000     
  -4.7254189943844358E-008   5.2954942371569995E-011
   4.7633835207845309E-009  -1.2285330919213183E-012
          13   0.0000000000000000        0.0000000000000000     
  -4.7329857049010873E-008   5.8059626052709133E-011
   4.7651123365206794E-009  -1.3012697178812265E-012
          14   0.0000000000000000        0.0000000000000000     
  -4.7412613449289411E-008   6.3359852167919093E-011
   4.7669346849369365E-009  -1.3649821583498026E-012
          15   0.0000000000000000        0.0000000000000000     
  -4.7502742633384605E-008   6.8881941025447089E-011
   4.7688374043820189E-009  -1.4183071318031833E-012
          16   0.0000000000000000        0.0000000000000000     
  -4.7600566379417263E-008   7.4656011270622757E-011
   4.7708053208386551E-009  -1.4596395498117065E-012
          17   0.0000000000000000        0.0000000000000000     
  -4.7706450338108893E-008   8.0716664928519860E-011
   4.7728208941975720E-009  -1.4870906687523881E-012
          18   0.0000000000000000        0.0000000000000000     
  -4.7820810675170254E-008   8.7103870415444742E-011
   4.7748637985794159E-009  -1.4984324590931873E-012
          19   0.0000000000000000        0.0000000000000000     
  -4.7944122062820809E-008   9.3864082525704225E-011
   4.7769104168523168E-009  -1.4910259829316290E-012
          20   0.0000000000000000        0.0000000000000000     
  -4.8076927376304433E-008   1.0105166020621707E-010
   4.7789332256033025E-009  -1.4617299522716624E-012
          21   0.0000000000000000        0.0000000000000000     
  -4.8219849550281280E-008   1.0873066832065874E-010
   4.7809000404297547E-009  -1.4067838773203941E-012
          22   0.0000000000000000        0.0000000000000000     
  -4.8373606187002468E-008   1.1697718298619407E-010
   4.7827730823685743E-009  -1.3216579596709206E-012
          23   0.0000000000000000        0.0000000000000000     
  -4.8539027951326785E-008   1.2588226646083316E-010
   4.7845248643893289E-009  -1.2008593455327473E-012
          24   0.0000000000000000        0.0000000000000000     
  -4.8717080267504934E-008   1.3555584324089346E-010
   4.7860685274974234E-009  -1.0376760588432615E-012
          25   0.0000000000000000        0.0000000000000000     
  -4.8908893550495838E-008   1.4613180439444875E-010
   4.7873582851894297E-009  -8.2384531184064818E-013
          26   0.0000000000000000        0.0000000000000000     
  -4.9115798810335049E-008   1.5777480769681287E-010
   4.7883188482976287E-009  -5.4910416439811408E-013
          27   0.0000000000000000        0.0000000000000000     
  -4.9339375134629938E-008   1.7068945208642577E-010
   4.7888594009070008E-009  -2.0058577435668471E-013
          28   0.0000000000000000        0.0000000000000000     
  -4.9581511299995082E-008   1.8513282693655325E-010
   4.7888695786316845E-009   2.3800838351133674E-013
          29   0.0000000000000000        0.0000000000000000     
  -4.9844487171613295E-008   2.0143193770356299E-010
   4.7882141408882838E-009   7.8755941131560165E-013
          30   0.0000000000000000        0.0000000000000000     
  -5.0131082751328793E-008   2.2000830572986736E-010
   4.7867258161778210E-009   1.4751574825921471E-012
          31   0.0000000000000000        0.0000000000000000     
  -5.0444726520651252E-008   2.4141333448570962E-010
   4.7841955482442524E-009   2.3364423863324227E-012
          32   0.0000000000000000        0.0000000000000000     
  -5.0789700689698871E-008   2.6638019248299895E-010
   4.7803589748416573E-009   3.4190398740681066E-012
          33   0.0000000000000000        0.0000000000000000     
  -5.1171430593219796E-008   2.9590166326450038E-010
   4.7748773316380425E-009   4.7877213054480539E-012
          34   0.0000000000000000        0.0000000000000000     
  -5.1596901444746078E-008   3.3134995824280919E-010
   4.7673099132491629E-009   6.5323488078216537E-012
          35   0.0000000000000000        0.0000000000000000     
  -5.2075272955672793E-008   3.7466648182633331E-010
   4.7570734107575387E-009   8.7804647747531628E-012
          36   0.0000000000000000        0.0000000000000000     
  -5.2618810587586532E-008   4.2867240992065354E-010
   4.7433802398967667E-009   1.1717903688186563E-011
          37   0.0000000000000000        0.0000000000000000     
  -5.3244342369229689E-008   4.9759659642063447E-010
   4.7251575243023140E-009   1.5623835834391893E-011
          38   0.0000000000000000        0.0000000000000000     
  -5.3975609922345059E-008   5.8801338978393952E-010
   4.7008290207774811E-009   2.0933039408283253E-011
          39   0.0000000000000000        0.0000000000000000     
  -5.4847257241162258E-008   7.1059798156440978E-010
   4.6681436768018714E-009   2.8352463960686249E-011
          40   0.0000000000000000        0.0000000000000000     
  -5.5911885632470579E-008   8.8362488056765995E-010
   4.6236539947014998E-009   3.9093582339011441E-011
          41   0.0000000000000000        0.0000000000000000     
  -5.7253317995772643E-008   1.1404983973057994E-009
   4.5618156321322930E-009   5.5372559191322232E-011
          42   0.0000000000000000        0.0000000000000000     
  -5.9013394575084080E-008   1.5476068341772862E-009
   4.4732585494562622E-009   8.1596156095292575E-011
          43   0.0000000000000000        0.0000000000000000     
  -6.1450692229033560E-008   2.2522916325375530E-009
   4.3408456474849319E-009   1.2754800989820603E-010
          44   0.0000000000000000        0.0000000000000000     
  -6.5081980878077347E-008   3.6352944485800993E-009
   4.1303068601569960E-009   2.1851481547808446E-010
          45   0.0000000000000000        0.0000000000000000     
  -7.1042570510590321E-008   6.9236556246021380E-009
   3.7662658478345379E-009   4.3599787515505391E-010
          46   0.0000000000000000        0.0000000000000000     
  -8.1528968971419555E-008   1.7603549123391583E-008
   3.1030003286046354E-009   1.1444097625875611E-009
          47   0.0000000000000000        0.0000000000000000     
  -7.8499262409579888E-008   6.2392180207946931E-008
   3.3391215208652790E-009   4.1184286773153702E-009
          48   0.0000000000000000        0.0000000000000000     
  -1.2949457929086765E-008   4.1441840698193340E-008
   7.7292092948965138E-009   2.7256858345248175E-009
          49   0.0000000000000000        0.0000000000000000     
  -2.2938757977021932E-008   1.2426973299196504E-008
   7.1034961767511361E-009   7.9718459448914114E-010
          50   0.0000000000000000        0.0000000000000000     
  -3.1753827146955242E-008   5.5246155242357613E-009
   6.5573657037956394E-009   3.3741781979844107E-010
          51   0.0000000000000000        0.0000000000000000     
  -3.6854367430867927E-008   3.1443742411495402E-009
   6.2597869514809811E-009   1.7793546443569081E-010
          52   0.0000000000000000        0.0000000000000000     
  -4.0140075955247119E-008   2.0811570802120665E-009
   6.0847043124638851E-009   1.0582532913320828E-010
          53   0.0000000000000000        0.0000000000000000     
  -4.2481141840452967E-008   1.5263886609743614E-009
   5.9744777545701691E-009   6.7360076578588197E-011
          54   0.0000000000000000        0.0000000000000000     
  -4.4286346940988629E-008   1.2077881467701497E-009
   5.9021430031819783E-009   4.4431426605731255E-011
          55   0.0000000000000000        0.0000000000000000     
  -4.5768569326809931E-008   1.0142312582169954E-009
   5.8537819794152033E-009   2.9630406984911942E-011
          56   0.0000000000000000        0.0000000000000000     
  -4.7049679334050182E-008   8.9398332428206314E-010
   5.8215724115769694E-009   1.9485714109983343E-011
          57   0.0000000000000000        0.0000000000000000     
  -4.8205581981301616E-008   8.2068224673109171E-010
   5.8007719328961088E-009   1.2201616107891443E-011
          58   0.0000000000000000        0.0000000000000000     
  -4.9287548404945917E-008   7.8013898886618220E-010
   5.7883694445532719E-009   6.7775473113911470E-012
          59   0.0000000000000000        0.0000000000000000     
  -5.0333264935660939E-008   7.6464020085663995E-010
   5.7823370804777774E-009   2.6243493789287915E-012
          60   0.0000000000000000        0.0000000000000000     
  -5.1373155091795726E-008   7.7032339089013029E-010
   5.7812489006387445E-009  -6.1805151175241668E-013
          61   0.0000000000000000        0.0000000000000000     
  -5.2434454557811566E-008   7.9597365306625195E-010
   5.7840507880931035E-009  -3.1728277796389200E-012
          62   0.0000000000000000        0.0000000000000000     
  -5.3544295690540405E-008   8.4259214866578409E-010
   5.7899276883154569E-009  -5.1743193131910094E-012
          63   0.0000000000000000        0.0000000000000000     
  -5.4732640670785292E-008   9.1351162611266761E-010
   5.7981906485775244E-009  -6.6921118032925457E-012
          64   0.0000000000000000        0.0000000000000000     
  -5.6035683237202671E-008   1.0150798365894507E-009
   5.8081936351868301E-009  -7.7396147676009473E-012
          65   0.0000000000000000        0.0000000000000000     
  -5.7500598244019363E-008   1.1581790711418542E-009
   5.8193182006087524E-009  -8.2690418925644803E-012
          66   0.0000000000000000        0.0000000000000000     
  -5.9193058771169955E-008   1.3612730994906709E-009
   5.8307628542814330E-009  -8.1486139711478306E-012
          67   0.0000000000000000        0.0000000000000000     
  -6.1210132110059205E-008   1.6566242018207971E-009
   5.8415766688750615E-009  -7.1078403055223199E-012
          68   0.0000000000000000        0.0000000000000000     
  -6.3704298393374100E-008   2.1037918186402475E-009
   5.8502144646729515E-009  -4.6127551009477703E-012
          69   0.0000000000000000        0.0000000000000000     
  -6.6931689475615144E-008   2.8217621459734774E-009
   5.8542827661724950E-009   4.3553061376873977E-013
          70   0.0000000000000000        0.0000000000000000     
  -7.1357869269570906E-008   4.0755066645029481E-009
   5.8494164264520121E-009   1.0516810035700151E-011
          71   0.0000000000000000        0.0000000000000000     
  -7.7912698209059279E-008   6.5518750312128105E-009
   5.8268935605614353E-009   3.2096061143805477E-011
          72   0.0000000000000000        0.0000000000000000     
  -8.8639272252486424E-008   1.2473188550467915E-008
   5.7676152971246215E-009   8.6138851821637380E-011
          73   0.0000000000000000        0.0000000000000000     
  -1.0745052687360580E-007   3.1828599295683116E-008
   5.6345410646980910E-009   2.6695732171730179E-010
          74   0.0000000000000000        0.0000000000000000     
  -1.0035909546460566E-007   1.1254674621186323E-007
   5.7483280819617997E-009   1.0271495867293865E-009
          75   0.0000000000000000        0.0000000000000000     
   1.4902297838722669E-008   7.2328358127077321E-008
   6.8872725509658524E-009   6.4511676797068062E-010
          76   0.0000000000000000        0.0000000000000000     
  -3.2649710837480546E-009   2.1799040746171776E-008
   6.7689489996610772E-009   1.6553945124625483E-010
          77   0.0000000000000000        0.0000000000000000     
  -1.8813884322114988E-008   9.7291240747545987E-009
   6.6789219738804252E-009   4.8952648264408257E-011
          78   0.0000000000000000        0.0000000000000000     
  -2.7810974491943086E-008   5.5441592216344823E-009
   6.6543866824602997E-009   6.5793779182758514E-012
          79   0.0000000000000000        0.0000000000000000     
  -3.3604731134908340E-008   3.6670425808110503E-009
   6.6641628832895222E-009  -1.4300237255733909E-011
          80   0.0000000000000000        0.0000000000000000     
  -3.7726064152455439E-008   2.6840078194582276E-009
   6.6942577213724574E-009  -2.7101373283416441E-011
          81   0.0000000000000000        0.0000000000000000     
  -4.0895568823883145E-008   2.1175309076906775E-009
   6.7384121888260509E-009  -3.6414457649289781E-011
          82   0.0000000000000000        0.0000000000000000     
  -4.3489592079283015E-008   1.7724391479306566E-009
   6.7937260858470504E-009  -4.4186451485004354E-011
          83   0.0000000000000000        0.0000000000000000     
  -4.5724564939388782E-008   1.5579406773812482E-009
   6.8590154527280453E-009  -5.1410437822321127E-011
          84   0.0000000000000000        0.0000000000000000     
  -4.7736429745010012E-008   1.4280343549575712E-009
   6.9340199823896201E-009  -5.8701482048440218E-011
          85   0.0000000000000000        0.0000000000000000     
  -4.9618434362805924E-008   1.3584156799312019E-009
   7.0191799725645823E-009  -6.6534591794438913E-011
          86   0.0000000000000000        0.0000000000000000     
  -5.1441058336026145E-008   1.3366089424628155E-009
   7.1155102258609218E-009  -7.5368788358212806E-011
          87   0.0000000000000000        0.0000000000000000     
  -5.3263844021495383E-008   1.3576096212178094E-009
   7.2247514840271270E-009  -8.5737813307652151E-011
          88   0.0000000000000000        0.0000000000000000     
  -5.5143736143617628E-008   1.4222337012876279E-009
   7.3493364987394941E-009  -9.8347989223274088E-011
          89   0.0000000000000000        0.0000000000000000     
  -5.7142502721553339E-008   1.5372254679946404E-009
   7.4929361543945806E-009  -1.1421960187980577E-010
          90   0.0000000000000000        0.0000000000000000     
  -5.9335354711822231E-008   1.7171442856412183E-009
   7.6607485930076330E-009  -1.3492732658008968E-010
          91   0.0000000000000000        0.0000000000000000     
  -6.1823441843412869E-008   1.9890176193258713E-009
   7.8607023257014689E-009  -1.6305211594904177E-010
          92   0.0000000000000000        0.0000000000000000     
  -6.4754859823527271E-008   2.4025747481415627E-009
   8.1049773926101916E-009  -2.0310368980850288E-010
          93   0.0000000000000000        0.0000000000000000     
  -6.8364184152443241E-008   3.0536037831744344E-009
   8.4135874514680075E-009  -2.6358011756455141E-010
          94   0.0000000000000000        0.0000000000000000     
  -7.3054040197644378E-008   4.1424833827877638E-009
   8.8213511884773487E-009  -3.6209576658056904E-010
          95   0.0000000000000000        0.0000000000000000     
  -7.9580619199927222E-008   6.1423999778174659E-009
   9.3941065018760842E-009  -5.4009257666154864E-010
          96   0.0000000000000000        0.0000000000000000     
  -8.9516243954467073E-008   1.0385139192699646E-008
   1.0269208233578705E-008  -9.1404692474661733E-010
          97   0.0000000000000000        0.0000000000000000     
  -1.0636170839867899E-007   2.1742305164922931E-008
   1.1752276007415712E-008  -1.9098249308778907E-009
          98   0.0000000000000000        0.0000000000000000     
  -1.3241548463015685E-007   6.5649334022418701E-008
   1.4044155379406457E-008  -5.7506626563627474E-009
          99   0.0000000000000000        0.0000000000000000     
  -3.1864730380446735E-008   1.6212584893016662E-007
   5.2756437203684137E-009  -1.4186430318074044E-008
         100   0.0000000000000000        0.0000000000000000     
   2.2292750269020969E-008   5.1405379388103146E-008
   5.6545726754014381E-010  -4.5124220373391676E-009
         101   0.0000000000000000        0.0000000000000000     
  -3.2524883265303214E-009   1.8518330023837863E-008
   2.8272609804958338E-009  -1.6416694373482237E-009
         102   0.0000000000000000        0.0000000000000000     
  -1.8460452432057590E-008   9.3510074021258868E-009
   4.1905054190204710E-009  -8.4447584139003632E-010
         103   0.0000000000000000        0.0000000000000000     
  -2.7680014605351430E-008   5.7528632927285370E-009
   5.0363789769264052E-009  -5.3450454693784506E-010
         104   0.0000000000000000        0.0000000000000000     
  -3.3928189782500923E-008   4.0147166776179234E-009
   5.6289378493485940E-009  -3.8768389359663115E-010
         105   0.0000000000000000        0.0000000000000000     
  -3.8563648585667128E-008   3.0616642402529876E-009
   6.0879644199448018E-009  -3.1022354890237127E-010
         106   0.0000000000000000        0.0000000000000000     
  -4.2254254491694107E-008   2.4969974673012708E-009
   6.4729368016993905E-009  -2.6765728107220642E-010
         107   0.0000000000000000        0.0000000000000000     
  -4.5363848339089430E-008   2.1486051345079777E-009
   6.8171076990284453E-009  -2.4521603165673208E-010
         108   0.0000000000000000        0.0000000000000000     
  -4.8109934639627048E-008   1.9332046660357806E-009
   7.1413331509391291E-009  -2.3599028772907538E-010
         109   0.0000000000000000        0.0000000000000000     
  -5.0634580025371047E-008   1.8077619985599588E-009
   7.4605539247512307E-009  -2.3672879976471225E-010
         110   0.0000000000000000        0.0000000000000000     
  -5.3039718601397581E-008   1.7498285533425197E-009
   7.7868834429231181E-009  -2.4619086275106598E-010
         111   0.0000000000000000        0.0000000000000000     
  -5.5406871488045094E-008   1.7490468478204600E-009
   8.1319260764636353E-009  -2.6452007612325498E-010
         112   0.0000000000000000        0.0000000000000000     
  -5.7809967001205327E-008   1.8037121730707278E-009
   8.5082141408044370E-009  -2.9314140850216979E-010
         113   0.0000000000000000        0.0000000000000000     
  -6.0325913097470737E-008   1.9202864806448434E-009
   8.9311948201612882E-009  -3.3507026414710674E-010
         114   0.0000000000000000        0.0000000000000000     
  -6.3046098072593217E-008   2.1156102397791466E-009
   9.4216014156385247E-009  -3.9576482677467472E-010
         115   0.0000000000000000        0.0000000000000000     
  -6.6092865624443152E-008   2.4231836361210453E-009
   1.0009612917611960E-008  -4.8499125647185644E-010
         116   0.0000000000000000        0.0000000000000000     
  -6.9647674555411228E-008   2.9079123001164828E-009
   1.0742244565450661E-008  -6.2095291360136194E-010
         117   0.0000000000000000        0.0000000000000000     
  -7.4006084135612842E-008   3.7019983358166328E-009
   1.1698247349046125E-008  -8.4018426187011086E-010
         118   0.0000000000000000        0.0000000000000000     
  -7.9697170192787938E-008   5.1023815640277457E-009
   1.3020715647643237E-008  -1.2242998593399432E-009
         119   0.0000000000000000        0.0000000000000000     
  -8.7770686861506224E-008   7.8827541906743852E-009
   1.4995711707466516E-008  -1.9855582601482308E-009
         120   0.0000000000000000        0.0000000000000000     
  -1.0052699694232412E-007   1.4559144811984626E-008
   1.8252101694658750E-008  -3.8138460274511814E-009
         121   0.0000000000000000        0.0000000000000000     
  -1.2231152547703055E-007   3.6513029340331012E-008
   2.3980310128489184E-008  -9.8295388436300579E-009
         122   0.0000000000000000        0.0000000000000000     
  -1.1288598487222677E-007   1.2732007153987900E-007
   2.1147810720524455E-008  -3.4720814573596508E-008
         123   0.0000000000000000        0.0000000000000000     
   1.2174848177451843E-008   7.8980847234365518E-008
  -1.3394091395188418E-008  -2.1463199944766701E-008
         124   0.0000000000000000        0.0000000000000000     
  -9.2716775792778485E-009   2.4397777539746304E-008
  -7.7775697494200517E-009  -6.4928139999843382E-009
         125   0.0000000000000000        0.0000000000000000     
  -2.7214936462980981E-008   1.1320681462108739E-008
  -3.1300404254798303E-009  -2.9005828975447476E-009
         126   0.0000000000000000        0.0000000000000000     
  -3.8019689470241513E-008   6.7845469549218020E-009
  -4.5023166607498844E-010  -1.6488887845074621E-009
         127   0.0000000000000000        0.0000000000000000     
  -4.5362964705157849E-008   4.7664469389627120E-009
   1.2690885031231479E-009  -1.0864658727742146E-009
         128   0.0000000000000000        0.0000000000000000     
  -5.0926585838630268E-008   3.7314364533844953E-009
   2.4872455681908538E-009  -7.9245708187479317E-010
         129   0.0000000000000000        0.0000000000000000     
  -5.5508680288382361E-008   3.1597504769800575E-009
   3.4215516102144643E-009  -6.2432997189364485E-010
         130   0.0000000000000000        0.0000000000000000     
  -5.9532374477556845E-008   2.8392001579899480E-009
   4.1864014018675620E-009  -5.2389647323119858E-010
         131   0.0000000000000000        0.0000000000000000     
  -6.3247502715772756E-008   2.6718715481043563E-009
   4.8487661343231043E-009  -4.6434262903367598E-010
         132   0.0000000000000000        0.0000000000000000     
  -6.6817970477955791E-008   2.6093152900066528E-009
   5.4520367456726451E-009  -4.3250357366427129E-010
         133   0.0000000000000000        0.0000000000000000     
  -7.0363944731678762E-008   2.6275225842274413E-009
   6.0279248425365515E-009  -4.2208051033653316E-010
         134   0.0000000000000000        0.0000000000000000     
  -7.3984734399906593E-008   2.7164429208028577E-009
   6.6029111132709030E-009  -4.3090905116321955E-010
         135   0.0000000000000000        0.0000000000000000     
  -7.7773425289436569E-008   2.8757292821504831E-009
   7.2028338421932373E-009  -4.6006141286083484E-010
         136   0.0000000000000000        0.0000000000000000     
  -8.1828452535018007E-008   3.1138384643105579E-009
   7.8571274852671884E-009  -5.1412671214962806E-010
         137   0.0000000000000000        0.0000000000000000     
  -8.6265842070506555E-008   3.4498621860410304E-009
   8.6040315305382085E-009  -6.0279561755835779E-010
         138   0.0000000000000000        0.0000000000000000     
  -9.1235695536066085E-008   3.9191024342935208E-009
   9.4990477877848617E-009  -7.4474779659445229E-010
