   262144.00000000000     
         256           1           3
   1.7567330116226543E-005  -80.975516620684004       -160.04670018210001     
   6.0401400154609997        12.000000000000000        5733.8999999999996     
           0   0.0000000000000000        0.0000000000000000     
   0.0000000000000000        0.0000000000000000     
   0.0000000000000000        0.0000000000000000     
           1   1.5327610443518874E-009  -3.2696573333706470E-011
  -3.9202943171321728E-009  -9.8231819552417556E-011
   0.0000000000000000        0.0000000000000000     
           2   1.5445914130059222E-009  -1.6750684624881103E-011
  -3.9249562315122640E-009  -1.4520409455559989E-011
   0.0000000000000000        0.0000000000000000     
           3   1.5657852569371462E-009  -1.8002313125640638E-011
  -3.9280005335986751E-009   5.6900980045173337E-012
   0.0000000000000000        0.0000000000000000     
           4   1.5928070934585845E-009  -2.2491619078098176E-011
  -3.9438342208285663E-009   1.4897101040256023E-011
   0.0000000000000000        0.0000000000000000     
           5   1.6270142152843210E-009  -2.8080469225489694E-011
  -3.9691380380244720E-009   2.1501323918913390E-011
   0.0000000000000000        0.0000000000000000     
           6   1.6693838038673788E-009  -3.4387323972229624E-011
  -4.0026128751224324E-009   2.7399153287709210E-011
   0.0000000000000000        0.0000000000000000     
           7   1.7208169701737501E-009  -4.1396820871614106E-011
  -4.0439296823402941E-009   3.3193184543398442E-011
   0.0000000000000000        0.0000000000000000     
           8   1.7823138093373537E-009  -4.9211172087713465E-011
  -4.0931906408811388E-009   3.9145157065091596E-011
   0.0000000000000000        0.0000000000000000     
           9   1.8550653284590322E-009  -5.7995639339951104E-011
  -4.1507386051514770E-009   4.5411637331544494E-011
   0.0000000000000000        0.0000000000000000     
          10   1.9405247945295540E-009  -6.7970092771451607E-011
  -4.2170929627703531E-009   5.2118024708445085E-011
   0.0000000000000000        0.0000000000000000     
          11   2.0404833538401031E-009  -7.9416499269812626E-011
  -4.2929357062518569E-009   5.9387914419742396E-011
   0.0000000000000000        0.0000000000000000     
          12   2.1571631091720468E-009  -9.2695807347745182E-011
  -4.3791222665498045E-009   6.7358824373224687E-011
   0.0000000000000000        0.0000000000000000     
          13   2.2933390374853860E-009  -1.0827420773765037E-010
  -4.4767091743704474E-009   7.6194394270385245E-011
   0.0000000000000000        0.0000000000000000     
          14   2.4525036326083683E-009  -1.2676176873335038E-010
  -4.5869977460719419E-009   8.6097400707334411E-011
   0.0000000000000000        0.0000000000000000     
          15   2.6390939615840274E-009  -1.4896926770823912E-010
  -4.7115970454486182E-009   9.7326501069458515E-011
   0.0000000000000000        0.0000000000000000     
          16   2.8588108531756608E-009  -1.7599310977685464E-010
  -4.8525130680717382E-009   1.1021988181632180E-010
   0.0000000000000000        0.0000000000000000     
          17   3.1190767236153879E-009  -2.0934507325347388E-010
  -5.0122759640669499E-009   1.2523044608078132E-010
   0.0000000000000000        0.0000000000000000     
          18   3.4297070656917486E-009  -2.5115589844138036E-010
  -5.1941247791107581E-009   1.4298022032064876E-010
   0.0000000000000000        0.0000000000000000     
          19   3.8039204979349378E-009  -3.0450475238615933E-010
  -5.4022822751806260E-009   1.6434755400774562E-010
   0.0000000000000000        0.0000000000000000     
          20   4.2599026331746973E-009  -3.7397173713129648E-010
  -5.6423758964253382E-009   1.9061232476066208E-010
   0.0000000000000000        0.0000000000000000     
          21   4.8233096670356415E-009  -4.6660369140914738E-010
  -5.9221051702472792E-009   2.2370838975298746E-010
   0.0000000000000000        0.0000000000000000     
          22   5.5314355363047973E-009  -5.9368703117929139E-010
  -6.2523432523470097E-009   2.6668504638183751E-010
   0.0000000000000000        0.0000000000000000     
          23   6.4404736134716939E-009  -7.7419793533231431E-010
  -6.6490430182237006E-009   3.2460222376501886E-010
   0.0000000000000000        0.0000000000000000     
          24   7.6388807486320524E-009  -1.0420122575458870E-009
  -7.1367251827484673E-009   4.0639676916325733E-010
   0.0000000000000000        0.0000000000000000     
          25   9.2736424753287966E-009  -1.4623680419363334E-009
  -7.7552532791051285E-009   5.2913672998743968E-010
   0.0000000000000000        0.0000000000000000     
          26   1.1606023056928666E-008  -2.1739662379885270E-009
  -8.5744800474401055E-009   7.2888936364014880E-010
   0.0000000000000000        0.0000000000000000     
          27   1.5141663890922389E-008  -3.5140740785194406E-009
  -9.7276072964725280E-009   1.0929948698088168E-009
   0.0000000000000000        0.0000000000000000     
          28   2.0959298946646445E-008  -6.4758257287876590E-009
  -1.1496056730830418E-008   1.8779994067727867E-009
   0.0000000000000000        0.0000000000000000     
          29   3.1430401329843282E-008  -1.4950122592744968E-008
  -1.4495768864274200E-008   4.0877332131547535E-009
   0.0000000000000000        0.0000000000000000     
          30   4.4264132120728765E-008  -5.0223686524614984E-008
  -1.8140783285515051E-008   1.3211490144712829E-008
   0.0000000000000000        0.0000000000000000     
          31  -3.7771394843077920E-008  -8.2001909120329311E-008
   2.6323862588376559E-009   2.1439251538653779E-008
   0.0000000000000000        0.0000000000000000     
          32  -4.5261169491734669E-008  -2.2947600577343017E-008
   4.1344944253738749E-009   6.2536797610035633E-009
   0.0000000000000000        0.0000000000000000     
          33  -3.2223976698800524E-008  -8.6433553667540453E-009
   2.8289681042944651E-010   2.6148742386844362E-009
   0.0000000000000000        0.0000000000000000     
          34  -2.5063568834365576E-008  -4.2858553816682116E-009
  -2.1269592926389343E-009   1.5519515393513926E-009
   0.0000000000000000        0.0000000000000000     
          35  -2.0972189524302490E-008  -2.4553594622736384E-009
  -3.8370281335513131E-009   1.1557110760972851E-009
   0.0000000000000000        0.0000000000000000     
          36  -1.8466398859536860E-008  -1.5120226850877142E-009
  -5.2531040275120950E-009   1.0091235406590687E-009
   0.0000000000000000        0.0000000000000000     
          37  -1.6879790630921546E-008  -9.5018347698142657E-010
  -6.5805629673692353E-009   9.9076988303096282E-010
   0.0000000000000000        0.0000000000000000     
          38  -1.5887125958746252E-008  -5.7346356162382879E-010
  -7.9510490230578319E-009   1.0645676111232233E-009
   0.0000000000000000        0.0000000000000000     
          39  -1.5320876288724113E-008  -2.9109697418471546E-010
  -9.4800993681100497E-009   1.2321637820936288E-009
   0.0000000000000000        0.0000000000000000     
          40  -1.5095457273538485E-008  -5.3552099254114306E-011
  -1.1305291708956093E-008   1.5271901204469287E-009
   0.0000000000000000        0.0000000000000000     
          41  -1.5175350591737317E-008   1.7272604819153331E-010
  -1.3631791797304785E-008   2.0355023496554865E-009
   0.0000000000000000        0.0000000000000000     
          42  -1.5565108545588164E-008   4.1920112344580792E-010
  -1.6820122615622537E-008   2.9675556316183919E-009
   0.0000000000000000        0.0000000000000000     
          43  -1.6313252621499876E-008   7.3117324342818390E-010
  -2.1597189837184898E-008   4.9157809396312807E-009
   0.0000000000000000        0.0000000000000000     
          44  -1.7534499336754360E-008   1.2139927260217985E-009
  -2.9559211425346443E-008   1.0024331856388792E-008
   0.0000000000000000        0.0000000000000000     
          45  -1.9393133394414244E-008   2.2864776918721744E-009
  -4.2033032752465193E-008   2.9365447030590968E-008
   0.0000000000000000        0.0000000000000000     
          46  -2.0193220690525761E-008   4.4839696950263657E-009
   1.9929474836109201E-010   7.5870425214951376E-008
   0.0000000000000000        0.0000000000000000     
          47  -2.2603920646317909E-008   4.0392953701767405E-009
   2.7929213893272628E-008   2.5327707920635411E-008
   0.0000000000000000        0.0000000000000000     
          48  -2.8351766644454734E-008   5.9168833160083728E-009
   1.4995682192642340E-008   9.6847208157122088E-009
   0.0000000000000000        0.0000000000000000     
          49  -3.7938541544345977E-008   1.1668408077773735E-008
   6.4017377372857418E-009   5.6456722822665715E-009
   0.0000000000000000        0.0000000000000000     
          50  -5.4731676050291647E-008   3.1919128440442982E-008
   3.2724329227300698E-011   4.2751941595592127E-009
   0.0000000000000000        0.0000000000000000     
          51  -3.0495657633268391E-008   1.0880616604177142E-007
  -7.0159495040983327E-009   3.2312906333739225E-009
   0.0000000000000000        0.0000000000000000     
          52   5.5366626097212107E-008   5.1801578899836161E-008
  -1.6826925527584720E-008   6.6644080248313419E-009
   0.0000000000000000        0.0000000000000000     
          53   3.8405958518200139E-008   1.5803717866460415E-008
  -2.8663271146126713E-008   1.3977903838257014E-008
   0.0000000000000000        0.0000000000000000     
          54   2.7104160028567189E-008   6.0217670384345719E-009
  -4.8498542730640538E-008   3.8097107403341331E-008
   0.0000000000000000        0.0000000000000000     
          55   1.9100145949328166E-008  -3.1807341070873131E-010
  -1.4924542727866753E-008   1.2520620210176032E-007
   0.0000000000000000        0.0000000000000000     
          56   1.1689005378914182E-008   6.7572845272794294E-010
   7.3661700181518736E-008   5.5314241056430211E-008
   0.0000000000000000        0.0000000000000000     
          57   9.5075145832054962E-009   1.2107719022183385E-009
   5.3565360016867105E-008   1.7752111922725643E-008
   0.0000000000000000        0.0000000000000000     
          58   7.8766245539755676E-009   1.0763076694423993E-009
   4.0209119572246659E-008   8.1919678917641294E-009
   0.0000000000000000        0.0000000000000000     
          59   6.5336495363792329E-009   9.0291609363257976E-010
   3.2570662484780572E-008   4.6516050797465513E-009
   0.0000000000000000        0.0000000000000000     
          60   5.4095621554944797E-009   7.6612169969357452E-010
   2.7769890826360017E-008   2.9807144782458364E-009
   0.0000000000000000        0.0000000000000000     
          61   4.4439229727199666E-009   6.6831447044974492E-010
   2.4510126866366219E-008   2.0620822364965833E-009
   0.0000000000000000        0.0000000000000000     
          62   3.5870876949674856E-009   6.0312553251377294E-010
   2.2170648562906483E-008   1.5023773643483321E-009
   0.0000000000000000        0.0000000000000000     
          63   2.7991771746938358E-009   5.6532255895155633E-010
   2.0423079344803941E-008   1.1358606681669898E-009
   0.0000000000000000        0.0000000000000000     
          64   2.0455024582297746E-009   5.5230451463241003E-010
   1.9077650209895275E-008   8.8353803405022240E-010
   0.0000000000000000        0.0000000000000000     
          65   1.2931859686394366E-009   5.6442100127527387E-010
   1.8015972453098816E-008   7.0466259870049318E-010
   0.0000000000000000        0.0000000000000000     
          66   5.0672275231549953E-010   6.0564864023564216E-010
   1.7157445970470935E-008   5.7775551588378061E-010
   0.0000000000000000        0.0000000000000000     
          67  -3.5739713213163778E-010   6.8540412966841186E-010
   1.6441489875961523E-008   4.9291389539985620E-010
   0.0000000000000000        0.0000000000000000     
          68  -1.3601148414568522E-009   8.2287642979085563E-010
   1.5814652384974418E-008   4.4971984057453343E-010
   0.0000000000000000        0.0000000000000000     
          69  -2.5961874246861262E-009   1.0575885449337692E-009
   1.5217821470094498E-008   4.6008208112468211E-010
   0.0000000000000000        0.0000000000000000     
          70  -4.2305582643590322E-009   1.4777872218769162E-009
   1.4566637648053159E-008   5.6051272592606809E-010
   0.0000000000000000        0.0000000000000000     
          71  -6.5832720992137748E-009   2.3097121077226224E-009
   1.3709957682152949E-008   8.5392103940846625E-010
   0.0000000000000000        0.0000000000000000     
          72  -1.0345868400730781E-008   4.2700890862747706E-009
   1.2325618237930885E-008   1.6773490400606502E-009
   0.0000000000000000        0.0000000000000000     
          73  -1.6904918222245995E-008   1.0483495814761350E-008
   9.7677498117290867E-009   4.5174626919562197E-009
   0.0000000000000000        0.0000000000000000     
          74  -1.7696621645538216E-008   3.7038718044252781E-008
   1.0154811956100400E-008   1.7054019684263325E-008
   0.0000000000000000        0.0000000000000000     
          75   2.5558543600453471E-008   2.8948434949606346E-008
   3.1818485477790427E-008   1.2999262952037971E-008
   0.0000000000000000        0.0000000000000000     
          76   1.9855953499040165E-008   8.6198126207225290E-009
   3.0372618579645525E-008   3.0430629511124038E-009
   0.0000000000000000        0.0000000000000000     
          77   1.3764877890498036E-008   3.9123902429783021E-009
   2.9114471264772374E-008   4.7056364061958936E-010
   0.0000000000000000        0.0000000000000000     
          78   1.0032856733546975E-008   2.4057809654030053E-009
   2.9489212978602381E-008  -6.9980302966011527E-010
   0.0000000000000000        0.0000000000000000     
          79   7.3403212057552991E-009   1.8603599826054517E-009
   3.1078492478831629E-008  -1.6213153023993148E-009
   0.0000000000000000        0.0000000000000000     
          80   4.9995457765628077E-009   1.7654167593840544E-009
   3.3908797748718350E-008  -2.6990966098365180E-009
   0.0000000000000000        0.0000000000000000     
          81   2.5530810056616571E-009   2.0381209366654902E-009
   3.8399258639973528E-008  -4.3190858037528123E-009
   0.0000000000000000        0.0000000000000000     
          82  -5.0692303698832322E-010   2.8572636883280449E-009
   4.5554992717602148E-008  -7.2523127390442631E-009
   0.0000000000000000        0.0000000000000000     
          83  -5.0531886294383889E-009   4.9553622088629028E-009
   5.7646057242113086E-008  -1.3734925507953308E-008
   0.0000000000000000        0.0000000000000000     
          84  -1.2847660580198967E-008   1.1438393767091325E-008
   7.9626538306576819E-008  -3.2803325144462826E-008
   0.0000000000000000        0.0000000000000000     
          85  -1.9898402785908677E-008   3.9450610831121839E-008
   9.9876580783782774E-008  -1.1402198608509948E-007
   0.0000000000000000        0.0000000000000000     
          86   3.9880129730207776E-008   4.9582916622424944E-008
  -7.2535184201332029E-008  -1.4357178171369533E-007
   0.0000000000000000        0.0000000000000000     
          87   3.9103477280965963E-008   1.3645395950826504E-008
  -6.9646241011016419E-008  -4.0038500914253394E-008
   0.0000000000000000        0.0000000000000000     
          88   3.0961365335922496E-008   5.1818116685960476E-009
  -4.5083048160399694E-008  -1.5895946458885848E-008
   0.0000000000000000        0.0000000000000000     
          89   2.6742547639155618E-008   2.4212114532797027E-009
  -3.1412625898679002E-008  -8.2761598785006036E-009
   0.0000000000000000        0.0000000000000000     
          90   2.4604426598992666E-008   1.1484195657325533E-009
  -2.3226097879080929E-008  -5.0354083308477095E-009
   0.0000000000000000        0.0000000000000000     
          91   2.3667836084203838E-008   3.7894663230956649E-010
  -1.7849085780152970E-008  -3.3809422816724251E-009
   0.0000000000000000        0.0000000000000000     
          92   2.3586714876951365E-008  -2.2357134256975280E-010
  -1.4060145103158485E-008  -2.4284902957065276E-009
   0.0000000000000000        0.0000000000000000     
          93   2.4277560552685639E-008  -8.3631859576955023E-010
  -1.1247204244175106E-008  -1.8297973250139554E-009
   0.0000000000000000        0.0000000000000000     
          94   2.5853262108440792E-008  -1.6330755535602986E-009
  -9.0784628703200489E-009  -1.4228876023844992E-009
   0.0000000000000000        0.0000000000000000     
          95   2.8683309567780537E-008  -2.9250895906621683E-009
  -7.3689047584130579E-009  -1.1165527552223699E-009
   0.0000000000000000        0.0000000000000000     
          96   3.3650295007444465E-008  -5.5390106404815451E-009
  -6.0278337302585061E-009  -8.3302833770905848E-010
   0.0000000000000000        0.0000000000000000     
          97   4.2781949337694102E-008  -1.2533901356218667E-008
  -5.0548018087444151E-009  -4.1704995314187935E-010
   0.0000000000000000        0.0000000000000000     
          98   5.6283038740910671E-008  -4.0222735140093949E-008
  -4.3965449718406909E-009   8.4397281791447924E-010
   0.0000000000000000        0.0000000000000000     
          99  -9.7773342713563049E-009  -8.5307227345110380E-008
  -4.1235421874802710E-010   2.8173724828372159E-009
   0.0000000000000000        0.0000000000000000     
         100  -2.9129700849947300E-008  -2.5256504718296572E-008
   1.5329633361192127E-009   2.6355823272703632E-010
   0.0000000000000000        0.0000000000000000     
         101  -1.5722066055149959E-008  -9.3567380554168988E-009
   2.0717725517304967E-009  -4.2626762295140991E-010
   0.0000000000000000        0.0000000000000000     
         102  -7.9061535573778091E-009  -4.8172201354751602E-009
   2.8797087414842217E-009  -6.5608975520852468E-010
   0.0000000000000000        0.0000000000000000     
         103  -3.0916345787215644E-009  -3.0448071027866468E-009
   3.8828007298489945E-009  -7.9673679258908695E-010
   0.0000000000000000        0.0000000000000000     
         104   2.8836641017299055E-010  -2.2311445341969870E-009
   5.0571769262934896E-009  -9.3171340472109316E-010
   0.0000000000000000        0.0000000000000000     
         105   2.9596436015683446E-009  -1.8453087554605990E-009
   6.4248004788614066E-009  -1.0941843709469963E-009
   0.0000000000000000        0.0000000000000000     
         106   5.3074045847107343E-009  -1.6973202434812023E-009
   8.0405046345729467E-009  -1.3095101807719121E-009
   0.0000000000000000        0.0000000000000000     
         107   7.5811067006810123E-009  -1.7181655820143263E-009
   9.9940197921876759E-009  -1.6093758295174676E-009
   0.0000000000000000        0.0000000000000000     
         108   9.9871581065843241E-009  -1.8982351560894608E-009
   1.2424764915622851E-008  -2.0438631913814205E-009
   0.0000000000000000        0.0000000000000000     
         109   1.2749185625058179E-008  -2.2765127658079423E-009
   1.5557586498995828E-008  -2.7021343508914350E-009
   0.0000000000000000        0.0000000000000000     
         110   1.6178355671162310E-008  -2.9630734180563139E-009
   1.9770526597779695E-008  -3.7589420141291238E-009
   0.0000000000000000        0.0000000000000000     
         111   2.0787488804297636E-008  -4.2211774912868878E-009
   2.5749074219575340E-008  -5.5968494871539533E-009
   0.0000000000000000        0.0000000000000000     
         112   2.7558870509693470E-008  -6.7354050962175261E-009
   3.4850034667241921E-008  -9.1863930579261760E-009
   0.0000000000000000        0.0000000000000000     
         113   3.8608136373418830E-008  -1.2667401792243110E-008
   5.0032082242230790E-008  -1.7570919684423767E-008
   0.0000000000000000        0.0000000000000000     
         114   5.8259897528409008E-008  -3.1328346708408738E-008
   7.7367415306695030E-008  -4.3834367875370258E-008
   0.0000000000000000        0.0000000000000000     
         115   6.3833062706012787E-008  -1.1180551877852412E-007
   8.5019458424159076E-008  -1.5692143016704451E-007
   0.0000000000000000        0.0000000000000000     
         116  -7.6716032482483076E-008  -9.5823616708025492E-008
  -1.1242381655334555E-007  -1.3458277811678771E-007
   0.0000000000000000        0.0000000000000000     
         117  -6.2094466502143283E-008  -2.7226368711656280E-008
  -9.1782360956839602E-008  -3.8423398583248041E-008
   0.0000000000000000        0.0000000000000000     
         118  -4.4263202004750587E-008  -1.1038904237435289E-008
  -6.6344824036349320E-008  -1.6008410403185964E-008
   0.0000000000000000        0.0000000000000000     
         119  -3.4885500157677405E-008  -5.2613823037101766E-009
  -5.2233576067017214E-008  -8.5602003849825190E-009
   0.0000000000000000        0.0000000000000000     
         120  -3.0238736909831420E-008  -1.8018727274208586E-009
  -4.3644397711778410E-008  -5.3901744505354985E-009
   0.0000000000000000        0.0000000000000000     
         121  -2.8955856207662993E-008   3.3242782488217560E-009
  -3.7739598411334012E-008  -4.0673118925225977E-009
   0.0000000000000000        0.0000000000000000     
         122  -2.0044276407029000E-008   1.6975670083083811E-008
  -3.2938498022506744E-008  -4.5312746930935755E-009
   0.0000000000000000        0.0000000000000000     
         123  -6.6359917638799729E-009   9.3784918616564837E-009
  -3.0627550811521286E-008  -1.0684419032988789E-008
   0.0000000000000000        0.0000000000000000     
         124  -2.3239580191372777E-009   4.2461659107940986E-009
  -4.2032014836335206E-008  -8.5970826086757042E-009
   0.0000000000000000        0.0000000000000000     
         125  -2.7131548214173953E-009   6.8359594115156270E-010
  -4.0873955337250749E-008  -1.9023990767621611E-009
   0.0000000000000000        0.0000000000000000     
         126  -2.5418029088180784E-009  -3.5753717109450284E-010
  -4.0468281307652765E-008   4.1601993056124068E-010
   0.0000000000000000        0.0000000000000000     
         127  -1.6157159596596907E-009  -9.4683021452581205E-010
  -4.2204975817141692E-008   2.3500679178415104E-009
   0.0000000000000000        0.0000000000000000     
         128   1.4469398566270116E-011  -1.6995762527894310E-009
  -4.6678314853030308E-008   5.5603260766568154E-009
   0.0000000000000000        0.0000000000000000     
         129   2.6904917583416322E-009  -3.5896460036600404E-009
  -5.5795165048210694E-008   1.4277887569246619E-008
   0.0000000000000000        0.0000000000000000     
         130   4.8595927294354754E-009  -1.1327466389263754E-008
  -6.2288068049897484E-008   5.0575024075336165E-008
   0.0000000000000000        0.0000000000000000     
         131  -9.0427003595066543E-009  -1.2101011262580633E-008
   7.3081807761715592E-009   5.3946542176968595E-008
   0.0000000000000000        0.0000000000000000     
         132  -6.8474306840431649E-009  -4.2006054831508345E-009
   1.4404068416128206E-009   1.6253950720332523E-008
   0.0000000000000000        0.0000000000000000     
         133  -3.2623033276266566E-009  -2.6161417350879409E-009
  -1.0262976196517677E-008   8.0867158538973883E-009
   0.0000000000000000        0.0000000000000000     
         134  -9.3685549100592062E-011  -2.4695236704065171E-009
  -1.8838470874101954E-008   6.2517862994514957E-009
   0.0000000000000000        0.0000000000000000     
         135   3.3961974564083154E-009  -2.9887388723273147E-009
  -2.7006535245503559E-008   6.7228890366666338E-009
   0.0000000000000000        0.0000000000000000     
         136   7.9792291699219445E-009  -4.3199864172983655E-009
  -3.6967619338844703E-008   9.2700736509904470E-009
   0.0000000000000000        0.0000000000000000     
         137   1.4930607153873617E-008  -7.4522786453588631E-009
  -5.1731419617107640E-008   1.5894579679769675E-008
   0.0000000000000000        0.0000000000000000     
         138   2.6886885455814039E-008  -1.6448859037526655E-008
  -7.7177017302881564E-008   3.5505642003589784E-008
   0.0000000000000000        0.0000000000000000     
