  262144.0 256                                                                  
  1.0e-03                                                                       
  1.0e-10                                                                       
  1.0e-05                                                                       
  1.0e-02                                                                       
  0 138                                                                         
  2                                                                             
  0 3185.5 4 0 0 0                                                              
    4.5 0 0 0                                                                   
    4.5 0 0 0 -1                                                                
  3185.5 6371 3 0 0 0                                                           
    3 0 0 0                                                                     
    3 0 0 0 -1                                                                  
  5733.9 6.040140015461 12.000000                                               
  0 100 0 0 0 0                                                                 
  12                                                                            
  15.058416435669 -6.2195519949                                                 
  22.847061064446 37.8221544379                                                 
  -3.058539076747 -32.1426797756                                                
  -30.662925479383 61.7880251048                                                
  -3.525890827661 -62.5122427918                                                
  74.772896821193 124.5845020479                                                
  -30.848937952052 -91.9144051260                                               
  36.408762317958 146.4331620157                                                
  38.839573133407 -161.9486997236                                               
  12.072724255944 -143.9611517656                                               
  -5.137197519820 171.9554160677                                                
  3.541352856071 -170.9671246059                                                
spc/ST00.mrt.SH.spc                                                             
spc/ST01.mrt.SH.spc                                                             
spc/ST02.mrt.SH.spc                                                             
spc/ST03.mrt.SH.spc                                                             
spc/ST04.mrt.SH.spc                                                             
spc/ST05.mrt.SH.spc                                                             
spc/ST06.mrt.SH.spc                                                             
spc/ST07.mrt.SH.spc                                                             
spc/ST08.mrt.SH.spc                                                             
spc/ST09.mrt.SH.spc                                                             
spc/ST10.mrt.SH.spc                                                             
spc/ST11.mrt.SH.spc                                                             
