   262144.00000000000     
         256           1           3
   1.7567330116226543E-005   35.902873699465999        16.020003305100001     
   6.0401400154609997        12.000000000000000        5733.8999999999996     
           0   0.0000000000000000        0.0000000000000000     
   0.0000000000000000        0.0000000000000000     
   0.0000000000000000        0.0000000000000000     
           1  -2.1450235181289655E-009   9.7696965697940061E-010
  -5.6615339073811890E-009  -3.6339151212466637E-010
   0.0000000000000000        0.0000000000000000     
           2  -2.1845868997205255E-009   2.6924662677189510E-010
  -5.5529870899105308E-009   4.1972067979950431E-011
   0.0000000000000000        0.0000000000000000     
           3  -2.2842968843751773E-009   1.3486042319455684E-010
  -5.4471015992638043E-009   1.1835436672738136E-010
   0.0000000000000000        0.0000000000000000     
           4  -2.3294905739531597E-009   9.7574396129602035E-011
  -5.3881877571928105E-009   1.3932813844876241E-010
   0.0000000000000000        0.0000000000000000     
           5  -2.3518616407399925E-009   8.4055931597502867E-011
  -5.3512424050706947E-009   1.4691098089209830E-010
   0.0000000000000000        0.0000000000000000     
           6  -2.3647329610097203E-009   7.8364836612405817E-011
  -5.3256024561929315E-009   1.5018717471087885E-010
   0.0000000000000000        0.0000000000000000     
           7  -2.3735122826418819E-009   7.5836724189916470E-011
  -5.3065718012337465E-009   1.5179298693783060E-010
   0.0000000000000000        0.0000000000000000     
           8  -2.3806194172464947E-009   7.4797039463171699E-011
  -5.2918227446439138E-009   1.5266465408681918E-010
   0.0000000000000000        0.0000000000000000     
           9  -2.3872183826631334E-009   7.4545628101255877E-011
  -5.2800582701678225E-009   1.5318484709519861E-010
   0.0000000000000000        0.0000000000000000     
          10  -2.3939465872677491E-009   7.4762317253491226E-011
  -5.2705113659271586E-009   1.5352784096653990E-010
   0.0000000000000000        0.0000000000000000     
          11  -2.4011431131322818E-009   7.5282279880032673E-011
  -5.2627146225413009E-009   1.5378037924700609E-010
   0.0000000000000000        0.0000000000000000     
          12  -2.4090368333737177E-009   7.6021912703134790E-011
  -5.2562999983315194E-009   1.5398529740504876E-010
   0.0000000000000000        0.0000000000000000     
          13  -2.4177622177688851E-009   7.6932600758337396E-011
  -5.2510551906314884E-009   1.5416785136947067E-010
   0.0000000000000000        0.0000000000000000     
          14  -2.4274161779569861E-009   7.7987409210789457E-011
  -5.2468429348958327E-009   1.5434318701151088E-010
   0.0000000000000000        0.0000000000000000     
          15  -2.4380857517268633E-009   7.9173741359284766E-011
  -5.2434703292929813E-009   1.5451590650232373E-010
   0.0000000000000000        0.0000000000000000     
          16  -2.4498344097298763E-009   8.0484428855814697E-011
  -5.2408703393363503E-009   1.5469187153691318E-010
   0.0000000000000000        0.0000000000000000     
          17  -2.4627249696438987E-009   8.1917989352259810E-011
  -5.2390003388222628E-009   1.5487513118481254E-010
   0.0000000000000000        0.0000000000000000     
          18  -2.4768184606938204E-009   8.3476265274202426E-011
  -5.2377228873562545E-009   1.5506330206188318E-010
   0.0000000000000000        0.0000000000000000     
          19  -2.4921785860342853E-009   8.5163858003122501E-011
  -5.2370211776154894E-009   1.5525847509176511E-010
   0.0000000000000000        0.0000000000000000     
          20  -2.5088725595095051E-009   8.6987455925522719E-011
  -5.2368501156565655E-009   1.5546054358805566E-010
   0.0000000000000000        0.0000000000000000     
          21  -2.5269729374651686E-009   8.8955613600958803E-011
  -5.2371709842391454E-009   1.5566914150777090E-010
   0.0000000000000000        0.0000000000000000     
          22  -2.5465640012264383E-009   9.1079407148126306E-011
  -5.2379809214071994E-009   1.5588525730934749E-010
   0.0000000000000000        0.0000000000000000     
          23  -2.5677225820014084E-009   9.3369212402022580E-011
  -5.2391884681439134E-009   1.5610551005161731E-010
   0.0000000000000000        0.0000000000000000     
          24  -2.5905497339054449E-009   9.5839441776996465E-011
  -5.2407981667469007E-009   1.5633109164077317E-010
   0.0000000000000000        0.0000000000000000     
          25  -2.6151514305664665E-009   9.8505362391994807E-011
  -5.2427866084802432E-009   1.5656209412672160E-010
   0.0000000000000000        0.0000000000000000     
          26  -2.6416447435844011E-009   1.0138384182795656E-010
  -5.2451332086799141E-009   1.5679924800730338E-010
   0.0000000000000000        0.0000000000000000     
          27  -2.6701678795162608E-009   1.0449453746453849E-010
  -5.2478375242736279E-009   1.5704513960224356E-010
   0.0000000000000000        0.0000000000000000     
          28  -2.7008450069847833E-009   1.0785420645279733E-010
  -5.2508512719313803E-009   1.5730159649857873E-010
   0.0000000000000000        0.0000000000000000     
          29  -2.7338410421497765E-009   1.1148401580499495E-010
  -5.2541823248505823E-009   1.5757555520144302E-010
   0.0000000000000000        0.0000000000000000     
          30  -2.7693255813284315E-009   1.1540279789387593E-010
  -5.2578280709730888E-009   1.5787744029170891E-010
   0.0000000000000000        0.0000000000000000     
          31  -2.8074809606075853E-009   1.1962575424495462E-010
  -5.2617958118817469E-009   1.5822468763540157E-010
   0.0000000000000000        0.0000000000000000     
          32  -2.8484993235819130E-009   1.2415949247075922E-010
  -5.2661080866414363E-009   1.5864640300490005E-010
   0.0000000000000000        0.0000000000000000     
          33  -2.8925761297084580E-009   1.2899258422613487E-010
  -5.2708114484594414E-009   1.5919165313906239E-010
   0.0000000000000000        0.0000000000000000     
          34  -2.9399079548470718E-009   1.3407869443720414E-010
  -5.2759901509724936E-009   1.5994481139285070E-010
   0.0000000000000000        0.0000000000000000     
          35  -2.9906245290096355E-009   1.3929326456004125E-010
  -5.2817949247797641E-009   1.6105580504320311E-010
   0.0000000000000000        0.0000000000000000     
          36  -3.0448072789489097E-009   1.4436350436571900E-010
  -5.2884799477405949E-009   1.6280229619817575E-010
   0.0000000000000000        0.0000000000000000     
          37  -3.1023631645864647E-009   1.4868212501275787E-010
  -5.2964797614705556E-009   1.6572969472127908E-010
   0.0000000000000000        0.0000000000000000     
          38  -3.1629041408311827E-009   1.5086313310218834E-010
  -5.3065215798073356E-009   1.7099367068197142E-010
   0.0000000000000000        0.0000000000000000     
          39  -3.2256617388735559E-009   1.4752448182121844E-010
  -5.3197097288747832E-009   1.8129074209905377E-010
   0.0000000000000000        0.0000000000000000     
          40  -3.2904789222187703E-009   1.2965813779657663E-010
  -5.3368042579783155E-009   2.0362811189042935E-010
   0.0000000000000000        0.0000000000000000     
          41  -3.3684585181015396E-009   7.2981581757934523E-011
  -5.3501877668449304E-009   2.5670341813072023E-010
   0.0000000000000000        0.0000000000000000     
          42  -3.5448255720427130E-009  -4.2149170371686820E-011
  -5.2960591502254098E-009   3.5600165813860494E-010
   0.0000000000000000        0.0000000000000000     
          43  -3.8704520432601649E-009  -4.1601782157870477E-012
  -5.1361324868206898E-009   3.4125383969348893E-010
   0.0000000000000000        0.0000000000000000     
          44  -4.0564456402203634E-009   1.5443705288605004E-010
  -5.0914734524196632E-009   2.3663822014936695E-010
   0.0000000000000000        0.0000000000000000     
          45  -4.1914131417368862E-009   2.5245228530983103E-010
  -5.0971012062305743E-009   1.8077448526019177E-010
   0.0000000000000000        0.0000000000000000     
          46  -4.3497134567034921E-009   3.2019497650392312E-010
  -5.0986444268652131E-009   1.5173357090560138E-010
   0.0000000000000000        0.0000000000000000     
          47  -4.5433643430382454E-009   3.8245573836935967E-010
  -5.0898074390895103E-009   1.3191341937718720E-010
   0.0000000000000000        0.0000000000000000     
          48  -4.7778235946687828E-009   4.5082905386477563E-010
  -5.0702809512251822E-009   1.1424806093137598E-010
   0.0000000000000000        0.0000000000000000     
          49  -5.0609955507886878E-009   5.3340235977482831E-010
  -5.0392842845109389E-009   9.5183562436681857E-011
   0.0000000000000000        0.0000000000000000     
          50  -5.4050677565309337E-009   6.3901010290578528E-010
  -4.9948111145991848E-009   7.1990498636720485E-011
   0.0000000000000000        0.0000000000000000     
          51  -5.8282874826506104E-009   7.8017202147866259E-010
  -4.9333243491700328E-009   4.1525101309691310E-011
   0.0000000000000000        0.0000000000000000     
          52  -6.3579465764742978E-009   9.7706274593730716E-010
  -4.8491188703457826E-009  -8.6903999005526016E-013
   0.0000000000000000        0.0000000000000000     
          53  -7.0359675472105887E-009   1.2650916001602482E-009
  -4.7335467660781998E-009  -6.3096630129174451E-011
   0.0000000000000000        0.0000000000000000     
          54  -7.9273848726440741E-009   1.7114607996821493E-009
  -4.5723387988016163E-009  -1.6003381712527972E-010
   0.0000000000000000        0.0000000000000000     
          55  -9.1355973390657920E-009   2.4560883163923948E-009
  -4.3437318213772484E-009  -3.2244430812615875E-010
   0.0000000000000000        0.0000000000000000     
          56  -1.0813758072625122E-008   3.8239637445388445E-009
  -4.0146074156907994E-009  -6.2162997426338858E-010
   0.0000000000000000        0.0000000000000000     
          57  -1.3079943913330911E-008   6.6673177800197127E-009
  -3.5608729997051631E-009  -1.2439753747123635E-009
   0.0000000000000000        0.0000000000000000     
          58  -1.4996377270787290E-008   1.3299900443271910E-008
  -3.1916090587004060E-009  -2.6932337999282468E-009
   0.0000000000000000        0.0000000000000000     
          59  -8.3940568572758721E-009   2.5261400022457876E-008
  -4.6944778450819024E-009  -5.2910972131880073E-009
   0.0000000000000000        0.0000000000000000     
          60   9.1697326808489999E-009   2.2042833034086899E-008
  -8.5665155527557705E-009  -4.5530350345630139E-009
   0.0000000000000000        0.0000000000000000     
          61   1.1757183347063283E-008   1.0605358094302447E-008
  -9.1533846904123608E-009  -2.0461952154902328E-009
   0.0000000000000000        0.0000000000000000     
          62   9.2583328815011689E-009   5.3322044138127127E-009
  -8.6428072568232745E-009  -8.9474770409892471E-010
   0.0000000000000000        0.0000000000000000     
          63   7.0339383066636575E-009   3.0719009004675634E-009
  -8.1991321350700445E-009  -4.0070549022039377E-010
   0.0000000000000000        0.0000000000000000     
          64   5.4349284749226730E-009   1.9694453605948389E-009
  -7.8963690383625393E-009  -1.5816679645427673E-010
   0.0000000000000000        0.0000000000000000     
          65   4.2817149970117960E-009   1.3650002665919585E-009
  -7.6941548827175441E-009  -2.3285789273308068E-011
   0.0000000000000000        0.0000000000000000     
          66   3.4229515842189566E-009   1.0028090790545504E-009
  -7.5592377929843170E-009   5.9570723924069433E-011
   0.0000000000000000        0.0000000000000000     
          67   2.7613358728847476E-009   7.7083625874573806E-010
  -7.4704130228754757E-009   1.1474671530278242E-010
   0.0000000000000000        0.0000000000000000     
          68   2.2363594525448660E-009   6.1454143480736350E-010
  -7.4142667894863252E-009   1.5407986946257697E-010
   0.0000000000000000        0.0000000000000000     
          69   1.8087451051832697E-009   5.0507358922442280E-010
  -7.3828819686070882E-009   1.8387653094533306E-010
   0.0000000000000000        0.0000000000000000     
          70   1.4523741220567628E-009   4.2609768534690785E-010
  -7.3703545148808540E-009   2.0770507195908100E-010
   0.0000000000000000        0.0000000000000000     
          71   1.1493049817734045E-009   3.6784501407514099E-010
  -7.3735361670084528E-009   2.2776375422933989E-010
   0.0000000000000000        0.0000000000000000     
          72   8.8717859043450294E-010   3.2418565381183040E-010
  -7.3897875470924581E-009   2.4544547815261452E-010
   0.0000000000000000        0.0000000000000000     
          73   6.5648814402747805E-010   2.9118025051896081E-010
  -7.4173952177386762E-009   2.6170191626048738E-010
   0.0000000000000000        0.0000000000000000     
          74   4.5027405744818331E-010   2.6619447695647469E-010
  -7.4555910318300450E-009   2.7723861999376654E-010
   0.0000000000000000        0.0000000000000000     
          75   2.6333532819082000E-010   2.4742580787428649E-010
  -7.5037962575742258E-009   2.9259693257737276E-010
   0.0000000000000000        0.0000000000000000     
          76   9.1540846363872640E-011   2.3363454933663868E-010
  -7.5616398703108148E-009   3.0822690569949809E-010
   0.0000000000000000        0.0000000000000000     
          77  -6.8590336978674534E-011   2.2397771055413036E-010
  -7.6291477114543827E-009   3.2454499660942321E-010
   0.0000000000000000        0.0000000000000000     
          78  -2.1995578800853716E-010   2.1788850139378242E-010
  -7.7066648692843534E-009   3.4196800650615829E-010
   0.0000000000000000        0.0000000000000000     
          79  -3.6501965883618876E-010   2.1500721481847663E-010
  -7.7948557308077844E-009   3.6094534317365823E-010
   0.0000000000000000        0.0000000000000000     
          80  -5.0586304887940311E-010   2.1513373816657348E-010
  -7.8947249907559247E-009   3.8199223619756239E-010
   0.0000000000000000        0.0000000000000000     
          81  -6.4473276298155856E-010   2.1824380332080594E-010
  -8.0073120150034950E-009   4.0571292530598888E-010
   0.0000000000000000        0.0000000000000000     
          82  -7.8337178464628304E-010   2.2442151648655612E-010
  -8.1341485614372944E-009   4.3286859805996745E-010
   0.0000000000000000        0.0000000000000000     
          83  -9.2388767407138862E-010   2.3393162282604821E-010
  -8.2776766531693393E-009   4.6446065182734368E-010
   0.0000000000000000        0.0000000000000000     
          84  -1.0687389123022576E-009   2.4723417850380935E-010
  -8.4403709006658578E-009   5.0178618359096343E-010
   0.0000000000000000        0.0000000000000000     
          85  -1.2198163685095777E-009   2.6495982263399863E-010
  -8.6258272242633813E-009   5.4662811204974597E-010
   0.0000000000000000        0.0000000000000000     
          86  -1.3805108406707292E-009   2.8812047482799439E-010
  -8.8389770660013862E-009   6.0148673695056798E-010
   0.0000000000000000        0.0000000000000000     
          87  -1.5536215244696328E-009   3.1808103382384901E-010
  -9.0857670388773908E-009   6.6992722185174834E-010
   0.0000000000000000        0.0000000000000000     
          88  -1.7440086823964303E-009   3.5691159692552316E-010
  -9.3750338604462253E-009   7.5726536528284298E-010
   0.0000000000000000        0.0000000000000000     
          89  -1.9563394414132934E-009   4.0755134464022668E-010
  -9.7183325650452696E-009   8.7162452183960906E-010
   0.0000000000000000        0.0000000000000000     
          90  -2.1981335988652712E-009   4.7450770255194549E-010
  -1.0132133590596052E-008   1.0259821908414944E-009
   0.0000000000000000        0.0000000000000000     
          91  -2.4790860236718606E-009   5.6472176185989728E-010
  -1.0640319020407090E-008   1.2420654966075675E-009
   0.0000000000000000        0.0000000000000000     
          92  -2.8127523904452857E-009   6.8933694073260413E-010
  -1.1277660366242229E-008   1.5583449513067635E-009
   0.0000000000000000        0.0000000000000000     
          93  -3.2174012227489835E-009   8.6698560394346887E-010
  -1.2095068087452802E-008   2.0477424908051308E-009
   0.0000000000000000        0.0000000000000000     
          94  -3.7217470022098545E-009   1.1307022888686220E-009
  -1.3163120334152068E-008   2.8600943678372759E-009
   0.0000000000000000        0.0000000000000000     
          95  -4.3655058242156947E-009   1.5425050970052525E-009
  -1.4547007474717926E-008   4.3315505888081820E-009
   0.0000000000000000        0.0000000000000000     
          96  -5.2067056579111814E-009   2.2292202550182069E-009
  -1.6093258644627900E-008   7.2595016063908513E-009
   0.0000000000000000        0.0000000000000000     
          97  -6.3131986679503384E-009   3.4881415216775414E-009
  -1.6128156960499725E-008   1.3118958912313354E-008
   0.0000000000000000        0.0000000000000000     
          98  -7.5200602805809242E-009   6.1525398512998245E-009
  -9.0629523852821519E-009   1.9432494290638445E-008
   0.0000000000000000        0.0000000000000000     
          99  -6.6764892285062670E-009   1.1396879089601344E-008
  -1.4732053928474906E-010   1.6075635078647648E-008
   0.0000000000000000        0.0000000000000000     
         100   4.1435049308985225E-010   1.5182650459871100E-008
   2.3219647015806242E-009   1.0743351172197694E-008
   0.0000000000000000        0.0000000000000000     
         101   6.8356206158454063E-009   1.0829857889954329E-008
   2.3931532378566895E-009   6.6243516803932708E-009
   0.0000000000000000        0.0000000000000000     
         102   7.3861895905782590E-009   5.9749503111590408E-009
   1.1732576201471423E-009   4.0052668432258523E-009
   0.0000000000000000        0.0000000000000000     
         103   6.3097996385566740E-009   3.4245483170512298E-009
  -1.1683732897749413E-010   2.6240535042419792E-009
   0.0000000000000000        0.0000000000000000     
         104   5.2416417537688415E-009   2.1404787060779102E-009
  -1.1591205047957465E-009   1.8700968432919319E-009
   0.0000000000000000        0.0000000000000000     
         105   4.4007670042936449E-009   1.4415833734898105E-009
  -1.9734041234480734E-009   1.4253561951972913E-009
   0.0000000000000000        0.0000000000000000     
         106   3.7580008332212533E-009   1.0284445957629071E-009
  -2.6188294474625705E-009   1.1446089230250307E-009
   0.0000000000000000        0.0000000000000000     
         107   3.2606866298613301E-009   7.6678213889046473E-010
  -3.1426486110901024E-009   9.5775555376476722E-010
   0.0000000000000000        0.0000000000000000     
         108   2.8684112687733640E-009   5.9156768685458172E-010
  -3.5782733593899253E-009   8.2826787248672112E-010
   0.0000000000000000        0.0000000000000000     
         109   2.5521940159314668E-009   4.6887347853147188E-010
  -3.9486934512258107E-009   7.3574393997313489E-010
   0.0000000000000000        0.0000000000000000     
         110   2.2934005486409689E-009   3.7968965318147995E-010
  -4.2698800588798386E-009   6.6810625620056389E-010
   0.0000000000000000        0.0000000000000000     
         111   2.0775844991204572E-009   3.1287446354918659E-010
  -4.5535630403872153E-009   6.1787007834786379E-010
   0.0000000000000000        0.0000000000000000     
         112   1.8958172097527859E-009   2.6145637137570228E-010
  -4.8081988600169492E-009   5.8019727738647261E-010
   0.0000000000000000        0.0000000000000000     
         113   1.7406855532431100E-009   2.2099910967429040E-010
  -5.0398834725136982E-009   5.5184897786069713E-010
   0.0000000000000000        0.0000000000000000     
         114   1.6068800600643611E-009   1.8853718408597987E-010
  -5.2536268822916889E-009   5.3061708059414522E-010
   0.0000000000000000        0.0000000000000000     
         115   1.4907155734405619E-009   1.6201443944464450E-010
  -5.4532756571653324E-009   5.1495051463012214E-010
   0.0000000000000000        0.0000000000000000     
         116   1.3892631549322985E-009   1.3998800029065052E-010
  -5.6416577042372007E-009   5.0373180499798618E-010
   0.0000000000000000        0.0000000000000000     
         117   1.3000982923118399E-009   1.2142775713742588E-010
  -5.8211581250099915E-009   4.9615543844190567E-010
   0.0000000000000000        0.0000000000000000     
         118   1.2213187532381374E-009   1.0557618012274210E-010
  -5.9937831351520436E-009   4.9163516023260765E-010
   0.0000000000000000        0.0000000000000000     
         119   1.1514534334299406E-009   9.1863140035472577E-011
  -6.1612671547846291E-009   4.8974479155601373E-010
   0.0000000000000000        0.0000000000000000     
         120   1.0894101477522222E-009   7.9847841319292765E-011
  -6.3250730541662379E-009   4.9017485922099905E-010
   0.0000000000000000        0.0000000000000000     
         121   1.0342275962343857E-009   6.9194686233903244E-011
  -6.4864271941463454E-009   4.9270428925339138E-010
   0.0000000000000000        0.0000000000000000     
         122   9.8513362827345644E-010   5.9639673172414346E-011
  -6.6464829485271285E-009   4.9718708404376138E-010
   0.0000000000000000        0.0000000000000000     
         123   9.4150554369835324E-010   5.0972322508338691E-011
  -6.8061906635009734E-009   5.0353266880246366E-010
   0.0000000000000000        0.0000000000000000     
         124   9.0276504035468047E-010   4.3028635077121912E-011
  -6.9665225347155854E-009   5.1170677708398063E-010
   0.0000000000000000        0.0000000000000000     
         125   8.6846966278741745E-010   3.5673084074022210E-011
  -7.1283776159479750E-009   5.2172207729468171E-010
   0.0000000000000000        0.0000000000000000     
         126   8.3829543638785617E-010   2.8791943663001493E-011
  -7.2927758677250165E-009   5.3364483535967163E-010
   0.0000000000000000        0.0000000000000000     
         127   8.1191278562103422E-010   2.2297030276419877E-011
  -7.4606321315414985E-009   5.4758609451121923E-010
   0.0000000000000000        0.0000000000000000     
         128   7.8908217258207414E-010   1.6114411210572932E-011
  -7.6329425774132241E-009   5.6371443788614495E-010
   0.0000000000000000        0.0000000000000000     
         129   7.6949865442536475E-010   1.0193285008184175E-011
  -7.8107260119108995E-009   5.8226185099975529E-010
   0.0000000000000000        0.0000000000000000     
         130   7.5297983261909493E-010   4.4910215530698487E-012
  -7.9951397559108115E-009   6.0354233119252468E-010
   0.0000000000000000        0.0000000000000000     
         131   7.3933966860460011E-010  -1.0172295259736041E-012
  -8.1873738946803560E-009   6.2796789916171667E-010
   0.0000000000000000        0.0000000000000000     
         132   7.2851646679224453E-010  -6.3452806927832407E-012
  -8.3888881872494201E-009   6.5608980117701059E-010
   0.0000000000000000        0.0000000000000000     
         133   7.2034020749581970E-010  -1.1474964130198236E-011
  -8.6013563287757191E-009   6.8864261612045727E-010
   0.0000000000000000        0.0000000000000000     
         134   7.1472705440924000E-010  -1.6361090472789414E-011
  -8.8268408966570430E-009   7.2662289853290710E-010
   0.0000000000000000        0.0000000000000000     
         135   7.1145537152425150E-010  -2.0901580098916411E-011
  -9.0678091716309468E-009   7.7140092410807858E-010
   0.0000000000000000        0.0000000000000000     
         136   7.1023654778042301E-010  -2.4917524543362299E-011
  -9.3272333334841600E-009   8.2490330259361151E-010
   0.0000000000000000        0.0000000000000000     
         137   7.1072618793914224E-010  -2.8110787975319871E-011
  -9.6088075227058531E-009   8.8991769947417509E-010
   0.0000000000000000        0.0000000000000000     
         138   7.1275029724140595E-010  -3.0001659386566233E-011
  -9.9172529813378210E-009   9.7061363166535080E-010
   0.0000000000000000        0.0000000000000000     
