   262144.00000000000     
         256           1           3
   1.7567330116226543E-005  -3.8553127350719998        56.028443713300000     
   6.0401400154609997        12.000000000000000        5733.8999999999996     
           0   0.0000000000000000        0.0000000000000000     
   0.0000000000000000        0.0000000000000000     
   0.0000000000000000        0.0000000000000000     
           1   2.1853628004079259E-010   7.4306677971070353E-010
  -2.6406745430657341E-009  -6.7465221959837373E-010
   0.0000000000000000        0.0000000000000000     
           2   1.6375214250727496E-010   1.6638360087750877E-010
  -2.5560961170163508E-009  -9.7850548147017262E-011
   0.0000000000000000        0.0000000000000000     
           3   7.0239609159024305E-011   5.6822010062965803E-011
  -2.4458369493776907E-009   1.1595368062562861E-011
   0.0000000000000000        0.0000000000000000     
           4   2.5620815394534488E-011   2.6284709331475702E-011
  -2.3901363987583186E-009   4.2094196099759590E-011
   0.0000000000000000        0.0000000000000000     
           5   2.2523474108949735E-012   1.5033239784316634E-011
  -2.3588973216546220E-009   5.3388012716800260E-011
   0.0000000000000000        0.0000000000000000     
           6  -1.1527518385147583E-011   1.0094735780381232E-011
  -2.3393815351485262E-009   5.8433324222403126E-011
   0.0000000000000000        0.0000000000000000     
           7  -2.0546398201012267E-011   7.6774127251920671E-012
  -2.3261959809598566E-009   6.1008975337586923E-011
   0.0000000000000000        0.0000000000000000     
           8  -2.7013194813042300E-011   6.4201687116379128E-012
  -2.3168391325645239E-009   6.2469158306573838E-011
   0.0000000000000000        0.0000000000000000     
           9  -3.2049048737637919E-011   5.7590367659583555E-012
  -2.3099362849171065E-009   6.3371327414299013E-011
   0.0000000000000000        0.0000000000000000     
          10  -3.6260975278587192E-011   5.4318206897107854E-012
  -2.3047992198264364E-009   6.3976752845346269E-011
   0.0000000000000000        0.0000000000000000     
          11  -4.0002013593134081E-011   5.3062627222302447E-012
  -2.3009178016188103E-009   6.4412243323617299E-011
   0.0000000000000000        0.0000000000000000     
          12  -4.3500741841321581E-011   5.3131704421242586E-012
  -2.2980520309635067E-009   6.4749510583892161E-011
   0.0000000000000000        0.0000000000000000     
          13  -4.6897702223546199E-011   5.4120997139434622E-012
  -2.2959815777615866E-009   6.5026367097808095E-011
   0.0000000000000000        0.0000000000000000     
          14  -5.0285502711348925E-011   5.5787533213048026E-012
  -2.2945651658521033E-009   6.5265462078062742E-011
   0.0000000000000000        0.0000000000000000     
          15  -5.3750832859612617E-011   5.8019817516222382E-012
  -2.2937141410402278E-009   6.5481121633762596E-011
   0.0000000000000000        0.0000000000000000     
          16  -5.7342123409793861E-011   6.0725842202178051E-012
  -2.2933497634878405E-009   6.5681677431829799E-011
   0.0000000000000000        0.0000000000000000     
          17  -6.1098125181095541E-011   6.3850983588701842E-012
  -2.2934332695164620E-009   6.5873367344168759E-011
   0.0000000000000000        0.0000000000000000     
          18  -6.5069702956099901E-011   6.7394243751418918E-012
  -2.2938841038476451E-009   6.6057896986064847E-011
   0.0000000000000000        0.0000000000000000     
          19  -6.9285006008137842E-011   7.1339671875982214E-012
  -2.2946841185079514E-009   6.6238297172257999E-011
   0.0000000000000000        0.0000000000000000     
          20  -7.3776269416956945E-011   7.5692761425839058E-012
  -2.2958035674402051E-009   6.6415979672809427E-011
   0.0000000000000000        0.0000000000000000     
          21  -7.8574807272060759E-011   8.0467308408632995E-012
  -2.2972175092875629E-009   6.6591918243802291E-011
   0.0000000000000000        0.0000000000000000     
          22  -8.3710625592519483E-011   8.5681390338882901E-012
  -2.2989348246654426E-009   6.6768328421078886E-011
   0.0000000000000000        0.0000000000000000     
          23  -8.9218273418495327E-011   9.1363863553032519E-012
  -2.3008773081825306E-009   6.6943191000378297E-011
   0.0000000000000000        0.0000000000000000     
          24  -9.5129539664970763E-011   9.7540769067404103E-012
  -2.3030597615868971E-009   6.7119063841191080E-011
   0.0000000000000000        0.0000000000000000     
          25  -1.0147897300023433E-010   1.0424167501810827E-011
  -2.3054696072881277E-009   6.7297678961118893E-011
   0.0000000000000000        0.0000000000000000     
          26  -1.0830273522890303E-010   1.1149525420114904E-011
  -2.3080972501472661E-009   6.7481795027605154E-011
   0.0000000000000000        0.0000000000000000     
          27  -1.1564357956194505E-010   1.1933310199341193E-011
  -2.3109612773517523E-009   6.7676977926112408E-011
   0.0000000000000000        0.0000000000000000     
          28  -1.2353032391095141E-010   1.2775403927676234E-011
  -2.3140114657569035E-009   6.7887896178327045E-011
   0.0000000000000000        0.0000000000000000     
          29  -1.3200729613914502E-010   1.3675943595376451E-011
  -2.3172780722865956E-009   6.8126767166062030E-011
   0.0000000000000000        0.0000000000000000     
          30  -1.4111256265966233E-010   1.4630735388498706E-011
  -2.3207767380039336E-009   6.8411080841721662E-011
   0.0000000000000000        0.0000000000000000     
          31  -1.5088019553304893E-010   1.5629282142779721E-011
  -2.3245380508330363E-009   6.8768689662398969E-011
   0.0000000000000000        0.0000000000000000     
          32  -1.6133545407279712E-010   1.6650018245845331E-011
  -2.3286155265758680E-009   6.9244516018745561E-011
   0.0000000000000000        0.0000000000000000     
          33  -1.7248651117916311E-010   1.7651702203067294E-011
  -2.3330985421122109E-009   6.9912435138844810E-011
   0.0000000000000000        0.0000000000000000     
          34  -1.8431913443437078E-010   1.8558523681074087E-011
  -2.3381384554534668E-009   7.0897483286874298E-011
   0.0000000000000000        0.0000000000000000     
          35  -1.9673608139447968E-010   1.9223205649869444E-011
  -2.3439654898835215E-009   7.2417787251285491E-011
   0.0000000000000000        0.0000000000000000     
          36  -2.0956742232741213E-010   1.9368116035289801E-011
  -2.3509788662374104E-009   7.4874727084500174E-011
   0.0000000000000000        0.0000000000000000     
          37  -2.2245982922944664E-010   1.8430761662262778E-011
  -2.3598322629172078E-009   7.9050620601634926E-011
   0.0000000000000000        0.0000000000000000     
          38  -2.3476925160431026E-010   1.5198246215110663E-011
  -2.3716004644396119E-009   8.6595048873091012E-011
   0.0000000000000000        0.0000000000000000     
          39  -2.4547944343132484E-010   6.8101591342524789E-012
  -2.3879007011085873E-009   1.0134474021712281E-010
   0.0000000000000000        0.0000000000000000     
          40  -2.5399530573270829E-010  -1.4207287213321272E-011
  -2.4098720778319425E-009   1.3325110148195551E-010
   0.0000000000000000        0.0000000000000000     
          41  -2.6880490274377112E-010  -6.7816737392725168E-011
  -2.4267900770464056E-009   2.0884333922316138E-010
   0.0000000000000000        0.0000000000000000     
          42  -3.5870752345941094E-010  -1.7024557516398671E-010
  -2.3482975020153266E-009   3.5010272493422213E-010
   0.0000000000000000        0.0000000000000000     
          43  -5.6433158205271865E-010  -1.4926106923806330E-010
  -2.1202389900991247E-009   3.2986147498273864E-010
   0.0000000000000000        0.0000000000000000     
          44  -6.4906775609199663E-010  -3.1735032469411330E-011
  -2.0561316188547178E-009   1.8244526069573386E-010
   0.0000000000000000        0.0000000000000000     
          45  -6.8382088141407830E-010   3.4108878742559756E-011
  -2.0640414986152127E-009   1.0443683690903694E-010
   0.0000000000000000        0.0000000000000000     
          46  -7.2750019191094618E-010   7.2310760212824996E-011
  -2.0671174793390812E-009   6.4841354556386972E-011
   0.0000000000000000        0.0000000000000000     
          47  -7.8766322048580619E-010   1.0213875350020580E-010
  -2.0567333986137301E-009   3.8835873107842936E-011
   0.0000000000000000        0.0000000000000000     
          48  -8.6578520842378731E-010   1.3168527904191475E-010
  -2.0328488574910094E-009   1.6591618247630366E-011
   0.0000000000000000        0.0000000000000000     
          49  -9.6428059669347029E-010   1.6552569068882491E-010
  -1.9948980554493873E-009  -6.6503390305988232E-012
   0.0000000000000000        0.0000000000000000     
          50  -1.0874979608247678E-009   2.0776563496068404E-010
  -1.9407887171001463E-009  -3.4330925552440240E-011
   0.0000000000000000        0.0000000000000000     
          51  -1.2423611826724999E-009   2.6366593899384432E-010
  -1.8665790041019192E-009  -7.0223037824463602E-011
   0.0000000000000000        0.0000000000000000     
          52  -1.4395040815514410E-009   3.4139082039156583E-010
  -1.7658622479466344E-009  -1.1977803053997403E-010
   0.0000000000000000        0.0000000000000000     
          53  -1.6953840623942990E-009   4.5508237951799519E-010
  -1.6284355643311376E-009  -1.9218673343449208E-010
   0.0000000000000000        0.0000000000000000     
          54  -2.0357610935491116E-009   6.3148113535890670E-010
  -1.4382545161785426E-009  -3.0465037462305648E-010
   0.0000000000000000        0.0000000000000000     
          55  -2.5014119346776676E-009   9.2616864194157959E-010
  -1.1696984532940616E-009  -4.9276468637745615E-010
   0.0000000000000000        0.0000000000000000     
          56  -3.1533114948004885E-009   1.4682399381526419E-009
  -7.8501198391067232E-010  -8.3893491869726644E-010
   0.0000000000000000        0.0000000000000000     
          57  -4.0383163013635430E-009   2.5961528184190644E-009
  -2.5613395510954225E-010  -1.5586171864921988E-009
   0.0000000000000000        0.0000000000000000     
          58  -4.7839004122785661E-009   5.2287772780339866E-009
   1.7513698938786718E-010  -3.2340882797734304E-009
   0.0000000000000000        0.0000000000000000     
          59  -2.1456611703764671E-009   9.9775619544405754E-009
  -1.5573789518985141E-009  -6.2372018998566493E-009
   0.0000000000000000        0.0000000000000000     
          60   4.8465152627493857E-009   8.6976998753460835E-009
  -6.0282228996369134E-009  -5.3843425949423932E-009
   0.0000000000000000        0.0000000000000000     
          61   5.8919179318430111E-009   4.1536847088173110E-009
  -6.7020278849459117E-009  -2.4869398781273412E-009
   0.0000000000000000        0.0000000000000000     
          62   4.9184078800891877E-009   2.0575937662994199E-009
  -6.1067033201369364E-009  -1.1562212317366565E-009
   0.0000000000000000        0.0000000000000000     
          63   4.0542920217919383E-009   1.1578673693978741E-009
  -5.5890617991966954E-009  -5.8534587882238318E-010
   0.0000000000000000        0.0000000000000000     
          64   3.4400792467518195E-009   7.1776682179564346E-010
  -5.2342115757437503E-009  -3.0515493865917260E-010
   0.0000000000000000        0.0000000000000000     
          65   3.0038268307866695E-009   4.7526584049834430E-010
  -4.9957492569148461E-009  -1.4936789839066097E-010
   0.0000000000000000        0.0000000000000000     
          66   2.6857260946741558E-009   3.2876647166518694E-010
  -4.8349481655794588E-009  -5.3684766528096034E-011
   0.0000000000000000        0.0000000000000000     
          67   2.4473324352628001E-009   2.3374799727986389E-010
  -4.7274927955735057E-009   1.0044210301186123E-011
   0.0000000000000000        0.0000000000000000     
          68   2.2646155571527613E-009   1.6853160960568248E-010
  -4.6581553503288094E-009   5.5518862697005508E-011
   0.0000000000000000        0.0000000000000000     
          69   2.1220626354153674E-009   1.2163304846555116E-010
  -4.6173380756081257E-009   9.0017104288815421E-011
   0.0000000000000000        0.0000000000000000     
          70   2.0095085920646285E-009   8.6526561565897608E-011
  -4.5986889619220306E-009   1.1769069274178044E-010
   0.0000000000000000        0.0000000000000000     
          71   1.9202384805787984E-009   5.9275121789473593E-011
  -4.5982482376118220E-009   1.4107641619944190E-010
   0.0000000000000000        0.0000000000000000     
          72   1.8490875523879562E-009   3.7426121014299126E-011
  -4.6131707987895415E-009   1.6180437620636103E-010
   0.0000000000000000        0.0000000000000000     
          73   1.7928731500505186E-009   1.9331621560366686E-011
  -4.6418437791326321E-009   1.8100431614288654E-010
   0.0000000000000000        0.0000000000000000     
          74   1.7489723400152233E-009   3.8846239011388483E-012
  -4.6829420644279814E-009   1.9948961088393892E-010
   0.0000000000000000        0.0000000000000000     
          75   1.7155110087335296E-009  -9.7056434454383657E-012
  -4.7360506654278165E-009   2.1791782854226613E-010
   0.0000000000000000        0.0000000000000000     
          76   1.6913351041327037E-009  -2.2042104211567477E-011
  -4.8009687561375282E-009   2.3684504909827091E-010
   0.0000000000000000        0.0000000000000000     
          77   1.6754164213892192E-009  -3.3577402429417943E-011
  -4.8777698832018413E-009   2.5678691018190734E-010
   0.0000000000000000        0.0000000000000000     
          78   1.6670191509354629E-009  -4.4680897564490806E-011
  -4.9670305365717010E-009   2.7827397109911010E-010
   0.0000000000000000        0.0000000000000000     
          79   1.6657707179583245E-009  -5.5683437567109214E-011
  -5.0697100549775075E-009   3.0188648886230758E-010
   0.0000000000000000        0.0000000000000000     
          80   1.6715595596589432E-009  -6.6898673526639555E-011
  -5.1869391177069971E-009   3.2828607932471681E-010
   0.0000000000000000        0.0000000000000000     
          81   1.6841719043665499E-009  -7.8616543441544937E-011
  -5.3204772138141327E-009   3.5828473079525822E-010
   0.0000000000000000        0.0000000000000000     
          82   1.7040055793862818E-009  -9.1183887322449611E-011
  -5.4723960642757541E-009   3.9289327252871565E-010
   0.0000000000000000        0.0000000000000000     
          83   1.7311805395253592E-009  -1.0495801876315103E-010
  -5.6456982356532921E-009   4.3343620692488982E-010
   0.0000000000000000        0.0000000000000000     
          84   1.7665753898048698E-009  -1.2041347786013679E-010
  -5.8439591247716294E-009   4.8166289067419120E-010
   0.0000000000000000        0.0000000000000000     
          85   1.8107523185657223E-009  -1.3810227013666986E-010
  -6.0720122771502228E-009   5.3997074131848168E-010
   0.0000000000000000        0.0000000000000000     
          86   1.8650970785723490E-009  -1.5878891417887438E-010
  -6.3363218000379987E-009   6.1172363703675306E-010
   0.0000000000000000        0.0000000000000000     
          87   1.9312996110684244E-009  -1.8349527869092268E-010
  -6.6452214652270571E-009   7.0175452773340590E-010
   0.0000000000000000        0.0000000000000000     
          88   2.0114059409357418E-009  -2.1363668597271711E-010
  -7.0101816903076861E-009   8.1724870378538801E-010
   0.0000000000000000        0.0000000000000000     
          89   2.1083714308634672E-009  -2.5127073632112740E-010
  -7.4471192119399365E-009   9.6925595441624406E-010
   0.0000000000000000        0.0000000000000000     
          90   2.2262686190140665E-009  -2.9947501224908737E-010
  -7.9783142791724306E-009   1.1754565735928656E-009
   0.0000000000000000        0.0000000000000000     
          91   2.3711778837972679E-009  -3.6305081495133010E-010
  -8.6359974451376739E-009   1.4655363156745458E-009
   0.0000000000000000        0.0000000000000000     
          92   2.5505798914020362E-009  -4.4972304151324108E-010
  -9.4674297092842431E-009   1.8922429956615020E-009
   0.0000000000000000        0.0000000000000000     
          93   2.7760119681542351E-009  -5.7273438728249306E-010
  -1.0541937441410356E-008   2.5559207941403082E-009
   0.0000000000000000        0.0000000000000000     
          94   3.0639126985619995E-009  -7.5609397274320287E-010
  -1.1955057329338320E-008   3.6635342716644701E-009
   0.0000000000000000        0.0000000000000000     
          95   3.4356517267646181E-009  -1.0464489197801585E-009
  -1.3793698294732452E-008   5.6812188863606247E-009
   0.0000000000000000        0.0000000000000000     
          96   3.9092502762262593E-009  -1.5407645762172496E-009
  -1.5831157844340847E-008   9.7177250296703115E-009
   0.0000000000000000        0.0000000000000000     
          97   4.4455867265281491E-009  -2.4404663985605987E-009
  -1.5695138510691603E-008   1.7816140496406809E-008
   0.0000000000000000        0.0000000000000000     
          98   4.7653131701732532E-009  -4.0509003571365552E-009
  -5.5016093613182095E-009   2.6356540360310225E-008
   0.0000000000000000        0.0000000000000000     
          99   4.0040214952641098E-009  -6.6661409025881069E-009
   7.0232805122579394E-009   2.0844945907303383E-008
   0.0000000000000000        0.0000000000000000     
         100   1.4929537594139985E-010  -8.4894215325044769E-009
   9.5185103311607806E-009   1.2730910093842075E-008
   0.0000000000000000        0.0000000000000000     
         101  -3.2774758177390851E-009  -6.0088574462065955E-009
   8.6976491125647843E-009   7.5250472282813346E-009
   0.0000000000000000        0.0000000000000000     
         102  -3.5155656486289878E-009  -3.3163829886898265E-009
   6.9122204703571383E-009   4.5290918032903647E-009
   0.0000000000000000        0.0000000000000000     
         103  -2.8826614549185124E-009  -1.9060356290373739E-009
   5.2718982881255401E-009   2.9496886673297609E-009
   0.0000000000000000        0.0000000000000000     
         104  -2.2642913893224539E-009  -1.1974340032506551E-009
   3.9853708966212597E-009   2.0713190350759283E-009
   0.0000000000000000        0.0000000000000000     
         105  -1.7775940382933681E-009  -8.1326794800853723E-010
   2.9902828146914372E-009   1.5436484462571943E-009
   0.0000000000000000        0.0000000000000000     
         106  -1.4024059591044712E-009  -5.8779678529594850E-010
   2.2068123468514760E-009   1.2053259947711372E-009
   0.0000000000000000        0.0000000000000000     
         107  -1.1090290710552747E-009  -4.4655097503553963E-010
   1.5754831361085840E-009   9.7706276637021305E-010
   0.0000000000000000        0.0000000000000000     
         108  -8.7390761894570070E-010  -3.5347868738444504E-010
   1.0550007753212422E-009   8.1683633785169395E-010
   0.0000000000000000        0.0000000000000000     
         109  -6.8081851345726797E-010  -2.8973475617694352E-010
   6.1696823309358690E-010   7.0084114227554951E-010
   0.0000000000000000        0.0000000000000000     
         110  -5.1870260516405421E-010  -2.4479821957780045E-010
   2.4143364602159883E-010   6.1482629263795172E-010
   0.0000000000000000        0.0000000000000000     
         111  -3.7950374244044037E-010  -2.1248727590352953E-010
  -8.5747144679719351E-011   5.4985251459671601E-010
   0.0000000000000000        0.0000000000000000     
         112  -2.5760657790582092E-010  -1.8898309575391956E-010
  -3.7528318518825255E-010   5.0011091606776432E-010
   0.0000000000000000        0.0000000000000000     
         113  -1.4901214260565719E-010  -1.7183345588472240E-010
  -6.3476221438265374E-010   4.6167737197488138E-010
   0.0000000000000000        0.0000000000000000     
         114  -5.0607871280585582E-011  -1.5942707837263834E-010
  -8.7041073020699268E-010   4.3185690831839706E-010
   0.0000000000000000        0.0000000000000000     
         115   4.0181339797070561E-011  -1.5068811540678135E-010
  -1.0867018545154325E-009   4.0872889904297034E-010
   0.0000000000000000        0.0000000000000000     
         116   1.2496869240401518E-010  -1.4485176260395002E-010
  -1.2873388541985809E-009   3.9091523043440267E-010
   0.0000000000000000        0.0000000000000000     
         117   2.0536824702479803E-010  -1.4140813901456810E-010
  -1.4753870259850872E-009   3.7741066480112123E-010
   0.0000000000000000        0.0000000000000000     
         118   2.8274263609930396E-010  -1.4000942583772547E-010
  -1.6532127483904312E-009   3.6746461038537208E-010
   0.0000000000000000        0.0000000000000000     
         119   3.5810593643535803E-010  -1.4041332349065983E-010
  -1.8227328228449598E-009   3.6051392395253684E-010
   0.0000000000000000        0.0000000000000000     
         120   4.3233512000858417E-010  -1.4246544709550737E-010
  -1.9857098221680613E-009   3.5614230502466927E-010
   0.0000000000000000        0.0000000000000000     
         121   5.0632538916083177E-010  -1.4608984091599054E-010
  -2.1436088073312437E-009   3.5403673193248598E-010
   0.0000000000000000        0.0000000000000000     
         122   5.8088543536375172E-010  -1.5126817838093170E-010
  -2.2977294667274390E-009   3.5396686756879400E-010
   0.0000000000000000        0.0000000000000000     
         123   6.5687190445808889E-010  -1.5804234728496325E-010
  -2.4491550750415695E-009   3.5576404103413042E-010
   0.0000000000000000        0.0000000000000000     
         124   7.3503011359836229E-010  -1.6649927873391300E-010
  -2.5988738904020986E-009   3.5931326991098571E-010
   0.0000000000000000        0.0000000000000000     
         125   8.1620284412887437E-010  -1.7678782912778237E-010
  -2.7478031734113104E-009   3.6454501710690643E-010
   0.0000000000000000        0.0000000000000000     
         126   9.0127772313474020E-010  -1.8911984195337293E-010
  -2.8969263546994880E-009   3.7143498772166540E-010
   0.0000000000000000        0.0000000000000000     
         127   9.9121073421741600E-010  -2.0378163698677871E-010
  -3.0470697820754091E-009   3.7999044395997265E-010
   0.0000000000000000        0.0000000000000000     
         128   1.0870700783562976E-009  -2.2115280823398414E-010
  -3.1990841300037526E-009   3.9025659489566211E-010
   0.0000000000000000        0.0000000000000000     
         129   1.1901433894367483E-009  -2.4173725332250461E-010
  -3.3537323252689231E-009   4.0231211189707475E-010
   0.0000000000000000        0.0000000000000000     
         130   1.3019365803661918E-009  -2.6619708951629015E-010
  -3.5118783480266551E-009   4.1628003488278968E-010
   0.0000000000000000        0.0000000000000000     
         131   1.4243097447153990E-009  -2.9541244710256785E-010
  -3.6744984028641410E-009   4.3233344543882628E-010
   0.0000000000000000        0.0000000000000000     
         132   1.5593210386998526E-009  -3.3054499672557222E-010
  -3.8425888667291072E-009   4.5070010743762310E-010
   0.0000000000000000        0.0000000000000000     
         133   1.7096258328591825E-009  -3.7317815599950885E-010
  -4.0172023906688341E-009   4.7167749082062247E-010
   0.0000000000000000        0.0000000000000000     
         134   1.8785734777311758E-009  -4.2549587919631915E-010
  -4.1994280656711832E-009   4.9565252928861655E-010
   0.0000000000000000        0.0000000000000000     
         135   2.0705630026802327E-009  -4.9057800929405636E-010
  -4.3906383287566783E-009   5.2314389858483771E-010
   0.0000000000000000        0.0000000000000000     
         136   2.2910738419167787E-009  -5.7284193897688141E-010
  -4.5924867093381705E-009   5.5485181344139457E-010
   0.0000000000000000        0.0000000000000000     
         137   2.5471409283295114E-009  -6.7880943148008482E-010
  -4.8067828796210878E-009   5.9173397850386884E-010
   0.0000000000000000        0.0000000000000000     
         138   2.8484901209702254E-009  -8.1845341561677318E-010
  -5.0355962069101517E-009   6.3514704117533046E-010
   0.0000000000000000        0.0000000000000000     
