   262144.00000000000     
         256           1           3
   1.7567330116226543E-005   51.164887766128999        59.692950296100001     
   6.0401400154609997        12.000000000000000        5733.8999999999996     
           0   0.0000000000000000        0.0000000000000000     
   0.0000000000000000        0.0000000000000000     
   0.0000000000000000        0.0000000000000000     
           1   0.0000000000000000        0.0000000000000000     
  -2.8395139884352208E-009   2.4840041477050570E-010
   2.2750356718361494E-009   1.0403865302415575E-011
           2   0.0000000000000000        0.0000000000000000     
  -2.7902891995837462E-009   1.0505095340372238E-010
   2.2608522685969909E-009  -3.4855301988794112E-011
           3   0.0000000000000000        0.0000000000000000     
  -2.7957834456542291E-009   7.5393347349382826E-011
   2.2420849749531391E-009  -4.4000498205378561E-011
           4   0.0000000000000000        0.0000000000000000     
  -2.7956308560024043E-009   6.7149288462669011E-011
   2.2305288392508936E-009  -4.6440617204191587E-011
           5   0.0000000000000000        0.0000000000000000     
  -2.7931428203534384E-009   6.4042800654977086E-011
   2.2227570128315364E-009  -4.7329909644823165E-011
           6   0.0000000000000000        0.0000000000000000     
  -2.7900829939250392E-009   6.2627152258882385E-011
   2.2171565591734524E-009  -4.7742384274257401E-011
           7   0.0000000000000000        0.0000000000000000     
  -2.7870914169346075E-009   6.1903202144309078E-011
   2.2129665067567882E-009  -4.7981387401936079E-011
           8   0.0000000000000000        0.0000000000000000     
  -2.7843950153621730E-009   6.1510402842427544E-011
   2.2097840725792612E-009  -4.8152348029100610E-011
           9   0.0000000000000000        0.0000000000000000     
  -2.7820672259618270E-009   6.1296663453190767E-011
   2.2073740219066001E-009  -4.8297535045342108E-011
          10   0.0000000000000000        0.0000000000000000     
  -2.7801224841547839E-009   6.1189899896421896E-011
   2.2055881345956142E-009  -4.8435712527107523E-011
          11   0.0000000000000000        0.0000000000000000     
  -2.7785526594818801E-009   6.1152725710997492E-011
   2.2043274378380280E-009  -4.8575858304137201E-011
          12   0.0000000000000000        0.0000000000000000     
  -2.7773418055606873E-009   6.1164314971188939E-011
   2.2035228301029685E-009  -4.8722520473815066E-011
          13   0.0000000000000000        0.0000000000000000     
  -2.7764722801731846E-009   6.1212383109761736E-011
   2.2031243769258951E-009  -4.8878113374167401E-011
          14   0.0000000000000000        0.0000000000000000     
  -2.7759272551353352E-009   6.1289344489062070E-011
   2.2030950265989786E-009  -4.9043976787875737E-011
          15   0.0000000000000000        0.0000000000000000     
  -2.7756916657304342E-009   6.1390344787411590E-011
   2.2034067303663087E-009  -4.9220894213898300E-011
          16   0.0000000000000000        0.0000000000000000     
  -2.7757524780006775E-009   6.1512195536479434E-011
   2.2040379444832338E-009  -4.9409358839702645E-011
          17   0.0000000000000000        0.0000000000000000     
  -2.7760986639724925E-009   6.1652769051898272E-011
   2.2049719642089780E-009  -4.9609715463370463E-011
          18   0.0000000000000000        0.0000000000000000     
  -2.7767210617074638E-009   6.1810640485379423E-011
   2.2061957789992797E-009  -4.9822238713553062E-011
          19   0.0000000000000000        0.0000000000000000     
  -2.7776122006891847E-009   6.1984868489748807E-011
   2.2076992656873934E-009  -5.0047177372513774E-011
          20   0.0000000000000000        0.0000000000000000     
  -2.7787661283426041E-009   6.2174856718631835E-011
   2.2094746075658774E-009  -5.0284780140333989E-011
          21   0.0000000000000000        0.0000000000000000     
  -2.7801782525922232E-009   6.2380264135432904E-011
   2.2115158685196741E-009  -5.0535311019439903E-011
          22   0.0000000000000000        0.0000000000000000     
  -2.7818452055137949E-009   6.2600945740592553E-011
   2.2138186761588202E-009  -5.0799058816996967E-011
          23   0.0000000000000000        0.0000000000000000     
  -2.7837647286056341E-009   6.2836912830328022E-011
   2.2163799832729300E-009  -5.1076343302652172E-011
          24   0.0000000000000000        0.0000000000000000     
  -2.7859355783402540E-009   6.3088306147732961E-011
   2.2191978866936824E-009  -5.1367519491631393E-011
          25   0.0000000000000000        0.0000000000000000     
  -2.7883574499751987E-009   6.3355377787330800E-011
   2.2222714890515020E-009  -5.1672980922581358E-011
          26   0.0000000000000000        0.0000000000000000     
  -2.7910309174983961E-009   6.3638479211585130E-011
   2.2256007931637787E-009  -5.1993162456882163E-011
          27   0.0000000000000000        0.0000000000000000     
  -2.7939573877898370E-009   6.3938053667788061E-011
   2.2291866217072731E-009  -5.2328542927723667E-011
          28   0.0000000000000000        0.0000000000000000     
  -2.7971390672665832E-009   6.4254631880245272E-011
   2.2330305568585447E-009  -5.2679647850740593E-011
          29   0.0000000000000000        0.0000000000000000     
  -2.8005789396825571E-009   6.4588830271581389E-011
   2.2371348959863712E-009  -5.3047052340455938E-011
          30   0.0000000000000000        0.0000000000000000     
  -2.8042807539605035E-009   6.4941351221863226E-011
   2.2415026205260003E-009  -5.3431384337239126E-011
          31   0.0000000000000000        0.0000000000000000     
  -2.8082490211719349E-009   6.5312985047803843E-011
   2.2461373759354170E-009  -5.3833328228192240E-011
          32   0.0000000000000000        0.0000000000000000     
  -2.8124890201011938E-009   6.5704613501918149E-011
   2.2510434611577698E-009  -5.4253628936119169E-011
          33   0.0000000000000000        0.0000000000000000     
  -2.8170068109428614E-009   6.6117214684482865E-011
   2.2562258264791483E-009  -5.4693096547142007E-011
          34   0.0000000000000000        0.0000000000000000     
  -2.8218092569259985E-009   6.6551869325874826E-011
   2.2616900789879563E-009  -5.5152611551023302E-011
          35   0.0000000000000000        0.0000000000000000     
  -2.8269040538225553E-009   6.7009768451917764E-011
   2.2674424951015321E-009  -5.5633130774499984E-011
          36   0.0000000000000000        0.0000000000000000     
  -2.8322997674261376E-009   6.7492222492261187E-011
   2.2734900398720359E-009  -5.6135694098059420E-011
          37   0.0000000000000000        0.0000000000000000     
  -2.8380058793032158E-009   6.8000671933069739E-011
   2.2798403929359805E-009  -5.6661432059766902E-011
          38   0.0000000000000000        0.0000000000000000     
  -2.8440328412255830E-009   6.8536699657034437E-011
   2.2865019811668020E-009  -5.7211574466389871E-011
          39   0.0000000000000000        0.0000000000000000     
  -2.8503921388836194E-009   6.9102045157401184E-011
   2.2934840182237144E-009  -5.7787460151260608E-011
          40   0.0000000000000000        0.0000000000000000     
  -2.8570961859581455E-009   6.9698617040833757E-011
   2.3007979649833097E-009  -5.8390578065827656E-011
          41   0.0000000000000000        0.0000000000000000     
  -2.8641591276677359E-009   7.0328527000626073E-011
   2.3084519291592668E-009  -5.9022459751939486E-011
          42   0.0000000000000000        0.0000000000000000     
  -2.8715958594177617E-009   7.0994088353413149E-011
   2.3164592112585918E-009  -5.9684873813204953E-011
          43   0.0000000000000000        0.0000000000000000     
  -2.8794228561714747E-009   7.1697855886686142E-011
   2.3248327209787621E-009  -6.0379722093919751E-011
          44   0.0000000000000000        0.0000000000000000     
  -2.8876581184021636E-009   7.2442650251762128E-011
   2.3335864736456685E-009  -6.1109088332799072E-011
          45   0.0000000000000000        0.0000000000000000     
  -2.8963213149904042E-009   7.3231590395342640E-011
   2.3427356840446525E-009  -6.1875259478480681E-011
          46   0.0000000000000000        0.0000000000000000     
  -2.9054339456660848E-009   7.4068130916575122E-011
   2.3522968731419675E-009  -6.2680750151302453E-011
          47   0.0000000000000000        0.0000000000000000     
  -2.9150195257763826E-009   7.4956105196412705E-011
   2.3622879894418773E-009  -6.3528330791386328E-011
          48   0.0000000000000000        0.0000000000000000     
  -2.9251037966604627E-009   7.5899775317882224E-011
   2.3727285470434942E-009  -6.4421060141076390E-011
          49   0.0000000000000000        0.0000000000000000     
  -2.9357149655442494E-009   7.6903890007524291E-011
   2.3836397828515919E-009  -6.5362322842530323E-011
          50   0.0000000000000000        0.0000000000000000     
  -2.9468839795819297E-009   7.7973752088523174E-011
   2.3950448358781988E-009  -6.6355873095995777E-011
          51   0.0000000000000000        0.0000000000000000     
  -2.9586448395725136E-009   7.9115297258619039E-011
   2.4069689521220815E-009  -6.7405885526612258E-011
          52   0.0000000000000000        0.0000000000000000     
  -2.9710349599641765E-009   8.0335186406661574E-011
   2.4194397192034591E-009  -6.8517014661105397E-011
          53   0.0000000000000000        0.0000000000000000     
  -2.9840955830545470E-009   8.1640914184713980E-011
   2.4324873357687957E-009  -6.9694464731781703E-011
          54   0.0000000000000000        0.0000000000000000     
  -2.9978722569319497E-009   8.3040937182573363E-011
   2.4461449216925794E-009  -7.0944071923214854E-011
          55   0.0000000000000000        0.0000000000000000     
  -3.0124153886745334E-009   8.4544825851270012E-011
   2.4604488763668107E-009  -7.2272401679832548E-011
          56   0.0000000000000000        0.0000000000000000     
  -3.0277808867911365E-009   8.6163445336484143E-011
   2.4754392939157273E-009  -7.3686864332413159E-011
          57   0.0000000000000000        0.0000000000000000     
  -3.0440309099619782E-009   8.7909171682870143E-011
   2.4911604461123752E-009  -7.5195853119963367E-011
          58   0.0000000000000000        0.0000000000000000     
  -3.0612347429521061E-009   8.9796151542513653E-011
   2.5076613461956136E-009  -7.6808909736565420E-011
          59   0.0000000000000000        0.0000000000000000     
  -3.0794698254294658E-009   9.1840615689380131E-011
   2.5249964098209276E-009  -7.8536923898189333E-011
          60   0.0000000000000000        0.0000000000000000     
  -3.0988229655182838E-009   9.4061259470820754E-011
   2.5432262332487788E-009  -8.0392375206082913E-011
          61   0.0000000000000000        0.0000000000000000     
  -3.1193917777232652E-009   9.6479707047505155E-011
   2.5624185137777658E-009  -8.2389627924426677E-011
          62   0.0000000000000000        0.0000000000000000     
  -3.1412863948767544E-009   9.9121081201278453E-011
   2.5826491437362597E-009  -8.4545292392791552E-011
          63   0.0000000000000000        0.0000000000000000     
  -3.1646315166719755E-009   1.0201470707337221E-010
   2.6040035174876176E-009  -8.6878670936105678E-011
          64   0.0000000000000000        0.0000000000000000     
  -3.1895688741840031E-009   1.0519498706421131E-010
   2.6265781014964550E-009  -8.9412311716595186E-011
          65   0.0000000000000000        0.0000000000000000     
  -3.2162602118319943E-009   1.0870249618444563E-010
   2.6504823313912388E-009  -9.2172701559620053E-011
          66   0.0000000000000000        0.0000000000000000     
  -3.2448909174090134E-009   1.1258536370256399E-010
   2.6758409183138148E-009  -9.5191139202712398E-011
          67   0.0000000000000000        0.0000000000000000     
  -3.2756743844832153E-009   1.1690102809491833E-010
   2.7028098706595063E-009  -9.8505124918769753E-011
          68   0.0000000000000000        0.0000000000000000     
  -3.3088578403534294E-009   1.2171849717347216E-010
   2.7315271733151687E-009  -1.0215866234430333E-010
          69   0.0000000000000000        0.0000000000000000     
  -3.3447286541851235E-009   1.2712125302131245E-010
   2.7621963071061989E-009  -1.0620577837380707E-010
          70   0.0000000000000000        0.0000000000000000     
  -3.3836232204212151E-009   1.3321107036440781E-010
   2.7950388509251948E-009  -1.1071180604256560E-010
          71   0.0000000000000000        0.0000000000000000     
  -3.4259376651139686E-009   1.4011304944566143E-010
   2.8303145045834885E-009  -1.1575683799516573E-010
          72   0.0000000000000000        0.0000000000000000     
  -3.4721416028408249E-009   1.4798234387601240E-010
   2.8683297786460695E-009  -1.2143996552892497E-010
          73   0.0000000000000000        0.0000000000000000     
  -3.5227958460637852E-009   1.5701326341884992E-010
   2.9094491734761177E-009  -1.2788501221460754E-010
          74   0.0000000000000000        0.0000000000000000     
  -3.5785754469469041E-009   1.6745175743244703E-010
   2.9541097158483382E-009  -1.3524839479898108E-010
          75   0.0000000000000000        0.0000000000000000     
  -3.6403001906574479E-009   1.7961280625198762E-010
   3.0028537577906755E-009  -1.4373036014623189E-010
          76   0.0000000000000000        0.0000000000000000     
  -3.7089743924997900E-009   1.9390516068694574E-010
   3.0562997733812429E-009  -1.5358940541641184E-010
          77   0.0000000000000000        0.0000000000000000     
  -3.7858418405869245E-009   2.1086682634408987E-010
   3.1152584064409392E-009  -1.6516633785967447E-010
          78   0.0000000000000000        0.0000000000000000     
  -3.8724600719273381E-009   2.3121655747820953E-010
   3.1807249620120113E-009  -1.7891552639106957E-010
          79   0.0000000000000000        0.0000000000000000     
  -3.9708043578510956E-009   2.5593279305092793E-010
   3.2539584537499370E-009  -1.9545485631281990E-010
          80   0.0000000000000000        0.0000000000000000     
  -4.0834138346939207E-009   2.8637419257568530E-010
   3.3365712964192288E-009  -2.1564151614329928E-010
          81   0.0000000000000000        0.0000000000000000     
  -4.2136004099198937E-009   3.2447038799307434E-010
   3.4306699853373229E-009  -2.4069219779017888E-010
          82   0.0000000000000000        0.0000000000000000     
  -4.3657575987032543E-009   3.7303389776580208E-010
   3.5390356558757158E-009  -2.7237902514197614E-010
          83   0.0000000000000000        0.0000000000000000     
  -4.5458155577912917E-009   4.3628804996063716E-010
   3.6654195997507012E-009  -3.1336184808107748E-010
          84   0.0000000000000000        0.0000000000000000     
  -4.7619286534173605E-009   5.2079780814876955E-010
   3.8149521916560830E-009  -3.6777327814307956E-010
          85   0.0000000000000000        0.0000000000000000     
  -5.0255141341962036E-009   6.3718930499541789E-010
   3.9948818579141555E-009  -4.4230216248769789E-010
          86   0.0000000000000000        0.0000000000000000     
  -5.3527919502463640E-009   8.0350132647078470E-010
   4.2153935655189660E-009  -5.4829859934599785E-010
          87   0.0000000000000000        0.0000000000000000     
  -5.7668452097949359E-009   1.0521278010790522E-009
   4.4910817865148342E-009  -7.0614473575664269E-010
          88   0.0000000000000000        0.0000000000000000     
  -6.2992362617352104E-009   1.4451912018602422E-009
   4.8418005268635123E-009  -9.5492155330999954E-010
          89   0.0000000000000000        0.0000000000000000     
  -6.9847862144515847E-009   2.1108179208254111E-009
   5.2895563268724004E-009  -1.3752308526420205E-009
          90   0.0000000000000000        0.0000000000000000     
  -7.8145004773593805E-009   3.3304888961426986E-009
   5.8285829109521623E-009  -2.1441345385675660E-009
          91   0.0000000000000000        0.0000000000000000     
  -8.4654008349349264E-009   5.7019888497264399E-009
   6.2557801257697980E-009  -3.6376622606824267E-009
          92   0.0000000000000000        0.0000000000000000     
  -7.2004446951912445E-009   9.7707171362111443E-009
   5.4785918484256168E-009  -6.1988929968811110E-009
          93   0.0000000000000000        0.0000000000000000     
  -1.3746650206894934E-009   1.1969016325590195E-008
   1.8333461950292212E-009  -7.5836819831041724E-009
          94   0.0000000000000000        0.0000000000000000     
   3.0901659774218188E-009   8.3074240829253319E-009
  -9.5495691176355100E-010  -5.2825575678466133E-009
          95   0.0000000000000000        0.0000000000000000     
   3.3611620130093328E-009   4.6924972899072050E-009
  -1.1043447303332426E-009  -3.0109124214893812E-009
          96   0.0000000000000000        0.0000000000000000     
   2.5316053010206559E-009   2.7711489382447845E-009
  -5.6066200167654923E-010  -1.8047065406281888E-009
          97   0.0000000000000000        0.0000000000000000     
   1.7134913878931197E-009   1.7806839217647340E-009
  -2.3083587271605651E-011  -1.1842002818728396E-009
          98   0.0000000000000000        0.0000000000000000     
   1.0638588447055072E-009   1.2313919532225516E-009
   4.0950035729078992E-010  -8.4136123598042140E-010
          99   0.0000000000000000        0.0000000000000000     
   5.6232058849453213E-010   9.0237461632182432E-010
   7.5004604746106557E-010  -6.3725327456068929E-010
         100   0.0000000000000000        0.0000000000000000     
   1.7112978019758345E-010   6.9212859888633452E-010
   1.0223581884314867E-009  -5.0804289202763597E-010
         101   0.0000000000000000        0.0000000000000000     
  -1.3980902920669652E-010   5.5058523510669816E-010
   1.2454462736855148E-009  -4.2225231853108198E-010
         102   0.0000000000000000        0.0000000000000000     
  -3.9186843362153300E-010   4.5120647001782758E-010
   1.4328400923491319E-009  -3.6320712709321621E-010
         103   0.0000000000000000        0.0000000000000000     
  -5.9996333937719240E-010   3.7900940501311966E-010
   1.5940154295779277E-009  -3.2150362980122329E-010
         104   0.0000000000000000        0.0000000000000000     
  -7.7459796839242623E-010   3.2506865299257514E-010
   1.7356826589256496E-009  -2.9155104074203061E-010
         105   0.0000000000000000        0.0000000000000000     
  -9.2329928202543032E-010   2.8382054959612067E-010
   1.8626895214380872E-009  -2.6987614125425016E-010
         106   0.0000000000000000        0.0000000000000000     
  -1.0515658837802423E-009   2.5166086070804938E-010
   1.9786192983352756E-009  -2.5424166063536482E-010
         107   0.0000000000000000        0.0000000000000000     
  -1.1634920019449569E-009   2.2617670303177654E-010
   2.0861983499059640E-009  -2.4316396862498632E-010
         108   0.0000000000000000        0.0000000000000000     
  -1.2621810527143154E-009   2.0570651491245531E-010
   2.1875037939257341E-009  -2.3563578618782507E-010
         109   0.0000000000000000        0.0000000000000000     
  -1.3500259229548907E-009   1.8907795446912065E-010
   2.2842231139927402E-009  -2.3096382699055023E-010
         110   0.0000000000000000        0.0000000000000000     
  -1.4289002240640540E-009   1.7544631499479163E-010
   2.3777226268690489E-009  -2.2866694736881771E-010
         111   0.0000000000000000        0.0000000000000000     
  -1.5002926094103481E-009   1.6419190882062616E-010
   2.4691482881557114E-009  -2.2841302773702698E-010
         112   0.0000000000000000        0.0000000000000000     
  -1.5654022755390253E-009   1.5485315602283520E-010
   2.5594890313931287E-009  -2.2997827359691255E-010
         113   0.0000000000000000        0.0000000000000000     
  -1.6252081144894612E-009   1.4708194303893308E-010
   2.6496241385733811E-009  -2.3322083686884465E-010
         114   0.0000000000000000        0.0000000000000000     
  -1.6805196254483484E-009   1.4061324424170396E-010
   2.7403598769867627E-009  -2.3806380358462309E-010
         115   0.0000000000000000        0.0000000000000000     
  -1.7320150170872095E-009   1.3524410663213532E-010
   2.8324589886597939E-009  -2.4448457377478621E-010
         116   0.0000000000000000        0.0000000000000000     
  -1.7802702037229228E-009   1.3081892878450615E-010
   2.9266655775569216E-009  -2.5250884524397719E-010
         117   0.0000000000000000        0.0000000000000000     
  -1.8257812666502301E-009   1.2721907445779569E-010
   3.0237272891908358E-009  -2.6220815709964177E-010
         118   0.0000000000000000        0.0000000000000000     
  -1.8689825013073725E-009   1.2435555839871892E-010
   3.1244141839357233E-009  -2.7370040403967577E-010
         119   0.0000000000000000        0.0000000000000000     
  -1.9102595764815051E-009   1.2216394256002897E-010
   3.2295482678677230E-009  -2.8715343785855798E-010
         120   0.0000000000000000        0.0000000000000000     
  -1.9499632733163086E-009   1.2060102470285420E-010
   3.3400132742449952E-009  -3.0279138527819910E-010
         121   0.0000000000000000        0.0000000000000000     
  -1.9884185081644538E-009   1.1964286118517067E-010
   3.4567875020349012E-009  -3.2090499445059162E-010
         122   0.0000000000000000        0.0000000000000000     
  -2.0259338155149534E-009   1.1928387503715765E-010
   3.5809701784988379E-009  -3.4186463818109026E-010
         123   0.0000000000000000        0.0000000000000000     
  -2.0628102312206492E-009   1.1953724635379420E-010
   3.7138175017362698E-009  -3.6613996424720359E-010
         124   0.0000000000000000        0.0000000000000000     
  -2.0993501056696256E-009   1.2043668165440286E-010
   3.8567635263672623E-009  -3.9432765039344634E-010
         125   0.0000000000000000        0.0000000000000000     
  -2.1358657062286190E-009   1.2203949925281276E-010
   4.0115581751711966E-009  -4.2719045283372307E-010
         126   0.0000000000000000        0.0000000000000000     
  -2.1726904448027858E-009   1.2443167837323625E-010
   4.1802080119588621E-009  -4.6570668393555540E-010
         127   0.0000000000000000        0.0000000000000000     
  -2.2101905033931490E-009   1.2773552272303687E-010
   4.3651498783204477E-009  -5.1114590644954334E-010
         128   0.0000000000000000        0.0000000000000000     
  -2.2487799712316953E-009   1.3212110518950516E-010
   4.5693459905890625E-009  -5.6517426205749563E-010
         129   0.0000000000000000        0.0000000000000000     
  -2.2889396653330893E-009   1.3782329970601511E-010
   4.7964166630865995E-009  -6.3000803629398749E-010
         130   0.0000000000000000        0.0000000000000000     
  -2.3312430215776325E-009   1.4516741913098688E-010
   5.0509370938352800E-009  -7.0864427841950909E-010
         131   0.0000000000000000        0.0000000000000000     
  -2.3763878349920279E-009   1.5460834105402900E-010
   5.3385879427012801E-009  -8.0520518978019116E-010
         132   0.0000000000000000        0.0000000000000000     
  -2.4252416766424216E-009   1.6679167025350180E-010
   5.6666344814805747E-009  -9.2548022397437831E-010
         133   0.0000000000000000        0.0000000000000000     
  -2.4789047801373852E-009   1.8265175511290844E-010
   6.0444239930623052E-009  -1.0777889686068854E-009
         134   0.0000000000000000        0.0000000000000000     
  -2.5387899198495922E-009   2.0357330583441755E-010
   6.4841273977324552E-009  -1.2744049829477976E-009
         135   0.0000000000000000        0.0000000000000000     
  -2.6067328894070621E-009   2.3166722178313943E-010
   7.0017127349439570E-009  -1.5339828283956260E-009
         136   0.0000000000000000        0.0000000000000000     
  -2.6851231645211119E-009   2.7025856350903871E-010
   7.6179870350011351E-009  -1.8858479465740121E-009
         137   0.0000000000000000        0.0000000000000000     
  -2.7770092853673155E-009   3.2478415747036760E-010
   8.3596080472825529E-009  -2.3778923327553103E-009
         138   0.0000000000000000        0.0000000000000000     
  -2.8860119309801459E-009   4.0450888174297513E-010
   9.2583535262873725E-009  -3.0916675545370985E-009
