   262144.00000000000     
         256           1           3
   1.7567330116226543E-005  -11.098339920101999        85.396172594000006     
   6.0401400154609997        12.000000000000000        5733.8999999999996     
           0   0.0000000000000000        0.0000000000000000     
   0.0000000000000000        0.0000000000000000     
   0.0000000000000000        0.0000000000000000     
           1   0.0000000000000000        0.0000000000000000     
   4.6846149181499936E-010  -6.0524443903792737E-011
   2.7860604228112978E-009  -4.9101357915841989E-012
           2   0.0000000000000000        0.0000000000000000     
   4.5797853708107588E-010  -2.1928704767023299E-011
   2.7666946762259635E-009  -4.6956305351010899E-011
           3   0.0000000000000000        0.0000000000000000     
   4.6103961794207814E-010  -1.3961907128833610E-011
   2.7458636056819088E-009  -5.5461779294011294E-011
           4   0.0000000000000000        0.0000000000000000     
   4.6207072896025137E-010  -1.1754839325052679E-011
   2.7329591563603540E-009  -5.7763234821806777E-011
           5   0.0000000000000000        0.0000000000000000     
   4.6218563565566283E-010  -1.0924149324319450E-011
   2.7242953039997214E-009  -5.8645005176355014E-011
           6   0.0000000000000000        0.0000000000000000     
   4.6195771622781229E-010  -1.0543209862478919E-011
   2.7181512079732391E-009  -5.9100475775488304E-011
           7   0.0000000000000000        0.0000000000000000     
   4.6161142915089686E-010  -1.0344149529072084E-011
   2.7137024671517130E-009  -5.9408650761462471E-011
           8   0.0000000000000000        0.0000000000000000     
   4.6123874692204690E-010  -1.0230676502275761E-011
   2.7105056790598002E-009  -5.9665747857931601E-011
           9   0.0000000000000000        0.0000000000000000     
   4.6087919635953921E-010  -1.0162372609000016E-011
   2.7082984433487827E-009  -5.9909973556747153E-011
          10   0.0000000000000000        0.0000000000000000     
   4.6055002937444596E-010  -1.0120195297016121E-011
   2.7069138528081534E-009  -6.0158117006115392E-011
          11   0.0000000000000000        0.0000000000000000     
   4.6025848362192485E-010  -1.0094333937948376E-011
   2.7062398636688084E-009  -6.0418152163806954E-011
          12   0.0000000000000000        0.0000000000000000     
   4.6000712730476808E-010  -1.0079361314298945E-011
   2.7061981874795083E-009  -6.0694129505945860E-011
          13   0.0000000000000000        0.0000000000000000     
   4.5979632546233670E-010  -1.0072096605987803E-011
   2.7067324960049838E-009  -6.0988257252896936E-011
          14   0.0000000000000000        0.0000000000000000     
   4.5962542809940877E-010  -1.0070585217435684E-011
   2.7078014265547891E-009  -6.1301852804024306E-011
          15   0.0000000000000000        0.0000000000000000     
   4.5949335971462947E-010  -1.0073578592467018E-011
   2.7093742265848043E-009  -6.1635803295400421E-011
          16   0.0000000000000000        0.0000000000000000     
   4.5939891625561458E-010  -1.0080253872593012E-011
   2.7114279300812669E-009  -6.1990799125092391E-011
          17   0.0000000000000000        0.0000000000000000     
   4.5934091435246625E-010  -1.0090055512593283E-011
   2.7139454646416973E-009  -6.2367457054203490E-011
          18   0.0000000000000000        0.0000000000000000     
   4.5931826424264501E-010  -1.0102602086253239E-011
   2.7169143467130246E-009  -6.2766387404365583E-011
          19   0.0000000000000000        0.0000000000000000     
   4.5933000278896502E-010  -1.0117629483627603E-011
   2.7203257614454286E-009  -6.3188232078760962E-011
          20   0.0000000000000000        0.0000000000000000     
   4.5937530563249843E-010  -1.0134955214493641E-011
   2.7241739017811607E-009  -6.3633687043189536E-011
          21   0.0000000000000000        0.0000000000000000     
   4.5945348866448044E-010  -1.0154455375283704E-011
   2.7284554870357969E-009  -6.4103516470746190E-011
          22   0.0000000000000000        0.0000000000000000     
   4.5956400432351936E-010  -1.0176049449276490E-011
   2.7331694088903708E-009  -6.4598562472847973E-011
          23   0.0000000000000000        0.0000000000000000     
   4.5970643570330204E-010  -1.0199690091887235E-011
   2.7383164699567144E-009  -6.5119752610967739E-011
          24   0.0000000000000000        0.0000000000000000     
   4.5988049009676155E-010  -1.0225356170840926E-011
   2.7438991911116430E-009  -6.5668106454350649E-011
          25   0.0000000000000000        0.0000000000000000     
   4.6008599284064853E-010  -1.0253047986347827E-011
   2.7499216710802029E-009  -6.6244741936609291E-011
          26   0.0000000000000000        0.0000000000000000     
   4.6032288190252216E-010  -1.0282783987279578E-011
   2.7563894866070898E-009  -6.6850881978144026E-011
          27   0.0000000000000000        0.0000000000000000     
   4.6059120342828498E-010  -1.0314598540579682E-011
   2.7633096249220907E-009  -6.7487861683438184E-011
          28   0.0000000000000000        0.0000000000000000     
   4.6089110832220504E-010  -1.0348540462422467E-011
   2.7706904425721185E-009  -6.8157136335612844E-011
          29   0.0000000000000000        0.0000000000000000     
   4.6122284989656160E-010  -1.0384672116517775E-011
   2.7785416463435642E-009  -6.8860290366641429E-011
          30   0.0000000000000000        0.0000000000000000     
   4.6158678257844949E-010  -1.0423068949429609E-011
   2.7868742932435445E-009  -6.9599047462411614E-011
          31   0.0000000000000000        0.0000000000000000     
   4.6198336164509579E-010  -1.0463819376022418E-011
   2.7957008074489198E-009  -7.0375281960304362E-011
          32   0.0000000000000000        0.0000000000000000     
   4.6241314398504904E-010  -1.0507024956768770E-011
   2.8050350128010875E-009  -7.1191031706141299E-011
          33   0.0000000000000000        0.0000000000000000     
   4.6287678986450862E-010  -1.0552800830800527E-011
   2.8148921800157162E-009  -7.2048512553918815E-011
          34   0.0000000000000000        0.0000000000000000     
   4.6337506570480177E-010  -1.0601276383154478E-011
   2.8252890882187908E-009  -7.2950134717124960E-011
          35   0.0000000000000000        0.0000000000000000     
   4.6390884788935463E-010  -1.0652596136639092E-011
   2.8362441008059880E-009  -7.3898521210618476E-011
          36   0.0000000000000000        0.0000000000000000     
   4.6447912762339966E-010  -1.0706920868300272E-011
   2.8477772559946137E-009  -7.4896528660496953E-011
          37   0.0000000000000000        0.0000000000000000     
   4.6508701690401657E-010  -1.0764428958226748E-011
   2.8599103727221638E-009  -7.5947270803925549E-011
          38   0.0000000000000000        0.0000000000000000     
   4.6573375566110806E-010  -1.0825317985705049E-011
   2.8726671728958189E-009  -7.7054145055720750E-011
          39   0.0000000000000000        0.0000000000000000     
   4.6642072015856115E-010  -1.0889806595114042E-011
   2.8860734212972033E-009  -7.8220862581219888E-011
          40   0.0000000000000000        0.0000000000000000     
   4.6714940709084036E-010  -1.0958136115351908E-011
   2.9001406516286538E-009  -7.9451133389438593E-011
          41   0.0000000000000000        0.0000000000000000     
   4.6792154755266689E-010  -1.1030575241534536E-011
   2.9149320844460041E-009  -8.0750101203298576E-011
          42   0.0000000000000000        0.0000000000000000     
   4.6873896591797187E-010  -1.1107419645136468E-011
   2.9304642180221247E-009  -8.2122293114317326E-011
          43   0.0000000000000000        0.0000000000000000     
   4.6960369734655613E-010  -1.1188997474707400E-011
   2.9467728064559145E-009  -8.3573066262382364E-011
          44   0.0000000000000000        0.0000000000000000     
   4.7051797898549104E-010  -1.1275672633518376E-011
   2.9638966825001937E-009  -8.5108316153214633E-011
          45   0.0000000000000000        0.0000000000000000     
   4.7148426921295740E-010  -1.1367849187276109E-011
   2.9818780525282302E-009  -8.6734542500966731E-011
          46   0.0000000000000000        0.0000000000000000     
   4.7250526956770122E-010  -1.1465976453327713E-011
   3.0007628302980694E-009  -8.8458924876494235E-011
          47   0.0000000000000000        0.0000000000000000     
   4.7358394974780095E-010  -1.1570554888052991E-011
   3.0206010151323321E-009  -9.0289409862675495E-011
          48   0.0000000000000000        0.0000000000000000     
   4.7472357613147450E-010  -1.1682142913086123E-011
   3.0414471211303668E-009  -9.2234811758773803E-011
          49   0.0000000000000000        0.0000000000000000     
   4.7592774436253731E-010  -1.1801364850451539E-011
   3.0633606652427523E-009  -9.4304929295779142E-011
          50   0.0000000000000000        0.0000000000000000     
   4.7720041663811111E-010  -1.1928920172823801E-011
   3.0864067235248306E-009  -9.6510681343231367E-011
          51   0.0000000000000000        0.0000000000000000     
   4.7854596446430189E-010  -1.2065594320013137E-011
   3.1106565666256858E-009  -9.8864265228506300E-011
          52   0.0000000000000000        0.0000000000000000     
   4.7996921779561173E-010  -1.2212271388342613E-011
   3.1361883877341420E-009  -1.0137934208910937E-010
          53   0.0000000000000000        0.0000000000000000     
   4.8147552165108846E-010  -1.2369949069546555E-011
   3.1630881388214786E-009  -1.0407125467810719E-010
          54   0.0000000000000000        0.0000000000000000     
   4.8307080153063425E-010  -1.2539756303186911E-011
   3.1914504942298101E-009  -1.0695728429999607E-010
          55   0.0000000000000000        0.0000000000000000     
   4.8476163922590055E-010  -1.2722974217753128E-011
   3.2213799646204631E-009  -1.1005695514429451E-010
          56   0.0000000000000000        0.0000000000000000     
   4.8655536096401348E-010  -1.2921061076392870E-011
   3.2529921891927395E-009  -1.1339239630671641E-010
          57   0.0000000000000000        0.0000000000000000     
   4.8846014024932432E-010  -1.3135682123802896E-011
   3.2864154401986216E-009  -1.1698877437578089E-010
          58   0.0000000000000000        0.0000000000000000     
   4.9048511829560035E-010  -1.3368745463088796E-011
   3.3217923814209212E-009  -1.2087481279355379E-010
          59   0.0000000000000000        0.0000000000000000     
   4.9264054561953803E-010  -1.3622445392582617E-011
   3.3592821318965979E-009  -1.2508341851805763E-010
          60   0.0000000000000000        0.0000000000000000     
   4.9493794920974919E-010  -1.3899315025593234E-011
   3.3990626983720015E-009  -1.2965244214968266E-010
          61   0.0000000000000000        0.0000000000000000     
   4.9739033077106209E-010  -1.4202290532915642E-011
   3.4413338554958096E-009  -1.3462560509153603E-010
          62   0.0000000000000000        0.0000000000000000     
   5.0001240293516505E-010  -1.4534790032424468E-011
   3.4863205726994132E-009  -1.4005363712885168E-010
          63   0.0000000000000000        0.0000000000000000     
   5.0282087212080979E-010  -1.4900811064720661E-011
   3.5342771124501148E-009  -1.4599568091957141E-010
          64   0.0000000000000000        0.0000000000000000     
   5.0583477906651385E-010  -1.5305051825825348E-011
   3.5854919580782893E-009  -1.5252103754930705E-010
          65   0.0000000000000000        0.0000000000000000     
   5.0907591112139670E-010  -1.5753063003314737E-011
   3.6402937733049721E-009  -1.5971135131352626E-010
          66   0.0000000000000000        0.0000000000000000     
   5.1256930443317978E-010  -1.6251439362438448E-011
   3.6990586536778342E-009  -1.6766336485534719E-010
          67   0.0000000000000000        0.0000000000000000     
   5.1634381462416029E-010  -1.6808062466370081E-011
   3.7622287615555653E-009  -1.7649262846927478E-010
          68   0.0000000000000000        0.0000000000000000     
   5.2043305647565143E-010  -1.7432417066487677E-011
   3.8302842615320192E-009  -1.8633716284519364E-010
          69   0.0000000000000000        0.0000000000000000     
   5.2487607903157826E-010  -1.8135990023581947E-011
   3.9038154553740118E-009  -1.9736451166865029E-010
          70   0.0000000000000000        0.0000000000000000     
   5.2971872943936845E-010  -1.8932803132849221E-011
   3.9835008026452549E-009  -2.0977850769867029E-010
          71   0.0000000000000000        0.0000000000000000     
   5.3501510429390745E-010  -1.9840111144485527E-011
   4.0701381965780072E-009  -2.2382951029376289E-010
          72   0.0000000000000000        0.0000000000000000     
   5.4082945772406213E-010  -2.0879335953995453E-011
   4.1646723914414776E-009  -2.3982780761636533E-010
          73   0.0000000000000000        0.0000000000000000     
   5.4723865840163796E-010  -2.2077330736899218E-011
   4.2682303021740568E-009  -2.5816174791703592E-010
          74   0.0000000000000000        0.0000000000000000     
   5.5433538720526102E-010  -2.3468113771774259E-011
   4.3821669241189706E-009  -2.7932260231575977E-010
          75   0.0000000000000000        0.0000000000000000     
   5.6223235744826992E-010  -2.5095283902556645E-011
   4.5081544762041721E-009  -3.0393980217282058E-010
          76   0.0000000000000000        0.0000000000000000     
   5.7106789009093867E-010  -2.7015458300187081E-011
   4.6481481482806842E-009  -3.3282779568026778E-010
          77   0.0000000000000000        0.0000000000000000     
   5.8101346797937829E-010  -2.9303200524132924E-011
   4.8046658596263822E-009  -3.6706032081278173E-010
          78   0.0000000000000000        0.0000000000000000     
   5.9228410121135473E-010  -3.2058175742459479E-011
   4.9808226558445230E-009  -4.0807053045439094E-010
          79   0.0000000000000000        0.0000000000000000     
   6.0515275771124834E-010  -3.5416117754073789E-011
   5.1805661931161252E-009  -4.5780876620476930E-010
          80   0.0000000000000000        0.0000000000000000     
   6.1997068881556830E-010  -3.9565577237932420E-011
   5.4089711170248747E-009  -5.1898262540940851E-010
          81   0.0000000000000000        0.0000000000000000     
   6.3719634350604387E-010  -4.4774423939146725E-011
   5.6726415967221161E-009  -5.9543646835604580E-010
          82   0.0000000000000000        0.0000000000000000     
   6.5743843532642523E-010  -5.1433190564076487E-011
   5.9803464900001177E-009  -6.9277286809690116E-010
          83   0.0000000000000000        0.0000000000000000     
   6.8151905602155944E-010  -6.0128426537562888E-011
   6.3439119180741905E-009  -8.1940340798485462E-010
          84   0.0000000000000000        0.0000000000000000     
   7.1056924391227766E-010  -7.1772040340691399E-011
   6.7795563030629954E-009  -9.8840119985444639E-010
          85   0.0000000000000000        0.0000000000000000     
   7.4617326324458304E-010  -8.7840235641128684E-011
   7.3101077890389820E-009  -1.2209275619924599E-009
          86   0.0000000000000000        0.0000000000000000     
   7.9058257583284118E-010  -1.1083921766699958E-010
   7.9678186329556059E-009  -1.5528993018753116E-009
          87   0.0000000000000000        0.0000000000000000     
   8.4700225185074369E-010  -1.4526989299866422E-010
   8.7987610527600112E-009  -2.0488170239374289E-009
          88   0.0000000000000000        0.0000000000000000     
   9.1981535353266733E-010  -1.9976408914565926E-010
   9.8657048192450160E-009  -2.8323653933591769E-009
          89   0.0000000000000000        0.0000000000000000     
   1.0138577360844358E-009  -2.9212523702959090E-010
   1.1238088290721197E-008  -4.1586428231760156E-009
          90   0.0000000000000000        0.0000000000000000     
   1.1278759619342173E-009  -4.6146624499050881E-010
   1.2897855828842196E-008  -6.5880615779949780E-009
          91   0.0000000000000000        0.0000000000000000     
   1.2169870117144357E-009  -7.9085229608100285E-010
   1.4202195599935743E-008  -1.1310782391460099E-008
          92   0.0000000000000000        0.0000000000000000     
   1.0398154408221739E-009  -1.3560692661260325E-009
   1.1692991948632961E-008  -1.9412670855022503E-008
          93   0.0000000000000000        0.0000000000000000     
   2.2882242838050654E-010  -1.6613689399980237E-009
   1.0389781270965747E-010  -2.3790752297021349E-008
          94   0.0000000000000000        0.0000000000000000     
  -3.9313035462250749E-010  -1.1523907179329014E-009
  -8.7751802534479563E-009  -1.6502275924885932E-008
          95   0.0000000000000000        0.0000000000000000     
  -4.3239995406347323E-010  -6.4988536688987676E-010
  -9.3035857583727416E-009  -9.3068318800331219E-009
          96   0.0000000000000000        0.0000000000000000     
  -3.1882261763553372E-010  -3.8270036491924091E-010
  -7.6403146257198546E-009  -5.4833159376050451E-009
          97   0.0000000000000000        0.0000000000000000     
  -2.0692147365379680E-010  -2.4485357943474355E-010
  -5.9988696131685370E-009  -3.5132709880055218E-009
          98   0.0000000000000000        0.0000000000000000     
  -1.1852403709949162E-010  -1.6829562571380427E-010
  -4.6920854517235639E-009  -2.4217235721568347E-009
          99   0.0000000000000000        0.0000000000000000     
  -5.0803667021278225E-011  -1.2233002188571216E-010
  -3.6791774242390506E-009  -1.7688964795627960E-009
         100   0.0000000000000000        0.0000000000000000     
   1.4778757088573441E-012  -9.2850804118999114E-011
  -2.8849521741318296E-009  -1.3527186370084054E-009
         101   0.0000000000000000        0.0000000000000000     
   4.2495004100347923E-011  -7.2898993311575603E-011
  -2.2494110540904755E-009  -1.0735245680201630E-009
         102   0.0000000000000000        0.0000000000000000     
   7.5209330516573174E-011  -5.8785137098958074E-011
  -1.7299142187939412E-009  -8.7849887581045943E-010
         103   0.0000000000000000        0.0000000000000000     
   1.0168434103057770E-010  -4.8425220281617337E-011
  -1.2966698746377518E-009  -7.3783421244820177E-010
         104   0.0000000000000000        0.0000000000000000     
   1.2336974221109686E-010  -4.0576700990858316E-011
  -9.2865774079339064E-010  -6.3378620038646464E-010
         105   0.0000000000000000        0.0000000000000000     
   1.4130053290643632E-010  -3.4463875723159714E-011
  -6.1077394246481989E-010  -5.5530673391043082E-010
         106   0.0000000000000000        0.0000000000000000     
   1.5622873185318214E-010  -2.9582976331467080E-011
  -3.3194036054573923E-010  -4.9525262857004062E-010
         107   0.0000000000000000        0.0000000000000000     
   1.6870992302811059E-010  -2.5595385801893568E-011
  -8.3832311476931822E-011  -4.4885764858630792E-010
         108   0.0000000000000000        0.0000000000000000     
   1.7916060042403430E-010  -2.2266429321168109E-011
   1.3983343705421984E-010  -4.1285477005160519E-010
         109   0.0000000000000000        0.0000000000000000     
   1.8789683924819514E-010  -1.9428873754698769E-011
   3.4402897721574868E-010  -3.8495885704727176E-010
         110   0.0000000000000000        0.0000000000000000     
   1.9516068665065934E-010  -1.6960381204655175E-011
   5.3268535611365718E-010  -3.6354362115830097E-010
         111   0.0000000000000000        0.0000000000000000     
   2.0113853711588657E-010  -1.4769135334098730E-011
   7.0899146151559210E-010  -3.4743922203457751E-010
         112   0.0000000000000000        0.0000000000000000     
   2.0597407670690929E-010  -1.2784404469797380E-011
   8.7558785935120797E-010  -3.3580063555283552E-010
         113   0.0000000000000000        0.0000000000000000     
   2.0977750531281761E-010  -1.0950167963508714E-011
   1.0347088632539767E-009  -3.2802071672880247E-010
         114   0.0000000000000000        0.0000000000000000     
   2.1263215008398665E-010  -9.2206849072559842E-012
   1.1882891331522239E-009  -3.2367211071246754E-010
         115   0.0000000000000000        0.0000000000000000     
   2.1459920774334196E-010  -7.5573135075702966E-012
   1.3380458107176411E-009  -3.2246838029785553E-010
         116   0.0000000000000000        0.0000000000000000     
   2.1572110870079514E-010  -5.9261404229942274E-012
   1.4855438114297031E-009  -3.2423840284520338E-010
         117   0.0000000000000000        0.0000000000000000     
   2.1602383246722225E-010  -4.2961288532695391E-012
   1.6322497100697489E-009  -3.2891035121276580E-010
         118   0.0000000000000000        0.0000000000000000     
   2.1551845935210516E-010  -2.6375850329753445E-012
   1.7795822195914134E-009  -3.3650310779857365E-010
         119   0.0000000000000000        0.0000000000000000     
   2.1420168331031980E-010  -9.2078329062241751E-013
   1.9289387064551332E-009  -3.4712338565907701E-010
         120   0.0000000000000000        0.0000000000000000     
   2.1205638752248081E-010   8.8536258095637426E-013
   2.0817597339478740E-009  -3.6096951349120463E-010
         121   0.0000000000000000        0.0000000000000000     
   2.0905098979555451E-010   2.8147192825982904E-012
   2.2395541049261201E-009  -3.7834025661711618E-010
         122   0.0000000000000000        0.0000000000000000     
   2.0513851274905575E-010   4.9054228865134695E-012
   2.4039470270052471E-009  -3.9964869756074421E-010
         123   0.0000000000000000        0.0000000000000000     
   2.0025476521011136E-010   7.2017713268627379E-012
   2.5767326126232241E-009  -4.2544523635376346E-010
         124   0.0000000000000000        0.0000000000000000     
   1.9431589752486002E-010   9.7566970138535499E-012
   2.7598960811646102E-009  -4.5645135885876922E-010
         125   0.0000000000000000        0.0000000000000000     
   1.8721482639329282E-010   1.2634879839250231E-011
   2.9558340832247674E-009  -4.9360938667178689E-010
         126   0.0000000000000000        0.0000000000000000     
   1.7881665216015203E-010   1.5916964169596560E-011
   3.1672239861814323E-009  -5.3814394592071909E-010
         127   0.0000000000000000        0.0000000000000000     
   1.6895211962972796E-010   1.9705424581320547E-011
   3.3972888600463145E-009  -5.9165954075093774E-010
         128   0.0000000000000000        0.0000000000000000     
   1.5740900446230025E-010   2.4132868832515265E-011
   3.6499127514509090E-009  -6.5627553763807822E-010
         129   0.0000000000000000        0.0000000000000000     
   1.4392035564640674E-010   2.9374055530658295E-011
   3.9298144063460716E-009  -7.3482377337549877E-010
         130   0.0000000000000000        0.0000000000000000     
   1.2814892918691414E-010   3.5663667403993331E-011
   4.2429289434115859E-009  -8.3114566774888299E-010
         131   0.0000000000000000        0.0000000000000000     
   1.0966502191579813E-010   4.3323255994882638E-011
   4.5966075403951679E-009  -9.5053643985360616E-010
         132   0.0000000000000000        0.0000000000000000     
   8.7916866930162394E-011   5.2803092341252582E-011
   5.0002637076021081E-009  -1.1004451130746022E-009
         133   0.0000000000000000        0.0000000000000000     
   6.2189906682574479E-011   6.4749040042323327E-011
   5.4658980185615993E-009  -1.2915856088213462E-009
         134   0.0000000000000000        0.0000000000000000     
   3.1550419537181268E-011   8.0112763164764433E-011
   6.0092340893504305E-009  -1.5397783789404667E-009
         135   0.0000000000000000        0.0000000000000000     
  -5.2276566405725834E-012   1.0033953947091759E-010
   6.6508715697594141E-009  -1.8690811797051372E-009
         136   0.0000000000000000        0.0000000000000000     
  -4.9750851747654353E-011   1.2770043759286901E-010
   7.4175465021669535E-009  -2.3173252195707686E-009
         137   0.0000000000000000        0.0000000000000000     
  -1.0407994189261982E-010   1.6590328125738866E-010
   8.3437486329556856E-009  -2.9463148649861005E-009
         138   0.0000000000000000        0.0000000000000000     
  -1.7066706924523297E-010   2.2126056305984508E-010
   9.4703057935575167E-009  -3.8613024911029581E-009
