   262144.00000000000     
         256           1           3
   1.7567330116226543E-005   14.463779801378999       -127.33399034630000     
   6.0401400154609997        12.000000000000000        5733.8999999999996     
           0   0.0000000000000000        0.0000000000000000     
   0.0000000000000000        0.0000000000000000     
   0.0000000000000000        0.0000000000000000     
           1   2.7720112223670817E-010   8.9211108667430427E-011
   4.5725964348557695E-010  -1.0502786746808351E-010
   6.7531441692290524E-010  -2.7753003256858983E-010
           2   2.6785536992630394E-010   1.4964300421560986E-011
   4.5987841427560417E-010  -3.1285187001971155E-011
   6.8804377476500429E-010  -7.3531588105746669E-011
           3   2.5498882193627661E-010   7.1590612457591879E-013
   4.6928922668056858E-010  -1.7243655506240600E-011
   7.1702102664618288E-010  -3.4661426452901414E-011
           4   2.4911656874098813E-010  -3.4097907485138026E-012
   4.7322907550908928E-010  -1.3307720225962191E-011
   7.2974681005565917E-010  -2.3718592694764637E-011
           5   2.4653081826424054E-010  -5.0838945969908045E-012
   4.7488471417613290E-010  -1.1844327176651422E-011
   7.3548662779930014E-010  -1.9593873181713008E-011
           6   2.4557170958423258E-010  -5.9668768472519702E-012
   4.7559553984789759E-010  -1.1194040862576705E-011
   7.3813244013518771E-010  -1.7701165218593642E-011
           7   2.4565400713763646E-010  -6.5489746449479011E-012
   4.7589642742988573E-010  -1.0870902773811515E-011
   7.3926719193964482E-010  -1.6698542789731099E-011
           8   2.4641519127090510E-010  -7.0025738893036955E-012
   4.7601604749061987E-010  -1.0700043173297537E-011
   7.3959742082610021E-010  -1.6103312962329026E-011
           9   2.4770158026270082E-010  -7.4012024748697936E-012
   4.7607233246363765E-010  -1.0608286489687724E-011
   7.3946701842171395E-010  -1.5714034393028356E-011
          10   2.4946501051973425E-010  -7.7814119123113785E-012
   4.7611639154763213E-010  -1.0561646667782928E-011
   7.3905523634914575E-010  -1.5436656850888070E-011
          11   2.5166877742735798E-010  -8.1620933499829595E-012
   4.7617962227584907E-010  -1.0542783129509617E-011
   7.3846038155340920E-010  -1.5223199807331317E-011
          12   2.5422886195478464E-010  -8.5512591480620875E-012
   4.7627709254551950E-010  -1.0542312961897417E-011
   7.3773822323804401E-010  -1.5047326017783375E-011
          13   2.5719172442689381E-010  -8.9589151938299916E-012
   4.7642343546982866E-010  -1.0554756699407987E-011
   7.3692091739945307E-010  -1.4893629900093760E-011
          14   2.6054222580269948E-010  -9.3898261695804596E-012
   4.7661862380331567E-010  -1.0576997707364981E-011
   7.3602680856033345E-010  -1.4752560658961378E-011
          15   2.6430343639191290E-010  -9.8494059696662577E-012
   4.7686679639091601E-010  -1.0607052521709390E-011
   7.3506582019301662E-010  -1.4617854036049806E-011
          16   2.6843099285578072E-010  -1.0339203779858410E-011
   4.7717313194783074E-010  -1.0643647195058182E-011
   7.3404248414927761E-010  -1.4485160637255405E-011
          17   2.7302012203667048E-010  -1.0867248550991615E-011
   4.7753945389133235E-010  -1.0686026427058549E-011
   7.3295776482841585E-010  -1.4351276593584191E-011
          18   2.7803686138015165E-010  -1.1435298918362479E-011
   4.7796194480456054E-010  -1.0733841365903037E-011
   7.3181007841763650E-010  -1.4213695559713733E-011
          19   2.8350346195769995E-010  -1.2047952729501885E-011
   4.7844904570474064E-010  -1.0786748340056725E-011
   7.3059597813981031E-010  -1.4070336398984435E-011
          20   2.8950628416876104E-010  -1.2713148628833505E-011
   4.7899717410041630E-010  -1.0844782863757689E-011
   7.2931055337528082E-010  -1.3919373907525160E-011
          21   2.9599876724040095E-010  -1.3432780368108000E-011
   4.7960756468748658E-010  -1.0908036784879704E-011
   7.2794763456686224E-010  -1.3759132442143689E-011
          22   3.0307252734289101E-010  -1.4215870074984875E-011
   4.8028719061858851E-010  -1.0976629570459303E-011
   7.2649998903481442E-010  -1.3588018466987805E-011
          23   3.1077344161436386E-010  -1.5069815722587123E-011
   4.8103090267156158E-010  -1.1051029907358253E-011
   7.2495937301142943E-010  -1.3404484020103283E-011
          24   3.1909072978177029E-010  -1.5999991847122923E-011
   4.8184596572709213E-010  -1.1131630293160325E-011
   7.2331658476180469E-010  -1.3207014988945967E-011
          25   3.2815909224722955E-010  -1.7019616346839488E-011
   4.8273561508493174E-010  -1.1219070703876893E-011
   7.2156154890332944E-010  -1.2994145730899197E-011
          26   3.3798648001004463E-010  -1.8136806233770172E-011
   4.8369802026132938E-010  -1.1314305377045890E-011
   7.1968332718878056E-010  -1.2764510179726605E-011
          27   3.4866223801658427E-010  -1.9364776209318638E-011
   4.8474473991612373E-010  -1.1418333837423828E-011
   7.1767026286976239E-010  -1.2516942344234315E-011
          28   3.6023913606646521E-010  -2.0716373367561393E-011
   4.8587424773705440E-010  -1.1532797867370112E-011
   7.1551015012861644E-010  -1.2250658237004753E-011
          29   3.7286138341128203E-010  -2.2210465354197747E-011
   4.8709844002825120E-010  -1.1659653369670006E-011
   7.1319059887430891E-010  -1.1965569088198220E-011
          30   3.8655870841907706E-010  -2.3862301623898960E-011
   4.8842230636775326E-010  -1.1801812907943136E-011
   7.1069959156928608E-010  -1.1662820396670609E-011
          31   4.0152999665556693E-010  -2.5697392494298069E-011
   4.8985684036128136E-010  -1.1963324119013801E-011
   7.0802655626646567E-010  -1.1345723038748154E-011
          32   4.1785493262238345E-010  -2.7737857757900281E-011
   4.9141814769272669E-010  -1.2150084721067528E-011
   7.0516405514485291E-010  -1.1021399901799308E-011
          33   4.3567377205450726E-010  -3.0011078482591396E-011
   4.9312152643322392E-010  -1.2371188483509311E-011
   7.0211079361950245E-010  -1.0703773848810459E-011
          34   4.5519602185297328E-010  -3.2549652918887445E-011
   4.9499142583153789E-010  -1.2640956930453103E-011
   6.9887674752928510E-010  -1.0419201119654919E-011
          35   4.7663060911770689E-010  -3.5386427995431009E-011
   4.9706719949973756E-010  -1.2983103722202033E-011
   6.9549207657577099E-010  -1.0217602870437787E-011
          36   5.0014867401802243E-010  -3.8548238040591164E-011
   4.9940156552389432E-010  -1.3439576373673643E-011
   6.9202278780862544E-010  -1.0195790919240379E-011
          37   5.2605541507488113E-010  -4.2052304091878251E-011
   5.0207642503422034E-010  -1.4089765296551809E-011
   6.8859795202495463E-010  -1.0550027881322346E-011
          38   5.5457500675411770E-010  -4.5863884899114310E-011
   5.0521538645348006E-010  -1.5097785941879828E-011
   6.8545251450663565E-010  -1.1705424781278800E-011
          39   5.8602983146109064E-010  -4.9812170686909017E-011
   5.0900459876874271E-010  -1.6840416190250957E-011
   6.8296069904749832E-010  -1.4668855730885345E-011
          40   6.2086540169463813E-010  -5.3303240616195740E-011
   5.1359328279704508E-010  -2.0289080649946572E-011
   6.8136830714849989E-010  -2.2083579780307894E-011
          41   6.6045831839498255E-010  -5.4549934493680417E-011
   5.1799174080877397E-010  -2.8033999105273041E-011
   6.7775872993566269E-010  -4.1059793968274769E-011
          42   7.1227429290209478E-010  -5.2133515965725822E-011
   5.1351122463944758E-010  -4.2291855435853622E-011
   6.4782308962549166E-010  -7.7658696082585069E-011
          43   7.8130374420213727E-010  -6.3142415752739792E-011
   4.9476281903443570E-010  -4.1105323266969436E-011
   5.7637674439501107E-010  -7.1020319040656173E-011
          44   8.4554338285072921E-010  -8.5532314053273022E-011
   4.9223183378680942E-010  -2.7567770338725724E-011
   5.4739089325345556E-010  -2.9578250590063139E-011
          45   9.1327601024250628E-010  -1.0528431229540052E-010
   4.9724738594974939E-010  -2.0837761343070396E-011
   5.3641340848414355E-010  -6.1785263581512412E-012
          46   9.9210085817186180E-010  -1.2541919920505035E-010
   5.0243854334726791E-010  -1.8014395540179854E-011
   5.2245103549635340E-010   7.4427170129066432E-012
          47   1.0851926735443434E-009  -1.4882970950453907E-010
   5.0708883566503919E-010  -1.6755637400898358E-011
   5.0272877279371265E-010   1.8097799542539163E-011
          48   1.1959212199883206E-009  -1.7777280327554014E-010
   5.1136518734340456E-010  -1.6191016937596874E-011
   4.7667415899926055E-010   2.8673312698076055E-011
          49   1.3290076422781158E-009  -2.1488055494098974E-010
   5.1545435034251363E-010  -1.5981354482783382E-011
   4.4339202079705476E-010   4.0816043210901625E-011
          50   1.4909265897121193E-009  -2.6390471320081517E-010
   5.1948944677623382E-010  -1.5981383756823292E-011
   4.0129527377801176E-010   5.6014703789568648E-011
          51   1.6910831400373053E-009  -3.3072739897307440E-010
   5.2356364149240296E-010  -1.6126612587821484E-011
   3.4786648478825036E-010   7.6183846364712798E-011
          52   1.9434084866403589E-009  -4.2516293122315066E-010
   5.2775728578028511E-010  -1.6392442988629691E-011
   2.7924037991846889E-010   1.0429874089248783E-010
          53   2.2688719782357267E-009  -5.6462668754798405E-010
   5.3213779393727256E-010  -1.6782400575118377E-011
   1.8945128417127477E-010   1.4551298739033735E-010
          54   2.7003695462058893E-009  -7.8237800800559317E-010
   5.3678749033628650E-010  -1.7330096688032542E-011
   6.9124351369554235E-011   2.0957540945060252E-010
          55   3.2898982931846421E-009  -1.1478312366469271E-009
   5.4180104707947853E-010  -1.8124822734696104E-011
  -9.6597643367625751E-011   3.1674620768534877E-010
          56   4.1151648876500276E-009  -1.8226164226313846E-009
   5.4730999110016180E-010  -1.9384152411850743E-011
  -3.2978433937706669E-010   5.1406207736983143E-010
          57   5.2380782355857182E-009  -3.2316298915804399E-009
   5.5341982642297118E-010  -2.1687214044478302E-011
  -6.4738490616229394E-010   9.2481758340283647E-010
          58   6.1986663932584691E-009  -6.5329596623944131E-009
   5.5951123999373773E-010  -2.6606931249301598E-011
  -9.1326907006502165E-010   1.8835417558702366E-009
          59   2.9253188207487446E-009  -1.2524164384285816E-008
   5.5997976730192231E-010  -3.5183164327145466E-011
   5.4478172443859857E-011   3.6116957639311994E-009
          60  -5.8742143169417747E-009  -1.0977979870498568E-008
   5.5335002990026113E-010  -3.3470561611997734E-011
   2.6060421281558740E-009   3.1422904957380500E-009
          61  -7.2296810470695234E-009  -5.2762662163813095E-009
   5.5727101648353835E-010  -2.6226350425200406E-011
   2.9906462074130891E-009   1.4862317597080908E-009
          62  -6.0262394112328198E-009  -2.6327957309642544E-009
   5.6491450231556273E-010  -2.3226665961588134E-011
   2.6412425645342489E-009   7.2249812590349253E-010
          63  -4.9505410871119934E-009  -1.4937981924956477E-009
   5.7272549204640225E-010  -2.2331648772406293E-011
   2.3327453172773272E-009   3.9441080095659936E-010
          64  -4.1845889250323808E-009  -9.3466446764858816E-010
   5.8050382545862077E-010  -2.2284193930227758E-011
   2.1157469670546102E-009   2.3357469091389267E-010
          65  -3.6412781467393995E-009  -6.2540029446618551E-010
   5.8840904833263027E-010  -2.2642694301012854E-011
   1.9642784381932653E-009   1.4455524330889521E-010
          66  -3.2460451393559678E-009  -4.3778962315943414E-010
   5.9658301244062761E-010  -2.3241283245448918E-011
   1.8564535372080925E-009   9.0365178631496436E-011
          67  -2.9510357843849800E-009  -3.1552365663530946E-010
   6.0514568487795708E-010  -2.4012919239043760E-011
   1.7783234481969293E-009   5.4790157459625808E-011
          68  -2.7262642566937355E-009  -2.3113038670813827E-010
   6.1418578474340171E-010  -2.4931681264612861E-011
   1.7211890470266129E-009   2.9928781827960012E-011
          69  -2.5525314145364069E-009  -1.7001538865777402E-010
   6.2379482877214352E-010  -2.5990776833444607E-011
   1.6795131520077105E-009   1.1583930079870087E-011
          70  -2.4171378918451423E-009  -1.2387095951814787E-010
   6.3405482892183563E-010  -2.7194460895526431E-011
   1.6496770262724535E-009  -2.6383164177992397E-012
          71  -2.3115141777713517E-009  -8.7684136817133675E-011
   6.4505790347532345E-010  -2.8554181611381344E-011
   1.6292623616612055E-009  -1.4189287686480916E-011
          72  -2.2296972909238532E-009  -5.8277667734365812E-011
   6.5690318182079728E-010  -3.0087394926924808E-011
   1.6166306571533045E-009  -2.3998953864962343E-011
          73  -2.1674750467403886E-009  -3.3544956726658412E-011
   6.6970131772138300E-010  -3.1817338376727714E-011
   1.6106707693114024E-009  -3.2696320779059506E-011
          74  -2.1218298000468687E-009  -1.2028508921285438E-011
   6.8357956219163575E-010  -3.3773489871643200E-011
   1.6106440543668777E-009  -4.0731826298078713E-011
          75  -2.0906605064018428E-009   7.3284787667904929E-012
   6.9867574667567320E-010  -3.5992889448497823E-011
   1.6160881653499774E-009  -4.8449349978664392E-011
          76  -2.0724574881112248E-009   2.5326625469990151E-011
   7.1516734035197958E-010  -3.8521122722538389E-011
   1.6267577035007929E-009  -5.6131335000990761E-011
          77  -2.0662555932353051E-009   4.2610710781697044E-011
   7.3324380616319486E-010  -4.1415519400499452E-011
   1.6425892418466254E-009  -6.4029371757404195E-011
          78  -2.0714450142159810E-009   5.9730141609133393E-011
   7.5314747559295114E-010  -4.4747395610012540E-011
   1.6636837864250457E-009  -7.2387216254231483E-011
          79  -2.0878427669401442E-009   7.7192814136796457E-011
   7.7515798047510270E-010  -4.8607142626213256E-011
   1.6903029198359436E-009  -8.1460611811242373E-011
          80  -2.1154801546236173E-009   9.5495311860743628E-011
   7.9961746335406180E-010  -5.3109936789404192E-011
   1.7228772716073333E-009  -9.1537119524816448E-011
          81  -2.1547650197689028E-009   1.1516684918990107E-010
   8.2693889729971428E-010  -5.8404578702637966E-011
   1.7620275456097947E-009  -1.0295890287326971E-010
          82  -2.2065045318426998E-009   1.3680756253939054E-010
   8.5763646015590069E-010  -6.4685454518075533E-011
   1.8086002587112421E-009  -1.1615186353695696E-010
          83  -2.2717254459792129E-009   1.6112330167766668E-010
   8.9235071395439563E-010  -7.2210546751962165E-011
   1.8637223321282287E-009  -1.3166581092615708E-010
          84  -2.3519707830717421E-009   1.8899528955130366E-010
   9.3188906700995712E-010  -8.1328043317098195E-011
   1.9288814241398745E-009  -1.5023286414109905E-010
          85  -2.4493974309715478E-009   2.2156154993286071E-010
   9.7728137313737019E-010  -9.2516980211982308E-011
   2.0060433923433992E-009  -1.7285590041237766E-010
          86  -2.5667350380923788E-009   2.6032692323901997E-010
   1.0298736294754710E-009  -1.0645004161955471E-010
   2.0978249802127955E-009  -2.0094741512239102E-010
          87  -2.7076326895088122E-009   3.0734944295805739E-010
   1.0914349774782351E-009  -1.2409654930723970E-010
   2.2077509628922946E-009  -2.3655540325759368E-010
          88  -2.8770547768295936E-009   3.6552681096785336E-010
   1.1643499109752954E-009  -1.4689256038547700E-010
   2.3406438175186380E-009  -2.8274493472540686E-010
          89  -3.0814946477410170E-009   4.3904397479383499E-010
   1.2518869720188634E-009  -1.7703817742911622E-010
   2.5032253906033896E-009  -3.4427039907799772E-010
          90  -3.3300533934391023E-009   5.3416593774078915E-010
   1.3586348850784999E-009  -2.1803721267965166E-010
   2.7050614688110411E-009  -4.2881797268430850E-010
          91  -3.6351038450579722E-009   6.6058244448830932E-010
   1.4911714612308599E-009  -2.7573552501855831E-010
   2.9600560290444671E-009  -5.4943267614297331E-010
          92  -4.0142994655534240E-009   8.3394010120379393E-010
   1.6591031081240803E-009  -3.6044588193490225E-010
   3.2887632606065275E-009  -7.2957422312360292E-010
          93  -4.4926605049779583E-009   1.0807216171853672E-009
   1.8765171218512542E-009  -4.9162584614403120E-010
   3.7215342614044580E-009  -1.0144573787797330E-009
          94  -5.1064603231072067E-009   1.4484136837289852E-009
   2.1630240900066245E-009  -7.0905217232337518E-010
   4.3001504075448761E-009  -1.4986366411943717E-009
          95  -5.9066400581995145E-009   2.0280434562315856E-009
   2.5379243800360381E-009  -1.1015316646244241E-009
   5.0603038572586873E-009  -2.3980469836320750E-009
          96  -6.9537424855012473E-009   3.0076987078267932E-009
   2.9657596301459731E-009  -1.8791507535714539E-009
   5.8817487446081798E-009  -4.2321993331609760E-009
          97  -8.2582642257981223E-009   4.8026974574878519E-009
   3.0254970446429739E-009  -3.4356045334716188E-009
   5.5904809752737056E-009  -7.9524200566114856E-009
          98  -9.4243015320291636E-009   8.3126298877203789E-009
   1.2787248618817253E-009  -5.1872301829824300E-009
   3.2652556164330278E-010  -1.1633109019060328E-008
          99  -8.0703995489340450E-009   1.4680858336540893E-008
  -1.0517919127041909E-009  -4.6031426585344541E-009
  -5.7220396657294913E-009  -7.8577715979716604E-009
         100   8.5078377796876424E-010   1.9281268644151942E-008
  -2.0530941334054835E-009  -3.4432095190170630E-009
  -5.5225925333512399E-009  -3.0355207647495478E-009
         101   8.9527240233309986E-009   1.3754587070068235E-008
  -2.4203678675885979E-009  -2.1830052289566398E-009
  -3.7768767877014217E-009  -1.3530630305035393E-009
         102   9.6738897657016399E-009   7.5930449046782093E-009
  -2.1645733650202970E-009  -1.2696820801874791E-009
  -2.7865929868478788E-009  -8.9323054650822113E-010
         103   8.3353651664720409E-009   4.3441111799236017E-009
  -1.8049971546655590E-009  -7.8468704835103974E-010
  -2.2199507972241723E-009  -6.5285645846345929E-010
         104   7.0037217928325669E-009   2.7027791021509121E-009
  -1.5069257472131367E-009  -5.2331104226304115E-010
  -1.8314033186303463E-009  -4.9084623058548079E-010
         105   5.9605870198068822E-009   1.8068907412953577E-009
  -1.2778484832460374E-009  -3.7066513822947298E-010
  -1.5410255924861087E-009  -3.7735543159961096E-010
         106   5.1682733933998538E-009   1.2761344233109671E-009
  -1.1018529427378981E-009  -2.7459290756487790E-010
  -1.3150001207141019E-009  -2.9615483285945638E-010
         107   4.5606887252237357E-009   9.3937770143816765E-010
  -9.6459619198648783E-010  -2.1033624261353838E-010
  -1.1346451299570390E-009  -2.3669665608892874E-010
         108   4.0864655570247376E-009   7.1355040805987687E-010
  -8.5575990032146639E-010  -1.6520264166564307E-010
  -9.8811637506848929E-010  -1.9211861993040662E-010
         109   3.7094921745755005E-009   5.5516670616637353E-010
  -7.6818855241235859E-010  -1.3219972546637576E-010
  -8.6737782056534317E-010  -1.5793442326398755E-010
         110   3.4050333925477831E-009   4.3989732131158947E-010
  -6.9689587436712832E-010  -1.0723354310921909E-010
  -7.6675702959753305E-010  -1.3116562828084944E-010
         111   3.1557590253294565E-009   3.5335613645031744E-010
  -6.3834997677583163E-010  -8.7780729546211547E-011
  -6.8213721480644748E-010  -1.0979462513140621E-010
         112   2.9493137159839695E-009   2.8662576527150697E-010
  -5.9000202832851570E-010  -7.2216807954432419E-011
  -6.1046446331127326E-010  -9.2425132594696854E-011
         113   2.7768236741903795E-009   2.3394732061413405E-010
  -5.4998249519844161E-010  -5.9456004374507380E-011
  -5.4943147215873767E-010  -7.8070371756570791E-011
         114   2.6317028670317059E-009   1.9147445036912879E-010
  -5.1689704164264999E-010  -4.8747777793289448E-011
  -4.9726747600116224E-010  -6.6018945752369855E-011
         115   2.5090370620324092E-009   1.5655654856668047E-010
  -4.8970164609036101E-010  -3.9557465797824994E-011
  -4.5259493282363068E-010  -5.5748338758151936E-011
         116   2.4050759097170603E-009   1.2731798785449232E-010
  -4.6759855432445193E-010  -3.1492300816018433E-011
  -4.1432960604134326E-010  -4.6868033188995419E-011
         117   2.3169076294522724E-009   1.0239875423306048E-010
  -4.4998575822902063E-010  -2.4255415509159845E-011
  -3.8160954796730378E-010  -3.9081379774275417E-011
         118   2.2423538629305335E-009   8.0784242531391809E-011
  -4.3641209602150656E-010  -1.7615204063361344E-011
  -3.5374373957736626E-010  -3.2159568369329227E-011
         119   2.1796148348990842E-009   6.1707091074047315E-011
  -4.2653499084369064E-010  -1.1384245029463569E-011
  -3.3017442531959309E-010  -2.5923559500640528E-011
         120   2.1273186079728221E-009   4.4567345383016819E-011
  -4.2012177975014049E-010  -5.4054601030240539E-012
  -3.1044901233810064E-010  -2.0231348349746426E-011
         121   2.0843915104641455E-009   2.8884903418809336E-011
  -4.1700562043831253E-010   4.5958134834250718E-013
  -2.9419888330018543E-010  -1.4968873598449628E-011
         122   2.0500326943337150E-009   1.4262460085971412E-011
  -4.1710492921430490E-010   6.3380624571190624E-012
  -2.8112317807135955E-010  -1.0043465110111727E-011
         123   2.0235969152030765E-009   3.6285514066664711E-013
  -4.2039455236540499E-010   1.2353732627677496E-011
  -2.7097623036200229E-010  -5.3791030198678089E-012
         124   2.0046425974984634E-009  -1.3114857196108766E-011
  -4.2692341710694185E-010   1.8632551412838597E-011
  -2.6355765065235423E-010  -9.1300587009966614E-013
         125   1.9928662573404305E-009  -2.6449892369730022E-011
  -4.3679246866989537E-010   2.5310056379851465E-011
  -2.5870437935544093E-010   3.4067623324284345E-012
         126   1.9880655176211907E-009  -3.9913334555226866E-011
  -4.5018467725676391E-010   3.2537288538305875E-011
  -2.5628413615691397E-010   7.6228559042932024E-012
         127   1.9902976955149756E-009  -5.3790197614338446E-011
  -4.6734972038400137E-010   4.0490201587852989E-011
  -2.5618979978651865E-010   1.1769474598078134E-011
         128   1.9996884443209560E-009  -6.8385748180213895E-011
  -4.8862785738100771E-010   4.9379669176468209E-011
  -2.5833440227976827E-010   1.5872451715535440E-011
         129   2.0164213534720736E-009  -8.4042718084664062E-011
  -5.1446477706856258E-010   5.9465481692409469E-011
  -2.6264629201584761E-010   1.9948509653170555E-011
         130   2.0410286889607924E-009  -1.0117701019995468E-010
  -5.4543111247658375E-010   7.1075653712252791E-011
  -2.6906406209432328E-010   2.4003460885446493E-011
         131   2.0741417547959289E-009  -1.2029542646095384E-010
  -5.8225083308272213E-010   8.4633719019028144E-011
  -2.7753086575025840E-010   2.8028940532186368E-011
         132   2.1165643832201600E-009  -1.4204035497209875E-010
  -6.2585744129917041E-010   1.0069652943502116E-010
  -2.8798739894418305E-010   3.1996980030098648E-011
         133   2.1695372030926288E-009  -1.6726212964211509E-010
  -6.7743358920622960E-010   1.2001392381574748E-010
  -3.0036273090118510E-010   3.5851244229105783E-011
         134   2.2346027684743860E-009  -1.9710329841492165E-010
  -7.3851203625593255E-010   1.4361464904335664E-010
  -3.1456182147845014E-010   3.9492918859793418E-011
         135   2.3138566805342935E-009  -2.3315128869769819E-010
  -8.1107830755217298E-010   1.7294505915719516E-010
  -3.3044789814282539E-010   4.2757763750253046E-011
         136   2.4098737605994064E-009  -2.7766186280468244E-010
  -8.9773913122794083E-010   2.1008914252267894E-010
  -3.4781720129693124E-010   4.5378084598533178E-011
         137   2.5264407845438342E-009  -3.3397034118941981E-010
  -1.0019515133039440E-009   2.5813592693165873E-010
  -3.6636251654586661E-010   4.6918123286543701E-011
         138   2.6683977731838279E-009  -4.0713651795752326E-010
  -1.1283466791058261E-009   3.2180947312930353E-010
  -3.8562120559932089E-010   4.6660813722260534E-011
