   262144.00000000000     
         256           1           3
   1.7567330116226543E-005  -9.2646085535570002        161.96561313430001     
   6.0401400154609997        12.000000000000000        5733.8999999999996     
           0   0.0000000000000000        0.0000000000000000     
   0.0000000000000000        0.0000000000000000     
   0.0000000000000000        0.0000000000000000     
           1  -1.0445953868398005E-009  -8.8503890039268635E-010
  -6.0995700109895298E-010  -5.0970642995250899E-010
   0.0000000000000000        0.0000000000000000     
           2  -9.6739559413483413E-010  -1.7735223665994241E-010
  -5.6545261933244946E-010  -1.0246386599231306E-010
   0.0000000000000000        0.0000000000000000     
           3  -8.4827996398773146E-010  -4.2466274625796233E-011
  -4.9668125783771598E-010  -2.4913643153690856E-011
   0.0000000000000000        0.0000000000000000     
           4  -7.9192538450963740E-010  -4.3991273158346531E-012
  -4.6395154430945426E-010  -3.0951462924869989E-012
   0.0000000000000000        0.0000000000000000     
           5  -7.6353754089772809E-010   1.0097445093259951E-011
  -4.4712990101897976E-010   5.1460839381166693E-012
   0.0000000000000000        0.0000000000000000     
           6  -7.4842536026463605E-010   1.6925361691533368E-011
  -4.3790327223709554E-010   8.9696048206385444E-012
   0.0000000000000000        0.0000000000000000     
           7  -7.4048776988724689E-010   2.0735617415110775E-011
  -4.3264544334657403E-010   1.1044614408311917E-011
   0.0000000000000000        0.0000000000000000     
           8  -7.3688879413726286E-010   2.3193358006412801E-011
  -4.2978192212636647E-010   1.2333351037079127E-011
   0.0000000000000000        0.0000000000000000     
           9  -7.3620443293001082E-010   2.4994052300563862E-011
  -4.2847015121031420E-010   1.3234315468923525E-011
   0.0000000000000000        0.0000000000000000     
          10  -7.3767665716660695E-010   2.6465284315498093E-011
  -4.2827655445244547E-010   1.3934204351677682E-011
   0.0000000000000000        0.0000000000000000     
          11  -7.4086226867575233E-010   2.7772998418666294E-011
  -4.2895774839572915E-010   1.4528442719508127E-011
   0.0000000000000000        0.0000000000000000     
          12  -7.4548868121863070E-010   2.9007346822848653E-011
  -4.3030665263117111E-010   1.5066555735465561E-011
   0.0000000000000000        0.0000000000000000     
          13  -7.5140687169019997E-010   3.0224783182998539E-011
  -4.3225094097548937E-010   1.5580239976569633E-011
   0.0000000000000000        0.0000000000000000     
          14  -7.5852488448634041E-010   3.1460783944364369E-011
  -4.3469486350969788E-010   1.6086974481605527E-011
   0.0000000000000000        0.0000000000000000     
          15  -7.6680174776636866E-010   3.2741617481423283E-011
  -4.3767138881231002E-010   1.6603001044107348E-011
   0.0000000000000000        0.0000000000000000     
          16  -7.7621895566178909E-010   3.4086433390970016E-011
  -4.4112435175366277E-010   1.7136011614179365E-011
   0.0000000000000000        0.0000000000000000     
          17  -7.8678125129321586E-010   3.5511470195946451E-011
  -4.4507987785162838E-010   1.7695089130071799E-011
   0.0000000000000000        0.0000000000000000     
          18  -7.9851730799907105E-010   3.7032546619858736E-011
  -4.4946564935928436E-010   1.8283153333527432E-011
   0.0000000000000000        0.0000000000000000     
          19  -8.1146537939407168E-010   3.8664230577279719E-011
  -4.5432363110809490E-010   1.8907760071332584E-011
   0.0000000000000000        0.0000000000000000     
          20  -8.2567981602912155E-010   4.0421910654077623E-011
  -4.5966608424588111E-010   1.9574702653332215E-011
   0.0000000000000000        0.0000000000000000     
          21  -8.4122866568497756E-010   4.2322113372077686E-011
  -4.6551083642890087E-010   2.0290033433839001E-011
   0.0000000000000000        0.0000000000000000     
          22  -8.5820042416375114E-010   4.4384098387679145E-011
  -4.7185427526700170E-010   2.1059068860820841E-011
   0.0000000000000000        0.0000000000000000     
          23  -8.7667884262228912E-010   4.6626406622074722E-011
  -4.7877899884350200E-010   2.1891771477244743E-011
   0.0000000000000000        0.0000000000000000     
          24  -8.9678339858077409E-010   4.9073607351793859E-011
  -4.8629293653499247E-010   2.2795408547954223E-011
   0.0000000000000000        0.0000000000000000     
          25  -9.1864517540029114E-010   5.1753041836143890E-011
  -4.9443762717834744E-010   2.3780041478050089E-011
   0.0000000000000000        0.0000000000000000     
          26  -9.4241601890537141E-010   5.4696843334359453E-011
  -5.0326234522085948E-010   2.4857747126875948E-011
   0.0000000000000000        0.0000000000000000     
          27  -9.6826222186537075E-010   5.7941804846400681E-011
  -5.1283659995898726E-010   2.6043819344128560E-011
   0.0000000000000000        0.0000000000000000     
          28  -9.9640801488619941E-010   6.1536934682278088E-011
  -5.2320784298507500E-010   2.7355632189343796E-011
   0.0000000000000000        0.0000000000000000     
          29  -1.0270828177521541E-009   6.5537248585545531E-011
  -5.3447061442335530E-010   2.8817183673568923E-011
   0.0000000000000000        0.0000000000000000     
          30  -1.0605680796764751E-009   7.0013131169082907E-011
  -5.4672606272431258E-010   3.0459118649229615E-011
   0.0000000000000000        0.0000000000000000     
          31  -1.0971979635171586E-009   7.5054240309056397E-011
  -5.6009845802514922E-010   3.2322576958174484E-011
   0.0000000000000000        0.0000000000000000     
          32  -1.1373738408540436E-009   8.0777884426751174E-011
  -5.7474313846965336E-010   3.4464618558767212E-011
   0.0000000000000000        0.0000000000000000     
          33  -1.1815849611661916E-009   8.7342787034277207E-011
  -5.9085845900444856E-010   3.6967481384094050E-011
   0.0000000000000000        0.0000000000000000     
          34  -1.2304494713041199E-009   9.4974497089417850E-011
  -6.0871180357150513E-010   3.9955554846570472E-011
   0.0000000000000000        0.0000000000000000     
          35  -1.2847187568987780E-009   1.0400372313397302E-010
  -6.2863933757244811E-010   4.3625607757118362E-011
   0.0000000000000000        0.0000000000000000     
          36  -1.3454142431616651E-009   1.1496373722970786E-010
  -6.5113965335610788E-010   4.8313395701905157E-011
   0.0000000000000000        0.0000000000000000     
          37  -1.4139024549866854E-009   1.2877670054878419E-010
  -6.7692435033845244E-010   5.4634717342698277E-011
   0.0000000000000000        0.0000000000000000     
          38  -1.4920807292589819E-009   1.4721709277389277E-010
  -7.0704830526364898E-010   6.3831747720646284E-011
   0.0000000000000000        0.0000000000000000     
          39  -1.5825189590144755E-009   1.7415094681271429E-010
  -7.4300635312527517E-010   7.8707981976735458E-011
   0.0000000000000000        0.0000000000000000     
          40  -1.6875407935698311E-009   2.1919594334254766E-010
  -7.8602822451048803E-010   1.0640323217028498E-010
   0.0000000000000000        0.0000000000000000     
          41  -1.7986697278579345E-009   3.0741240128450201E-010
  -8.2907046650386348E-010   1.6577868304438767E-010
   0.0000000000000000        0.0000000000000000     
          42  -1.8338844022611990E-009   4.5944425566625174E-010
  -8.0906262507821562E-010   2.7253421143316158E-010
   0.0000000000000000        0.0000000000000000     
          43  -1.7462869946339489E-009   4.6498333228826072E-010
  -6.8859674661427508E-010   2.6677346179416551E-010
   0.0000000000000000        0.0000000000000000     
          44  -1.8297992141757947E-009   3.5827248972234475E-010
  -6.8971650624831399E-010   1.7304793902018739E-010
   0.0000000000000000        0.0000000000000000     
          45  -2.0021161264184705E-009   3.2286179853662337E-010
  -7.4883945819979540E-010   1.3042507179630686E-010
   0.0000000000000000        0.0000000000000000     
          46  -2.1969860383679433E-009   3.3163993503960114E-010
  -8.1338426370045026E-010   1.1770015089189900E-010
   0.0000000000000000        0.0000000000000000     
          47  -2.4129964588860336E-009   3.6431593196676631E-010
  -8.7936076305095480E-010   1.1828154841119481E-010
   0.0000000000000000        0.0000000000000000     
          48  -2.6587964796513144E-009   4.1578687598111593E-010
  -9.4952217787568194E-010   1.2654883967522309E-010
   0.0000000000000000        0.0000000000000000     
          49  -2.9456282979829025E-009   4.8760168752489015E-010
  -1.0272446242357532E-009   1.4108710150809665E-010
   0.0000000000000000        0.0000000000000000     
          50  -3.2878937221506563E-009   5.8572116026677156E-010
  -1.1162942380959145E-009   1.6244483508716583E-010
   0.0000000000000000        0.0000000000000000     
          51  -3.7052385426351559E-009   7.2126672125552203E-010
  -1.2213583850050106E-009   1.9270753681018391E-010
   0.0000000000000000        0.0000000000000000     
          52  -4.2259029728368650E-009   9.1368280876350343E-010
  -1.3488499382456745E-009   2.3597224218547969E-010
   0.0000000000000000        0.0000000000000000     
          53  -4.8922058887342760E-009   1.1979524622054134E-009
  -1.5081630453104462E-009   2.9984163257832734E-010
   0.0000000000000000        0.0000000000000000     
          54  -5.7698729233278413E-009   1.6410836815709780E-009
  -1.7136742852334394E-009   3.9899457987702313E-010
   0.0000000000000000        0.0000000000000000     
          55  -6.9622855195234888E-009   2.3828891447116676E-009
  -1.9878196079710107E-009   5.6409425405296039E-010
   0.0000000000000000        0.0000000000000000     
          56  -8.6230726440896370E-009   3.7484588146532851E-009
  -2.3636878991727597E-009   8.6634411582062692E-010
   0.0000000000000000        0.0000000000000000     
          57  -1.0870609426976633E-008   6.5904688937621644E-009
  -2.8656540557622381E-009   1.4920347983475059E-009
   0.0000000000000000        0.0000000000000000     
          58  -1.2766272278765161E-008   1.3223987110257014E-008
  -3.2849152431198777E-009   2.9447273333527660E-009
   0.0000000000000000        0.0000000000000000     
          59  -6.1358743693401130E-009   2.5189620990807033E-008
  -1.8347825736575013E-009   5.5460123262661561E-009
   0.0000000000000000        0.0000000000000000     
          60   1.1464246141076863E-008   2.1965813072681031E-008
   1.9814562935454120E-009   4.8128995214740215E-009
   0.0000000000000000        0.0000000000000000     
          61   1.4080487003459356E-008   1.0517975374498396E-008
   2.5113454007520637E-009   2.3120101492379142E-009
   0.0000000000000000        0.0000000000000000     
          62   1.1609566366454279E-008   5.2379824334063422E-009
   1.9410904341760304E-009   1.1664951595705717E-009
   0.0000000000000000        0.0000000000000000     
          63   9.4152387670842272E-009   2.9724884715234594E-009
   1.4351252231383526E-009   6.7860361596005517E-010
   0.0000000000000000        0.0000000000000000     
          64   7.8486662303442944E-009   1.8653096482997595E-009
   1.0667576068737392E-009   4.4263215366280271E-010
   0.0000000000000000        0.0000000000000000     
          65   6.7306656728149955E-009   1.2561462238670867E-009
   7.9554150033357256E-010   3.1482696669251985E-010
   0.0000000000000000        0.0000000000000000     
          66   5.9097293073132132E-009   8.8905472460252483E-010
   5.8777957945774568E-010   2.3963550291162486E-010
   0.0000000000000000        0.0000000000000000     
          67   5.2888245020047894E-009   6.5187585391937235E-010
   4.2186478201072891E-010   1.9279310280524214E-010
   0.0000000000000000        0.0000000000000000     
          68   4.8073596987901087E-009   4.8999838569346036E-010
   2.8431770639261240E-010   1.6253372051162520E-010
   0.0000000000000000        0.0000000000000000     
          69   4.4264263773450935E-009   3.7448570433963087E-010
   1.6631026243709413E-010   1.4266711501173372E-010
   0.0000000000000000        0.0000000000000000     
          70   4.1201507840999929E-009   2.8892456163638263E-010
   6.1943213390623489E-011   1.2971769773480879E-010
   0.0000000000000000        0.0000000000000000     
          71   3.8710042342218087E-009   2.2345391225312259E-010
  -3.2992583576883558E-011   1.2164192605156816E-010
   0.0000000000000000        0.0000000000000000     
          72   3.6667450932582403E-009   1.7186295978098635E-010
  -1.2147887272283291E-010   1.1719317348302103E-010
   0.0000000000000000        0.0000000000000000     
          73   3.4984539996526752E-009   1.3008817304290432E-010
  -2.0592875506189952E-010   1.1560836554944230E-010
   0.0000000000000000        0.0000000000000000     
          74   3.3597776584730156E-009   9.5353868460440894E-011
  -2.8817282870342902E-010   1.1642044583354198E-010
   0.0000000000000000        0.0000000000000000     
          75   3.2459633049804264E-009   6.5707960253279327E-011
  -3.6987496672641970E-010   1.1937073246712779E-010
   0.0000000000000000        0.0000000000000000     
          76   3.1534245473385657E-009   3.9729857571969502E-011
  -4.5240159743142165E-010   1.2434267887434243E-010
   0.0000000000000000        0.0000000000000000     
          77   3.0795795511462636E-009   1.6336753204319907E-011
  -5.3712620623536295E-010   1.3134183586316663E-010
   0.0000000000000000        0.0000000000000000     
          78   3.0225000221406032E-009  -5.3248982652910890E-012
  -6.2541325386190684E-010   1.4047930009776634E-010
   0.0000000000000000        0.0000000000000000     
          79   2.9808084411707152E-009  -2.5964134479034673E-011
  -7.1867958147990515E-010   1.5197158395706892E-010
   0.0000000000000000        0.0000000000000000     
          80   2.9535969939843374E-009  -4.6206394433678323E-011
  -8.1846086558280304E-010   1.6615213516838341E-010
   0.0000000000000000        0.0000000000000000     
          81   2.9404097841313511E-009  -6.6645112962118773E-011
  -9.2643460181665354E-010   1.8349303794033447E-010
   0.0000000000000000        0.0000000000000000     
          82   2.9411165294077990E-009  -8.7876485226535784E-011
  -1.0447431605062524E-009   2.0465522392116245E-010
   0.0000000000000000        0.0000000000000000     
          83   2.9560965736451633E-009  -1.1055751040427700E-010
  -1.1758053392509270E-009   2.3053670793014232E-010
   0.0000000000000000        0.0000000000000000     
          84   2.9859751722750360E-009  -1.3543513981396115E-010
  -1.3226290364197328E-009   2.6237474116387292E-010
   0.0000000000000000        0.0000000000000000     
          85   3.0319763395886732E-009  -1.6343354954702529E-010
  -1.4890384447287316E-009   3.0189350734057778E-010
   0.0000000000000000        0.0000000000000000     
          86   3.0959079648072548E-009  -1.9573630170620818E-010
  -1.6799163246051718E-009   3.5153387970762163E-010
   0.0000000000000000        0.0000000000000000     
          87   3.1801506403090578E-009  -2.3391043415301844E-010
  -1.9017744586540665E-009   4.1483586184394203E-010
   0.0000000000000000        0.0000000000000000     
          88   3.2882587328390707E-009  -2.8013684174397256E-010
  -2.1631625380815274E-009   4.9706084294881085E-010
   0.0000000000000000        0.0000000000000000     
          89   3.4249484998591388E-009  -3.3751925409347548E-010
  -2.4759162892802148E-009   6.0630566458786964E-010
   0.0000000000000000        0.0000000000000000     
          90   3.5966734953394684E-009  -4.1064192148517623E-010
  -2.8566691120976876E-009   7.5551781555468465E-010
   0.0000000000000000        0.0000000000000000     
          91   3.8126735885413848E-009  -5.0654511994667017E-010
  -3.3291970320136623E-009   9.6638397231867580E-010
   0.0000000000000000        0.0000000000000000     
          92   4.0858283186880185E-009  -6.3645290000995037E-010
  -3.9283170672647953E-009   1.2773351432694540E-009
   0.0000000000000000        0.0000000000000000     
          93   4.4350802472663596E-009  -8.1914642817756718E-010
  -4.7050447355361241E-009   1.7612396017419339E-009
   0.0000000000000000        0.0000000000000000     
          94   4.8876275300441454E-009  -1.0877213767163701E-009
  -5.7298104077655532E-009   2.5678363560903747E-009
   0.0000000000000000        0.0000000000000000     
          95   5.4835311302961855E-009  -1.5044081639424487E-009
  -7.0682861806694966E-009   4.0331171621357783E-009
   0.0000000000000000        0.0000000000000000     
          96   6.2806253514535050E-009  -2.1963113074207004E-009
  -8.5653499126133165E-009   6.9539821001461395E-009
   0.0000000000000000        0.0000000000000000     
          97   7.3464310002939487E-009  -3.4613798964942376E-009
  -8.5511428989173786E-009   1.2804830798235753E-008
   0.0000000000000000        0.0000000000000000     
          98   8.5154585179136494E-009  -6.1343014237686278E-009
  -1.4371183747430210E-009   1.9109456769703957E-008
   0.0000000000000000        0.0000000000000000     
          99   7.6340170641068924E-009  -1.1391408345150518E-008
   7.5294271935956232E-009   1.5748685381637695E-008
   0.0000000000000000        0.0000000000000000     
         100   4.9504411400435734E-010  -1.5186913767573410E-008
   1.0056106312150679E-008   1.0413145398444193E-008
   0.0000000000000000        0.0000000000000000     
         101  -5.9696224905044590E-009  -1.0828862723494129E-008
   1.0187695256623003E-008   6.2892161146797670E-009
   0.0000000000000000        0.0000000000000000     
         102  -6.5507094863013202E-009  -5.9676751027588094E-009
   9.0323188228564546E-009   3.6640583518729372E-009
   0.0000000000000000        0.0000000000000000     
         103  -5.4998893381068699E-009  -3.4152498054339005E-009
   7.8082232378655122E-009   2.2761535068759547E-009
   0.0000000000000000        0.0000000000000000     
         104  -4.4544088265723990E-009  -2.1314973695196339E-009
   6.8350560006206164E-009   1.5150006658863391E-009
   0.0000000000000000        0.0000000000000000     
         105  -3.6356884240640875E-009  -1.4339178598395478E-009
   6.0927957910656319E-009   1.0626411342336033E-009
   0.0000000000000000        0.0000000000000000     
         106  -3.0130360142983816E-009  -1.0226194747544597E-009
   5.5224253224232812E-009   7.7386826971152840E-010
   0.0000000000000000        0.0000000000000000     
         107  -2.5342239214296432E-009  -7.6306147417402552E-010
   5.0767998133190914E-009   5.7857617720987029E-010
   0.0000000000000000        0.0000000000000000     
         108  -2.1587590053029302E-009  -5.9011020470351782E-010
   4.7227973830717987E-009   4.4021150508471302E-010
   0.0000000000000000        0.0000000000000000     
         109  -1.8582026356972414E-009  -4.6975462494313307E-010
   4.4375201843193769E-009   3.3834640203077040E-010
   0.0000000000000000        0.0000000000000000     
         110  -1.6131152209794018E-009  -3.8300794664709894E-010
   4.2050446618641544E-009   2.6087446547806571E-010
   0.0000000000000000        0.0000000000000000     
         111  -1.4098608467709615E-009  -3.1867103045961989E-010
   4.0140082896618741E-009   2.0026421005882250E-010
   0.0000000000000000        0.0000000000000000     
         112  -1.2387243943751545E-009  -2.6981965907088850E-010
   3.8561620206601025E-009   1.5163245477297785E-010
   0.0000000000000000        0.0000000000000000     
         113  -1.0928092058590973E-009  -2.3198858929219566E-010
   3.7254699481482912E-009   1.1169640532967614E-010
   0.0000000000000000        0.0000000000000000     
         114  -9.6687185560509739E-010  -2.0221361794053021E-010
   3.6172922733676748E-009   7.8185763410433172E-011
   0.0000000000000000        0.0000000000000000     
         115  -8.5695604658275010E-010  -1.7846392804880827E-010
   3.5281804145286167E-009   4.9479783758244993E-011
   0.0000000000000000        0.0000000000000000     
         116  -7.6015035539466031E-010  -1.5930414288036919E-010
   3.4554913223936548E-009   2.4393257025640120E-011
   0.0000000000000000        0.0000000000000000     
         117  -6.7406552167162048E-010  -1.4371091521403568E-010
   3.3971304752496332E-009   2.0402341598657069E-012
   0.0000000000000000        0.0000000000000000     
         118  -5.9686386905656724E-010  -1.3093162317404011E-010
   3.3514682565008555E-009  -1.8259360458745536E-011
   0.0000000000000000        0.0000000000000000     
         119  -5.2708970257174288E-010  -1.2040449299209889E-010
   3.3172441421242960E-009  -3.7041235652053679E-011
   0.0000000000000000        0.0000000000000000     
         120  -4.6359364007929770E-010  -1.1170232698340345E-010
   3.2935126012954378E-009  -5.4740000566531248E-011
   0.0000000000000000        0.0000000000000000     
         121  -4.0528458040286819E-010  -1.0450862622523316E-010
   3.2795303571274504E-009  -7.1716791916164193E-011
   0.0000000000000000        0.0000000000000000     
         122  -3.5146376810851043E-010  -9.8563129467241354E-011
   3.2747683755374037E-009  -8.8283735750971308E-011
   0.0000000000000000        0.0000000000000000     
         123  -3.0138191867399140E-010  -9.3673555584987714E-011
   3.2788908636652776E-009  -1.0472134325584187E-010
   0.0000000000000000        0.0000000000000000     
         124  -2.5450313487976470E-010  -8.9680393141844384E-011
   3.2916039376160620E-009  -1.2128641095457869E-010
   0.0000000000000000        0.0000000000000000     
         125  -2.1034640075925553E-010  -8.6457421347824144E-011
   3.3128551022811749E-009  -1.3823329719337976E-010
   0.0000000000000000        0.0000000000000000     
         126  -1.6844174358679016E-010  -8.3906327942193191E-011
   3.3426606805755877E-009  -1.5581765834170486E-010
   0.0000000000000000        0.0000000000000000     
         127  -1.2851744415350372E-010  -8.1935698479172172E-011
   3.3812604152094412E-009  -1.7431457147753881E-010
   0.0000000000000000        0.0000000000000000     
         128  -9.0171026942600918E-011  -8.0480209221843728E-011
   3.4289003037278521E-009  -1.9402128799471327E-010
   0.0000000000000000        0.0000000000000000     
         129  -5.3163285887979380E-011  -7.9473681255951612E-011
   3.4861114267587065E-009  -2.1528397513612051E-010
   0.0000000000000000        0.0000000000000000     
         130  -1.7294323611274615E-011  -7.8853979201188401E-011
   3.5534285114198369E-009  -2.3850368838752110E-010
   0.0000000000000000        0.0000000000000000     
         131   1.7682657556836940E-011  -7.8564075376897380E-011
   3.6316914042809748E-009  -2.6417390490663670E-010
   0.0000000000000000        0.0000000000000000     
         132   5.1955081157921340E-011  -7.8538536520224721E-011
   3.7219864052429371E-009  -2.9291179970407730E-010
   0.0000000000000000        0.0000000000000000     
         133   8.5570767853654494E-011  -7.8690579581214483E-011
   3.8255733908517790E-009  -3.2550409596937529E-010
   0.0000000000000000        0.0000000000000000     
         134   1.1868335118723810E-010  -7.8917813099854279E-011
   3.9441254361221525E-009  -3.6299049252332487E-010
   0.0000000000000000        0.0000000000000000     
         135   1.5135258906309536E-010  -7.9071452041913386E-011
   4.0797770065194612E-009  -4.0677839294815481E-010
   0.0000000000000000        0.0000000000000000     
         136   1.8355189586732270E-010  -7.8929750086014418E-011
   4.2352557607779649E-009  -4.5882816383099998E-010
   0.0000000000000000        0.0000000000000000     
         137   2.1510123382152057E-010  -7.8148077400971089E-011
   4.4140586473170326E-009  -5.2195724757858424E-010
   0.0000000000000000        0.0000000000000000     
         138   2.4588734363692327E-010  -7.6193208365832737E-011
   4.6207169984050705E-009  -6.0036034345064880E-010
   0.0000000000000000        0.0000000000000000     
