   262144.00000000000     
         256           1           3
   1.7567330116226543E-005   4.4367741432200001        174.97364918450000     
   6.0401400154609997        12.000000000000000        5733.8999999999996     
           0   0.0000000000000000        0.0000000000000000     
   0.0000000000000000        0.0000000000000000     
   0.0000000000000000        0.0000000000000000     
           1  -1.1880593337059652E-009  -9.5842833952902985E-010
  -4.2380241824127753E-010  -3.4804348603933149E-010
   0.0000000000000000        0.0000000000000000     
           2  -1.1037699635881739E-009  -1.9068982267112100E-010
  -3.9334080720649464E-010  -6.9783148239994407E-011
   0.0000000000000000        0.0000000000000000     
           3  -9.7440563255960527E-010  -4.4296301978767821E-011
  -3.4634740575965478E-010  -1.6788664858251599E-011
   0.0000000000000000        0.0000000000000000     
           4  -9.1332702554502256E-010  -2.9237983509463665E-012
  -3.2390597512499147E-010  -1.8775674153004391E-012
   0.0000000000000000        0.0000000000000000     
           5  -8.8274747235740785E-010   1.2888022118439981E-011
  -3.1249231852171597E-010   3.7642907944122459E-012
   0.0000000000000000        0.0000000000000000     
           6  -8.6671742846422898E-010   2.0391075899836087E-011
  -3.0615146336968898E-010   6.3820890340123765E-012
   0.0000000000000000        0.0000000000000000     
           7  -8.5857659922598414E-010   2.4623854504763181E-011
  -3.0263382574997979E-010   7.8106849747762723E-012
   0.0000000000000000        0.0000000000000000     
           8  -8.5527858896979534E-010   2.7400499367729957E-011
  -3.0072482361319651E-010   8.7008997299250831E-012
   0.0000000000000000        0.0000000000000000     
           9  -8.5527986926956003E-010   2.9476338932894977E-011
  -2.9987490869121315E-010   9.3263261152351358E-012
   0.0000000000000000        0.0000000000000000     
          10  -8.5772648771046257E-010   3.1201050583500188E-011
  -2.9981266423382944E-010   9.8157678974702114E-012
   0.0000000000000000        0.0000000000000000     
          11  -8.6214025284025405E-010   3.2755657808153170E-011
  -3.0034501506063299E-010   1.0233190187203847E-011
   0.0000000000000000        0.0000000000000000     
          12  -8.6826140453252447E-010   3.4244768567347688E-011
  -3.0135910381922436E-010   1.0613854511959700E-011
   0.0000000000000000        0.0000000000000000     
          13  -8.7591687913589701E-010   3.5727653577637429E-011
  -3.0279146665721557E-010   1.0978799952306323E-011
   0.0000000000000000        0.0000000000000000     
          14  -8.8502560121594654E-010   3.7246135762515748E-011
  -3.0461342937252516E-010   1.1341783050437110E-011
   0.0000000000000000        0.0000000000000000     
          15  -8.9552467013891428E-010   3.8825571974627999E-011
  -3.0677501344360113E-010   1.1710504200779935E-011
   0.0000000000000000        0.0000000000000000     
          16  -9.0741506615916665E-010   4.0490393197641470E-011
  -3.0927484679451321E-010   1.2092057716507925E-011
   0.0000000000000000        0.0000000000000000     
          17  -9.2070461384792902E-010   4.2258731057269322E-011
  -3.1208082441426935E-010   1.2490350773928753E-011
   0.0000000000000000        0.0000000000000000     
          18  -9.3544879497111012E-010   4.4151806638169771E-011
  -3.1524538342012571E-010   1.2912316019524900E-011
   0.0000000000000000        0.0000000000000000     
          19  -9.5169451225923155E-010   4.6186386275725366E-011
  -3.1874733526104541E-010   1.3360840607211309E-011
   0.0000000000000000        0.0000000000000000     
          20  -9.6951455223003478E-010   4.8381520108800608E-011
  -3.2259593470434356E-010   1.3840036011369582E-011
   0.0000000000000000        0.0000000000000000     
          21  -9.8899834616556569E-010   5.0757815201661942E-011
  -3.2680435322029947E-010   1.4354210560729032E-011
   0.0000000000000000        0.0000000000000000     
          22  -1.0102589450227660E-009   5.3339129779907992E-011
  -3.3142604838279820E-010   1.4909793681866822E-011
   0.0000000000000000        0.0000000000000000     
          23  -1.0334082339433801E-009   5.6149246176272336E-011
  -3.3640901858923913E-010   1.5508608708266331E-011
   0.0000000000000000        0.0000000000000000     
          24  -1.0585977210005366E-009   5.9218732637338405E-011
  -3.4181498105996577E-010   1.6158479711048503E-011
   0.0000000000000000        0.0000000000000000     
          25  -1.0859950260956690E-009   6.2581857100946212E-011
  -3.4767390785896158E-010   1.6866570726235620E-011
   0.0000000000000000        0.0000000000000000     
          26  -1.1157936795901105E-009   6.6278799643732672E-011
  -3.5402125872933091E-010   1.7641465357614735E-011
   0.0000000000000000        0.0000000000000000     
          27  -1.1482144259084501E-009   7.0356774478294069E-011
  -3.6085665621651428E-010   1.8491634575876792E-011
   0.0000000000000000        0.0000000000000000     
          28  -1.1835224656782207E-009   7.4873862038178795E-011
  -3.6831465540473099E-010   1.9434115902551647E-011
   0.0000000000000000        0.0000000000000000     
          29  -1.2220168610722295E-009   7.9899274610768255E-011
  -3.7641249914269607E-010   2.0483455110988426E-011
   0.0000000000000000        0.0000000000000000     
          30  -1.2640516356334948E-009   8.5519227812163167E-011
  -3.8522225470761482E-010   2.1661188968693683E-011
   0.0000000000000000        0.0000000000000000     
          31  -1.3100452693958850E-009   9.1842624063796879E-011
  -3.9483220651125652E-010   2.2996128300383817E-011
   0.0000000000000000        0.0000000000000000     
          32  -1.3604977546578641E-009   9.9010534369132903E-011
  -4.0535235941255522E-010   2.4528087092505794E-011
   0.0000000000000000        0.0000000000000000     
          33  -1.4160146509067084E-009   1.0721162941656643E-010
  -4.1692269330108347E-010   2.6314236257429224E-011
   0.0000000000000000        0.0000000000000000     
          34  -1.4773407501766420E-009   1.1670856227410831E-010
  -4.2976900600239811E-010   2.8442527554004470E-011
   0.0000000000000000        0.0000000000000000     
          35  -1.5454187215605239E-009   1.2788766014963142E-010
  -4.4405101596462552E-010   3.1045229334624696E-011
   0.0000000000000000        0.0000000000000000     
          36  -1.6214634610321351E-009   1.4135472355487162E-010
  -4.6015436968062736E-010   3.4355246133099888E-011
   0.0000000000000000        0.0000000000000000     
          37  -1.7070989828997933E-009   1.5814584910250628E-010
  -4.7857348495444607E-010   3.8795408414890056E-011
   0.0000000000000000        0.0000000000000000     
          38  -1.8045520586807853E-009   1.8023019535444443E-010
  -5.0003882975283887E-010   4.5217007304075106E-011
   0.0000000000000000        0.0000000000000000     
          39  -1.9168125005568771E-009   2.1185679721930922E-010
  -5.2558333739262801E-010   5.5538750286650373E-011
   0.0000000000000000        0.0000000000000000     
          40  -2.0466449554703392E-009   2.6352839374356963E-010
  -5.5606112407900282E-010   7.4643013711372963E-011
   0.0000000000000000        0.0000000000000000     
          41  -2.1851514216972263E-009   3.6251876126537728E-010
  -5.8667644751780458E-010   1.1542206565363407E-010
   0.0000000000000000        0.0000000000000000     
          42  -2.2437220215596103E-009   5.3133674117747589E-010
  -5.7435594588962117E-010   1.8860960249235509E-010
   0.0000000000000000        0.0000000000000000     
          43  -2.1719514896006268E-009   5.4199666336651239E-010
  -4.9354300428105916E-010   1.8496126049375184E-010
   0.0000000000000000        0.0000000000000000     
          44  -2.2892187249803165E-009   4.3183982421127685E-010
  -4.9602911499698852E-010   1.2126557441207132E-010
   0.0000000000000000        0.0000000000000000     
          45  -2.5069798354712528E-009   4.0024909856448674E-010
  -5.3838825735900591E-010   9.2556665110130926E-011
   0.0000000000000000        0.0000000000000000     
          46  -2.7542991963333152E-009   4.1818598506915662E-010
  -5.8474491023277653E-010   8.4366793830190431E-011
   0.0000000000000000        0.0000000000000000     
          47  -3.0308661510194099E-009   4.6416192880072960E-010
  -6.3243995812131780E-010   8.5388541905787140E-011
   0.0000000000000000        0.0000000000000000     
          48  -3.3476913529782080E-009   5.3339570514183928E-010
  -6.8344387663016109E-010   9.1823510839222110E-011
   0.0000000000000000        0.0000000000000000     
          49  -3.7191844110920579E-009   6.2868802177946846E-010
  -7.4018448844550880E-010   1.0276692658808330E-010
   0.0000000000000000        0.0000000000000000     
          50  -4.1640483753446806E-009   7.5822642171494171E-010
  -8.0540294396503505E-010   1.1868856787927967E-010
   0.0000000000000000        0.0000000000000000     
          51  -4.7079906275868161E-009   9.3682721161933710E-010
  -8.8254090492392444E-010   1.4116491674899018E-010
   0.0000000000000000        0.0000000000000000     
          52  -5.3880932177619367E-009   1.1901966648436922E-009
  -9.7632801271011159E-010   1.7324876768896045E-010
   0.0000000000000000        0.0000000000000000     
          53  -6.2600718193013762E-009   1.5644850745221977E-009
  -1.0937542604410633E-009   2.2058613702960365E-010
   0.0000000000000000        0.0000000000000000     
          54  -7.4103949469894679E-009   2.1480148981426890E-009
  -1.2453653046913517E-009   2.9405775192378390E-010
   0.0000000000000000        0.0000000000000000     
          55  -8.9753657920101137E-009   3.1250538546396065E-009
  -1.4478787835838660E-009   4.1639839639544140E-010
   0.0000000000000000        0.0000000000000000     
          56  -1.1157255957258257E-008   4.9240029960278225E-009
  -1.7257288066904995E-009   6.4038216279564736E-010
   0.0000000000000000        0.0000000000000000     
          57  -1.4112104861214245E-008   8.6685229979346474E-009
  -2.0970644121608152E-009   1.1040905367247941E-009
   0.0000000000000000        0.0000000000000000     
          58  -1.6602811634370307E-008   1.7409391453527506E-008
  -2.4069092592530753E-009   2.1807522073841593E-009
   0.0000000000000000        0.0000000000000000     
          59  -7.8577513935759087E-009   3.3176838407531739E-008
  -1.3313337464680622E-009   4.1087431605223956E-009
   0.0000000000000000        0.0000000000000000     
          60   1.5343896168081209E-008   2.8927591074073340E-008
   1.4977488050876452E-009   3.5653050392151328E-009
   0.0000000000000000        0.0000000000000000     
          61   1.8800069257155545E-008   1.3840708571939419E-008
   1.8914565161376805E-009   1.7115795043723911E-009
   0.0000000000000000        0.0000000000000000     
          62   1.5552990246885134E-008   6.8816897142965351E-009
   1.4697517895500116E-009   8.6244041721342475E-010
   0.0000000000000000        0.0000000000000000     
          63   1.2670928574623141E-008   3.8950535743107158E-009
   1.0956721166965450E-009   5.0072210932384023E-010
   0.0000000000000000        0.0000000000000000     
          64   1.0616707502498062E-008   2.4347290005831702E-009
   8.2363612191893509E-010   3.2571537028350844E-010
   0.0000000000000000        0.0000000000000000     
          65   9.1544452959333106E-009   1.6305548457976042E-009
   6.2363530614260402E-010   2.3087155489749076E-010
   0.0000000000000000        0.0000000000000000     
          66   8.0842490926040423E-009   1.1452527139185591E-009
   4.7073587668798456E-010   1.7501337528577587E-010
   0.0000000000000000        0.0000000000000000     
          67   7.2786528973831095E-009   8.3098507032519313E-010
   3.4896787123728984E-010   1.4015317493621016E-010
   0.0000000000000000        0.0000000000000000     
          68   6.6575729171458828E-009   6.1578544565227252E-010
   2.4826660477033442E-010   1.1757173021683402E-010
   0.0000000000000000        0.0000000000000000     
          69   6.1699488762998472E-009   4.6149269501052984E-010
   1.6210166739660485E-010   1.0267908297615115E-010
   0.0000000000000000        0.0000000000000000     
          70   5.7818733844965858E-009   3.4644647263044765E-010
   8.6187398023488051E-011   9.2893869315173772E-011
   0.0000000000000000        0.0000000000000000     
          71   5.4703457708352012E-009   2.5762282652476204E-010
   1.7338348633164021E-011   8.6702164514870705E-011
   0.0000000000000000        0.0000000000000000     
          72   5.2192627081924320E-009   1.8680892717494209E-010
  -4.6586567597415209E-011   8.3174621977583187E-011
   0.0000000000000000        0.0000000000000000     
          73   5.0172204456582674E-009   1.2859388314759714E-010
  -1.0742274610702281E-010   8.1744745351421091E-011
   0.0000000000000000        0.0000000000000000     
          74   4.8558655127231362E-009   7.9280671862279453E-011
  -1.6649616051583068E-010   8.2061470924724175E-011
   0.0000000000000000        0.0000000000000000     
          75   4.7291650590036064E-009   3.6234611309074995E-011
  -2.2493252220493308E-010   8.3923922567417526E-011
   0.0000000000000000        0.0000000000000000     
          76   4.6327479976612642E-009  -2.4985526327192503E-012
  -2.8385727375898625E-010   8.7245258146273603E-011
   0.0000000000000000        0.0000000000000000     
          77   4.5634137949396809E-009  -3.8429207499164620E-011
  -3.4421407218967677E-010   9.2019513136558284E-011
   0.0000000000000000        0.0000000000000000     
          78   4.5189702205949628E-009  -7.2793388318035997E-011
  -4.0696421524360698E-010   9.8318215402650132E-011
   0.0000000000000000        0.0000000000000000     
          79   4.4980326776226415E-009  -1.0666477110541033E-010
  -4.7310842217886986E-010   1.0628866093818321E-010
   0.0000000000000000        0.0000000000000000     
          80   4.4999074207486048E-009  -1.4104108029092967E-010
  -5.4371377353709163E-010   1.1616062899187399E-010
   0.0000000000000000        0.0000000000000000     
          81   4.5245910834902462E-009  -1.7692271033415118E-010
  -6.2010413723008945E-010   1.2826910558489577E-010
   0.0000000000000000        0.0000000000000000     
          82   4.5726700101037065E-009  -2.1537672438183071E-010
  -7.0364309268262632E-010   1.4306926312354930E-010
   0.0000000000000000        0.0000000000000000     
          83   4.6453745607216130E-009  -2.5761865642484682E-010
  -7.9607719838234113E-010   1.6119136122545489E-010
   0.0000000000000000        0.0000000000000000     
          84   4.7447684480624827E-009  -3.0511807602713057E-010
  -8.9961325707506041E-010   1.8350547958873169E-010
   0.0000000000000000        0.0000000000000000     
          85   4.8737468146414631E-009  -3.5971966416062233E-010
  -1.0168597789920360E-009   2.1121517056744141E-010
   0.0000000000000000        0.0000000000000000     
          86   5.0364898162098748E-009  -4.2384698182134875E-010
  -1.1512570946734915E-009   2.4602905921550974E-010
   0.0000000000000000        0.0000000000000000     
          87   5.2383366135743094E-009  -5.0075412651964269E-010
  -1.3073499181187470E-009   2.9042190256361062E-010
   0.0000000000000000        0.0000000000000000     
          88   5.4869168011176448E-009  -5.9500492902543530E-010
  -1.4911969997332657E-009   3.4807278747658001E-010
   0.0000000000000000        0.0000000000000000     
          89   5.7922478327534210E-009  -7.1314018787221405E-010
  -1.7110732304872049E-009   4.2463283739638202E-010
   0.0000000000000000        0.0000000000000000     
          90   6.1682226247059088E-009  -8.6488733936243621E-010
  -1.9786184505736285E-009   5.2912852101630485E-010
   0.0000000000000000        0.0000000000000000     
          91   6.6340433447423919E-009  -1.0652171439728904E-009
  -2.3103926988603179E-009   6.7665559825083608E-010
   0.0000000000000000        0.0000000000000000     
          92   7.2171426396777225E-009  -1.3381498715542093E-009
  -2.7307985949984558E-009   8.9392885285255879E-010
   0.0000000000000000        0.0000000000000000     
          93   7.9563262338961724E-009  -1.7240170865516425E-009
  -3.2753737624590874E-009   1.2315044546083817E-009
   0.0000000000000000        0.0000000000000000     
          94   8.9086666604532677E-009  -2.2944713891203799E-009
  -3.9933704844216418E-009   1.7930749221261765E-009
   0.0000000000000000        0.0000000000000000     
          95   1.0155455223263935E-008  -3.1852726764048787E-009
  -4.9312874198678835E-009   2.8108687613543805E-009
   0.0000000000000000        0.0000000000000000     
          96   1.1805087745794759E-008  -4.6749069387881547E-009
  -5.9849770375753432E-009   4.8348615057470396E-009
   0.0000000000000000        0.0000000000000000     
          97   1.3942300231478302E-008  -7.3981543412611717E-009
  -6.0140068512213436E-009   8.8846748521456846E-009
   0.0000000000000000        0.0000000000000000     
          98   1.6096786715634618E-008  -1.2951598928565821E-008
  -1.1890288521320270E-009   1.3295747742393376E-008
   0.0000000000000000        0.0000000000000000     
          99   1.4095126361444373E-008  -2.3489875539374948E-008
   4.9760692231566101E-009   1.1189838374185560E-008
   0.0000000000000000        0.0000000000000000     
         100  -4.4179121669960942E-010  -3.1051832428671131E-008
   6.9673943941913579E-009   7.6842996383673143E-009
   0.0000000000000000        0.0000000000000000     
         101  -1.3563713371589428E-008  -2.2090556635876329E-008
   7.3016538134783575E-009   4.7046664064008230E-009
   0.0000000000000000        0.0000000000000000     
         102  -1.4706064328888219E-008  -1.2147163142295507E-008
   6.5369363407421810E-009   2.7278259470786281E-009
   0.0000000000000000        0.0000000000000000     
         103  -1.2536227790855242E-008  -6.9268274312453722E-009
   5.6633145415273951E-009   1.6822882963099658E-009
   0.0000000000000000        0.0000000000000000     
         104  -1.0387724863643257E-008  -4.2997197860413888E-009
   4.9609376375042057E-009   1.1127613801097480E-009
   0.0000000000000000        0.0000000000000000     
         105  -8.7085131115146890E-009  -2.8708415260692394E-009
   4.4247907237968400E-009   7.7644841894856755E-010
   0.0000000000000000        0.0000000000000000     
         106  -7.4345590503401674E-009  -2.0271794460961937E-009
   4.0136017455215888E-009   5.6281561113136296E-010
   0.0000000000000000        0.0000000000000000     
         107  -6.4579763738199311E-009  -1.4936728613462176E-009
   3.6932009337847238E-009   4.1885529124627715E-010
   0.0000000000000000        0.0000000000000000     
         108  -5.6956603669533101E-009  -1.1371063804725098E-009
   3.4394573495527029E-009   3.1710586616850691E-010
   0.0000000000000000        0.0000000000000000     
         109  -5.0891036322543984E-009  -8.8790489445518007E-010
   3.2357205525623965E-009   2.4230240151900715E-010
   0.0000000000000000        0.0000000000000000     
         110  -4.5983274173424729E-009  -7.0721375949918648E-010
   3.0703876547334470E-009   1.8543994565128249E-010
   0.0000000000000000        0.0000000000000000     
         111  -4.1955073291083279E-009  -5.7209038682778760E-010
   2.9352101195329581E-009   1.4093603859056023E-010
   0.0000000000000000        0.0000000000000000     
         112  -3.8607949424746315E-009  -4.6833850885950543E-010
   2.8241409216715017E-009   1.0518432173425606E-010
   0.0000000000000000        0.0000000000000000     
         113  -3.5798984821571814E-009  -3.8680435320559644E-010
   2.7328808151390608E-009   7.5760916369864354E-011
   0.0000000000000000        0.0000000000000000     
         114  -3.3422531520154333E-009  -3.2138072754991215E-010
   2.6580139119754887E-009   5.0996489565864177E-011
   0.0000000000000000        0.0000000000000000     
         115  -3.1398719656997665E-009  -2.6786980382507016E-010
   2.5971212270041037E-009   2.9695335784759934E-011
   0.0000000000000000        0.0000000000000000     
         116  -2.9668822193576797E-009  -2.2328893504699143E-010
   2.5482590261470387E-009   1.0986635174352511E-011
   0.0000000000000000        0.0000000000000000     
         117  -2.8186045407549460E-009  -1.8548403119097664E-010
   2.5099637324556393E-009  -5.7846756910036704E-012
   0.0000000000000000        0.0000000000000000     
         118  -2.6914474287757609E-009  -1.5285027338508449E-010
   2.4810954060814528E-009  -2.1122903381812889E-011
   0.0000000000000000        0.0000000000000000     
         119  -2.5826113600000458E-009  -1.2416364334541194E-010
   2.4607739939088484E-009  -3.5427340246804862E-011
   0.0000000000000000        0.0000000000000000     
         120  -2.4898865621994699E-009  -9.8467350793854002E-011
   2.4482996395339792E-009  -4.9022534693153363E-011
   0.0000000000000000        0.0000000000000000     
         121  -2.4116797105712623E-009  -7.4980304455963813E-011
   2.4432610150596949E-009  -6.2187261889615633E-011
   0.0000000000000000        0.0000000000000000     
         122  -2.3465859297656396E-009  -5.3064745393483789E-011
   2.4452416065578654E-009  -7.5159593296004159E-011
   0.0000000000000000        0.0000000000000000     
         123  -2.2937043519574503E-009  -3.2154925046430087E-011
   2.4540085588477607E-009  -8.8159075759758295E-011
   0.0000000000000000        0.0000000000000000     
         124  -2.2523265969861385E-009  -1.1743076108792985E-011
   2.4695446608849333E-009  -1.0139961513043873E-010
   0.0000000000000000        0.0000000000000000     
         125  -2.2220365919276135E-009   8.6592650261198560E-012
   2.4918182533319638E-009  -1.1508925953488521E-010
   0.0000000000000000        0.0000000000000000     
         126  -2.2027113944695715E-009   2.9549373406984291E-011
   2.5209854213501327E-009  -1.2944867397387495E-010
   0.0000000000000000        0.0000000000000000     
         127  -2.1943611084960087E-009   5.1448987693134822E-011
   2.5571666091789601E-009  -1.4471124572067113E-010
   0.0000000000000000        0.0000000000000000     
         128  -2.1973954408305421E-009   7.4954779695423378E-011
   2.6008136683963419E-009  -1.6115051030390456E-010
   0.0000000000000000        0.0000000000000000     
         129  -2.2124667957621433E-009   1.0076267170701402E-010
   2.6523325280151292E-009  -1.7907732127638497E-010
   0.0000000000000000        0.0000000000000000     
         130  -2.2404340074845936E-009   1.2971247116036268E-010
   2.7123672134425958E-009  -1.9887017943262512E-010
   0.0000000000000000        0.0000000000000000     
         131  -2.2826945917556694E-009   1.6287550917265348E-010
   2.7817239090966655E-009  -2.2099612394684943E-010
   0.0000000000000000        0.0000000000000000     
         132  -2.3411290898599811E-009   2.0164096201494298E-010
   2.8614442027805669E-009  -2.4604811744628251E-010
   0.0000000000000000        0.0000000000000000     
         133  -2.4181517620484507E-009   2.4785333157876211E-010
   2.9527218937524065E-009  -2.7479137764655229E-010
   0.0000000000000000        0.0000000000000000     
         134  -2.5170243899291726E-009   3.0403752034933319E-010
   3.0572235260142680E-009  -3.0825212921538070E-010
   0.0000000000000000        0.0000000000000000     
         135  -2.6420810461485622E-009   3.7373258733556116E-010
   3.1770204448093250E-009  -3.4783083588260040E-010
   0.0000000000000000        0.0000000000000000     
         136  -2.7991065104912090E-009   4.6203208504833443E-010
   3.3147692193743028E-009  -3.9549581110840452E-010
   0.0000000000000000        0.0000000000000000     
         137  -2.9959182732388849E-009   5.7648297364041976E-010
   3.4739280385597906E-009  -4.5410022850254300E-010
   0.0000000000000000        0.0000000000000000     
         138  -3.2428906288660577E-009   7.2861172150119658E-010
   3.6589382681749853E-009  -5.2791925363612864E-010
   0.0000000000000000        0.0000000000000000     
