   262144.00000000000     
         256           1           3
   1.7567330116226543E-005   35.902873699465999        16.020003305100001     
   6.0401400154609997        12.000000000000000        5733.8999999999996     
           0   0.0000000000000000        0.0000000000000000     
   0.0000000000000000        0.0000000000000000     
   0.0000000000000000        0.0000000000000000     
           1   0.0000000000000000        0.0000000000000000     
  -1.5289690789387234E-008   3.9971692955579436E-010
   1.7256548937910535E-009  -3.0859939832467881E-011
           2   0.0000000000000000        0.0000000000000000     
  -1.5145191611139928E-008   3.4424201654306306E-010
   1.7092858954480089E-009  -3.5450928312157533E-011
           3   0.0000000000000000        0.0000000000000000     
  -1.5070565451793077E-008   3.3195906697624241E-010
   1.6990887332958347E-009  -3.6176070489356707E-011
           4   0.0000000000000000        0.0000000000000000     
  -1.5017496187565984E-008   3.2778742042642541E-010
   1.6921233557051819E-009  -3.6270203350127073E-011
           5   0.0000000000000000        0.0000000000000000     
  -1.4976818862804956E-008   3.2587020895028396E-010
   1.6868955048879124E-009  -3.6237305230356796E-011
           6   0.0000000000000000        0.0000000000000000     
  -1.4944500843977006E-008   3.2484744328473798E-010
   1.6827408263865058E-009  -3.6177993611354421E-011
           7   0.0000000000000000        0.0000000000000000     
  -1.4918292028368499E-008   3.2428101684265629E-010
   1.6793172608684244E-009  -3.6117501117089851E-011
           8   0.0000000000000000        0.0000000000000000     
  -1.4896799415845295E-008   3.2399271519508603E-010
   1.6764268099150047E-009  -3.6062678409351016E-011
           9   0.0000000000000000        0.0000000000000000     
  -1.4879101870594910E-008   3.2389669286973819E-010
   1.6739447002344804E-009  -3.6015095200780873E-011
          10   0.0000000000000000        0.0000000000000000     
  -1.4864560213014732E-008   3.2394610141479090E-010
   1.6717871942448694E-009  -3.5974685393073509E-011
          11   0.0000000000000000        0.0000000000000000     
  -1.4852714064801479E-008   3.2411288617780791E-010
   1.6698953193853498E-009  -3.5940893895579595E-011
          12   0.0000000000000000        0.0000000000000000     
  -1.4843221850873119E-008   3.2437904597123898E-010
   1.6682259333091567E-009  -3.5913062067235081E-011
          13   0.0000000000000000        0.0000000000000000     
  -1.4835824004898239E-008   3.2473242762033336E-010
   1.6667464854428384E-009  -3.5890557433346161E-011
          14   0.0000000000000000        0.0000000000000000     
  -1.4830319411903942E-008   3.2516452059868398E-010
   1.6654317795286481E-009  -3.5872812279646174E-011
          15   0.0000000000000000        0.0000000000000000     
  -1.4826549776602931E-008   3.2566921578301040E-010
   1.6642618841842529E-009  -3.5859329219761313E-011
          16   0.0000000000000000        0.0000000000000000     
  -1.4824388931551533E-008   3.2624206484380772E-010
   1.6632207346806957E-009  -3.5849675332157765E-011
          17   0.0000000000000000        0.0000000000000000     
  -1.4823735331314586E-008   3.2687981649295442E-010
   1.6622951681062107E-009  -3.5843473084050369E-011
          18   0.0000000000000000        0.0000000000000000     
  -1.4824506663719154E-008   3.2758011423877196E-010
   1.6614742397558673E-009  -3.5840391127701134E-011
          19   0.0000000000000000        0.0000000000000000     
  -1.4826635905145764E-008   3.2834129281842136E-010
   1.6607487274652554E-009  -3.5840136022669651E-011
          20   0.0000000000000000        0.0000000000000000     
  -1.4830068383368094E-008   3.2916223742678600E-010
   1.6601107648566953E-009  -3.5842445133640132E-011
          21   0.0000000000000000        0.0000000000000000     
  -1.4834759558581033E-008   3.3004228433458766E-010
   1.6595535649698011E-009  -3.5847080654506109E-011
          22   0.0000000000000000        0.0000000000000000     
  -1.4840673325471638E-008   3.3098114971025159E-010
   1.6590712085760338E-009  -3.5853824604605950E-011
          23   0.0000000000000000        0.0000000000000000     
  -1.4847780700357024E-008   3.3197887819991923E-010
   1.6586584795522999E-009  -3.5862474631132487E-011
          24   0.0000000000000000        0.0000000000000000     
  -1.4856058796815470E-008   3.3303580578526856E-010
   1.6583107350836853E-009  -3.5872840458439495E-011
          25   0.0000000000000000        0.0000000000000000     
  -1.4865490021532701E-008   3.3415253318846309E-010
   1.6580238019117414E-009  -3.5884740854026797E-011
          26   0.0000000000000000        0.0000000000000000     
  -1.4876061439789273E-008   3.3532990734515967E-010
   1.6577938923936236E-009  -3.5898000996011215E-011
          27   0.0000000000000000        0.0000000000000000     
  -1.4887764274191078E-008   3.3656900917297065E-010
   1.6576175356928806E-009  -3.5912450152972069E-011
          28   0.0000000000000000        0.0000000000000000     
  -1.4900593508863925E-008   3.3787114644770874E-010
   1.6574915207248859E-009  -3.5927919598947956E-011
          29   0.0000000000000000        0.0000000000000000     
  -1.4914547579107187E-008   3.3923785091953067E-010
   1.6574128481838628E-009  -3.5944240702813593E-011
          30   0.0000000000000000        0.0000000000000000     
  -1.4929628130459273E-008   3.4067087909887318E-010
   1.6573786897382553E-009  -3.5961243138983912E-011
          31   0.0000000000000000        0.0000000000000000     
  -1.4945839835781374E-008   3.4217221632185976E-010
   1.6573863528099628E-009  -3.5978753174869606E-011
          32   0.0000000000000000        0.0000000000000000     
  -1.4963190261154479E-008   3.4374408385054180E-010
   1.6574332497609892E-009  -3.5996591997042922E-011
          33   0.0000000000000000        0.0000000000000000     
  -1.4981689773972641E-008   3.4538894888442862E-010
   1.6575168704985430E-009  -3.6014574040105701E-011
          34   0.0000000000000000        0.0000000000000000     
  -1.5001351488057366E-008   3.4710953745463691E-010
   1.6576347577470461E-009  -3.6032505287223600E-011
          35   0.0000000000000000        0.0000000000000000     
  -1.5022191241921793E-008   3.4890885025541759E-010
   1.6577844843414431E-009  -3.6050181510251966E-011
          36   0.0000000000000000        0.0000000000000000     
  -1.5044227607724638E-008   3.5079018154504648E-010
   1.6579636320034405E-009  -3.6067386419622141E-011
          37   0.0000000000000000        0.0000000000000000     
  -1.5067481928853206E-008   3.5275714131612465E-010
   1.6581697711559517E-009  -3.6083889692550837E-011
          38   0.0000000000000000        0.0000000000000000     
  -1.5091978385385429E-008   3.5481368101496617E-010
   1.6584004413610683E-009  -3.6099444846816096E-011
          39   0.0000000000000000        0.0000000000000000     
  -1.5117744086803067E-008   3.5696412316971638E-010
   1.6586531320515518E-009  -3.6113786924678679E-011
          40   0.0000000000000000        0.0000000000000000     
  -1.5144809192473642E-008   3.5921319535881183E-010
   1.6589252631939430E-009  -3.6126629948542421E-011
          41   0.0000000000000000        0.0000000000000000     
  -1.5173207060542907E-008   3.6156606905831680E-010
   1.6592141655897315E-009  -3.6137664104629823E-011
          42   0.0000000000000000        0.0000000000000000     
  -1.5202974426817724E-008   3.6402840401425213E-010
   1.6595170605021737E-009  -3.6146552605867153E-011
          43   0.0000000000000000        0.0000000000000000     
  -1.5234151615544694E-008   3.6660639889861644E-010
   1.6598310382938078E-009  -3.6152928177648536E-011
          44   0.0000000000000000        0.0000000000000000     
  -1.5266782784770232E-008   3.6930684916723790E-010
   1.6601530357469690E-009  -3.6156389101380559E-011
          45   0.0000000000000000        0.0000000000000000     
  -1.5300916209579095E-008   3.7213721320731269E-010
   1.6604798117369902E-009  -3.6156494740330235E-011
          46   0.0000000000000000        0.0000000000000000     
  -1.5336604607217680E-008   3.7510568806536966E-010
   1.6608079208710504E-009  -3.6152760458374462E-011
          47   0.0000000000000000        0.0000000000000000     
  -1.5373905509108923E-008   3.7822129629873425E-010
   1.6611336846810919E-009  -3.6144651827593105E-011
          48   0.0000000000000000        0.0000000000000000     
  -1.5412881685508167E-008   3.8149398578895408E-010
   1.6614531599084846E-009  -3.6131577999966010E-011
          49   0.0000000000000000        0.0000000000000000     
  -1.5453601629891766E-008   3.8493474472689539E-010
   1.6617621033521216E-009  -3.6112884095424702E-011
          50   0.0000000000000000        0.0000000000000000     
  -1.5496140111400791E-008   3.8855573440910661E-010
   1.6620559326659365E-009  -3.6087842429371080E-011
          51   0.0000000000000000        0.0000000000000000     
  -1.5540578805300303E-008   3.9237044304215808E-010
   1.6623296824071115E-009  -3.6055642366949172E-011
          52   0.0000000000000000        0.0000000000000000     
  -1.5587007013220670E-008   3.9639386440466034E-010
   1.6625779545058671E-009  -3.6015378547174950E-011
          53   0.0000000000000000        0.0000000000000000     
  -1.5635522487316198E-008   4.0064270605408481E-010
   1.6627948621929910E-009  -3.5966037165731206E-011
          54   0.0000000000000000        0.0000000000000000     
  -1.5686232375265411E-008   4.0513563278147441E-010
   1.6629739662306562E-009  -3.5906479937488461E-011
          55   0.0000000000000000        0.0000000000000000     
  -1.5739254306188872E-008   4.0989355230280720E-010
   1.6631082020878774E-009  -3.5835425274174731E-011
          56   0.0000000000000000        0.0000000000000000     
  -1.5794717641839424E-008   4.1493995177824755E-010
   1.6631897964284112E-009  -3.5751426107549431E-011
          57   0.0000000000000000        0.0000000000000000     
  -1.5852764922469930E-008   4.2030129578155862E-010
   1.6632101709378967E-009  -3.5652843652326587E-011
          58   0.0000000000000000        0.0000000000000000     
  -1.5913553542776740E-008   4.2600749891395925E-010
   1.6631598311330473E-009  -3.5537816233840593E-011
          59   0.0000000000000000        0.0000000000000000     
  -1.5977257701263997E-008   4.3209248953965489E-010
   1.6630282372553424E-009  -3.5404222086139477E-011
          60   0.0000000000000000        0.0000000000000000     
  -1.6044070675893101E-008   4.3859488533767733E-010
   1.6628036537374522E-009  -3.5249634747540778E-011
          61   0.0000000000000000        0.0000000000000000     
  -1.6114207490999815E-008   4.4555880682945697E-010
   1.6624729729201094E-009  -3.5071269317118374E-011
          62   0.0000000000000000        0.0000000000000000     
  -1.6187908055776153E-008   4.5303486212403487E-010
   1.6620215076828377E-009  -3.4865917365641864E-011
          63   0.0000000000000000        0.0000000000000000     
  -1.6265440873958584E-008   4.6108134544139714E-010
   1.6614327463637676E-009  -3.4629867675535111E-011
          64   0.0000000000000000        0.0000000000000000     
  -1.6347106676211827E-008   4.6976568788488434E-010
   1.6606887315499333E-009  -3.4358823366422733E-011
          65   0.0000000000000000        0.0000000000000000     
  -1.6433246770926645E-008   4.7916633000573825E-010
   1.6597670331481567E-009  -3.4047725486166144E-011
          66   0.0000000000000000        0.0000000000000000     
  -1.6524244713275094E-008   4.8937486352833061E-010
   1.6586443507971063E-009  -3.3690689864769650E-011
          67   0.0000000000000000        0.0000000000000000     
  -1.6620537009916564E-008   5.0049889303000259E-010
   1.6572933308925590E-009  -3.3280765074678327E-011
          68   0.0000000000000000        0.0000000000000000     
  -1.6722621584298172E-008   5.1266553543170506E-010
   1.6556826254503968E-009  -3.2809713624071031E-011
          69   0.0000000000000000        0.0000000000000000     
  -1.6831069061660669E-008   5.2602587569108192E-010
   1.6537761453642127E-009  -3.2267716569185030E-011
          70   0.0000000000000000        0.0000000000000000     
  -1.6946536646786392E-008   5.4076066094840460E-010
   1.6515321417271378E-009  -3.1642995912646604E-011
          71   0.0000000000000000        0.0000000000000000     
  -1.7069785314034177E-008   5.5708764291905402E-010
   1.6489020674420497E-009  -3.0921327572420951E-011
          72   0.0000000000000000        0.0000000000000000     
  -1.7201700568709301E-008   5.7527112250658622E-010
   1.6458331360690862E-009  -3.0085491511611633E-011
          73   0.0000000000000000        0.0000000000000000     
  -1.7343322235218070E-008   5.9563458427736436E-010
   1.6422506102299134E-009  -2.9114099766211551E-011
          74   0.0000000000000000        0.0000000000000000     
  -1.7495874571234023E-008   6.1857733759447894E-010
   1.6380794120827434E-009  -2.7980992274323145E-011
          75   0.0000000000000000        0.0000000000000000     
  -1.7660813002563511E-008   6.4459710332822895E-010
   1.6332252858018248E-009  -2.6653403958966035E-011
          76   0.0000000000000000        0.0000000000000000     
  -1.7839880341245601E-008   6.7432073711021485E-010
   1.6275750032499504E-009  -2.5090008388247091E-011
          77   0.0000000000000000        0.0000000000000000     
  -1.8035180912465955E-008   7.0854676927726199E-010
   1.6209982308826735E-009  -2.3238237029687243E-011
          78   0.0000000000000000        0.0000000000000000     
  -1.8249280797225498E-008   7.4830526760479844E-010
   1.6133137366698629E-009  -2.1029728877189043E-011
          79   0.0000000000000000        0.0000000000000000     
  -1.8485337959625051E-008   7.9494338896610856E-010
   1.6043214654497392E-009  -1.8375511990992280E-011
          80   0.0000000000000000        0.0000000000000000     
  -1.8747284030468464E-008   8.5025024676578503E-010
   1.5937715242758295E-009  -1.5157309135738296E-011
          81   0.0000000000000000        0.0000000000000000     
  -1.9040072049305464E-008   9.1664283423305195E-010
   1.5813217385998063E-009  -1.1214638488940671E-011
          82   0.0000000000000000        0.0000000000000000     
  -1.9370025753328692E-008   9.9744962427035907E-010
   1.5665636328776129E-009  -6.3270197222055659E-012
          83   0.0000000000000000        0.0000000000000000     
  -1.9745336577867533E-008   1.0973546726690251E-009
   1.5489640523089085E-009  -1.8393870799595616E-013
          84   0.0000000000000000        0.0000000000000000     
  -2.0176781009654183E-008   1.2231140780568389E-009
   1.5277960846956869E-009   7.6631954423741417E-012
          85   0.0000000000000000        0.0000000000000000     
  -2.0678787146238238E-008   1.3847518828807790E-009
   1.5021168530234357E-009   1.7879454550299689E-011
          86   0.0000000000000000        0.0000000000000000     
  -2.1271012356160115E-008   1.5976338893268991E-009
   1.4706163973610739E-009   3.1485123679511187E-011
          87   0.0000000000000000        0.0000000000000000     
  -2.1980737826990079E-008   1.8862270903636845E-009
   1.4314900252539552E-009   5.0104751947218849E-011
          88   0.0000000000000000        0.0000000000000000     
  -2.2846402348197620E-008   2.2912663451563072E-009
   1.3821840013911661E-009   7.6443609421104640E-011
          89   0.0000000000000000        0.0000000000000000     
  -2.3922518079626567E-008   2.8842270727861400E-009
   1.3190830195802565E-009   1.1524873234062771E-010
          90   0.0000000000000000        0.0000000000000000     
  -2.5284640676088777E-008   3.7984760025149317E-009
   1.2371760274886325E-009   1.7537818650360533E-010
          91   0.0000000000000000        0.0000000000000000     
  -2.7024681229747549E-008   5.3007804581017023E-009
   1.1303672458578402E-009   2.7455105935417343E-010
          92   0.0000000000000000        0.0000000000000000     
  -2.9183409219738738E-008   7.9622021793103388E-009
   9.9596056616159616E-010   4.5069901946102590E-010
          93   0.0000000000000000        0.0000000000000000     
  -3.1344882963989869E-008   1.3025392380901993E-008
   8.6162471747432332E-010   7.8636326630388979E-010
          94   0.0000000000000000        0.0000000000000000     
  -3.0727361793812776E-008   2.2422841647116850E-008
   9.1211798407809177E-010   1.4099085941038321E-009
          95   0.0000000000000000        0.0000000000000000     
  -1.9425458906143447E-008   3.2343138600963952E-008
   1.6725022797325942E-009   2.0681630372995505E-009
          96   0.0000000000000000        0.0000000000000000     
  -3.5640218142143978E-009   2.7197777312850181E-008
   2.7359618860493429E-009   1.7256620439966919E-009
          97   0.0000000000000000        0.0000000000000000     
   2.9959283870061096E-010   1.6089018894217124E-008
   3.0026443267033456E-009   9.8702090374551770E-010
          98   0.0000000000000000        0.0000000000000000     
  -1.4548631952421941E-009   9.4358403141472630E-009
   2.8964772328261926E-009   5.4431337951908021E-010
          99   0.0000000000000000        0.0000000000000000     
  -3.8171369538287405E-009   6.0206848103780547E-009
   2.7502202270992724E-009   3.1666321478079421E-010
         100   0.0000000000000000        0.0000000000000000     
  -5.7990390433228521E-009   4.1753057304590533E-009
   2.6294497323276442E-009   1.9325745054814796E-010
         101   0.0000000000000000        0.0000000000000000     
  -7.3575031628315235E-009   3.0991879289122538E-009
   2.5370769170685191E-009   1.2091943786255038E-010
         102   0.0000000000000000        0.0000000000000000     
  -8.5872585412753703E-009   2.4281448177228568E-009
   2.4668393814755879E-009   7.5455837787194532E-011
         103   0.0000000000000000        0.0000000000000000     
  -9.5767591218006375E-009   1.9864908941215422E-009
   2.4128579709112641E-009   4.5194994310640941E-011
         104   0.0000000000000000        0.0000000000000000     
  -1.0391106941351152E-008   1.6831789539508039E-009
   2.3708204804263524E-009   2.4086801679895381E-011
         105   0.0000000000000000        0.0000000000000000     
  -1.1076140361038965E-008   1.4678330293990613E-009
   2.3377019993101352E-009   8.7823473815123878E-012
         106   0.0000000000000000        0.0000000000000000     
  -1.1664169211601720E-008   1.3109705735686624E-009
   2.3113569708038853E-009  -2.6792832165187396E-012
         107   0.0000000000000000        0.0000000000000000     
  -1.2178311741580447E-008   1.1944992170059976E-009
   2.2902718553505979E-009  -1.1503158112878866E-011
         108   0.0000000000000000        0.0000000000000000     
  -1.2635436027580717E-008   1.1068644054339732E-009
   2.2733427935937227E-009  -1.8460286404352816E-011
         109   0.0000000000000000        0.0000000000000000     
  -1.3048105020689374E-008   1.0404352602168458E-009
   2.2597533297870315E-009  -2.4061458855415499E-011
         110   0.0000000000000000        0.0000000000000000     
  -1.3425868546673201E-008   9.9002895574652362E-010
   2.2488887648530281E-009  -2.8655328844418315E-011
         111   0.0000000000000000        0.0000000000000000     
  -1.3776133157403694E-008   9.5204331304611557E-010
   2.2402785775698082E-009  -3.2486104552693705E-011
         112   0.0000000000000000        0.0000000000000000     
  -1.4104758151750100E-008   9.2392869525743589E-010
   2.2335570669662616E-009  -3.5728717618914013E-011
         113   0.0000000000000000        0.0000000000000000     
  -1.4416471842839763E-008   9.0385660182094834E-010
   2.2284359730886443E-009  -3.8510943977912733E-011
         114   0.0000000000000000        0.0000000000000000     
  -1.4715168225854326E-008   8.9050629380840610E-010
   2.2246932671750359E-009  -4.0927880196418229E-011
         115   0.0000000000000000        0.0000000000000000     
  -1.5004122136930561E-008   8.8292449720699020E-010
   2.2221265153975748E-009  -4.3050725009061131E-011
         116   0.0000000000000000        0.0000000000000000     
  -1.5286150269875202E-008   8.8043176316250619E-010
   2.2205916981203282E-009  -4.4934232171884358E-011
         117   0.0000000000000000        0.0000000000000000     
  -1.5563732730994883E-008   8.8255944800948884E-010
   2.2199629393339659E-009  -4.6620436593756159E-011
         118   0.0000000000000000        0.0000000000000000     
  -1.5839108695045294E-008   8.8900749938103072E-010
   2.2201349526167815E-009  -4.8141921414993824E-011
         119   0.0000000000000000        0.0000000000000000     
  -1.6114353675450910E-008   8.9961688856207021E-010
   2.2210186518420380E-009  -4.9524008818920750E-011
         120   0.0000000000000000        0.0000000000000000     
  -1.6391445225447061E-008   9.1435288622334727E-010
   2.2225450780802386E-009  -5.0786478080281842E-011
         121   0.0000000000000000        0.0000000000000000     
  -1.6672317322211701E-008   9.3329679337784419E-010
   2.2246332899304051E-009  -5.1944054162310644E-011
         122   0.0000000000000000        0.0000000000000000     
  -1.6958917735460424E-008   9.5664512129189272E-010
   2.2272322498364166E-009  -5.3008126004484777E-011
         123   0.0000000000000000        0.0000000000000000     
  -1.7253257252199175E-008   9.8471550312200762E-010
   2.2302895962111807E-009  -5.3986650666849879E-011
         124   0.0000000000000000        0.0000000000000000     
  -1.7557464360776689E-008   1.0179598709731115E-009
   2.2337574147551501E-009  -5.4884632240866749E-011
         125   0.0000000000000000        0.0000000000000000     
  -1.7873845348277695E-008   1.0569858731374840E-009
   2.2375949151088611E-009  -5.5704352348110111E-011
         126   0.0000000000000000        0.0000000000000000     
  -1.8204946544513955E-008   1.1025882988863635E-009
   2.2417507619281300E-009  -5.6444995101795588E-011
         127   0.0000000000000000        0.0000000000000000     
  -1.8553641118641896E-008   1.1557939524557839E-009
   2.2461862891085345E-009  -5.7102958894088193E-011
         128   0.0000000000000000        0.0000000000000000     
  -1.8923221057755591E-008   1.2179241190910766E-009
   2.2508577858083389E-009  -5.7671088118050675E-011
         129   0.0000000000000000        0.0000000000000000     
  -1.9317520889833579E-008   1.2906820952400805E-009
   2.2557179117493548E-009  -5.8138046164869448E-011
         130   0.0000000000000000        0.0000000000000000     
  -1.9741065980663203E-008   1.3762761424436089E-009
   2.2607185830066836E-009  -5.8487363284255738E-011
         131   0.0000000000000000        0.0000000000000000     
  -2.0199281274948861E-008   1.4775948120739922E-009
   2.2658018762786988E-009  -5.8695726527335217E-011
         132   0.0000000000000000        0.0000000000000000     
  -2.0698749523985171E-008   1.5984597457576669E-009
   2.2708947604710396E-009  -5.8730613067402216E-011
         133   0.0000000000000000        0.0000000000000000     
  -2.1247557453098124E-008   1.7439972437173520E-009
   2.2759333886665249E-009  -5.8547435563146248E-011
         134   0.0000000000000000        0.0000000000000000     
  -2.1855775912648522E-008   1.9211957404977108E-009
   2.2808026961818913E-009  -5.8083148033917697E-011
         135   0.0000000000000000        0.0000000000000000     
  -2.2536091734175045E-008   2.1397605221221636E-009
   2.2854089436167944E-009  -5.7249894713335958E-011
         136   0.0000000000000000        0.0000000000000000     
  -2.3304686527824566E-008   2.4134591328032358E-009
   2.2895744980167462E-009  -5.5920288134653440E-011
         137   0.0000000000000000        0.0000000000000000     
  -2.4182421039189415E-008   2.7622993249402011E-009
   2.2931363748765552E-009  -5.3909216122067739E-011
         138   0.0000000000000000        0.0000000000000000     
  -2.5196411441218372E-008   3.2161680203151136E-009
   2.2958152588765791E-009  -5.0937044365900171E-011
