   262144.00000000000     
         256           1           3
   1.7567330116226543E-005   32.267967713312999        143.27462188630000     
   6.0401400154609997        12.000000000000000        5733.8999999999996     
           0   0.0000000000000000        0.0000000000000000     
   0.0000000000000000        0.0000000000000000     
   0.0000000000000000        0.0000000000000000     
           1   4.3057813699480472E-010   7.2588821552152574E-011
   1.0108465041442659E-009  -6.9716623399871556E-011
  -8.4588470071390363E-010   1.2156664530068444E-010
           2   4.2172212706870005E-010   8.8322929805339641E-012
   1.0043162801861498E-009  -3.2707733569600634E-011
  -8.4431702699749065E-010   4.1552328872415263E-011
           3   4.0989561235315259E-010  -3.5546635974370332E-012
   1.0048671835965715E-009  -2.5557534273013328E-011
  -8.5245887449253971E-010   2.6111897762997285E-011
           4   4.0439071184968090E-010  -7.1946559124855482E-012
   1.0041037311760367E-009  -2.3540384920198429E-011
  -8.5533909306435794E-010   2.1723743894062378E-011
           5   4.0190751621440738E-010  -8.7083445427995453E-012
   1.0029937272679802E-009  -2.2801126222222855E-011
  -8.5606193265178414E-010   2.0058722560309786E-011
           6   4.0103249646306274E-010  -9.5382891087886822E-012
   1.0019398894071583E-009  -2.2493638794207055E-011
  -8.5594512709846728E-010   1.9295640968777730E-011
           7   4.0116470880808276E-010  -1.0107464421405321E-011
   1.0010716790969365E-009  -2.2367322567767332E-011
  -8.5550432716244743E-010   1.8898094323182860E-011
           8   4.0202194447703259E-010  -1.0568525427071577E-011
   1.0004250059262742E-009  -2.2330744262074617E-011
  -8.5495585823921504E-010   1.8671742991375346E-011
           9   4.0346002262132250E-010  -1.0985714375607930E-011
   1.0000039883357259E-009  -2.2345158444766930E-011
  -8.5439630519125217E-010   1.8534848901968991E-011
          10   4.0540113865744423E-010  -1.1389635377395881E-011
   9.9980241645321128E-010  -2.2392224614629181E-011
  -8.5387040830816112E-010   1.8448943834005995E-011
          11   4.0780256091777628E-010  -1.1796583581078154E-011
   9.9981151092954358E-010  -2.2462516965158805E-011
  -8.5339896638148438E-010   1.8394260714657331E-011
          12   4.1064174170488494E-010  -1.2216248620389639E-011
   1.0000227566680761E-009  -2.2550900110118488E-011
  -8.5299118884282912E-010   1.8359898043717475E-011
          13   4.1390872485514483E-010  -1.2655097942099989E-011
   1.0004288815629662E-009  -2.2654478668749076E-011
  -8.5265050713575938E-010   1.8339484563182137E-011
          14   4.1760205674446962E-010  -1.3117988698247244E-011
   1.0010241224175219E-009  -2.2771614489192207E-011
  -8.5237744561173108E-010   1.8329113586414009E-011
          15   4.2172649770527253E-010  -1.3608993482075155E-011
   1.0018042232558945E-009  -2.2901425221803668E-011
  -8.5217109471900735E-010   1.8326293884154770E-011
          16   4.2629171641180496E-010  -1.4131854373737980E-011
   1.0027663454083749E-009  -2.3043515792285273E-011
  -8.5202988992706421E-010   1.8329388210764924E-011
          17   4.3131155270130916E-010  -1.4690252391433246E-011
   1.0039089620364881E-009  -2.3197829863248901E-011
  -8.5195203392395994E-010   1.8337300129303568E-011
          18   4.3680362859323091E-010  -1.5287982149076559E-011
   1.0052317660365296E-009  -2.3364566919303840E-011
  -8.5193573166198551E-010   1.8349294361122340E-011
          19   4.4278918622500555E-010  -1.5929077253420565E-011
   1.0067356021257388E-009  -2.3544137599859277E-011
  -8.5197932729872022E-010   1.8364893028578123E-011
          20   4.4929308433297262E-010  -1.6617910722132276E-011
   1.0084224266769557E-009  -2.3737143131068996E-011
  -8.5208139180808572E-010   1.8383817976429998E-011
          21   4.5634391414514385E-010  -1.7359284039871116E-011
   1.0102952966457341E-009  -2.3944371600571685E-011
  -8.5224079013457179E-010   1.8405963719136856E-011
          22   4.6397421297541327E-010  -1.8158512794539874E-011
   1.0123583886354221E-009  -2.4166807749077738E-011
  -8.5245674648615358E-010   1.8431393650659027E-011
          23   4.7222076394500583E-010  -1.9021513598711486E-011
   1.0146170501994850E-009  -2.4405655495647281E-011
  -8.5272892214784938E-010   1.8460357297624169E-011
          24   4.8112497659370306E-010  -1.9954894847640855E-011
   1.0170778873624410E-009  -2.4662374443072855E-011
  -8.5305751965554500E-010   1.8493330446962257E-011
          25   4.9073334685433651E-010  -2.0966051941152741E-011
   1.0197488949162941E-009  -2.4938733709454108E-011
  -8.5344342929428205E-010   1.8531084158282883E-011
          26   5.0109799655552857E-010  -2.2063265231027888E-011
   1.0226396398934984E-009  -2.5236889130559531E-011
  -8.5388843932982986E-010   1.8574794093423363E-011
          27   5.1227729194141806E-010  -2.3255795238544877E-011
   1.0257615141839994E-009  -2.5559493891763400E-011
  -8.5439554082190449E-010   1.8626209778068086E-011
          28   5.2433653712193855E-010  -2.4553963193312557E-011
   1.0291280807222611E-009  -2.5909859143989126E-011
  -8.5496937361117471E-010   1.8687916839901847E-011
          29   5.3734872972395860E-010  -2.5969193021877232E-011
   1.0327555508710186E-009  -2.6292192244562688E-011
  -8.5561688585013546E-010   1.8763748464872661E-011
          30   5.5139534868816852E-010  -2.7513968362952348E-011
   1.0366634520195237E-009  -2.6711960030812893E-011
  -8.5634832248155198E-010   1.8859444074119763E-011
          31   5.6656711074157154E-010  -2.9201614305659426E-011
   1.0408755799175561E-009  -2.7176461262306836E-011
  -8.5717873116222491E-010   1.8983731410615869E-011
          32   5.8296456933964094E-010  -3.1045725358362158E-011
   1.0454213911889756E-009  -2.7695763695466710E-011
  -8.5813030105730878E-010   1.9150160947186488E-011
          33   6.0069831128549101E-010  -3.3058876797453858E-011
   1.0503380985463681E-009  -2.8284306660032468E-011
  -8.5923607580367660E-010   1.9380334216719450E-011
          34   6.1988828275522592E-010  -3.5249852311844338E-011
   1.0556739237145212E-009  -2.8963783252529739E-011
  -8.6054599081958856E-010   1.9709843379389544E-011
          35   6.4066135815390958E-010  -3.7617682265644493E-011
   1.0614933115330693E-009  -2.9768634979445316E-011
  -8.6213692959518697E-010   2.0199793062550738E-011
          36   6.6314552317525089E-010  -4.0138453390553509E-011
   1.0678855162657105E-009  -3.0757265152446075E-011
  -8.6412979617600258E-010   2.0960614812886021E-011
          37   6.8745800615148176E-010  -4.2734563294754878E-011
   1.0749788289476829E-009  -3.2036835172038247E-011
  -8.6671844066604072E-010   2.2205193543235245E-011
          38   7.1368521442408421E-010  -4.5197529629957172E-011
   1.0829624591821483E-009  -3.3823526940570078E-011
  -8.7021469221822930E-010   2.4378716581023717E-011
          39   7.4187040866581062E-010  -4.6975387117967279E-011
   1.0921047780600108E-009  -3.6605510307892091E-011
  -8.7508485316855642E-010   2.8511005761686586E-011
          40   7.7218693796371895E-010  -4.6535182988204120E-011
   1.1026355291740986E-009  -4.1627471852907626E-011
  -8.8169030087935387E-010   3.7265901881230012E-011
          41   8.0678737784318701E-010  -3.9648754336313334E-011
   1.1133726345095840E-009  -5.2192846805065555E-011
  -8.8730411927509663E-010   5.7763623146427532E-011
          42   8.6088795543216517E-010  -2.2651201165621527E-011
   1.1133822486529418E-009  -7.1253678969904349E-011
  -8.6801611567419803E-010   9.6350674528309914E-011
          43   9.4478763030876769E-010  -3.2789756699419328E-011
   1.0954018192974046E-009  -7.0976963575754653E-011
  -8.0782763143362247E-010   9.2588822308539253E-011
          44   1.0074139572312642E-009  -6.5837971609226277E-011
   1.0986890475952844E-009  -5.4614120371126162E-011
  -7.9161205600205535E-010   5.3437777202247826E-011
          45   1.0643214793557736E-009  -8.9089117467630455E-011
   1.1125824044994264E-009  -4.7157150302593465E-011
  -7.9587617669854825E-010   3.2980775810460856E-011
          46   1.1296726910318184E-009  -1.0795372518064530E-010
   1.1275974345159200E-009  -4.4994678098102597E-011
  -7.9959794144182434E-010   2.3223427796691574E-011
          47   1.2065137631831564E-009  -1.2714485213653153E-010
   1.1429523021950956E-009  -4.5155107335341930E-011
  -8.0050810532938145E-010   1.7501087014202305E-011
          48   1.2968813996299709E-009  -1.4909899087056306E-010
   1.1590820193147336E-009  -4.6599792584693045E-011
  -7.9881021056326622E-010   1.3256662587458167E-011
          49   1.4035218232205059E-009  -1.7573387854608680E-010
   1.1765138909978059E-009  -4.9017709561062765E-011
  -7.9467681119564888E-010   9.3836287746098011E-012
          50   1.5303341201007220E-009  -2.0925162248262439E-010
   1.1958204250732767E-009  -5.2407854298822917E-011
  -7.8801516051598956E-010   5.2495711434508792E-012
          51   1.6827683686617681E-009  -2.5270904793765867E-010
   1.2176186620475007E-009  -5.6966375214782098E-011
  -7.7845769107709169E-010   3.3380002777707121E-013
          52   1.8686276727604433E-009  -3.1075874090309335E-010
   1.2427604968897857E-009  -6.3098052708166842E-011
  -7.6532830714831397E-010  -5.9639457633051107E-012
          53   2.0992287502735520E-009  -3.9092993029172232E-010
   1.2723746373246355E-009  -7.1514724988993975E-011
  -7.4754270215891970E-010  -1.4506493667385723E-011
          54   2.3914236132703038E-009  -5.0613696490628943E-010
   1.3081792935607245E-009  -8.3470682518121033E-011
  -7.2341245452704363E-010  -2.6707057184581413E-011
          55   2.7710852033865237E-009  -6.8003405012463267E-010
   1.3526847924487160E-009  -1.0127800328924309E-010
  -6.9029511385516894E-010  -4.5107857029247604E-011
          56   3.2789669118327663E-009  -9.5951980678551182E-010
   1.4098354531675944E-009  -1.2952376961828854E-010
  -6.4400647646285748E-010  -7.4709883842946827E-011
          57   3.9783842238384653E-009  -1.4471036908397726E-009
   1.4856336075387894E-009  -1.7821460624898644E-010
  -5.7803025776158137E-010  -1.2639634336837557E-010
          58   4.9514441528886058E-009  -2.3945013252073084E-009
   1.5879044427750390E-009  -2.7185256453627696E-010
  -4.8404112311549238E-010  -2.2679368776935719E-010
          59   6.1495678254923598E-009  -4.4880500605512649E-009
   1.7111856611882035E-009  -4.7695239114078390E-010
  -3.6799867607345142E-010  -4.4817973519244637E-010
          60   6.0565722602180573E-009  -9.2765175752851066E-009
   1.7068077064582183E-009  -9.4211375477529891E-010
  -3.9152745231913977E-010  -9.5202611175252555E-010
          61  -1.1872095156521760E-009  -1.3482579236635304E-008
   1.0100962219546166E-009  -1.3432517203276726E-009
  -1.1684202824756391E-009  -1.3861564738453802E-009
          62  -6.9121618830417904E-009  -8.0632831666894070E-009
   4.7137851426775210E-010  -8.1254587358792719E-010
  -1.7745755842864037E-009  -8.0754540017285092E-010
          63  -6.3831678408788222E-009  -3.8448795342279201E-009
   5.3847899227172244E-010  -4.0504319800279378E-010
  -1.7235120844753639E-009  -3.6264837349254479E-010
          64  -5.1517319788347189E-009  -2.0578038132922602E-009
   6.7177418613962118E-010  -2.3418165386867944E-010
  -1.6017834707853573E-009  -1.7471723261333625E-010
          65  -4.2109766344378636E-009  -1.2401983504512283E-009
   7.7652958323203112E-010  -1.5713209908131938E-010
  -1.5124156304951011E-009  -8.8529574282095036E-011
          66  -3.5409333148838449E-009  -8.1474822727425571E-010
   8.5530716718867472E-010  -1.1793311986942204E-010
  -1.4526891160012411E-009  -4.3255404016667952E-011
          67  -3.0547843655285345E-009  -5.6905590744594531E-010
   9.1685565341052216E-010  -9.6089275390146705E-011
  -1.4132784833077966E-009  -1.6599006802605326E-011
          68  -2.6913616898580169E-009  -4.1544817048826431E-010
   9.6726737101824132E-010  -8.3175695682432103E-011
  -1.3877006454630705E-009   6.2180088560969050E-013
          69  -2.4119781114416007E-009  -3.1334328304423621E-010
   1.0104095569252253E-009  -7.5312841486729592E-011
  -1.3719117552270807E-009   1.2654557092728404E-011
          70  -2.1920851957895491E-009  -2.4209512489525962E-010
   1.0487723398129147E-009  -7.0542201185569486E-011
  -1.3633888228185744E-009   2.1664659758008038E-011
          71  -2.0156609421066542E-009  -1.9036868401230462E-010
   1.0840199869266225E-009  -6.7802191177070824E-011
  -1.3605295415813390E-009   2.8849136339799192E-011
          72  -1.8719189357659748E-009  -1.5154341539970961E-010
   1.1173168107903879E-009  -6.6486426313271379E-011
  -1.3623021261271810E-009   3.4917893703859854E-011
          73  -1.7533836665071002E-009  -1.2154933643785287E-010
   1.1495183569779526E-009  -6.6236624838885527E-011
  -1.3680423417059192E-009   4.0320316038520972E-011
          74  -1.6547399327488127E-009  -9.7774018365633213E-011
   1.1812868377817584E-009  -6.6838738419137257E-011
  -1.3773338531489317E-009   4.5360096441381212E-011
          75  -1.5721250644812246E-009  -7.8476827950303791E-011
   1.2131636583266142E-009  -6.8168048666585713E-011
  -1.3899364611071562E-009   5.0257382724862400E-011
          76  -1.5026977848006294E-009  -6.2458545395075642E-011
   1.2456214951892544E-009  -7.0159156206024580E-011
  -1.4057426601456584E-009   5.5184627096477596E-011
          77  -1.4442792372590620E-009  -4.8867854870179623E-011
   1.2790805571323653E-009  -7.2789069955585734E-011
  -1.4247526497621429E-009   6.0288779481995563E-011
          78  -1.3952607910153460E-009  -3.7080934662072040E-011
   1.3139593093408865E-009  -7.6068691129466060E-011
  -1.4470595540122625E-009   6.5706242428941512E-011
          79  -1.3544049717309044E-009  -2.6626757998181132E-011
   1.3506778523713170E-009  -8.0038567896124109E-011
  -1.4728444818938589E-009   7.1574175828696374E-011
          80  -1.3207721560537489E-009  -1.7137058396276731E-011
   1.3896807192857087E-009  -8.4768455680020892E-011
  -1.5023774867265822E-009   7.8040267144905967E-011
          81  -1.2936582827534500E-009  -8.3121540927025038E-012
   1.4314553519264012E-009  -9.0359730645610705E-011
  -1.5360246634679300E-009   8.5272489366812637E-011
          82  -1.2725522463737515E-009   1.0372078785184754E-013
   1.4765522467335106E-009  -9.6950713266065659E-011
  -1.5742614004264510E-009   9.3470144593590437E-011
          83  -1.2571078016619505E-009   8.3414819713677389E-012
   1.5256085381680877E-009  -1.0472538558721463E-010
  -1.6176927053631120E-009   1.0287758908901742E-010
          84  -1.2471268521321524E-009   1.6623361690891063E-011
   1.5793771162034000E-009  -1.1392653330609363E-010
  -1.6670823741946879E-009   1.1380242578114903E-010
          85  -1.2425524576281250E-009   2.5178310567809347E-011
   1.6387640185380521E-009  -1.2487508820127232E-010
  -1.7233938743368681E-009   1.2664071979259479E-010
          86  -1.2434581961846156E-009   3.4258484964147037E-011
   1.7048941410957198E-009  -1.3799882194547861E-010
  -1.7878475030188862E-009   1.4191314889709729E-010
          87  -1.2501117718485445E-009   4.4160204687405074E-011
   1.7791134472699453E-009  -1.5387371497276496E-010
  -1.8619999620243922E-009   1.6031833428602590E-010
          88  -1.2629216150889950E-009   5.5250005843617880E-011
   1.8631793750663461E-009  -1.7328950881350197E-010
  -1.9478585839731766E-009   1.8281374880786753E-010
          89  -1.2825275994338668E-009   6.8004204315929713E-011
   1.9593276108391292E-009  -1.9734812885064266E-010
  -2.0480444282073433E-009   2.1074196154461148E-010
          90  -1.3098423391916352E-009   8.3067501869480512E-011
   2.0704554166081486E-009  -2.2762192095885733E-010
  -2.1660322414229991E-009   2.4603387186460552E-010
          91  -1.3461685951722434E-009   1.0134656138658109E-010
   2.2004947765579864E-009  -2.6641548679443521E-010
  -2.3065087164390381E-009   2.9154737680765168E-010
          92  -1.3932996027545948E-009   1.2416342404536987E-010
   2.3546959208340695E-009  -3.1720820279883599E-010
  -2.4759196097888659E-009   3.5165438222186373E-010
          93  -1.4537785347689963E-009   1.5352137678743481E-010
   2.5403734262968677E-009  -3.8544766267912227E-010
  -2.6833186613048762E-009   4.3330527972806762E-010
          94  -1.5311235248613563E-009   1.9258217649437859E-010
   2.7678656405978554E-009  -4.8003179672820000E-010
  -2.9417025583844266E-009   5.4806311896680810E-010
          95  -1.6304368984673266E-009   2.4657709796046982E-010
   3.0521431375317238E-009  -6.1625166943667947E-010
  -3.2700827432093985E-009   7.1623496303010929E-010
          96  -1.7590842021627667E-009   3.2463971427724200E-010
   3.4149116339199247E-009  -8.2203298066588033E-010
  -3.6964474679927516E-009   9.7587523880588273E-010
          97  -1.9275134004460360E-009   4.4375330477252356E-010
   3.8871967471440177E-009  -1.1522378046690609E-009
  -4.2603927511365007E-009   1.4040136470797254E-009
          98  -2.1490680066167952E-009   6.3785838814950430E-010
   4.5056874875276371E-009  -1.7239927721518116E-009
  -5.0051748801885705E-009   2.1706618083675744E-009
          99  -2.4334116972366538E-009   9.7999060984377792E-010
   5.2673624660039661E-009  -2.8066371314040675E-009
  -5.8932218098891351E-009   3.6784146332366875E-009
         100  -2.7397247543270062E-009   1.6324705192999625E-009
   5.8288891283521886E-009  -4.9847986960932144E-009
  -6.2612446229746942E-009   6.7847916495237042E-009
         101  -2.7448765999923873E-009   2.8758364097450123E-009
   4.3980055008475665E-009  -8.5057754021320445E-009
  -2.9903314894117168E-009   1.1257954441748369E-008
         102  -1.3683759286584043E-009   4.4042997454619347E-009
  -3.0830259434790353E-010  -9.8789869976512516E-009
   3.8244116477120951E-009   1.0145950253059778E-008
         103   1.0347152858235589E-009   3.9354453656560614E-009
  -3.9882898517034540E-009  -7.2658781497996961E-009
   5.5465438905237686E-009   5.5268796484865632E-009
         104   1.7401615724154026E-009   2.2906409023831877E-009
  -4.5043350253014046E-009  -4.1434058402687104E-009
   4.7563875866581376E-009   2.9753266017940601E-009
         105   1.5055353330827829E-009   1.2860194637216834E-009
  -3.8248018670053503E-009  -2.3858892889254240E-009
   3.8441225454260458E-009   1.7717334874421719E-009
         106   1.1658261519875261E-009   7.8325413410099186E-010
  -3.1039541230037935E-009  -1.4932902596655449E-009
   3.1355448097183266E-009   1.1506916410765168E-009
         107   8.8412769988105837E-010   5.1838505531930588E-010
  -2.5313577936387829E-009  -1.0086014946866962E-009
   2.6072940419904412E-009   7.9767446115713666E-010
         108   6.6622253473217579E-010   3.6713598589859736E-010
  -2.0934429694696411E-009  -7.2282011393343837E-010
   2.2089038560190216E-009   5.8052731909926547E-010
         109   4.9695201818745726E-010   2.7451601870676970E-010
  -1.7554205088704290E-009  -5.4208451034716014E-010
   1.9020271159371886E-009   4.3834030049542783E-010
         110   3.6248730611223232E-010   2.1460066522707856E-010
  -1.4895050059277200E-009  -4.2115247607303813E-010
   1.6606299850599970E-009   3.4046912561616802E-010
         111   2.5297319608143517E-010   1.7419532578791348E-010
  -1.2762536974948262E-009  -3.3647926134470345E-010
   1.4672064963021543E-009   2.7030635906302588E-010
         112   1.6150277720181558E-010   1.4610779993888262E-010
  -1.1021911487627970E-009  -2.7495602798694973E-010
   1.3098016498305695E-009   2.1827727282725886E-010
         113   8.3300063112431465E-011   1.2618218484980860E-010
  -9.5788440617042322E-010  -2.2885457121818160E-010
   1.1800688239803232E-009   1.7856940049046123E-010
         114   1.4940494217837536E-011   1.1189947534760988E-010
  -8.3669347442413485E-010  -1.9339258295254629E-010
   1.0720483756238138E-009   1.4749748599072295E-010
         115  -4.6126949760696691E-011   1.0167241433855304E-010
  -7.3377767763553609E-010  -1.6548802693516005E-010
   9.8139478409397871E-010   1.2263677574806408E-010
         116  -1.0175788843871120E-010   9.4468242751301090E-011
  -6.4557890108761059E-010  -1.4308297234010616E-010
   9.0487816461971093E-010   1.0233994041513696E-010
         117  -1.5339935114952711E-010   8.9600130372103855E-011
  -5.6942203895052843E-010  -1.2476053745133320E-010
   8.4005823754045208E-010   8.5455853227899463E-011
         118  -2.0220458997428527E-010   8.6604935594815215E-011
  -5.0324620362036494E-010  -1.0951830640144252E-010
   7.8506479813447751E-010   7.1159598038843630E-011
         119  -2.4909748581358524E-010   8.5169486242690141E-011
  -4.4552613744567669E-010  -9.6627780851814431E-011
   7.3844721684037064E-010   5.8846236107558703E-011
         120  -2.9487439619163998E-010   8.5085825741775856E-011
  -3.9501513831280654E-010  -8.5548227359002598E-011
   6.9906990995124893E-010   4.8062412426839216E-011
         121  -3.4022464644564800E-010   8.6222480690430168E-011
  -3.5075430381157622E-010  -7.5867704977186105E-011
   6.6603770051414352E-010   3.8461134873393201E-011
         122  -3.8577167178100568E-010   8.8506724470556615E-011
  -3.1199018143291619E-010  -6.7264710946505565E-011
   6.3864231158666273E-010   2.9771109328240833E-011
         123  -4.3210036989303157E-010   9.1913670530518355E-011
  -2.7813223866587989E-010  -5.9481423486744943E-011
   6.1632335930078224E-010   2.1775438492458841E-011
         124  -4.7977980535032157E-010   9.6460160017180642E-011
  -2.4872224560449162E-010  -5.2304608365553402E-011
   5.9863971281171601E-010   1.4296453986134540E-011
         125  -5.2938325175153033E-010   1.0220223665980211E-010
  -2.2341238463723499E-010  -4.5551473439107986E-011
   5.8524839270157290E-010   7.1846185491186044E-012
         126  -5.8150711512658113E-010   1.0923558874636690E-010
  -2.0194996933427194E-010  -3.9058677448682530E-011
   5.7588907980171333E-010   3.1014106520493698E-013
         127  -6.3679005219495999E-010   1.1769875547736454E-010
  -1.8416738758997754E-010  -3.2673244780058305E-011
   5.7037291655478308E-010  -6.4436201695160067E-012
         128  -6.9592712671843009E-010   1.2777915325111747E-010
  -1.6999952166589048E-010  -2.6244105876676631E-011
   5.6857465237861799E-010  -1.3185625148508168E-011
         129  -7.5971872599146990E-010   1.3972292468346720E-010
  -1.5938953162126418E-010  -1.9615538961976868E-011
   5.7042789104876438E-010  -2.0022000345509161E-011
         130  -8.2905973909275400E-010   1.5384819655243853E-010
  -1.5242955076417889E-010  -1.2616611943791749E-011
   5.7592224584443310E-010  -2.7060680221525925E-011
         131  -9.0499891910146113E-010   1.7056489456479559E-010
  -1.4927430802930478E-010  -5.0526541053765482E-012
   5.8510339287037895E-010  -3.4416266936556242E-011
         132  -9.8877488460649988E-010   1.9040200055050982E-010
  -1.5017491737620200E-010   3.3074401895360178E-012
   5.9807521512308298E-010  -4.2215546079805040E-011
         133  -1.0818705198936138E-009   2.1404611385437071E-010
  -1.5549519196325428E-010   1.2747459280735345E-011
   6.1500461866213622E-010  -5.0604227627884946E-011
         134  -1.1860840174284088E-009   2.4239638604803043E-010
  -1.6573519222214678E-010   2.3626126388126856E-011
   6.3612943998171480E-010  -5.9755689106017149E-011
         135  -1.3036231191228609E-009   2.7664390223237181E-010
  -1.8156440973673554E-010   3.6408576322114947E-011
   6.6177022490557894E-010  -6.9882868237001459E-011
         136  -1.4372547123719438E-009   3.1838871124260841E-010
  -2.0386236526632465E-010   5.1712053657965539E-011
   6.9234728099939194E-010  -8.1255084064868891E-011
         137  -1.5903867042464668E-009   3.6981372263047872E-010
  -2.3380651267244391E-010   7.0374615834894996E-011
   7.2840358098368619E-010  -9.4222624045650768E-011
         138  -1.7674434726377578E-009   4.3395545903561779E-010
  -2.7292849692179743E-010   9.3559394531850545E-011
   7.7063921367647644E-010  -1.0925389192892074E-010
