   262144.00000000000     
         256           1           3
   1.7567330116226543E-005   35.902873699465999        16.020003305100001     
   6.0401400154609997        12.000000000000000        1200.0000000000000     
           0   0.0000000000000000        0.0000000000000000     
   0.0000000000000000        0.0000000000000000     
   0.0000000000000000        0.0000000000000000     
           1  -7.4738996122604734E-009   2.3610404668269394E-010
  -2.8207702211873782E-009   2.2062546725691030E-010
  -2.6273955654763125E-010   2.7600464124390290E-011
           2  -7.6772075057475105E-009   5.2575696337159258E-010
  -3.2536963513626408E-009   7.2534657698105934E-010
  -3.2078080252516052E-010   9.4465166917792083E-011
           3  -7.9481898892974000E-009   1.5946213846248675E-009
  -3.7674587701912998E-009   2.5844024393949604E-009
  -3.8922647244406870E-010   3.4069153987495048E-010
           4  -5.6267068901085533E-009   2.5592128083011677E-009
   2.4484540332770270E-010   4.2616883462667696E-009
   1.4189242702443316E-010   5.6284046153728050E-010
           5  -5.2041256783333292E-009   8.9340493771745695E-010
   9.6380478693306819E-010   1.3627407263981524E-009
   2.3690416218748745E-010   1.7890309484773014E-010
           6  -5.5395356176484810E-009   4.2391227089623036E-010
   3.7107810043856908E-010   5.4460845492466917E-010
   1.5823864029059502E-010   7.0551430144031664E-011
           7  -5.7390576044548998E-009   2.7622476108886500E-010
   2.0187770877022538E-011   2.8609860339885690E-010
   1.1163407991024567E-010   3.6316396267673647E-011
           8  -5.8577548614699468E-009   2.1479712184014807E-010
  -1.8552970887976316E-010   1.7748144630886923E-010
   8.4280416949621502E-011   2.1932908262725391E-011
           9  -5.9354971167924525E-009   1.8445594838111609E-010
  -3.1599282341656252E-010   1.2279044745309485E-010
   6.6912487742766158E-011   1.4691149305134424E-011
          10  -5.9912363030633606E-009   1.6782489255719610E-010
  -4.0454588914712691E-010   9.1805563206565438E-011
   5.5110647545553896E-011   1.0588838069739057E-011
          11  -6.0344869507368171E-009   1.5813920177257750E-010
  -4.6799965155800609E-010   7.2763333575307471E-011
   4.6645950143739624E-011   8.0680881143534084E-012
          12  -6.0704120592666808E-009   1.5234571615021913E-010
  -5.1551805901581424E-010   6.0354666290896928E-011
   4.0302825860873832E-011   6.4258234879355709E-012
          13  -6.1020106026832009E-009   1.4891018650424759E-010
  -5.5244726038123005E-010   5.1911073092988249E-011
   3.5371757885041072E-011   5.3086832803507339E-012
          14  -6.1311261871139804E-009   1.4699654358909382E-010
  -5.8208507681929565E-010   4.5977323062425523E-011
   3.1414801785666056E-011   4.5239852038043022E-012
          15  -6.1589475509960203E-009   1.4611959017134678E-010
  -6.0656131781997243E-010   4.1707522561364993E-011
   2.8148910700023616E-011   3.9597439412345093E-012
          16  -6.1862734595280323E-009   1.4598337606856692E-010
  -6.2730506878441729E-010   3.8584120616968807E-011
   2.5383989760239486E-011   3.5474575197951975E-012
          17  -6.2136608079710868E-009   1.4640006690402867E-010
  -6.4530678938224848E-010   3.6276882938089435E-011
   2.2988143258133979E-011   3.2434308816960300E-012
          18  -6.2415113761386206E-009   1.4724662581408582E-010
  -6.6127235810650210E-010   3.4567605727371769E-011
   2.0867243828312644E-011   3.0188058310866988E-012
          19  -6.2701247149184812E-009   1.4844046869592625E-010
  -6.7571729572721053E-010   3.3307807956845755E-011
   1.8952431946016214E-011   2.8539584984689335E-012
          20  -6.2997315207034438E-009   1.4992517920827114E-010
  -6.8902641366448216E-010   3.2393903170018802E-011
   1.7192199755403547E-011   2.7352116871837276E-012
          21  -6.3305153466508788E-009   1.5166181293600897E-010
  -7.0149272015283293E-010   3.1752078644016993E-011
   1.5547225626015042E-011   2.6528327899984248E-012
          22  -6.3626271160629896E-009   1.5362343454268532E-010
  -7.1334347172973195E-010   3.1328786281453865E-011
   1.3986913749723325E-011   2.5997748760808738E-012
          23  -6.3961950682758972E-009   1.5579159186699417E-010
  -7.2475802773688844E-010   3.1084592698931796E-011
   1.2487021180061129E-011   2.5708626423830811E-012
          24  -6.4313317350259006E-009   1.5815398705280708E-010
  -7.3588034417181667E-010   3.0990102658710361E-011
   1.1027996150684954E-011   2.5622529462342005E-012
          25  -6.4681389451100433E-009   1.6070290826408325E-010
  -7.4682788242781218E-010   3.1023197365207624E-011
   9.5937921462637182E-012   2.5710694785331028E-012
          26  -6.5067114961220729E-009   1.6343415702749824E-010
  -7.5769807177786649E-010   3.1167127065049124E-011
   8.1710066187312937E-012   2.5951505911496354E-012
          27  -6.5471399113168058E-009   1.6634630618463542E-010
  -7.6857307246582912E-010   3.1409170954126868E-011
   6.7482452245601654E-012   2.6328722777710478E-012
          28  -6.5895125611961410E-009   1.6944018333811612E-010
  -7.7952333916634039E-010   3.1739681344281866E-011
   5.3156452322701534E-012   2.6830220737680688E-012
          29  -6.6339173403048941E-009   1.7271851149103245E-010
  -7.9061032521419090E-010   3.2151392879553594E-011
   3.8645128868489246E-012   2.7447080949943658E-012
          30  -6.6804430318343584E-009   1.7618566174426324E-010
  -8.0188856356509468E-010   3.2638917679859815E-011
   2.3870433725544407E-012   2.8172927447591411E-012
          31  -6.7291804536522297E-009   1.7984748778633498E-010
  -8.1340729045031579E-010   3.3198372991891262E-011
   8.7610130214329758E-013   2.9003440224443165E-012
          32  -6.7802234536994605E-009   1.8371122168955020E-010
  -8.2521173025818731E-010   3.3827104721146614E-011
  -6.7495404779473990E-013   2.9935995921008099E-012
          33  -6.8336698048355655E-009   1.8778541705453598E-010
  -8.3734412746927195E-010   3.4523481381685556E-011
  -2.2724101987184530E-012   3.0969402486339921E-012
          34  -6.8896220370217143E-009   1.9207993001340482E-010
  -8.4984458853893745E-010   3.5286740546279964E-011
  -3.9223180310300835E-012   3.2103704196027124E-012
          35  -6.9481882364679779E-009   1.9660593172440264E-010
  -8.6275178055511751E-010   3.6116875056457189E-011
  -5.6305897182974116E-012   3.3340040277390305E-012
          36  -7.0094828356419083E-009   2.0137594823323579E-010
  -8.7610352187980524E-010   3.7014549860515803E-011
  -7.4030827729462947E-012   3.4680545189305143E-012
          37  -7.0736274141692223E-009   2.0640392523068448E-010
  -8.8993729171550151E-010   3.7981042895611424E-011
  -9.2456738493683126E-012   3.6128281998572995E-012
          38  -7.1407515280805677E-009   2.1170531650476530E-010
  -9.0429067947685336E-010   3.9018205260696454E-011
  -1.1164325154032106E-011   3.7687202743452824E-012
          39  -7.2109935837288574E-009   2.1729719593543442E-010
  -9.1920179043141305E-010   4.0128437265508915E-011
  -1.3165145736883928E-011   3.9362131478828575E-012
          40  -7.2845017716217290E-009   2.2319839372984261E-010
  -9.3470962089638516E-010   4.1314677928239603E-011
  -1.5254449525323468E-011   4.1158767037307135E-012
          41  -7.3614350758964436E-009   2.2942965842419841E-010
  -9.5085441392905939E-010   4.2580406255072327E-011
  -1.7438811666698606E-011   4.3083703592686738E-012
          42  -7.4419643753648846E-009   2.3601384692961344E-010
  -9.6767800474014371E-010   4.3929653220015448E-011
  -1.9725124531465116E-011   4.5144467934708887E-012
          43  -7.5262736535061666E-009   2.4297614570738156E-010
  -9.8522416395635644E-010   4.5367023843268191E-011
  -2.2120654604328972E-011   4.7349573061386567E-012
          44  -7.6145613362614257E-009   2.5034432700737748E-010
  -1.0035389460508573E-009   4.6897729167627791E-011
  -2.4633101404295478E-011   4.9708588297449905E-012
          45  -7.7070417787565883E-009   2.5814904505933622E-010
  -1.0226710498090349E-009   4.8527628289875636E-011
  -2.7270659542109364E-011   5.2232226708364219E-012
          46  -7.8039469250525243E-009   2.6642417821615079E-010
  -1.0426721975885253E-009   5.0263280940113949E-011
  -3.0042085041808276E-011   5.4932451129904105E-012
          47  -7.9055281681446773E-009   2.7520722431864401E-010
  -1.0635975401481031E-009   5.2112011432050392E-011
  -3.2956767090916316E-011   5.7822600696048002E-012
          48  -8.0120584422747324E-009   2.8453975812423225E-010
  -1.0855060942055069E-009   5.4081985158093419E-011
  -3.6024806483965305E-011   6.0917540371092073E-012
          49  -8.1238345843782333E-009   2.9446796147272361E-010
  -1.1084612204009297E-009   5.6182299180247582E-011
  -3.9257102143859500E-011   6.4233836678308011E-012
          50  -8.2411800080640732E-009   3.0504323913970417E-010
  -1.1325311501377994E-009   5.8423088901231349E-011
  -4.2665447278493509E-011   6.7789963626424593E-012
          51  -8.3644477413738224E-009   3.1632293611117027E-010
  -1.1577895708761807E-009   6.0815653304658511E-011
  -4.6262636956308088E-011   7.1606543791174990E-012
          52  -8.4940238887096456E-009   3.2837117542652254E-010
  -1.1843162808089548E-009   6.3372601853142198E-011
  -5.0062589158461847E-011   7.5706630658728085E-012
          53  -8.6303315891066054E-009   3.4125984001106383E-010
  -1.2121979256113237E-009   6.6108026865541814E-011
  -5.4080481718664399E-011   8.0116039753323030E-012
          54  -8.7738355568256225E-009   3.5506972722495544E-010
  -1.2415288321075722E-009   6.9037706087482527E-011
  -5.8332907986998613E-011   8.4863737805594495E-012
          55  -8.9250473077467043E-009   3.6989191155519212E-010
  -1.2724119564642711E-009   7.2179341288364743E-011
  -6.2838054600501990E-011   8.9982301401091791E-012
          56  -9.0845311961822780E-009   3.8582935930535243E-010
  -1.3049599678358466E-009   7.5552840106713496E-011
  -6.7615905395967756E-011   9.5508459264651258E-012
          57  -9.2529114132792201E-009   4.0299884988774218E-010
  -1.3392964926349836E-009   7.9180650132772717E-011
  -7.2688476334359673E-011   1.0148373579921213E-011
          58  -9.4308801309454720E-009   4.2153327203372128E-010
  -1.3755575497995665E-009   8.3088156453381212E-011
  -7.8080087328655771E-011   1.0795521788860587E-011
          59  -9.6192070165790369E-009   4.4158438091502188E-010
  -1.4138932140175908E-009   8.7304156759189190E-011
  -8.3817678159732937E-011   1.1497647262427671E-011
          60  -9.8187503956470530E-009   4.6332612504119075E-010
  -1.4544695521035589E-009   9.1861431818299289E-011
  -8.9931177282871401E-011   1.2260865090530152E-011
          61  -1.0030470404771734E-008   4.8695868163884627E-010
  -1.4974708881447396E-009   9.6797433938770808E-011
  -9.6453934375901227E-011   1.3092182135047300E-011
          62  -1.0255444561791083E-008   5.1271337844123432E-010
  -1.5431024663378723E-009   1.0215512235911776E-010
  -1.0342323009410884E-010   1.3999659141080105E-011
          63  -1.0494886286523930E-008   5.4085873173802906E-010
  -1.5915935973887327E-009   1.0798398284367328E-010
  -1.1088087983498079E-010   1.4992608901683389E-011
          64  -1.0750167044455476E-008   5.7170789983472790E-010
  -1.6432013962654225E-009   1.1434127986422975E-010
  -1.1887395262676357E-010   1.6081840000870039E-011
          65  -1.1022842966059110E-008   6.0562794441377964E-010
  -1.6982152475102942E-009   1.2129360467312289E-010
  -1.2745563185503029E-010   1.7279958606594160E-011
          66  -1.1314687030297302E-008   6.4305141904943049E-010
  -1.7569621714604559E-009   1.2891880279725642E-010
  -1.3668625186163414E-010   1.8601744780895034E-011
          67  -1.1627728213638978E-008   6.8449097815453679E-010
  -1.8198133137990323E-009   1.3730839219459901E-010
  -1.4663455412866476E-010   2.0064625251519785E-011
          68  -1.1964299421462849E-008   7.3055794074064256E-010
  -1.8871918460300618E-009   1.4657062164082980E-010
  -1.5737921962075423E-010   2.1689272167502731E-011
          69  -1.2327096578616860E-008   7.8198608141196475E-010
  -1.9595826520389274E-009   1.5683437255470929E-010
  -1.6901075114872730E-010   2.3500367971354408E-011
          70  -1.2719251942744560E-008   8.3966239987770498E-010
  -2.0375444195731684E-009   1.6825418445159359E-010
  -1.8163380434569108E-010   2.5527591557969454E-011
          71  -1.3144426257191954E-008   9.0466731205832878E-010
  -2.1217240430586312E-009   1.8101678585739968E-010
  -1.9537008895547660E-010   2.7806902369440698E-011
          72  -1.3606924273112775E-008   9.7832769786623153E-010
  -2.2128760934480905E-009   1.9534969258018384E-010
  -2.1036203364927760E-010   3.0382230643038470E-011
          73  -1.4111842752523556E-008   1.0622877380825508E-009
  -2.3118860532031047E-009   2.1153263256373632E-010
  -2.2677742490750138E-010   3.3307727902381488E-011
          74  -1.4665260389556672E-008   1.1586046771696862E-009
  -2.4198008333092523E-009   2.2991294272652115E-010
  -2.4481536395381341E-010   3.6650801479932163E-011
          75  -1.5274484760670186E-008   1.2698800496554772E-009
  -2.5378681086918760E-009   2.5092659510565191E-010
  -2.6471398579772469E-010   4.0496262342699231E-011
          76  -1.5948376946583528E-008   1.3994421769526346E-009
  -2.6675878178077101E-009   2.7512734569319955E-010
  -2.8676057863767075E-010   4.4952079790399524E-011
          77  -1.6697783477149957E-008   1.5516041068008238E-009
  -2.8107804290102827E-009   3.0322781187977928E-010
  -3.1130501420072273E-010   5.0157496879120330E-011
          78  -1.7536118679736962E-008   1.7320347367811146E-009
  -2.9696786499225085E-009   3.3615841307717180E-010
  -3.3877781032374030E-010   5.6294682284181540E-011
          79  -1.8480160997716319E-008   1.9483034121114191E-009
  -3.1470524153189847E-009   3.7515364297814067E-010
  -3.6971477295769937E-010   6.3605794730496837E-011
          80  -1.9551158608934277E-008   2.2106967749823852E-009
  -3.3463818802475527E-009   4.2188116799943746E-010
  -4.0479113391300495E-010   7.2418530573895038E-011
          81  -2.0776389674113171E-008   2.5334743013923824E-009
  -3.5721008322302976E-009   4.7863983032148765E-010
  -4.4486962396211557E-010   8.3185323109828848E-011
          82  -2.2191402328334093E-008   2.9368518722893995E-009
  -3.8299451784053674E-009   5.4867184334794700E-010
  -4.9106934707501330E-010   9.6545170153783741E-011
          83  -2.3843287974503057E-008   3.4502343336777724E-009
  -4.1274608217300810E-009   6.3667063139327816E-010
  -5.4486621780712860E-010   1.1342423563237172E-010
          84  -2.5795547845035593E-008   4.1176726750354459E-009
  -4.4747567129774693E-009   7.4963669243368422E-010
  -6.0824196207822047E-010   1.3520543194332106E-010
          85  -2.8135435319051189E-008   5.0074559585977247E-009
  -4.8856377328374840E-009   8.9837949505141659E-010
  -6.8390836807385943E-010   1.6402606142089880E-010
          86  -3.0985110687512011E-008   6.2297700212278381E-009
  -5.3793199189391852E-009   1.1002781688198624E-009
  -7.7564692546188024E-010   2.0332499477369930E-010
          87  -3.4518346414001120E-008   7.9709853563101905E-009
  -5.9829866798533375E-009   1.3846336782906704E-009
  -8.8881511571900172E-010   2.5890359345419221E-010
          88  -3.8983621677504678E-008   1.0564407160293721E-008
  -6.7352897254782176E-009   1.8036949489782429E-009
  -1.0310399001605673E-009   3.4111148497706696E-010
          89  -4.4725745328785283E-008   1.4646422745592050E-008
  -7.6895075521627488E-009   2.4569509100106181E-009
  -1.2128431946318293E-009   4.6966233242765924E-010
          90  -5.2148479858284902E-008   2.1524786398048529E-008
  -8.9072538139000503E-009   3.5483007586459594E-009
  -1.4463934901485414E-009   6.8496783930928512E-010
          91  -6.1293947176978573E-008   3.4075646971418981E-008
  -1.0391932760356083E-008   5.5248504744675022E-009
  -1.7323125713462100E-009   1.0756545734287137E-009
          92  -6.9314412430610302E-008   5.8558902085182719E-008
  -1.1693528787284873E-008   9.3555253432026330E-009
  -1.9813203810191613E-009   1.8338000266985757E-009
          93  -5.9297076483622960E-008   1.0231782804180053E-007
  -1.0175595549621603E-008   1.6158567097678529E-008
  -1.6706540835451708E-009   3.1810809392888827E-009
          94   1.4938842841022528E-009   1.3253857619448217E-007
  -7.9802896910041187E-010   2.0792164361460164E-008
   1.9900066675650020E-010   4.0980757756752071E-009
          95   5.5933421897361468E-008   9.5431477089576261E-008
   7.4901348778801362E-009   1.4977553849284404E-008
   1.8535401241309914E-009   2.9434373450267626E-009
          96   6.1285846579837153E-008   5.3663530434863988E-008
   8.1328098022535854E-009   8.5089608319019303E-009
   1.9932948408398885E-009   1.6588911568537954E-009
          97   5.2307256420491807E-008   3.1212979231669288E-008
   6.5600857888529303E-009   5.0652350931034824E-009
   1.6949493176291447E-009   9.7374260628599693E-010
          98   4.3099697885019743E-008   1.9735043047890573E-008
   4.9491231867972327E-009   3.3317804877348624E-009
   1.3903016244581121E-009   6.2730336026163482E-010
          99   3.5755165190490194E-008   1.3428983993897481E-008
   3.6141779540461376E-009   2.4057550381905370E-009
   1.1418510560085186E-009   4.4050110326553904E-010
         100   3.0085946992595961E-008   9.6812898003601765E-009
   2.5190104943279507E-009   1.8829036061811966E-009
   9.4265208355084381E-010   3.3308885304504677E-010
         101   2.5666197816457767E-008   7.3019083961567422E-009
   1.5914914384585459E-009   1.5809046941234753E-009
   7.7869795177045776E-010   2.6878854415386609E-010
         102   2.2152455536935848E-008   5.7089736230918758E-009
   7.7204102912922220E-010   1.4124597878461267E-009
   6.3854105827947913E-010   2.3011822894367948E-010
         103   1.9300840328677725E-008   4.5963505577919143E-009
   1.5511418510107047E-011   1.3338908825326455E-009
   5.1368837145174653E-010   2.0818345812950489E-010
         104   1.6941558078671486E-008   3.7922420047277586E-009
  -7.1343996778148985E-010   1.3236184191565089E-009
   3.9771537158883084E-010   1.9838343468664172E-010
         105   1.4955348047800659E-008   3.1948078611600931E-009
  -1.4447671939982243E-009   1.3728296046928394E-009
   2.8543451362383385E-010   1.9851895965936687E-010
         106   1.3256977819249724E-008   2.7408117772326386E-009
  -2.2066053224243890E-009   1.4816532616211710E-009
   1.7225087122128089E-010   2.0796676542777759E-010
         107   1.1784351894431997E-008   2.3893994417596857E-009
  -3.0283864258804070E-009   1.6583495350955179E-009
   5.3636537222151244E-011   2.2740740789044920E-010
         108   1.0491388008357183E-008   2.1132425145411077E-009
  -3.9440206424398955E-009   1.9208570060786635E-009
  -7.5364497561053038E-011   2.5894044951634122E-010
         109   9.3433260875826519E-009   1.8934583050385206E-009
  -4.9956678389638031E-009   2.3012319231721795E-009
  -2.2068462476476021E-010   3.0662126171950428E-010
         110   8.3136116580702854E-009   1.7165379977443847E-009
  -6.2385899330495386E-009   2.8549944830289005E-009
  -3.8990799110502220E-010   3.7766852747078978E-010
         111   7.3818219144916127E-009   1.5723399331614219E-009
  -7.7471625612064357E-009   3.6803042126853585E-009
  -5.9308904765595230E-010   4.8498522465015360E-010
         112   6.5323024289502012E-009   1.4525488103272922E-009
  -9.6197531304666784E-009   4.9587152992220211E-009
  -8.4341414538512593E-010   6.5254452041957535E-010
         113   5.7532467152116831E-009   1.3490195703412859E-009
  -1.1968678972567226E-008   7.0461947524911420E-009
  -1.1558825522814658E-009   9.2743667719302055E-010
         114   5.0356208546765031E-009   1.2510106557123815E-009
  -1.4827110098798067E-008   1.0681862188223718E-008
  -1.5349843584597630E-009   1.4075097683983544E-009
         115   4.3690280318375481E-009   1.1393535134896956E-009
  -1.7649311943386890E-008   1.7411549126680003E-008
  -1.9085174558547095E-009   2.2974630911636925E-009
         116   3.7205461731491734E-009   9.7974045659576523E-010
  -1.7135567452038210E-008   2.9608930997755834E-008
  -1.8395204644898525E-009   3.9116434534937638E-009
         117   2.9809544663809322E-009   7.7744877248600245E-010
  -3.6968300677520540E-009   4.3664554515919011E-008
  -5.8048695708709562E-011   5.7719862173598675E-009
         118   2.1247873165096607E-009   7.3056574559079768E-010
   1.8730647237170070E-008   3.9922928788992559E-008
   2.9145399504702180E-009   5.2752646367063035E-009
         119   1.3875333816314086E-009   8.4540448809864527E-010
   2.6805376946009761E-008   2.4694101688987708E-008
   3.9868339356573048E-009   3.2571759084688853E-009
         120   7.6451426064021167E-010   9.5096508424333819E-010
   2.5401170352694472E-008   1.4356449791552847E-008
   3.8043140501266485E-009   1.8868859399952929E-009
         121   1.7562106854878724E-010   1.0252117580809643E-009
   2.2345529356416928E-008   8.8382953196886118E-009
   3.4036612521752284E-009   1.1548874207841705E-009
         122  -4.0981150161514022E-010   1.0847322437837955E-009
   1.9625645872921245E-008   5.8182823312560288E-009
   3.0480625771101000E-009   7.5372205488602517E-010
         123  -1.0025912894061622E-009   1.1412204007651487E-009
   1.7473393182986351E-008   4.0460661996980070E-009
   2.7682348079376152E-009   5.1777797711953650E-010
         124  -1.6086673264014640E-009   1.2012659856529691E-009
   1.5797817853133257E-008   2.9337409388910022E-009
   2.5521461430846097E-009   3.6917713593428615E-010
         125  -2.2331558255634073E-009   1.2689827530887283E-009
   1.4483006382434226E-008   2.1946559939050412E-009
   2.3844664725830918E-009   2.6993897345721017E-010
         126  -2.8814347762762995E-009   1.3474864547290552E-009
   1.3437347327364673E-008   1.6798058050026131E-009
   2.2530923128114842E-009   2.0031089968622608E-010
         127  -3.5595336308442832E-009   1.4396543423753424E-009
   1.2594527292280945E-008   1.3067167263956125E-009
   2.1492796070203502E-009   1.4934913047574291E-010
         128  -4.2743757418810186E-009   1.5485696582652750E-009
   1.1907260133227384E-008   1.0271324650757661E-009
   2.0668144807969314E-009   1.1063784468627361E-010
         129  -5.0340264048418222E-009   1.6778524607084222E-009
   1.1341602118649864E-008   8.1143033622912194E-010
   2.0012620788854820E-009   8.0223867267925724E-011
         130  -5.8480012865530394E-009   1.8319808984856418E-009
   1.0872855198045916E-008   6.4065727538448265E-010
   1.9494263483857521E-009   5.5560036061401618E-011
         131  -6.7276698373704118E-009   2.0166720159843505E-009
   1.0482776766253018E-008   5.0224027050464519E-010
   1.9089836698259717E-009   3.4934488244981870E-011
         132  -7.6867912924338742E-009   2.2393880671518372E-009
   1.0157699530313032E-008   3.8756534559542888E-010
   1.8782381043550875E-009   1.7146329067815120E-011
         133  -8.7422333052023355E-009   2.5100530202908138E-009
   9.8872571390204028E-009   2.9055284119463211E-010
   1.8559584642765315E-009   1.3115813204936421E-012
         134  -9.9149461232473577E-009   2.8421065203687629E-009
   9.6635127062693540E-009   2.0678611781825419E-010
   1.8412706824190299E-009  -1.3260172509957233E-011
         135  -1.1231293581213809E-008   3.2541015674046169E-009
   9.4803549567167307E-009   1.3295815619256777E-010
   1.8335886587277558E-009  -2.7151210214272929E-011
         136  -1.2724885525887775E-008   3.7721956649647926E-009
   9.3330760935158447E-009   6.6504750346948040E-011
   1.8325734219061698E-009  -4.0903212434867164E-011
         137  -1.4439109701479889E-008   4.4341504495293700E-009
   9.2180780995249803E-009   5.3467351374593905E-012
   1.8381149850788199E-009  -5.5081917444686262E-011
         138  -1.6430604588618345E-008   5.2959601111953681E-009
   9.1326697965195668E-009  -5.2309083861225627E-011
   1.8503343193858378E-009  -7.0354190960066981E-011
