   262144.00000000000     
         256           1           3
   1.7567330116226543E-005  -80.975516620684004       -160.04670018210001     
   6.0401400154609997        12.000000000000000        1200.0000000000000     
           0   0.0000000000000000        0.0000000000000000     
   0.0000000000000000        0.0000000000000000     
   0.0000000000000000        0.0000000000000000     
           1   0.0000000000000000        0.0000000000000000     
  -9.5563444802064934E-010  -4.1601903063556356E-009
  -5.9124985718271194E-012   2.4602860017907191E-011
           2   0.0000000000000000        0.0000000000000000     
  -1.0803185381666619E-009  -9.5973033355312266E-010
  -5.0795476032312186E-012   5.8703588441312967E-012
           3   0.0000000000000000        0.0000000000000000     
  -5.9881829591329338E-010  -3.2009898477798973E-010
  -7.8448845678045435E-012   2.1280567932711534E-012
           4   0.0000000000000000        0.0000000000000000     
  -3.6074821903491096E-010  -1.4051129730629778E-010
  -9.2082386620214134E-012   1.0791653016780533E-012
           5   0.0000000000000000        0.0000000000000000     
  -2.3693902808961783E-010  -7.3263370084746820E-011
  -9.9171059259043560E-012   6.8830455665371312E-013
           6   0.0000000000000000        0.0000000000000000     
  -1.6598218771228544E-010  -4.2801875010011399E-011
  -1.0327141137073299E-011   5.1314699529909974E-013
           7   0.0000000000000000        0.0000000000000000     
  -1.2196862492818699E-010  -2.7085611819965326E-011
  -1.0588001351139519E-011   4.2462891127080583E-013
           8   0.0000000000000000        0.0000000000000000     
  -9.2955598952337640E-011  -1.8175819234344306E-011
  -1.0768420424011633E-011   3.7625457824491858E-013
           9   0.0000000000000000        0.0000000000000000     
  -7.2910627069035838E-011  -1.2750555761793050E-011
  -1.0902973785048832E-011   3.4856453564324289E-013
          10   0.0000000000000000        0.0000000000000000     
  -5.8543437161547080E-011  -9.2557776093493100E-012
  -1.1010439665815370E-011   3.3245510574036686E-013
          11   0.0000000000000000        0.0000000000000000     
  -4.7943063522153583E-011  -6.8990943065321054E-012
  -1.1101681991828897E-011   3.2328589611346699E-013
          12   0.0000000000000000        0.0000000000000000     
  -3.9940802081361037E-011  -5.2478115349605088E-012
  -1.1183326149864810E-011   3.1852551342498547E-013
          13   0.0000000000000000        0.0000000000000000     
  -3.3790552253732841E-011  -4.0520742566001833E-012
  -1.1259598460327726E-011   3.1671546903448010E-013
          14   0.0000000000000000        0.0000000000000000     
  -2.8998504979427840E-011  -3.1607445725212575E-012
  -1.1333303356030158E-011   3.1697723716372316E-013
          15   0.0000000000000000        0.0000000000000000     
  -2.5227663994781811E-011  -2.4787344782639978E-012
  -1.1406369485847052E-011   3.1876216940470430E-013
          16   0.0000000000000000        0.0000000000000000     
  -2.2241937751137507E-011  -1.9441666648936776E-012
  -1.1480168457415313E-011   3.2171759932627199E-013
          17   0.0000000000000000        0.0000000000000000     
  -1.9872148508165899E-011  -1.5155750654185718E-012
  -1.1555708009146688E-011   3.2561179826269286E-013
          18   0.0000000000000000        0.0000000000000000     
  -1.7994679540898970E-011  -1.1644424562755564E-012
  -1.1633753004484585E-011   3.3029022908600730E-013
          19   0.0000000000000000        0.0000000000000000     
  -1.6517670965693609E-011  -8.7069711911268454E-013
  -1.1714903469172537E-011   3.3564916225631181E-013
          20   0.0000000000000000        0.0000000000000000     
  -1.5371866512742371E-011  -6.1991153112982839E-013
  -1.1799646269656020E-011   3.4161928599776161E-013
          21   0.0000000000000000        0.0000000000000000     
  -1.4504406023474063E-011  -4.0151227092101268E-013
  -1.1888390176611058E-011   3.4815526052159258E-013
          22   0.0000000000000000        0.0000000000000000     
  -1.3874530221372144E-011  -2.0760823110006758E-013
  -1.1981490204690096E-011   3.5522891239733915E-013
          23   0.0000000000000000        0.0000000000000000     
  -1.3450554670421461E-011  -3.2206729447896016E-014
  -1.2079264885363987E-011   3.6282471795443846E-013
          24   0.0000000000000000        0.0000000000000000     
  -1.3207703204250310E-011   1.2932135142528629E-013
  -1.2182008798010703E-011   3.7093676153195405E-013
          25   0.0000000000000000        0.0000000000000000     
  -1.3126534134664414E-011   2.8061318562044802E-013
  -1.2290001869689448E-011   3.7956666588414988E-013
          26   0.0000000000000000        0.0000000000000000     
  -1.3191782174667002E-011   4.2457659092172055E-013
  -1.2403516446046438E-011   3.8872217756053645E-013
          27   0.0000000000000000        0.0000000000000000     
  -1.3391496479033335E-011   5.6357853456711620E-013
  -1.2522822810237638E-011   3.9841620324004728E-013
          28   0.0000000000000000        0.0000000000000000     
  -1.3716392688179076E-011   6.9958252208140062E-013
  -1.2648193616482198E-011   4.0866616361722058E-013
          29   0.0000000000000000        0.0000000000000000     
  -1.4159361705375014E-011   8.3425022700534393E-013
  -1.2779907565152435E-011   4.1949357634263112E-013
          30   0.0000000000000000        0.0000000000000000     
  -1.4715094819903491E-011   9.6901779142961680E-013
  -1.2918252553181403E-011   4.3092380875189417E-013
          31   0.0000000000000000        0.0000000000000000     
  -1.5379796221601742E-011   1.1051539959169013E-012
  -1.3063528470273938E-011   4.4298596041257308E-013
          32   0.0000000000000000        0.0000000000000000     
  -1.6150962073503851E-011   1.2438053351260480E-012
  -1.3216049768036424E-011   4.5571284861432830E-013
          33   0.0000000000000000        0.0000000000000000     
  -1.7027210807246785E-011   1.3860315754079877E-012
  -1.3376147899519727E-011   4.6914107888696852E-013
          34   0.0000000000000000        0.0000000000000000     
  -1.8008153460889513E-011   1.5328343687043226E-012
  -1.3544173706202492E-011   4.8331118904829830E-013
          35   0.0000000000000000        0.0000000000000000     
  -1.9094295724442515E-011   1.6851808024062439E-012
  -1.3720499815220984E-011   4.9826785989193551E-013
          36   0.0000000000000000        0.0000000000000000     
  -2.0286965472253924E-011   1.8440232816291938E-012
  -1.3905523100835429E-011   5.1406018913380151E-013
          37   0.0000000000000000        0.0000000000000000     
  -2.1588261173773942E-011   2.0103167974970581E-012
  -1.4099667257786646E-011   5.3074202799855393E-013
          38   0.0000000000000000        0.0000000000000000     
  -2.3001017744457960E-011   2.1850343937020857E-012
  -1.4303385531418785E-011   5.4837238213752277E-013
          39   0.0000000000000000        0.0000000000000000     
  -2.4528787279467777E-011   2.3691814745531886E-012
  -1.4517163647801783E-011   5.6701588059639089E-013
          40   0.0000000000000000        0.0000000000000000     
  -2.6175832832351362E-011   2.5638094775048372E-012
  -1.4741522988071137E-011   5.8674331848487809E-013
          41   0.0000000000000000        0.0000000000000000     
  -2.7947133932704819E-011   2.7700293519666200E-012
  -1.4977024052693225E-011   6.0763228089982604E-013
          42   0.0000000000000000        0.0000000000000000     
  -2.9848403023548463E-011   2.9890252346289638E-012
  -1.5224270265429408E-011   6.2976785772405537E-013
          43   0.0000000000000000        0.0000000000000000     
  -3.1886112306343739E-011   3.2220686789371263E-012
  -1.5483912170972802E-011   6.5324346106675826E-013
          44   0.0000000000000000        0.0000000000000000     
  -3.4067530856532070E-011   3.4705337864660266E-012
  -1.5756652086709471E-011   6.7816175965847730E-013
          45   0.0000000000000000        0.0000000000000000     
  -3.6400772163906030E-011   3.7359135897565819E-012
  -1.6043249277004407E-011   7.0463574738701842E-013
          46   0.0000000000000000        0.0000000000000000     
  -3.8894852476486901E-011   4.0198380560480599E-012
  -1.6344525727744068E-011   7.3278996651751792E-013
          47   0.0000000000000000        0.0000000000000000     
  -4.1559760648386163E-011   4.3240941122472159E-012
  -1.6661372610568972E-011   7.6276191016919402E-013
          48   0.0000000000000000        0.0000000000000000     
  -4.4406540442970642E-011   4.6506481407343743E-012
  -1.6994757540088072E-011   7.9470363339970651E-013
          49   0.0000000000000000        0.0000000000000000     
  -4.7447386543977376E-011   5.0016714584935431E-012
  -1.7345732744306827E-011   8.2878360806265725E-013
          50   0.0000000000000000        0.0000000000000000     
  -5.0695755846947116E-011   5.3795693755110364E-012
  -1.7715444288596115E-011   8.6518886359169001E-013
          51   0.0000000000000000        0.0000000000000000     
  -5.4166495978577876E-011   5.7870145341764386E-012
  -1.8105142517809955E-011   9.0412746446639154E-013
          52   0.0000000000000000        0.0000000000000000     
  -5.7875993421966013E-011   6.2269853636043993E-012
  -1.8516193910381987E-011   9.4583138559833158E-013
          53   0.0000000000000000        0.0000000000000000     
  -6.1842344094451837E-011   6.7028106493593645E-012
  -1.8950094573721783E-011   9.9055985983541122E-013
          54   0.0000000000000000        0.0000000000000000     
  -6.6085549870831991E-011   7.2182214269345060E-012
  -1.9408485653265222E-011   1.0386032878464749E-012
          55   0.0000000000000000        0.0000000000000000     
  -7.0627745194948922E-011   7.7774116678594399E-012
  -1.9893170979619411E-011   1.0902878205848770E-012
          56   0.0000000000000000        0.0000000000000000     
  -7.5493458831509011E-011   8.3851095547987467E-012
  -2.0406137342251333E-011   1.1459807495316194E-012
          57   0.0000000000000000        0.0000000000000000     
  -8.0709916835090270E-011   9.0466615547810884E-012
  -2.0949577856753845E-011   1.2060968713533931E-012
          58   0.0000000000000000        0.0000000000000000     
  -8.6307394118965767E-011   9.7681320235578387E-012
  -2.1525918989620714E-011   1.2711060333709177E-012
          59   0.0000000000000000        0.0000000000000000     
  -9.2319623580402695E-011   1.0556421739105204E-011
  -2.2137851924095831E-011   1.3415421167439012E-012
          60   0.0000000000000000        0.0000000000000000     
  -9.8784273740543536E-011   1.1419409616299408E-011
  -2.2788369100107603E-011   1.4180137789947832E-012
          61   0.0000000000000000        0.0000000000000000     
  -1.0574350832678127E-010   1.2366122954189409E-011
  -2.3480806949367751E-011   1.5012173608591029E-012
          62   0.0000000000000000        0.0000000000000000     
  -1.1324464433240892E-010   1.3406942990334041E-011
  -2.4218896080490309E-011   1.5919524702489182E-012
          63   0.0000000000000000        0.0000000000000000     
  -1.2134092905318301E-010   1.4553854398855511E-011
  -2.5006820469241143E-011   1.6911408971966341E-012
          64   0.0000000000000000        0.0000000000000000     
  -1.3009246161281625E-010   1.5820749813133728E-011
  -2.5849287588626114E-011   1.7998496988025895E-012
          65   0.0000000000000000        0.0000000000000000     
  -1.3956729093606420E-010   1.7223803694290048E-011
  -2.6751611900961983E-011   1.9193195385858495E-012
          66   0.0000000000000000        0.0000000000000000     
  -1.4984273046216890E-010   1.8781934195326550E-011
  -2.7719814765488482E-011   2.0509996925384846E-012
          67   0.0000000000000000        0.0000000000000000     
  -1.6100694093744209E-010   2.0517377508059646E-011
  -2.8760744724759309E-011   2.1965915780182659E-012
          68   0.0000000000000000        0.0000000000000000     
  -1.7316084531095944E-010   2.2456407069955640E-011
  -2.9882222576411344E-011   2.3581032463575922E-012
          69   0.0000000000000000        0.0000000000000000     
  -1.8642046304104098E-010   2.4630241007319857E-011
  -3.1093218953311816E-011   2.5379181515339332E-012
          70   0.0000000000000000        0.0000000000000000     
  -2.0091976862927130E-010   2.7076196105947238E-011
  -3.2404070871565305E-011   2.7388825725803016E-012
          71   0.0000000000000000        0.0000000000000000     
  -2.1681422035220270E-010   2.9839167969586406E-011
  -3.3826749411393210E-011   2.9644177498295183E-012
          72   0.0000000000000000        0.0000000000000000     
  -2.3428514635105964E-010   3.2973546979402262E-011
  -3.5375192262132749E-011   3.2186650249335816E-012
          73   0.0000000000000000        0.0000000000000000     
  -2.5354523944745872E-010   3.6545722921374860E-011
  -3.7065720242070004E-011   3.5066755629984789E-012
          74   0.0000000000000000        0.0000000000000000     
  -2.7484549876887959E-010   4.0637394113972108E-011
  -3.8917563397382673E-011   3.8346610016624451E-012
          75   0.0000000000000000        0.0000000000000000     
  -2.9848407822089385E-010   4.5349989976899570E-011
  -4.0953531519426335E-011   4.2103284229683610E-012
          76   0.0000000000000000        0.0000000000000000     
  -3.2481767497584137E-010   5.0810655846152517E-011
  -4.3200877030554791E-011   4.6433336357313524E-012
          77   0.0000000000000000        0.0000000000000000     
  -3.5427634008132599E-010   5.7180462569344789E-011
  -4.5692417040818338E-011   5.1459029415830695E-012
          78   0.0000000000000000        0.0000000000000000     
  -3.8738295613765819E-010   6.4665836150051321E-011
  -4.8468008855205306E-011   5.7336987556692521E-012
          79   0.0000000000000000        0.0000000000000000     
  -4.2477916328827882E-010   7.3534731311396356E-011
  -5.1576513824616832E-011   6.4270444835603062E-012
          80   0.0000000000000000        0.0000000000000000     
  -4.6726031922411800E-010   8.4139931439410955E-011
  -5.5078445354612483E-011   7.2526890763978057E-012
          81   0.0000000000000000        0.0000000000000000     
  -5.1582330378714283E-010   9.6953286271864407E-011
  -5.9049589645167824E-011   8.2463998962934619E-012
          82   0.0000000000000000        0.0000000000000000     
  -5.7173287152874342E-010   1.1261714127448631E-010
  -6.3586031073539394E-011   9.4568574986828788E-012
          83   0.0000000000000000        0.0000000000000000     
  -6.3661522116845086E-010   1.3202351354410010E-010
  -6.8811238713098121E-011   1.0951651642452909E-011
          84   0.0000000000000000        0.0000000000000000     
  -7.1259214794381437E-010   1.5643939503334411E-010
  -7.4886226186420575E-011   1.2826770493175099E-011
          85   0.0000000000000000        0.0000000000000000     
  -8.0247661767212644E-010   1.8771133513376461E-010
  -8.2024362962307147E-011   1.5222093601449760E-011
          86   0.0000000000000000        0.0000000000000000     
  -9.1006236379922000E-010   2.2861149745482503E-010
  -9.0513305968962763E-011   1.8347598631003666E-011
          87   0.0000000000000000        0.0000000000000000     
  -1.0405577488080303E-009   2.8344715526339822E-010
  -1.0074785626958072E-010   2.2529518127086577E-011
          88   0.0000000000000000        0.0000000000000000     
  -1.2012364406236062E-009   3.5918499713725258E-010
  -1.1327923501096796E-010   2.8295482532260646E-011
          89   0.0000000000000000        0.0000000000000000     
  -1.4023863562167154E-009   4.6763780057497849E-010
  -1.2888694696614839E-010   3.6540115649020461E-011
          90   0.0000000000000000        0.0000000000000000     
  -1.6585341483624766E-009   6.2997954327856515E-010
  -1.4867151078885381E-010   4.8866961205377726E-011
          91   0.0000000000000000        0.0000000000000000     
  -1.9892195453091908E-009   8.8669209103815393E-010
  -1.7411310028329410E-010   6.8341739278241310E-011
          92   0.0000000000000000        0.0000000000000000     
  -2.4149026790275850E-009   1.3208226599620955E-009
  -2.0676160811094099E-010   1.0125361916934493E-010
          93   0.0000000000000000        0.0000000000000000     
  -2.9246728945131109E-009   2.1129362573252240E-009
  -2.4579125719619559E-010   1.6127673303886661E-010
          94   0.0000000000000000        0.0000000000000000     
  -3.2994148136919561E-009   3.6374258018690955E-009
  -2.7460907774121731E-010   2.7676368030797365E-010
          95   0.0000000000000000        0.0000000000000000     
  -2.4311984400725207E-009   6.1958224403195245E-009
  -2.0931275142114008E-010   4.7054928662668264E-010
          96   0.0000000000000000        0.0000000000000000     
   1.2446558966572387E-009   7.5219196813683873E-009
   6.8589383264881448E-011   5.7101523306753034E-010
          97   0.0000000000000000        0.0000000000000000     
   4.0524743314430933E-009   5.2401854313145852E-009
   2.8074030938841134E-010   3.9826404387810854E-010
          98   0.0000000000000000        0.0000000000000000     
   4.2640524430953658E-009   2.9618916949841762E-009
   2.9626361743238926E-010   2.2577513120279887E-010
          99   0.0000000000000000        0.0000000000000000     
   3.7660259225284464E-009   1.7316564839104033E-009
   2.5803243081393653E-010   1.3265682567636923E-010
         100   0.0000000000000000        0.0000000000000000     
   3.2641039047426441E-009   1.0909257194333879E-009
   2.1948903064786334E-010   8.4183187634378329E-011
         101   0.0000000000000000        0.0000000000000000     
   2.8650371978925789E-009   7.3308310469587288E-010
   1.8871694174275888E-010   5.7134429932595519E-011
         102   0.0000000000000000        0.0000000000000000     
   2.5589718148217618E-009   5.1747161033603562E-010
   1.6496926125861960E-010   4.0858755501411956E-011
         103   0.0000000000000000        0.0000000000000000     
   2.3230882749855049E-009   3.7885949636747973E-010
   1.4651719680855831E-010   3.0416275646478760E-011
         104   0.0000000000000000        0.0000000000000000     
   2.1386982783394182E-009   2.8488674449295758E-010
   1.3194479042328628E-010   2.3356454122178052E-011
         105   0.0000000000000000        0.0000000000000000     
   1.9923853950473489E-009   2.1833588195608127E-010
   1.2023530262185937E-010   1.8375486481914026E-011
         106   0.0000000000000000        0.0000000000000000     
   1.8747355828091391E-009   1.6945895417638236E-010
   1.1067507828719573E-010   1.4735224786700056E-011
         107   0.0000000000000000        0.0000000000000000     
   1.7791009663016428E-009   1.3243584189106747E-010
   1.0275993194532537E-010   1.1994965967218921E-011
         108   0.0000000000000000        0.0000000000000000     
   1.7007142887190305E-009   1.0363103036187806E-010
   9.6128090303566991E-011   9.8794352438142733E-012
         109   0.0000000000000000        0.0000000000000000     
   1.6360960498753676E-009   8.0684313266424175E-011
   9.0515301103071018E-011   8.2099221666685685E-012
         110   0.0000000000000000        0.0000000000000000     
   1.5826621156113183E-009   6.2011686142872385E-011
   8.5725125210001442E-011   6.8664791392645499E-012
         111   0.0000000000000000        0.0000000000000000     
   1.5384620721758821E-009   4.6518932797806869E-011
   8.1609132023530141E-011   5.7662258960098784E-012
         112   0.0000000000000000        0.0000000000000000     
   1.5020022280999169E-009   3.3430758134600270E-011
   7.8053507780667917E-011   4.8504027841303013E-012
         113   0.0000000000000000        0.0000000000000000     
   1.4721238536241618E-009   2.2185323481548368E-011
   7.4969850205476089E-011   4.0763750921653928E-012
         114   0.0000000000000000        0.0000000000000000     
   1.4479179696895369E-009   1.2367170068072980E-011
   7.2288735085537367E-011   3.4125421411962303E-012
         115   0.0000000000000000        0.0000000000000000     
   1.4286647112516899E-009   3.6634133628484676E-012
   6.9955148926845834E-011   2.8350056618176576E-012
         116   0.0000000000000000        0.0000000000000000     
   1.4137894858171014E-009  -4.1655420960488285E-012
   6.7925199887554179E-011   2.3253339424741484E-012
         117   0.0000000000000000        0.0000000000000000     
   1.4028307935462774E-009  -1.1305986895126419E-011
   6.6163719890604662E-011   1.8690253565245340E-012
         118   0.0000000000000000        0.0000000000000000     
   1.3954162644108623E-009  -1.7904787380825177E-011
   6.4642499204006686E-011   1.4544276468911795E-012
         119   0.0000000000000000        0.0000000000000000     
   1.3912445618066327E-009  -2.4079167512361733E-011
   6.3338978237050411E-011   1.0719591751734146E-012
         120   0.0000000000000000        0.0000000000000000     
   1.3900715204799568E-009  -2.9923673592071764E-011
   6.2235276523912622E-011   7.1353243223071125E-013
         121   0.0000000000000000        0.0000000000000000     
   1.3916993642589457E-009  -3.5515153081322114E-011
   6.1317476118154781E-011   3.7211329329234218E-013
         122   0.0000000000000000        0.0000000000000000     
   1.3959681695252380E-009  -4.0916289836345544E-011
   6.0575102335192250E-011   4.1370085358142051E-014
         123   0.0000000000000000        0.0000000000000000     
   1.4027489558929060E-009  -4.6178046181094353E-011
   6.0000763044802009E-011  -2.8462074898650835E-013
         124   0.0000000000000000        0.0000000000000000     
   1.4119379289774764E-009  -5.1341228231477801E-011
   5.9589921212380739E-011  -6.1163804438380936E-013
         125   0.0000000000000000        0.0000000000000000     
   1.4234514919869822E-009  -5.6437289913941700E-011
   5.9340785939871608E-011  -9.4557008722713685E-013
         126   0.0000000000000000        0.0000000000000000     
   1.4372216953362745E-009  -6.1488405862686529E-011
   5.9254316178245065E-011  -1.2926802538421472E-012
         127   0.0000000000000000        0.0000000000000000     
   1.4531918132702921E-009  -6.6506759820415240E-011
   5.9334339735511353E-011  -1.6599064547687448E-012
         128   0.0000000000000000        0.0000000000000000     
   1.4713117229742145E-009  -7.1492899320740384E-011
   5.9587798128098269E-011  -2.0552213941619153E-012
         129   0.0000000000000000        0.0000000000000000     
   1.4915327218274424E-009  -7.6432882502872289E-011
   6.0025140235427336E-011  -2.4880893946275465E-012
         130   0.0000000000000000        0.0000000000000000     
   1.5138013229363882E-009  -8.1293763683809060E-011
   6.0660896440208307E-011  -2.9700698768737830E-012
         131   0.0000000000000000        0.0000000000000000     
   1.5380514383455307E-009  -8.6016693072166133E-011
   6.1514485579949782E-011  -3.5156411700792173E-012
         132   0.0000000000000000        0.0000000000000000     
   1.5641941397727588E-009  -9.0506476956323269E-011
   6.2611327681607204E-011  -4.1433563377869595E-012
         133   0.0000000000000000        0.0000000000000000     
   1.5921038711209236E-009  -9.4615746136087023E-011
   6.3984368366287734E-011  -4.8775053164197722E-012
         134   0.0000000000000000        0.0000000000000000     
   1.6215995259745771E-009  -9.8120710840144021E-011
   6.5676165785866498E-011  -5.7505625416905842E-012
         135   0.0000000000000000        0.0000000000000000     
   1.6524181542331565E-009  -1.0068346939145958E-010
   6.7741753279463165E-011  -6.8068791975292254E-012
         136   0.0000000000000000        0.0000000000000000     
   1.6841781998952733E-009  -1.0179228245589884E-010
   7.0252573071064659E-011  -8.1083964040256748E-012
         137   0.0000000000000000        0.0000000000000000     
   1.7163281834512423E-009  -1.0066474999303803E-010
   7.3301870993836802E-011  -9.7437314653105046E-012
         138   0.0000000000000000        0.0000000000000000     
   1.7480761246348244E-009  -9.6086659901893677E-011
   7.7012007610621810E-011  -1.1843068475538749E-011
