   262144.00000000000     
         256           1           3
   1.7567330116226543E-005  -11.098339920101999        85.396172594000006     
   6.0401400154609997        12.000000000000000        600.00000000000000     
           0   0.0000000000000000        0.0000000000000000     
   0.0000000000000000        0.0000000000000000     
   0.0000000000000000        0.0000000000000000     
           1   1.1300598386565923E-009  -3.6011156004584463E-011
  -3.9919774976223890E-009   1.3560731850046200E-010
   0.0000000000000000        0.0000000000000000     
           2   1.1190908544494171E-009  -3.3164981085760578E-011
  -3.9518903875243646E-009   1.2561764502316171E-010
   0.0000000000000000        0.0000000000000000     
           3   1.1153172230113258E-009  -3.3372097702043565E-011
  -3.9395254643270364E-009   1.2705212161117265E-010
   0.0000000000000000        0.0000000000000000     
           4   1.1148900360292624E-009  -3.4224660345714632E-011
  -3.9404632306259623E-009   1.3094318152922047E-010
   0.0000000000000000        0.0000000000000000     
           5   1.1169444505159018E-009  -3.5342092792664017E-011
  -3.9514762851505204E-009   1.3588145531882435E-010
   0.0000000000000000        0.0000000000000000     
           6   1.1211160958049398E-009  -3.6640421034827121E-011
  -3.9712273867922750E-009   1.4156403390773063E-010
   0.0000000000000000        0.0000000000000000     
           7   1.1272297454724194E-009  -3.8099302208567524E-011
  -3.9991000901647543E-009   1.4792633200341491E-010
   0.0000000000000000        0.0000000000000000     
           8   1.1352065511823531E-009  -3.9718359109851035E-011
  -4.0348506422165354E-009   1.5497966355640222E-010
   0.0000000000000000        0.0000000000000000     
           9   1.1450260667315250E-009  -4.1506044639130960E-011
  -4.0784661931457870E-009   1.6277009837773212E-010
   0.0000000000000000        0.0000000000000000     
          10   1.1567085283847695E-009  -4.3476232731885804E-011
  -4.1300994694691241E-009   1.7136616701256251E-010
   0.0000000000000000        0.0000000000000000     
          11   1.1703062114613975E-009  -4.5647177585212548E-011
  -4.1900379665431808E-009   1.8085548068337830E-010
   0.0000000000000000        0.0000000000000000     
          12   1.1858994836990826E-009  -4.8041398278716480E-011
  -4.2586910955292826E-009   1.9134488538898083E-010
   0.0000000000000000        0.0000000000000000     
          13   1.2035955674293890E-009  -5.0686026312852563E-011
  -4.3365880938382882E-009   2.0296250058950364E-010
   0.0000000000000000        0.0000000000000000     
          14   1.2235291431346449E-009  -5.3613478116281284E-011
  -4.4243834005743663E-009   2.1586114122249124E-010
   0.0000000000000000        0.0000000000000000     
          15   1.2458643826590835E-009  -5.6862422795169092E-011
  -4.5228681477455965E-009   2.3022307977032371E-010
   0.0000000000000000        0.0000000000000000     
          16   1.2707982853368136E-009  -6.0479076396303166E-011
  -4.6329874681851441E-009   2.4626633765190602E-010
   0.0000000000000000        0.0000000000000000     
          17   1.2985653616881222E-009  -6.4518894828692500E-011
  -4.7558640335828796E-009   2.6425287594086855E-010
   0.0000000000000000        0.0000000000000000     
          18   1.3294438458769192E-009  -6.9048779084078537E-011
  -4.8928288293747597E-009   2.8449924770368202E-010
   0.0000000000000000        0.0000000000000000     
          19   1.3637637519608565E-009  -7.4149957968793111E-011
  -5.0454607861508255E-009   3.0739052046098527E-010
   0.0000000000000000        0.0000000000000000     
          20   1.4019172435077512E-009  -7.9921784426691557E-011
  -5.2156376206123628E-009   3.3339861983352743E-010
   0.0000000000000000        0.0000000000000000     
          21   1.4443719850877392E-009  -8.6486783599716608E-011
  -5.4056012011537168E-009   3.6310674135404188E-010
   0.0000000000000000        0.0000000000000000     
          22   1.4916884155567105E-009  -9.3997441889748038E-011
  -5.6180420784657271E-009   3.9724221337733655E-010
   0.0000000000000000        0.0000000000000000     
          23   1.5445422671458566E-009  -1.0264545482069023E-010
  -5.8562097059423633E-009   4.3672130839920478E-010
   0.0000000000000000        0.0000000000000000     
          24   1.6037542116747451E-009  -1.1267450406850754E-010
  -6.1240576153188093E-009   4.8271122071140152E-010
   0.0000000000000000        0.0000000000000000     
          25   1.6703293406245089E-009  -1.2439818922889149E-010
  -6.4264368774797607E-009   5.3671713961129921E-010
   0.0000000000000000        0.0000000000000000     
          26   1.7455104322261700E-009  -1.3822563364532253E-010
  -6.7693573211307777E-009   6.0070671450241450E-010
   0.0000000000000000        0.0000000000000000     
          27   1.8308508781444872E-009  -1.5469875735146025E-010
  -7.1603454473670057E-009   6.7729141318106917E-010
   0.0000000000000000        0.0000000000000000     
          28   1.9283161592824722E-009  -1.7454770541302916E-010
  -7.6089428637146774E-009   7.6999647998921715E-010
   0.0000000000000000        0.0000000000000000     
          29   2.0404276066185651E-009  -1.9877527054653747E-010
  -8.1274129853849675E-009   8.8367249228909820E-010
   0.0000000000000000        0.0000000000000000     
          30   2.1704701497323482E-009  -2.2878898690218407E-010
  -8.7317631004022288E-009   1.0251398923860417E-009
   0.0000000000000000        0.0000000000000000     
          31   2.3227991725944132E-009  -2.6661422155071731E-010
  -9.4432552034052520E-009   1.2042296402374785E-009
   0.0000000000000000        0.0000000000000000     
          32   2.5033047553765790E-009  -3.1525013231572375E-010
  -1.0290693541565982E-008   1.4355230310436822E-009
   0.0000000000000000        0.0000000000000000     
          33   2.7201325043752074E-009  -3.7928865991364143E-010
  -1.1313979400262835E-008   1.7413796255605883E-009
   0.0000000000000000        0.0000000000000000     
          34   2.9848338103272100E-009  -4.6604242403475263E-010
  -1.2569788671105732E-008   2.1574590279063390E-009
   0.0000000000000000        0.0000000000000000     
          35   3.3142511913250527E-009  -5.8771586244194550E-010
  -1.4140887490432458E-008   2.7433585177696547E-009
   0.0000000000000000        0.0000000000000000     
          36   3.7336730944776204E-009  -7.6586546026029451E-010
  -1.6151742144255228E-008   3.6044839975930281E-009
   0.0000000000000000        0.0000000000000000     
          37   4.2820997779319556E-009  -1.0413018692867962E-009
  -1.8794633115505340E-008   4.9406469093500387E-009
   0.0000000000000000        0.0000000000000000     
          38   5.0202551873528087E-009  -1.4981960373827774E-009
  -2.2369590081197567E-008   7.1644816938933939E-009
   0.0000000000000000        0.0000000000000000     
          39   6.0362933065165333E-009  -2.3292410255246782E-009
  -2.7313887840432327E-008   1.1221903386418849E-008
   0.0000000000000000        0.0000000000000000     
          40   7.3941919444549094E-009  -4.0286805899815217E-009
  -3.3952392069581577E-008   1.9542926276176232E-008
   0.0000000000000000        0.0000000000000000     
          41   8.5690938090857657E-009  -7.9022670609976096E-009
  -3.9730727520907252E-008   3.8563102888400864E-008
   0.0000000000000000        0.0000000000000000     
          42   5.1223767942373028E-009  -1.4996311003379927E-008
  -2.2833109399992852E-008   7.3528089286018026E-008
   0.0000000000000000        0.0000000000000000     
          43  -5.4813108248392646E-009  -1.4113030146183676E-008
   2.9463557346729303E-008   6.9401240581358043E-008
   0.0000000000000000        0.0000000000000000     
          44  -7.7987992458503978E-009  -7.0988573712363721E-009
   4.1141000239161550E-008   3.4924486592266121E-008
   0.0000000000000000        0.0000000000000000     
          45  -6.4076751383396469E-009  -3.6018581766549196E-009
   3.4509489635427099E-008   1.7666112874626631E-008
   0.0000000000000000        0.0000000000000000     
          46  -5.0270300716003574E-009  -2.0815026972398723E-009
   2.7903854570673267E-008   1.0127996283076095E-008
   0.0000000000000000        0.0000000000000000     
          47  -4.0054773066903262E-009  -1.3411984089347475E-009
   2.3069725636981183E-008   6.4291039946150129E-009
   0.0000000000000000        0.0000000000000000     
          48  -3.2543846062387561E-009  -9.3920826513438059E-010
   1.9586116391008164E-008   4.3918512353572077E-009
   0.0000000000000000        0.0000000000000000     
          49  -2.6821688253733592E-009  -7.0336110984677215E-010
   1.7013436571934190E-008   3.1637072941428710E-009
   0.0000000000000000        0.0000000000000000     
          50  -2.2269554270763095E-009  -5.5883954504254929E-010
   1.5058883705141289E-008   2.3699206242251107E-009
   0.0000000000000000        0.0000000000000000     
          51  -1.8478707551447894E-009  -4.7040370064925891E-010
   1.3536325256260847E-008   1.8277387451714673E-009
   0.0000000000000000        0.0000000000000000     
          52  -1.5162360113716439E-009  -4.2132189504934615E-010
   1.2325835044241065E-008   1.4399677146907788E-009
   0.0000000000000000        0.0000000000000000     
          53  -1.2095399872157602E-009  -4.0551350964993334E-010
   1.1348285785666638E-008   1.1508163527154597E-009
   0.0000000000000000        0.0000000000000000     
          54  -9.0699385366661059E-010  -4.2588223161055642E-010
   1.0550486202183644E-008   9.2553353504210250E-010
   0.0000000000000000        0.0000000000000000     
          55  -5.8553639659094893E-010  -4.9819184214446237E-010
   9.8965965497158755E-009   7.3952794037573754E-010
   0.0000000000000000        0.0000000000000000     
          56  -2.1675564964410233E-010  -6.6618732453956772E-010
   9.3630052804274054E-009   5.7010470518296976E-010
   0.0000000000000000        0.0000000000000000     
          57   2.2225733851404500E-010  -1.0504138145990178E-009
   8.9325241089403783E-009   3.8392198178619188E-010
   0.0000000000000000        0.0000000000000000     
          58   6.0414451625733076E-010  -1.9842346988922266E-009
   8.5631982558591682E-009   1.0862636181111999E-010
   0.0000000000000000        0.0000000000000000     
          59  -2.4083176457681309E-010  -3.7038552251118325E-009
   8.0106373484447523E-009  -3.0531753932404846E-010
   0.0000000000000000        0.0000000000000000     
          60  -2.7012832744067074E-009  -3.2629799349746846E-009
   7.1930712745618659E-009  -2.7727104125716015E-010
   0.0000000000000000        0.0000000000000000     
          61  -3.0311069688707449E-009  -1.6129665921576539E-009
   6.8431922375399763E-009  -4.2214708849924002E-012
   0.0000000000000000        0.0000000000000000     
          62  -2.6244334120222675E-009  -8.4142667223677632E-010
   6.6755810343293108E-009   1.0081055908820788E-010
   0.0000000000000000        0.0000000000000000     
          63  -2.2573761918260956E-009  -5.0498412636642577E-010
   6.5325070592500213E-009   1.2540495985877493E-010
   0.0000000000000000        0.0000000000000000     
          64  -1.9832042764346179E-009  -3.3724148077257061E-010
   6.4000260661162033E-009   1.2124047804125058E-010
   0.0000000000000000        0.0000000000000000     
          65  -1.7767122070741673E-009  -2.4276516476775276E-010
   6.2802037538232638E-009   1.0624728192482929E-010
   0.0000000000000000        0.0000000000000000     
          66  -1.6160233587615572E-009  -1.8434224612105227E-010
   6.1749575665355021E-009   8.7003460510321380E-011
   0.0000000000000000        0.0000000000000000     
          67  -1.4869368654351520E-009  -1.4556069919803413E-010
   6.0851498231102841E-009   6.6106907959397365E-011
   0.0000000000000000        0.0000000000000000     
          68  -1.3804135738023873E-009  -1.1837411395033947E-010
   6.0110259682592221E-009   4.4599888567407262E-011
   0.0000000000000000        0.0000000000000000     
          69  -1.2905500529203168E-009  -9.8484746790088094E-011
   5.9525642426103924E-009   2.2853835027420114E-011
   0.0000000000000000        0.0000000000000000     
          70  -1.2133559754284589E-009  -8.3432583919324592E-011
   5.9096782176949886E-009   9.2474774346425815E-013
   0.0000000000000000        0.0000000000000000     
          71  -1.1460408704105680E-009  -7.1727661723741762E-011
   5.8823301023707521E-009  -2.1293830776985984E-011
   0.0000000000000000        0.0000000000000000     
          72  -1.0865912883621400E-009  -6.2424475297366022E-011
   5.8705972019711961E-009  -4.4002976092391172E-011
   0.0000000000000000        0.0000000000000000     
          73  -1.0335127500471259E-009  -5.4899330203448458E-011
   5.8747156845154213E-009  -6.7469697631211664E-011
   0.0000000000000000        0.0000000000000000     
          74  -9.8566719597925672E-010  -4.8727374639631437E-011
   5.8951151568210326E-009  -9.2018164946641748E-011
   0.0000000000000000        0.0000000000000000     
          75  -9.4216735969723772E-010  -4.3611498295088131E-011
   5.9324520760654049E-009  -1.1803257599826876E-010
   0.0000000000000000        0.0000000000000000     
          76  -9.0230605546232186E-010  -3.9339599070171422E-011
   5.9876474400684590E-009  -1.4596837112274847E-010
   0.0000000000000000        0.0000000000000000     
          77  -8.6550745535795225E-010  -3.5758064215427334E-011
   6.0619332512174132E-009  -1.7637108374194236E-010
   0.0000000000000000        0.0000000000000000     
          78  -8.3129253342450502E-010  -3.2754901038405436E-011
   6.1569123387644681E-009  -2.0990381140740468E-010
   0.0000000000000000        0.0000000000000000     
          79  -7.9925379351950051E-010  -3.0248841547684292E-011
   6.2746370404425336E-009  -2.4738580953716557E-010
   0.0000000000000000        0.0000000000000000     
          80  -7.6903612813167847E-010  -2.8182308182617531E-011
   6.4177140228945344E-009  -2.8984652883368432E-010
   0.0000000000000000        0.0000000000000000     
          81  -7.4032168895332356E-010  -2.6517013731984510E-011
   6.5894454114630904E-009  -3.3860201363732818E-010
   0.0000000000000000        0.0000000000000000     
          82  -7.1281726510428715E-010  -2.5231501193094522E-011
   6.7940209090382646E-009  -3.9536462855088872E-010
   0.0000000000000000        0.0000000000000000     
          83  -6.8624301360012781E-010  -2.4320279879557155E-011
   7.0367825964124984E-009  -4.6240371600718978E-010
   0.0000000000000000        0.0000000000000000     
          84  -6.6032154839586966E-010  -2.3794482354762784E-011
   7.3245951311001599E-009  -5.4278605107904400E-010
   0.0000000000000000        0.0000000000000000     
          85  -6.3476640211016024E-010  -2.3684222627873089E-011
   7.6663716749721467E-009  -6.4074471569770370E-010
   0.0000000000000000        0.0000000000000000     
          86  -6.0926872489399909E-010  -2.4043145489620930E-011
   8.0738345315995685E-009  -7.6226086774293840E-010
   0.0000000000000000        0.0000000000000000     
          87  -5.8348073542094322E-010  -2.4956105702371993E-011
   8.5626369012477792E-009  -9.1601042739720390E-010
   0.0000000000000000        0.0000000000000000     
          88  -5.5699379161237011E-010  -2.6551641957035534E-011
   9.1540517761541519E-009  -1.1149603947683611E-009
   0.0000000000000000        0.0000000000000000     
          89  -5.2930780756784495E-010  -2.9022159450731869E-011
   9.8775682244643105E-009  -1.3791727704589937E-009
   0.0000000000000000        0.0000000000000000     
          90  -4.9978671351434933E-010  -3.2656960753375755E-011
   1.0774956900957311E-008  -1.7409676870082975E-009
   0.0000000000000000        0.0000000000000000     
          91  -4.6759087147784645E-010  -3.7897311050305420E-011
   1.1906698316874703E-008  -2.2549675053041738E-009
   0.0000000000000000        0.0000000000000000     
          92  -4.3156959740358812E-010  -4.5430107461139765E-011
   1.3361972927450217E-008  -3.0189280701958659E-009
   0.0000000000000000        0.0000000000000000     
          93  -3.9007804988195855E-010  -5.6349968172436099E-011
   1.5272539584844876E-008  -4.2202580911815783E-009
   0.0000000000000000        0.0000000000000000     
          94  -3.4062319283074167E-010  -7.2443329375189894E-011
   1.7821720879350509E-008  -6.2487259162514493E-009
   0.0000000000000000        0.0000000000000000     
          95  -2.7899260471910395E-010  -9.6713321065875739E-011
   2.1179676904426187E-008  -9.9901027675631298E-009
   0.0000000000000000        0.0000000000000000     
          96  -1.9623513305169040E-010  -1.3485416498479616E-010
   2.4918136372449799E-008  -1.7571517222537203E-008
   0.0000000000000000        0.0000000000000000     
          97  -6.6873056063956859E-011  -2.0646260050476454E-010
   2.4452726996673758E-008  -3.2953215117612096E-008
   0.0000000000000000        0.0000000000000000     
          98   1.4011340791461761E-010  -4.2966682434461068E-010
   4.3450334860999529E-009  -4.9050730731543711E-008
   0.0000000000000000        0.0000000000000000     
          99   1.4036102236694652E-010  -1.0088616110047361E-009
  -2.0106933808494167E-008  -3.6949517549856313E-008
   0.0000000000000000        0.0000000000000000     
         100  -5.5677352935083469E-010  -1.4522987389663932E-009
  -2.3001947463110641E-008  -1.9867237590761162E-008
   0.0000000000000000        0.0000000000000000     
         101  -1.2140071236990276E-009  -1.0558448394308259E-009
  -1.9469274979827072E-008  -1.1056929826013366E-008
   0.0000000000000000        0.0000000000000000     
         102  -1.2871347744732023E-009  -5.8663996753406967E-010
  -1.5930705344130035E-008  -6.7589404580916433E-009
   0.0000000000000000        0.0000000000000000     
         103  -1.1920584659835765E-009  -3.3747821803269488E-010
  -1.3198468585870346E-008  -4.4809888346275658E-009
   0.0000000000000000        0.0000000000000000     
         104  -1.0933255110171197E-009  -2.1113798621941462E-010
  -1.1148815706578318E-008  -3.1602404026515617E-009
   0.0000000000000000        0.0000000000000000     
         105  -1.0147159262370347E-009  -1.4180488437514561E-010
  -9.5898422385832618E-009  -2.3352459925444149E-009
   0.0000000000000000        0.0000000000000000     
         106  -9.5423996038159623E-010  -1.0038953721918656E-010
  -8.3779485323350782E-009  -1.7886065857020192E-009
   0.0000000000000000        0.0000000000000000     
         107  -9.0730879098494456E-010  -7.3809314363524017E-011
  -7.4154139121909781E-009  -1.4090243821830451E-009
   0.0000000000000000        0.0000000000000000     
         108  -8.7025224177615708E-010  -5.5719346831523084E-011
  -6.6361340845396440E-009  -1.1352905041137992E-009
   0.0000000000000000        0.0000000000000000     
         109  -8.4048457674140791E-010  -4.2798954175724072E-011
  -5.9946490358645304E-009  -9.3167068725099606E-010
   0.0000000000000000        0.0000000000000000     
         110  -8.1621794510514784E-010  -3.3190440900498063E-011
  -5.4589956891760494E-009  -7.7623783767975103E-010
   0.0000000000000000        0.0000000000000000     
         111  -7.9620451856166710E-010  -2.5794073491530170E-011
  -5.0061880577804020E-009  -6.5496222779290975E-010
   0.0000000000000000        0.0000000000000000     
         112  -7.7955798856817836E-010  -1.9926856318815180E-011
  -4.6193415701500258E-009  -5.5854253713561381E-010
   0.0000000000000000        0.0000000000000000     
         113  -7.6563672271873177E-010  -1.5146871643479402E-011
  -4.2858111391128759E-009  -4.8062142904828745E-010
   0.0000000000000000        0.0000000000000000     
         114  -7.5396773345558584E-010  -1.1157857465536973E-011
  -3.9959601114521174E-009  -4.1673745680165602E-010
   0.0000000000000000        0.0000000000000000     
         115  -7.4419667409559096E-010  -7.7548950540455861E-012
  -3.7423288281364231E-009  -3.6368647745046593E-010
   0.0000000000000000        0.0000000000000000     
         116  -7.3605440982560826E-010  -4.7922102805140530E-012
  -3.5190614924319506E-009  -3.1911988769164642E-010
   0.0000000000000000        0.0000000000000000     
         117  -7.2933426823954056E-010  -2.1633883952346428E-012
  -3.3215034774440768E-009  -2.8128460310715379E-010
   0.0000000000000000        0.0000000000000000     
         118  -7.2387628745164131E-010   2.1117788526706863E-013
  -3.1459133500750126E-009  -2.4885049251384912E-010
   0.0000000000000000        0.0000000000000000     
         119  -7.1955613586689634E-010   2.3924852842920096E-012
  -2.9892535675062996E-009  -2.2079325162206460E-010
   0.0000000000000000        0.0000000000000000     
         120  -7.1627721188919078E-010   4.4284190038848057E-012
  -2.8490360807773656E-009  -1.9631328197761361E-010
   0.0000000000000000        0.0000000000000000     
         121  -7.1396495148217191E-010   6.3575392055587966E-012
  -2.7232068887105703E-009  -1.7477846848579732E-010
   0.0000000000000000        0.0000000000000000     
         122  -7.1256270055236950E-010   8.2117585897964740E-012
  -2.6100586443624448E-009  -1.5568313480815309E-010
   0.0000000000000000        0.0000000000000000     
         123  -7.1202872141793001E-010   1.0018291840266353E-011
  -2.5081637520295163E-009  -1.3861814735816559E-010
   0.0000000000000000        0.0000000000000000     
         124  -7.1233404249725503E-010   1.1801124585616536E-011
  -2.4163226294293704E-009  -1.2324882803603094E-010
   0.0000000000000000        0.0000000000000000     
         125  -7.1346095478739468E-010   1.3582168909612621E-011
  -2.3335233328020054E-009  -1.0929841859558784E-010
   0.0000000000000000        0.0000000000000000     
         126  -7.1540202451817707E-010   1.5382223707507834E-011
  -2.2589097950722166E-009  -9.6535547111562281E-011
   0.0000000000000000        0.0000000000000000     
         127  -7.1815953931148675E-010   1.7221829897055854E-011
  -2.1917566640865343E-009  -8.4764618203163161E-011
   0.0000000000000000        0.0000000000000000     
         128  -7.2174534246173659E-010   1.9122096515560879E-011
  -2.1314492499700630E-009  -7.3818368663552330E-011
   0.0000000000000000        0.0000000000000000     
         129  -7.2618104178853700E-010   2.1105571368866161E-011
  -2.0774674640325197E-009  -6.3552052643202382E-011
   0.0000000000000000        0.0000000000000000     
         130  -7.3149861014530122E-010   2.3197239133975598E-011
  -2.0293729001910536E-009  -5.3838880629146379E-011
   0.0000000000000000        0.0000000000000000     
         131  -7.3774142816229361E-010   2.5425753482867484E-011
  -1.9867984026140087E-009  -4.4566458613733549E-011
   0.0000000000000000        0.0000000000000000     
         132  -7.4496586075545426E-010   2.7825054697303095E-011
  -1.9494395990674044E-009  -3.5634077361413904E-011
   0.0000000000000000        0.0000000000000000     
         133  -7.5324351318698979E-010   3.0436603895003630E-011
  -1.9170479697482070E-009  -2.6950805485367758E-011
   0.0000000000000000        0.0000000000000000     
         134  -7.6266438778559153E-010   3.3312605364856725E-011
  -1.8894250719413266E-009  -1.8434468515639729E-011
   0.0000000000000000        0.0000000000000000     
         135  -7.7334126848594258E-010   3.6520840127945545E-011
  -1.8664175537925742E-009  -1.0011788708971189E-011
   0.0000000000000000        0.0000000000000000     
         136  -7.8541580691099038E-010   4.0152197755017441E-011
  -1.8479125629042170E-009  -1.6202910292888278E-012
   0.0000000000000000        0.0000000000000000     
         137  -7.9906696599189599E-010   4.4332878635875810E-011
  -1.8338331014133181E-009   6.7868013475294184E-012
   0.0000000000000000        0.0000000000000000     
         138  -8.1452263242413718E-010   4.9244994796202243E-011
  -1.8241328384394411E-009   1.5230232019764004E-011
   0.0000000000000000        0.0000000000000000     
