   262144.00000000000     
         256           1           3
   1.7567330116226543E-005  -3.8553127350719998        56.028443713300000     
   6.0401400154609997        12.000000000000000        5733.8999999999996     
           0   0.0000000000000000        0.0000000000000000     
   0.0000000000000000        0.0000000000000000     
   0.0000000000000000        0.0000000000000000     
           1   4.4705480907835667E-011  -1.4806302482373974E-010
  -2.0509709610104422E-009   2.0530309316135212E-010
   0.0000000000000000        0.0000000000000000     
           2   5.9611168707385425E-011  -3.2020424678085303E-011
  -2.0416126107966926E-009   8.8508009615709725E-011
   0.0000000000000000        0.0000000000000000     
           3   7.8350191381205390E-011  -1.0866024008658911E-011
  -2.0469105017982709E-009   6.7137294028852527E-011
   0.0000000000000000        0.0000000000000000     
           4   8.6536053768925030E-011  -5.0547860326826975E-012
  -2.0462249102364286E-009   6.1291355993274243E-011
   0.0000000000000000        0.0000000000000000     
           5   9.0209853193071881E-011  -2.8669717278547829E-012
  -2.0436751265450251E-009   5.9165648558516533E-011
   0.0000000000000000        0.0000000000000000     
           6   9.1784809038229466E-011  -1.8267632143729942E-012
  -2.0408240604429013E-009   5.8252411583863388E-011
   0.0000000000000000        0.0000000000000000     
           7   9.2235565473818879E-011  -1.2261507021776975E-012
  -2.0381957683768221E-009   5.7828223341495620E-011
   0.0000000000000000        0.0000000000000000     
           8   9.1998902545144017E-011  -8.1553250563707754E-013
  -2.0359605739447763E-009   5.7635010515516738E-011
   0.0000000000000000        0.0000000000000000     
           9   9.1288877256131352E-011  -4.9249773825649037E-013
  -2.0341630574485655E-009   5.7565380136711917E-011
   0.0000000000000000        0.0000000000000000     
          10   9.0217417948448691E-011  -2.0978658384884056E-013
  -2.0328018314096654E-009   5.7569073861640378E-011
   0.0000000000000000        0.0000000000000000     
          11   8.8845305355701744E-011   5.6665838071346030E-014
  -2.0318593173821883E-009   5.7620265946522730E-011
   0.0000000000000000        0.0000000000000000     
          12   8.7205665187150622E-011   3.2026935246631229E-013
  -2.0313133420066170E-009   5.7704620778229838E-011
   0.0000000000000000        0.0000000000000000     
          13   8.5315595383969633E-011   5.8919908888645218E-013
  -2.0311416836521022E-009   5.7813642406007536E-011
   0.0000000000000000        0.0000000000000000     
          14   8.3182265878468498E-011   8.6893043522817891E-013
  -2.0313237601117680E-009   5.7942003768465712E-011
   0.0000000000000000        0.0000000000000000     
          15   8.0806270888321198E-011   1.1635055498743673E-012
  -2.0318411332278760E-009   5.8086199814669796E-011
   0.0000000000000000        0.0000000000000000     
          16   7.8183537152851850E-011   1.4762031996260917E-012
  -2.0326775318949161E-009   5.8243832292056587E-011
   0.0000000000000000        0.0000000000000000     
          17   7.5306435507516988E-011   1.8099110937466072E-012
  -2.0338186965644823E-009   5.8413215856426032E-011
   0.0000000000000000        0.0000000000000000     
          18   7.2164433921934765E-011   2.1673417330363732E-012
  -2.0352521789113498E-009   5.8593158366129774E-011
   0.0000000000000000        0.0000000000000000     
          19   6.8744477421659692E-011   2.5511611807598130E-012
  -2.0369671570917318E-009   5.8782842817129776E-011
   0.0000000000000000        0.0000000000000000     
          20   6.5031200941728805E-011   2.9640655390418256E-012
  -2.0389542948773292E-009   5.8981774955834795E-011
   0.0000000000000000        0.0000000000000000     
          21   6.1007039846413151E-011   3.4088220143086590E-012
  -2.0412056611512261E-009   5.9189779997419345E-011
   0.0000000000000000        0.0000000000000000     
          22   5.6652281032034415E-011   3.8882809998552493E-012
  -2.0437147237268400E-009   5.9407043697677058E-011
   0.0000000000000000        0.0000000000000000     
          23   5.1945087162185354E-011   4.4053582674036797E-012
  -2.0464764348296290E-009   5.9634201874292807E-011
   0.0000000000000000        0.0000000000000000     
          24   4.6861524308685840E-011   4.9629795553051391E-012
  -2.0494874339450225E-009   5.9872491218045901E-011
   0.0000000000000000        0.0000000000000000     
          25   4.1375626849811478E-011   5.5639715522890501E-012
  -2.0527464070396160E-009   6.0123985281618320E-011
   0.0000000000000000        0.0000000000000000     
          26   3.5459544958494489E-011   6.2108712629384191E-012
  -2.0562546626799240E-009   6.0391955721085970E-011
   0.0000000000000000        0.0000000000000000     
          27   2.9083840371438243E-011   6.9056064523601091E-012
  -2.0600170182823103E-009   6.0681424786521363E-011
   0.0000000000000000        0.0000000000000000     
          28   2.2218031861380650E-011   7.6489673438016699E-012
  -2.0640431421762859E-009   6.1000018518304244E-011
   0.0000000000000000        0.0000000000000000     
          29   1.4831551341345181E-011   8.4397326517105993E-012
  -2.0683495813471860E-009   6.1359305916313577E-011
   0.0000000000000000        0.0000000000000000     
          30   6.8953728244534052E-012   9.2732094224151635E-012
  -2.0729628445225236E-009   6.1776946217650128E-011
   0.0000000000000000        0.0000000000000000     
          31  -1.6152499779869779E-012   1.0138751121271710E-011
  -2.0779241464862909E-009   6.2280222978630988E-011
   0.0000000000000000        0.0000000000000000     
          32  -1.0716197018434204E-011   1.1015436281721606E-011
  -2.0832968299602000E-009   6.2912044781309709E-011
   0.0000000000000000        0.0000000000000000     
          33  -2.0406761801666748E-011   1.1864306173187307E-011
  -2.0891782098708110E-009   6.3741518118284038E-011
   0.0000000000000000        0.0000000000000000     
          34  -3.0656524992318411E-011   1.2613864704468076E-011
  -2.0957189027517978E-009   6.4883413239989845E-011
   0.0000000000000000        0.0000000000000000     
          35  -4.1382752781678980E-011   1.3131645608413122E-011
  -2.1031550952092661E-009   6.6535933689208484E-011
   0.0000000000000000        0.0000000000000000     
          36  -5.2411132230050597E-011   1.3165025719828312E-011
  -2.1118633643552890E-009   6.9058766178143145E-011
   0.0000000000000000        0.0000000000000000     
          37  -6.3408392110983592E-011   1.2208648082897280E-011
  -2.1224534207688997E-009   7.3147091454416589E-011
   0.0000000000000000        0.0000000000000000     
          38  -7.3777748945845392E-011   9.1798637863737873E-012
  -2.1359115144418530E-009   8.0256457613635620E-011
   0.0000000000000000        0.0000000000000000     
          39  -8.2583320303412386E-011   1.5385435865643243E-012
  -2.1537105279526987E-009   9.3753872599908563E-011
   0.0000000000000000        0.0000000000000000     
          40  -8.9236246077922299E-011  -1.7326916213239488E-011
  -2.1769371268162360E-009   1.2233790120893138E-010
   0.0000000000000000        0.0000000000000000     
          41  -1.0104603861258196E-010  -6.5066943502087453E-011
  -2.1964818176131485E-009   1.8918331530351815E-010
   0.0000000000000000        0.0000000000000000     
          42  -1.7832873450957640E-010  -1.5676097201680219E-010
  -2.1340752179152943E-009   3.1443253044486778E-010
   0.0000000000000000        0.0000000000000000     
          43  -3.5974593206571043E-010  -1.4068904389044440E-010
  -1.9388593849143696E-009   3.0033670749345714E-010
   0.0000000000000000        0.0000000000000000     
          44  -4.3377296852520054E-010  -3.6567437320668988E-011
  -1.8877444500408579E-009   1.7161620203920835E-010
   0.0000000000000000        0.0000000000000000     
          45  -4.6136105292513675E-010   2.1252522475941736E-011
  -1.9026519789793836E-009   1.0428534950431020E-010
   0.0000000000000000        0.0000000000000000     
          46  -4.9563668086728714E-010   5.3649522315436931E-011
  -1.9150262667807775E-009   7.1702595413251072E-011
   0.0000000000000000        0.0000000000000000     
          47  -5.4308690084784904E-010   7.7730844584537205E-011
  -1.9174869467097808E-009   5.2000565693857617E-011
   0.0000000000000000        0.0000000000000000     
          48  -6.0442855121879149E-010   1.0040641721342078E-010
  -1.9105930904080251E-009   3.6763693935948178E-011
   0.0000000000000000        0.0000000000000000     
          49  -6.8090648726134981E-010   1.2517981024678508E-010
  -1.8947160978941006E-009   2.2282947571050473E-011
   0.0000000000000000        0.0000000000000000     
          50  -7.7502303684208889E-010   1.5471845567867613E-010
  -1.8692756908953411E-009   6.3457402460898544E-012
   0.0000000000000000        0.0000000000000000     
          51  -8.9081402959585259E-010   1.9196773469251549E-010
  -1.8326856060817433E-009  -1.2974893458094234E-011
   0.0000000000000000        0.0000000000000000     
          52  -1.0343463469171029E-009   2.4100063467672570E-010
  -1.7821933152852216E-009  -3.7994353149443918E-011
   0.0000000000000000        0.0000000000000000     
          53  -1.2146393941046137E-009   3.0817314016714276E-010
  -1.7134750021815156E-009  -7.2107198870999428E-011
   0.0000000000000000        0.0000000000000000     
          54  -1.4452716985959784E-009   4.0423509286352354E-010
  -1.6198779613261165E-009  -1.2091193038959704E-010
   0.0000000000000000        0.0000000000000000     
          55  -1.7472231813843329E-009   5.4875753050308218E-010
  -1.4910185006058478E-009  -1.9449479174087703E-010
   0.0000000000000000        0.0000000000000000     
          56  -2.1534049538203014E-009   7.8041344657852421E-010
  -1.3104370792251546E-009  -3.1268453989413263E-010
   0.0000000000000000        0.0000000000000000     
          57  -2.7148850995660044E-009   1.1835279079487328E-009
  -1.0527996465261618E-009  -5.1856050291464799E-010
   0.0000000000000000        0.0000000000000000     
          58  -3.4972945148809108E-009   1.9646646571280709E-009
  -6.8624032759142017E-010  -9.1728977100972392E-010
   0.0000000000000000        0.0000000000000000     
          59  -4.4565404469924091E-009   3.6852806401369111E-009
  -2.3607735328739004E-010  -1.7934838450210432E-009
   0.0000000000000000        0.0000000000000000     
          60  -4.3412994805520542E-009   7.6033362281574083E-009
  -3.4453842857139670E-010  -3.7783948176071201E-009
   0.0000000000000000        0.0000000000000000     
          61   1.6229129323507546E-009   1.0998955576127475E-008
  -3.4187835091716082E-009  -5.4655234896953324E-009
   0.0000000000000000        0.0000000000000000     
          62   6.2831661370852696E-009   6.5259623085414633E-009
  -5.7887318529755121E-009  -3.1676167004862896E-009
   0.0000000000000000        0.0000000000000000     
          63   5.8323206771800963E-009   3.0757778211035459E-009
  -5.5726416149756190E-009  -1.4168761525179177E-009
   0.0000000000000000        0.0000000000000000     
          64   4.8224837516733926E-009   1.6200245653893205E-009
  -5.0859065550335462E-009  -6.8089820001309793E-010
   0.0000000000000000        0.0000000000000000     
          65   4.0572853083998259E-009   9.5583957876606828E-010
  -4.7290889772545688E-009  -3.4493268510978619E-010
   0.0000000000000000        0.0000000000000000     
          66   3.5164848143048935E-009   6.1082368898157116E-010
  -4.4896700113624208E-009  -1.6939550708315259E-010
   0.0000000000000000        0.0000000000000000     
          67   3.1277682963173755E-009   4.1167948990364822E-010
  -4.3301680974449586E-009  -6.6741495791651354E-011
   0.0000000000000000        0.0000000000000000     
          68   2.8405999515983155E-009   2.8703081724659075E-010
  -4.2247293334643580E-009  -1.0099354011591539E-012
   0.0000000000000000        0.0000000000000000     
          69   2.6231084176723283E-009   2.0390054813319952E-010
  -4.1571318787365534E-009   4.4386409133814096E-011
   0.0000000000000000        0.0000000000000000     
          70   2.4551184752439430E-009   1.4553702086773811E-010
  -4.1172288285987587E-009   7.7874029369852218E-011
   0.0000000000000000        0.0000000000000000     
          71   2.3234657927590797E-009   1.0275384920207977E-010
  -4.0985139891155172E-009   1.0408737447387628E-010
   0.0000000000000000        0.0000000000000000     
          72   2.2193743107417460E-009   7.0187036454875524E-011
  -4.0967737094906436E-009   1.2575402010518367E-010
   0.0000000000000000        0.0000000000000000     
          73   2.1367230624215572E-009   4.4537703952496001E-011
  -4.1091831422302076E-009   1.4457865763981733E-010
   0.0000000000000000        0.0000000000000000     
          74   2.0712603027482772E-009   2.3682211657994922E-011
  -4.1338776443533581E-009   1.6169105361372445E-010
   0.0000000000000000        0.0000000000000000     
          75   2.0198641743872988E-009   6.1987490574571611E-012
  -4.1696854768503134E-009   1.7788705777558542E-010
   0.0000000000000000        0.0000000000000000     
          76   1.9803077637472805E-009  -8.9025361935383381E-012
  -4.2158627061530545E-009   1.9376473312969432E-010
   0.0000000000000000        0.0000000000000000     
          77   1.9509331828169434E-009  -2.2336593522011827E-011
  -4.2721143964463388E-009   2.0980961194575521E-010
   0.0000000000000000        0.0000000000000000     
          78   1.9305400949556420E-009  -3.4641511077682983E-011
  -4.3383928673694272E-009   2.2644699066131015E-010
   0.0000000000000000        0.0000000000000000     
          79   1.9182544630932341E-009  -4.6240820201777988E-011
  -4.4149285328467157E-009   2.4408160326340530E-010
   0.0000000000000000        0.0000000000000000     
          80   1.9134978053244993E-009  -5.7486324124602149E-011
  -4.5022627534196455E-009   2.6312932510789924E-010
   0.0000000000000000        0.0000000000000000     
          81   1.9158901934028601E-009  -6.8687806916148163E-011
  -4.6011545138910423E-009   2.8404428190836717E-010
   0.0000000000000000        0.0000000000000000     
          82   1.9252568942694808E-009  -8.0137191296701809E-011
  -4.7126704313277921E-009   3.0734991492577094E-010
   0.0000000000000000        0.0000000000000000     
          83   1.9416061351505673E-009  -9.2128998716230851E-011
  -4.8382108509961375E-009   3.3367428014305979E-010
   0.0000000000000000        0.0000000000000000     
          84   1.9651277061812865E-009  -1.0498057976677368E-010
  -4.9795749096064603E-009   3.6379562409899634E-010
   0.0000000000000000        0.0000000000000000     
          85   1.9962121110293884E-009  -1.1905474891655726E-010
  -5.1390708227082800E-009   3.9870451324249006E-010
   0.0000000000000000        0.0000000000000000     
          86   2.0354399264368464E-009  -1.3478718231482227E-010
  -5.3195821029121785E-009   4.3969043917394715E-010
   0.0000000000000000        0.0000000000000000     
          87   2.0836683723973130E-009  -1.5272434478120805E-010
  -5.5248742804053415E-009   4.8847159355130539E-010
   0.0000000000000000        0.0000000000000000     
          88   2.1420581951994434E-009  -1.7357600502143610E-010
  -5.7597232510249382E-009   5.4738565090266464E-010
   0.0000000000000000        0.0000000000000000     
          89   2.2122147206528975E-009  -1.9829453747321495E-010
  -6.0303888613643250E-009   6.1968999139573836E-010
   0.0000000000000000        0.0000000000000000     
          90   2.2962102655583201E-009  -2.2819466337271344E-010
  -6.3451554868314193E-009   7.1003946851165855E-010
   0.0000000000000000        0.0000000000000000     
          91   2.3969183857834101E-009  -2.6514892591180385E-010
  -6.7151347792983130E-009   8.2527719401319698E-010
   0.0000000000000000        0.0000000000000000     
          92   2.5182113093469748E-009  -3.1190736458915305E-010
  -7.1555659885744200E-009   9.7579642099978824E-010
   0.0000000000000000        0.0000000000000000     
          93   2.6654047298278915E-009  -3.7265120536454221E-010
  -7.6877423088604689E-009   1.1779889077752133E-009
   0.0000000000000000        0.0000000000000000     
          94   2.8459156695435518E-009  -4.5399165771806005E-010
  -8.3420344188761678E-009   1.4588818677931023E-009
   0.0000000000000000        0.0000000000000000     
          95   3.0702636797647862E-009  -5.6686696529494485E-010
  -9.1625682260771537E-009   1.8654612593509185E-009
   0.0000000000000000        0.0000000000000000     
          96   3.3534697140373703E-009  -7.3036192341867659E-010
  -1.0213933935366924E-008   2.4847635270963978E-009
   0.0000000000000000        0.0000000000000000     
          97   3.7168161744973302E-009  -9.7992420995972975E-010
  -1.1587123360191701E-008   3.4906671341766973E-009
   0.0000000000000000        0.0000000000000000     
          98   4.1875285881915421E-009  -1.3862827949699337E-009
  -1.3384117844580225E-008   5.2614805658452775E-009
   0.0000000000000000        0.0000000000000000     
          99   4.7832159127929229E-009  -2.1012272334801462E-009
  -1.5543290472696224E-008   8.6813076470783929E-009
   0.0000000000000000        0.0000000000000000     
         100   5.4133532084110946E-009  -3.4601599212793327E-009
  -1.6715269292814477E-008   1.5638291324699533E-008
   0.0000000000000000        0.0000000000000000     
         101   5.3984888601229818E-009  -6.0303534025612111E-009
  -1.0402480012219324E-008   2.6064870380500372E-008
   0.0000000000000000        0.0000000000000000     
         102   2.5269413471367234E-009  -9.1394213153694892E-009
   4.7180439581018284E-009   2.6074915296226172E-008
   0.0000000000000000        0.0000000000000000     
         103  -2.4011410682276041E-009  -8.1097362281133658E-009
   1.1449356313440790E-008   1.6453427659441069E-008
   0.0000000000000000        0.0000000000000000     
         104  -3.8049878429795869E-009  -4.7006842861107355E-009
   1.0882224518318646E-008   9.1459289209733664E-009
   0.0000000000000000        0.0000000000000000     
         105  -3.2875252104561430E-009  -2.6327722505379640E-009
   8.7275047635172270E-009   5.3723360683129496E-009
   0.0000000000000000        0.0000000000000000     
         106  -2.5656084265153830E-009  -1.6020205254043033E-009
   6.8179970075063846E-009   3.4505611089082753E-009
   0.0000000000000000        0.0000000000000000     
         107  -1.9691533175525627E-009  -1.0606685167270927E-009
   5.3426562864374026E-009   2.3904344269528003E-009
   0.0000000000000000        0.0000000000000000     
         108  -1.5077926551266217E-009  -7.5228757293064004E-010
   4.2115408515780654E-009   1.7567900394430476E-009
   0.0000000000000000        0.0000000000000000     
         109  -1.1488461500470195E-009  -5.6376943024513120E-010
   3.3278672113767642E-009   1.3524738061276603E-009
   0.0000000000000000        0.0000000000000000     
         110  -8.6340084348497805E-010  -4.4191042961734385E-010
   2.6210003220938528E-009   1.0808624147587702E-009
   0.0000000000000000        0.0000000000000000     
         111  -6.3072800788951420E-010  -3.5968509531068381E-010
   2.0426244853667501E-009   8.9085286899680553E-010
   0.0000000000000000        0.0000000000000000     
         112  -4.3648447909509034E-010  -3.0238204026834663E-010
   1.5595882037511742E-009   7.5359403302015516E-010
   0.0000000000000000        0.0000000000000000     
         113  -2.7072751375168044E-010  -2.6150893941470069E-010
   1.1486548611723485E-009   6.5188384511690626E-010
   0.0000000000000000        0.0000000000000000     
         114  -1.2636310165666280E-010  -2.3191871295546060E-010
   7.9333244790636528E-010   5.7498425663684386E-010
   0.0000000000000000        0.0000000000000000     
         115   1.7549333251981592E-012  -2.1036256968856431E-010
   4.8148614371111018E-010   5.1593193901061077E-010
   0.0000000000000000        0.0000000000000000     
         116   1.1742235761798902E-010  -1.9472036491615353E-010
   2.0416356947209804E-010   4.7005990112287783E-010
   0.0000000000000000        0.0000000000000000     
         117   2.2358221406280140E-010  -1.8357232366568934E-010
  -4.5506285728161620E-011   4.3415434745029330E-010
   0.0000000000000000        0.0000000000000000     
         118   3.2245823796349794E-010  -1.7594729893103673E-010
  -2.7280359569643021E-010   4.0594833683559842E-010
   0.0000000000000000        0.0000000000000000     
         119   4.1590098740606970E-010  -1.7117432047666704E-010
  -4.8188858098958539E-010   3.8381109865487082E-010
   0.0000000000000000        0.0000000000000000     
         120   5.0535922537937880E-010  -1.6878705850472174E-010
  -6.7611748698298406E-010   3.6655029805570192E-010
   0.0000000000000000        0.0000000000000000     
         121   5.9209923537580920E-010  -1.6846623459089934E-010
  -8.5818524631473826E-010   3.5328177496780736E-010
   0.0000000000000000        0.0000000000000000     
         122   6.7720228035667906E-010  -1.7000054532706709E-010
  -1.0303246931684047E-009   3.4334391187568500E-010
   0.0000000000000000        0.0000000000000000     
         123   7.6163802209265666E-010  -1.7326239344454189E-010
  -1.1943852335872764E-009   3.3623838686329961E-010
   0.0000000000000000        0.0000000000000000     
         124   8.4628667190747387E-010  -1.7819217666612901E-010
  -1.3519988801693326E-009   3.3159074336593939E-010
   0.0000000000000000        0.0000000000000000     
         125   9.3199960289822473E-010  -1.8478960905748829E-010
  -1.5045202393684785E-009   3.2912016993972333E-010
   0.0000000000000000        0.0000000000000000     
         126   1.0196100500189066E-009  -1.9310931543002224E-010
  -1.6531586631149344E-009   3.2862073691577684E-010
   0.0000000000000000        0.0000000000000000     
         127   1.1099644326057462E-009  -2.0326080478738100E-010
  -1.7989970788628402E-009   3.2994712852631784E-010
   0.0000000000000000        0.0000000000000000     
         128   1.2039487892445942E-009  -2.1541220261570201E-010
  -1.9430241580557725E-009   3.3300509212625842E-010
   0.0000000000000000        0.0000000000000000     
         129   1.3025166068960231E-009  -2.2979801516438689E-010
  -2.0861613410257717E-009   3.3774529231557943E-010
   0.0000000000000000        0.0000000000000000     
         130   1.4067112735939954E-009  -2.4673150531502209E-010
  -2.2292698595395419E-009   3.4415972507855289E-010
   0.0000000000000000        0.0000000000000000     
         131   1.5177452360025429E-009  -2.6662375389937016E-010
  -2.3732548176287207E-009   3.5228209247755064E-010
   0.0000000000000000        0.0000000000000000     
         132   1.6369584100037480E-009  -2.9000908062964482E-010
  -2.5189204618631058E-009   3.6218706724452825E-010
   0.0000000000000000        0.0000000000000000     
         133   1.7659592538396838E-009  -3.1758405079065987E-010
  -2.6671562682676036E-009   3.7399717723604361E-010
   0.0000000000000000        0.0000000000000000     
         134   1.9066530418646621E-009  -3.5026111161644267E-010
  -2.8188766301682661E-009   3.8788952785189215E-010
   0.0000000000000000        0.0000000000000000     
         135   2.0613437486628830E-009  -3.8924716484207464E-010
  -2.9750626816386855E-009   4.0410860797930424E-010
   0.0000000000000000        0.0000000000000000     
         136   2.2328540444036163E-009  -4.3615886364905936E-010
  -3.1368130358245978E-009   4.2298578432285749E-010
   0.0000000000000000        0.0000000000000000     
         137   2.4247123503126192E-009  -4.9319577698510320E-010
  -3.3052986646503399E-009   4.4496723919760174E-010
   0.0000000000000000        0.0000000000000000     
         138   2.6413574236029400E-009  -5.6340515050388185E-010
  -3.4819347349356365E-009   4.7066048307557319E-010
   0.0000000000000000        0.0000000000000000     
