   262144.00000000000     
         256           1           3
   1.7567330116226543E-005  -3.8553127350719998        56.028443713300000     
   6.0401400154609997        12.000000000000000        5733.8999999999996     
           0   0.0000000000000000        0.0000000000000000     
   0.0000000000000000        0.0000000000000000     
   0.0000000000000000        0.0000000000000000     
           1   0.0000000000000000        0.0000000000000000     
   1.3552113473657434E-009  -4.2971408237541256E-011
   7.7344783612480808E-009  -1.2167395905244725E-010
           2   0.0000000000000000        0.0000000000000000     
   1.3424161936955956E-009  -3.2294168306739911E-011
   7.6614642891804204E-009  -1.5531385390779407E-010
           3   0.0000000000000000        0.0000000000000000     
   1.3367099654574437E-009  -3.0075990312015616E-011
   7.6143622333854686E-009  -1.6129753875095738E-010
           4   0.0000000000000000        0.0000000000000000     
   1.3324786876758916E-009  -2.9395671236695624E-011
   7.5829653454862695E-009  -1.6263435456211258E-010
           5   0.0000000000000000        0.0000000000000000     
   1.3291537220900874E-009  -2.9116788355530718E-011
   7.5600313535678025E-009  -1.6296183203491526E-010
           6   0.0000000000000000        0.0000000000000000     
   1.3264885016805719E-009  -2.8984138274214235E-011
   7.5423348542474573E-009  -1.6303202211241451E-010
           7   0.0000000000000000        0.0000000000000000     
   1.3243302603049102E-009  -2.8919302374204266E-011
   7.5282388226261191E-009  -1.6304679561106475E-010
           8   0.0000000000000000        0.0000000000000000     
   1.3225771056274798E-009  -2.8892179870979681E-011
   7.5168083974940734E-009  -1.6306917267831966E-010
           9   0.0000000000000000        0.0000000000000000     
   1.3211583699768627E-009  -2.8889179140111902E-011
   7.5074609843016327E-009  -1.6311992222518836E-010
          10   0.0000000000000000        0.0000000000000000     
   1.3200234778906162E-009  -2.8903363606170517E-011
   7.4998092279548365E-009  -1.6320534729891472E-010
          11   0.0000000000000000        0.0000000000000000     
   1.3191352560081765E-009  -2.8930844934497791E-011
   7.4935825937277559E-009  -1.6332648569924064E-010
          12   0.0000000000000000        0.0000000000000000     
   1.3184657617770040E-009  -2.8969281223575426E-011
   7.4885847515058418E-009  -1.6348246510356519E-010
          13   0.0000000000000000        0.0000000000000000     
   1.3179935976706439E-009  -2.9017183879721583E-011
   7.4846688073941683E-009  -1.6367180300359263E-010
          14   0.0000000000000000        0.0000000000000000     
   1.3177021298766253E-009  -2.9073569684781762E-011
   7.4817221076538074E-009  -1.6389292281435242E-010
          15   0.0000000000000000        0.0000000000000000     
   1.3175782750348173E-009  -2.9137773487846610E-011
   7.4796564912116274E-009  -1.6414435385286665E-010
          16   0.0000000000000000        0.0000000000000000     
   1.3176116538687377E-009  -2.9209341273172994E-011
   7.4784018011524544E-009  -1.6442479958025497E-010
          17   0.0000000000000000        0.0000000000000000     
   1.3177939880087439E-009  -2.9287966028704310E-011
   7.4779014282960265E-009  -1.6473315064271135E-010
          18   0.0000000000000000        0.0000000000000000     
   1.3181186619695638E-009  -2.9373447654879489E-011
   7.4781091674672885E-009  -1.6506847567092388E-010
          19   0.0000000000000000        0.0000000000000000     
   1.3185803998096659E-009  -2.9465667026764594E-011
   7.4789869477120584E-009  -1.6543000425244929E-010
          20   0.0000000000000000        0.0000000000000000     
   1.3191750229628327E-009  -2.9564568749313216E-011
   7.4805031602547786E-009  -1.6581710832604581E-010
          21   0.0000000000000000        0.0000000000000000     
   1.3198992667029092E-009  -2.9670149452490667E-011
   7.4826314046216201E-009  -1.6622928462093308E-010
          22   0.0000000000000000        0.0000000000000000     
   1.3207506395988298E-009  -2.9782449749282046E-011
   7.4853495336143200E-009  -1.6666613906203925E-010
          23   0.0000000000000000        0.0000000000000000     
   1.3217273151074415E-009  -2.9901548689293194E-011
   7.4886389155876785E-009  -1.6712737336866618E-010
          24   0.0000000000000000        0.0000000000000000     
   1.3228280474501844E-009  -3.0027559977463437E-011
   7.4924838576930127E-009  -1.6761277371172253E-010
          25   0.0000000000000000        0.0000000000000000     
   1.3240521062855063E-009  -3.0160629471515093E-011
   7.4968711495673601E-009  -1.6812220122942780E-010
          26   0.0000000000000000        0.0000000000000000     
   1.3253992259673358E-009  -3.0300933649451032E-011
   7.5017896991149655E-009  -1.6865558412510269E-010
          27   0.0000000000000000        0.0000000000000000     
   1.3268695664615804E-009  -3.0448678829499292E-011
   7.5072302388335204E-009  -1.6921291112266818E-010
          28   0.0000000000000000        0.0000000000000000     
   1.3284636835751925E-009  -3.0604101004915694E-011
   7.5131850875508940E-009  -1.6979422605671183E-010
          29   0.0000000000000000        0.0000000000000000     
   1.3301825069377586E-009  -3.0767466194908689E-011
   7.5196479553137172E-009  -1.7039962342495308E-010
          30   0.0000000000000000        0.0000000000000000     
   1.3320273243554660E-009  -3.0939071252545659E-011
   7.5266137830064026E-009  -1.7102924474531287E-010
          31   0.0000000000000000        0.0000000000000000     
   1.3339997716740938E-009  -3.1119245092511009E-011
   7.5340786095763412E-009  -1.7168327559053567E-010
          32   0.0000000000000000        0.0000000000000000     
   1.3361018273919037E-009  -3.1308350319108416E-011
   7.5420394618348146E-009  -1.7236194320677073E-010
          33   0.0000000000000000        0.0000000000000000     
   1.3383358115524905E-009  -3.1506785251853809E-011
   7.5504942624316140E-009  -1.7306551461702621E-010
          34   0.0000000000000000        0.0000000000000000     
   1.3407043885250878E-009  -3.1714986356253858E-011
   7.5594417530097987E-009  -1.7379429515604135E-010
          35   0.0000000000000000        0.0000000000000000     
   1.3432105734217519E-009  -3.1933431100268064E-011
   7.5688814298868016E-009  -1.7454862736901372E-010
          36   0.0000000000000000        0.0000000000000000     
   1.3458577420473583E-009  -3.2162641266118887E-011
   7.5788134901404535E-009  -1.7532889023441125E-010
          37   0.0000000000000000        0.0000000000000000     
   1.3486496442868703E-009  -3.2403186757491043E-011
   7.5892387865492303E-009  -1.7613549867234256E-010
          38   0.0000000000000000        0.0000000000000000     
   1.3515904210062649E-009  -3.2655689953434423E-011
   7.6001587899425404E-009  -1.7696890331046012E-010
          39   0.0000000000000000        0.0000000000000000     
   1.3546846245150469E-009  -3.2920830672548098E-011
   7.6115755580584929E-009  -1.7782959048197049E-010
          40   0.0000000000000000        0.0000000000000000     
   1.3579372428194580E-009  -3.3199351821893448E-011
   7.6234917098212770E-009  -1.7871808243986846E-010
          41   0.0000000000000000        0.0000000000000000     
   1.3613537278737204E-009  -3.3492065822160875E-011
   7.6359104044201513E-009  -1.7963493776961223E-010
          42   0.0000000000000000        0.0000000000000000     
   1.3649400281741113E-009  -3.3799861917035794E-011
   7.6488353246327984E-009  -1.8058075199476599E-010
          43   0.0000000000000000        0.0000000000000000     
   1.3687026260883406E-009  -3.4123714493606226E-011
   7.6622706638586324E-009  -1.8155615836501160E-010
          44   0.0000000000000000        0.0000000000000000     
   1.3726485804241980E-009  -3.4464692565768640E-011
   7.6762211164206764E-009  -1.8256182882175781E-010
          45   0.0000000000000000        0.0000000000000000     
   1.3767855748206439E-009  -3.4823970600022547E-011
   7.6906918709208430E-009  -1.8359847514416853E-010
          46   0.0000000000000000        0.0000000000000000     
   1.3811219726692744E-009  -3.5202840896770300E-011
   7.7056886063295162E-009  -1.8466685027008106E-010
          47   0.0000000000000000        0.0000000000000000     
   1.3856668794216384E-009  -3.5602727780325964E-011
   7.7212174905573627E-009  -1.8576774980113198E-010
          48   0.0000000000000000        0.0000000000000000     
   1.3904302132546702E-009  -3.6025203900061196E-011
   7.7372851813952737E-009  -1.8690201369281002E-010
          49   0.0000000000000000        0.0000000000000000     
   1.3954227852797331E-009  -3.6472009005027172E-011
   7.7538988297107662E-009  -1.8807052814002779E-010
          50   0.0000000000000000        0.0000000000000000     
   1.4006563906874748E-009  -3.6945071625302606E-011
   7.7710660847069113E-009  -1.8927422766584317E-010
          51   0.0000000000000000        0.0000000000000000     
   1.4061439124712762E-009  -3.7446534183927771E-011
   7.7887951013042458E-009  -1.9051409743057054E-010
          52   0.0000000000000000        0.0000000000000000     
   1.4118994396800528E-009  -3.7978782170940663E-011
   7.8070945494971399E-009  -1.9179117577072660E-010
          53   0.0000000000000000        0.0000000000000000     
   1.4179384025249067E-009  -3.8544478147536377E-011
   7.8259736257364095E-009  -1.9310655699090589E-010
          54   0.0000000000000000        0.0000000000000000     
   1.4242777271268132E-009  -3.9146601515137407E-011
   7.8454420663178941E-009  -1.9446139443071314E-010
          55   0.0000000000000000        0.0000000000000000     
   1.4309360132034644E-009  -3.9788495195083338E-011
   7.8655101628335675E-009  -1.9585690383037486E-010
          56   0.0000000000000000        0.0000000000000000     
   1.4379337386951238E-009  -4.0473920626728931E-011
   7.8861887797121540E-009  -1.9729436702937669E-010
          57   0.0000000000000000        0.0000000000000000     
   1.4452934961539476E-009  -4.1207122825228859E-011
   7.9074893739653999E-009  -1.9877513603432060E-010
          58   0.0000000000000000        0.0000000000000000     
   1.4530402667028251E-009  -4.1992907661466370E-011
   7.9294240172476444E-009  -2.0030063750125831E-010
          59   0.0000000000000000        0.0000000000000000     
   1.4612017386746347E-009  -4.2836734065194614E-011
   7.9520054203490442E-009  -2.0187237768350505E-010
          60   0.0000000000000000        0.0000000000000000     
   1.4698086795987116E-009  -4.3744824543545429E-011
   7.9752469603033208E-009  -2.0349194791148407E-010
          61   0.0000000000000000        0.0000000000000000     
   1.4788953721849705E-009  -4.4724298303038330E-011
   7.9991627103804400E-009  -2.0516103068179186E-010
          62   0.0000000000000000        0.0000000000000000     
   1.4885001274749523E-009  -4.5783332424788115E-011
   8.0237674731293256E-009  -2.0688140644836246E-010
          63   0.0000000000000000        0.0000000000000000     
   1.4986658914936819E-009  -4.6931358070118474E-011
   8.0490768168304217E-009  -2.0865496123376417E-010
          64   0.0000000000000000        0.0000000000000000     
   1.5094409904529409E-009  -4.8179301232322159E-011
   8.0751495220742370E-009  -2.1048459406260569E-010
          65   0.0000000000000000        0.0000000000000000     
   1.5208798924477544E-009  -4.9539876578142674E-011
   8.1019179947012355E-009  -2.1237063109900801E-010
          66   0.0000000000000000        0.0000000000000000     
   1.5330443874557261E-009  -5.1027957490137853E-011
   8.1294427725172286E-009  -2.1431623036432906E-010
          67   0.0000000000000000        0.0000000000000000     
   1.5460047345884172E-009  -5.2661032036835371E-011
   8.1577429351907929E-009  -2.1632379859710246E-010
          68   0.0000000000000000        0.0000000000000000     
   1.5598411990513792E-009  -5.4459779543807851E-011
   8.1868385785013151E-009  -2.1839590509572392E-010
          69   0.0000000000000000        0.0000000000000000     
   1.5746458998249190E-009  -5.6448800713124428E-011
   8.2167508831037855E-009  -2.2053529910244074E-010
          70   0.0000000000000000        0.0000000000000000     
   1.5905250822695881E-009  -5.8657550781952537E-011
   8.2475021921205908E-009  -2.2274493040862165E-010
          71   0.0000000000000000        0.0000000000000000     
   1.6076019336308667E-009  -6.1121542914560305E-011
   8.2791160992956208E-009  -2.2502797408824141E-010
          72   0.0000000000000000        0.0000000000000000     
   1.6260201878442000E-009  -6.3883916987598349E-011
   8.3116416674627449E-009  -2.2738837174759663E-010
          73   0.0000000000000000        0.0000000000000000     
   1.6459481905454010E-009  -6.6997493385541020E-011
   8.3450570724326010E-009  -2.2982882396451438E-010
          74   0.0000000000000000        0.0000000000000000     
   1.6675850567375560E-009  -7.0527526978956126E-011
   8.3794144533019883E-009  -2.3235390406997543E-010
          75   0.0000000000000000        0.0000000000000000     
   1.6911675140449324E-009  -7.4555392772382289E-011
   8.4147435947659640E-009  -2.3496807281789576E-010
          76   0.0000000000000000        0.0000000000000000     
   1.7169793204866364E-009  -7.9183627337799092E-011
   8.4510762411031127E-009  -2.3767626703980894E-010
          77   0.0000000000000000        0.0000000000000000     
   1.7453635884970229E-009  -8.4542907253198529E-011
   8.4884321728085650E-009  -2.4048370229874415E-010
          78   0.0000000000000000        0.0000000000000000     
   1.7767385215618417E-009  -9.0801849650402926E-011
   8.5268761345806423E-009  -2.4339721264916010E-010
          79   0.0000000000000000        0.0000000000000000     
   1.8116197898995860E-009  -9.8181062050054569E-011
   8.5664332453066404E-009  -2.4642364316454952E-010
          80   0.0000000000000000        0.0000000000000000     
   1.8506496803744173E-009  -1.0697360323433255E-010
   8.6070944655689123E-009  -2.4957023032246875E-010
          81   0.0000000000000000        0.0000000000000000     
   1.8946377162195652E-009  -1.1757546995774266E-010
   8.6490096397678478E-009  -2.5284908119648506E-010
          82   0.0000000000000000        0.0000000000000000     
   1.9446181844908239E-009  -1.3053210620998825E-010
   8.6921784468355999E-009  -2.5627120539983504E-010
          83   0.0000000000000000        0.0000000000000000     
   2.0019312991876809E-009  -1.4661121967325867E-010
   8.7365947339119523E-009  -2.5985047805332742E-010
          84   0.0000000000000000        0.0000000000000000     
   2.0683414899257698E-009  -1.6692028082835305E-010
   8.7824500905550169E-009  -2.6360940347579840E-010
          85   0.0000000000000000        0.0000000000000000     
   2.1462110162705108E-009  -1.9310260083906905E-010
   8.8297198183244398E-009  -2.6757274448032018E-010
          86   0.0000000000000000        0.0000000000000000     
   2.2387606471394167E-009  -2.2767744109667572E-010
   8.8785635815990375E-009  -2.7178017981273333E-010
          87   0.0000000000000000        0.0000000000000000     
   2.3504597031646930E-009  -2.7465643696983406E-010
   8.9290730336161703E-009  -2.7628849692742373E-010
          88   0.0000000000000000        0.0000000000000000     
   2.4876082227353140E-009  -3.4071886316198963E-010
   8.9814144752161196E-009  -2.8118900816161014E-010
          89   0.0000000000000000        0.0000000000000000     
   2.6591414272112709E-009  -4.3758486816388438E-010
   9.0357167640007322E-009  -2.8663429173859246E-010
          90   0.0000000000000000        0.0000000000000000     
   2.8774449773546700E-009  -5.8712366193516640E-010
   9.0921347293929114E-009  -2.9290239711293311E-010
          91   0.0000000000000000        0.0000000000000000     
   3.1575861531449494E-009  -8.3307980069924071E-010
   9.1508743291818848E-009  -3.0054230581763775E-010
          92   0.0000000000000000        0.0000000000000000     
   3.5062458829430770E-009  -1.2690968316283702E-009
   9.2119470674471322E-009  -3.1071740746993997E-010
          93   0.0000000000000000        0.0000000000000000     
   3.8552104514054184E-009  -2.0989473066393636E-009
   9.2750386156944942E-009  -3.2596323477964929E-010
          94   0.0000000000000000        0.0000000000000000     
   3.7483174682073704E-009  -3.6395255183676939E-009
   9.3347887239134236E-009  -3.5020627578117332E-010
          95   0.0000000000000000        0.0000000000000000     
   1.8892146327748519E-009  -5.2658247746611229E-009
   9.3745280150787412E-009  -3.7573410739004495E-010
          96   0.0000000000000000        0.0000000000000000     
  -7.1773381577807907E-010  -4.4215978047261136E-009
   9.4069918969436671E-009  -3.7103208182711166E-010
          97   0.0000000000000000        0.0000000000000000     
  -1.3574140090887756E-009  -2.5994574148782798E-009
   9.4654665665740886E-009  -3.5452444159263976E-010
          98   0.0000000000000000        0.0000000000000000     
  -1.0760046820344743E-009  -1.5079349795277848E-009
   9.5383470925950698E-009  -3.4733262092422665E-010
          99   0.0000000000000000        0.0000000000000000     
  -6.9510454087850238E-010  -9.4737094281149059E-010
   9.6142050813165924E-009  -3.4698391815382295E-010
         100   0.0000000000000000        0.0000000000000000     
  -3.7676839845875054E-010  -6.4420015218301241E-010
   9.6920594041437174E-009  -3.5014470098852239E-010
         101   0.0000000000000000        0.0000000000000000     
  -1.2806883309381848E-010  -4.6715030306989501E-010
   9.7716347535658747E-009  -3.5521318381962648E-010
         102   0.0000000000000000        0.0000000000000000     
   6.6520274194293168E-011  -3.5649936553908909E-010
   9.8532065825078220E-009  -3.6147831859222110E-010
         103   0.0000000000000000        0.0000000000000000     
   2.2149373613553490E-010  -2.8343602856303332E-010
   9.9371680943879970E-009  -3.6861573800160641E-010
         104   0.0000000000000000        0.0000000000000000     
   3.4751648836861654E-010  -2.3302800766318277E-010
   1.0023811842109380E-008  -3.7647409074848980E-010
         105   0.0000000000000000        0.0000000000000000     
   4.5209386137995354E-010  -1.9701217662174789E-010
   1.0113390920828997E-008  -3.8498762480688595E-010
         106   0.0000000000000000        0.0000000000000000     
   5.4051125540145064E-010  -1.7055130044695318E-010
   1.0206188625283824E-008  -3.9413788279382145E-010
         107   0.0000000000000000        0.0000000000000000     
   6.1654625699414559E-010  -1.5067565251654135E-010
   1.0302444198863359E-008  -4.0393327157849290E-010
         108   0.0000000000000000        0.0000000000000000     
   6.8295016025315273E-010  -1.3548725285235410E-010
   1.0402417312207378E-008  -4.1440114151498026E-010
         109   0.0000000000000000        0.0000000000000000     
   7.4176695071290031E-010  -1.2373114702723605E-010
   1.0506380175410632E-008  -4.2558301972842813E-010
         110   0.0000000000000000        0.0000000000000000     
   7.9454500553979666E-010  -1.1455336918679375E-010
   1.0614622811693624E-008  -4.3753259758971754E-010
         111   0.0000000000000000        0.0000000000000000     
   8.4247954275658641E-010  -1.0735863066123043E-010
   1.0727457894360792E-008  -4.5031513272155369E-010
         112   0.0000000000000000        0.0000000000000000     
   8.8651013625015213E-010  -1.0172363430849840E-010
   1.0845225526061789E-008  -4.6400776268968119E-010
         113   0.0000000000000000        0.0000000000000000     
   9.2738871760582407E-010  -9.7342626921469729E-011
   1.0968298246894831E-008  -4.7870049372372653E-010
         114   0.0000000000000000        0.0000000000000000     
   9.6572796465187925E-010  -9.3992286433762105E-011
   1.1097034967542961E-008  -4.9449667689154562E-010
         115   0.0000000000000000        0.0000000000000000     
   1.0020360562048799E-009  -9.1508561732869995E-011
   1.1231993314193809E-008  -5.1151952906369036E-010
         116   0.0000000000000000        0.0000000000000000     
   1.0367429137142879E-009  -8.9771139528264767E-011
   1.1373627459676555E-008  -5.2990834145311173E-010
         117   0.0000000000000000        0.0000000000000000     
   1.0702194641897615E-009  -8.8692881641168122E-011
   1.1522502583018414E-008  -5.4982636374574675E-010
         118   0.0000000000000000        0.0000000000000000     
   1.1027927752066276E-009  -8.8212625931787910E-011
   1.1679253100920377E-008  -5.7146411396902663E-010
         119   0.0000000000000000        0.0000000000000000     
   1.1347580141658430E-009  -8.8290320610119001E-011
   1.1844594313317150E-008  -5.9504490366573945E-010
         120   0.0000000000000000        0.0000000000000000     
   1.1663882092515730E-009  -8.8903846505337827E-011
   1.2019273093919970E-008  -6.2083044720911552E-010
         121   0.0000000000000000        0.0000000000000000     
   1.1979427482281888E-009  -9.0047129471719434E-011
   1.2204337975309982E-008  -6.4913503605490726E-010
         122   0.0000000000000000        0.0000000000000000     
   1.2296745865547896E-009  -9.1729293482385252E-011
   1.2400779996578691E-008  -6.8032868067564017E-010
         123   0.0000000000000000        0.0000000000000000     
   1.2618373823660810E-009  -9.3974754998575735E-011
   1.2609811158817696E-008  -7.1485687388137935E-010
         124   0.0000000000000000        0.0000000000000000     
   1.2946923825451703E-009  -9.6824230837705239E-011
   1.2832832381826952E-008  -7.5325788156691604E-010
         125   0.0000000000000000        0.0000000000000000     
   1.3285155391865163E-009  -1.0033674034035682E-010
   1.3071436568226355E-008  -7.9618634918569569E-010
         126   0.0000000000000000        0.0000000000000000     
   1.3636060629575349E-009  -1.0459280231518460E-010
   1.3327600861610810E-008  -8.4444854866341568E-010
         127   0.0000000000000000        0.0000000000000000     
   1.4002948079233377E-009  -1.0969909785720556E-010
   1.3603533358534562E-008  -8.9904084349017181E-010
         128   0.0000000000000000        0.0000000000000000     
   1.4389558467371709E-009  -1.1579515412146260E-010
   1.3901895447237073E-008  -9.6121096499759693E-010
         129   0.0000000000000000        0.0000000000000000     
   1.4800197381541708E-009  -1.2306276152178943E-010
   1.4225889081188451E-008  -1.0325375553121114E-009
         130   0.0000000000000000        0.0000000000000000     
   1.5239913489967054E-009  -1.3173932568927414E-010
   1.4579303247943670E-008  -1.1150394463030570E-009
         131   0.0000000000000000        0.0000000000000000     
   1.5714708997690438E-009  -1.4213688787317277E-010
   1.4966816282260679E-008  -1.2113354609479863E-009
         132   0.0000000000000000        0.0000000000000000     
   1.6231834545035731E-009  -1.5466968779738510E-010
   1.5394217837543166E-008  -1.3248701871659303E-009
         133   0.0000000000000000        0.0000000000000000     
   1.6800175314973019E-009  -1.6989470075878905E-010
   1.5868429050914523E-008  -1.4602391732517081E-009
         134   0.0000000000000000        0.0000000000000000     
   1.7430762000152532E-009  -1.8857244410185136E-010
   1.6398478677163447E-008  -1.6236970197547063E-009
         135   0.0000000000000000        0.0000000000000000     
   1.8137472572829754E-009  -2.1176031030582430E-010
   1.6995381404723238E-008  -1.8239033627340724E-009
         136   0.0000000000000000        0.0000000000000000     
   1.8937991660389551E-009  -2.4095947492913032E-010
   1.7673612257655371E-008  -2.0731342273745352E-009
         137   0.0000000000000000        0.0000000000000000     
   1.9855096077486475E-009  -2.7835272607644577E-010
   1.8451567125769639E-008  -2.3892060427674337E-009
         138   0.0000000000000000        0.0000000000000000     
   2.0918395256535661E-009  -3.2720193085260776E-010
   1.9353347623628731E-008  -2.7987191056614923E-009
