   262144.00000000000     
         256           1           3
   1.7567330116226543E-005  -11.098339920101999        85.396172594000006     
   6.0401400154609997        12.000000000000000        5733.8999999999996     
           0   0.0000000000000000        0.0000000000000000     
   0.0000000000000000        0.0000000000000000     
   0.0000000000000000        0.0000000000000000     
           1   0.0000000000000000        0.0000000000000000     
   5.0518484323605976E-010  -2.6307948525622442E-011
   3.1544041986270678E-009  -5.1806508206111088E-011
           2   0.0000000000000000        0.0000000000000000     
   5.0038790647077008E-010  -1.4428242707269988E-011
   3.1249198220432478E-009  -6.4127514952992304E-011
           3   0.0000000000000000        0.0000000000000000     
   4.9942903238392814E-010  -1.2032259524659889E-011
   3.1064348455172075E-009  -6.6425081654417538E-011
           4   0.0000000000000000        0.0000000000000000     
   4.9839522225457409E-010  -1.1328076259665768E-011
   3.0944264283774100E-009  -6.7055975939580068E-011
           5   0.0000000000000000        0.0000000000000000     
   4.9740777664204767E-010  -1.1047977039679421E-011
   3.0860064695135446E-009  -6.7337801908491382E-011
           6   0.0000000000000000        0.0000000000000000     
   4.9652634696745808E-010  -1.0912648318435868E-011
   3.0798898996702583E-009  -6.7541446069220181E-011
           7   0.0000000000000000        0.0000000000000000     
   4.9575770745476421E-010  -1.0838673261621768E-011
   3.0754226738614104E-009  -6.7739023950173208E-011
           8   0.0000000000000000        0.0000000000000000     
   4.9509322018056915E-010  -1.0795215609368551E-011
   3.0722308333676777E-009  -6.7952838066240474E-011
           9   0.0000000000000000        0.0000000000000000     
   4.9452133622503506E-010  -1.0768971093059734E-011
   3.0700816849735871E-009  -6.8190214237367329E-011
          10   0.0000000000000000        0.0000000000000000     
   4.9403124233738684E-010  -1.0753487729989862E-011
   3.0688212807465335E-009  -6.8453460037529612E-011
          11   0.0000000000000000        0.0000000000000000     
   4.9361372266032063E-010  -1.0745337426770755E-011
   3.0683430900969568E-009  -6.8743133115902343E-011
          12   0.0000000000000000        0.0000000000000000     
   4.9326117228830516E-010  -1.0742561410202060E-011
   3.0685709275881408E-009  -6.9059217911980001E-011
          13   0.0000000000000000        0.0000000000000000     
   4.9296738301306795E-010  -1.0743973332746356E-011
   3.0694490101995233E-009  -6.9401573235317411E-011
          14   0.0000000000000000        0.0000000000000000     
   4.9272729820078826E-010  -1.0748820696288193E-011
   3.0709358497502205E-009  -6.9770105158864907E-011
          15   0.0000000000000000        0.0000000000000000     
   4.9253679517667433E-010  -1.0756608952929220E-011
   3.0730003344479930E-009  -7.0164831168589707E-011
          16   0.0000000000000000        0.0000000000000000     
   4.9239250699962371E-010  -1.0767004797313668E-011
   3.0756191233522172E-009  -7.0585900342624152E-011
          17   0.0000000000000000        0.0000000000000000     
   4.9229168096850225E-010  -1.0779780374533642E-011
   3.0787748617421551E-009  -7.1033596077241797E-011
          18   0.0000000000000000        0.0000000000000000     
   4.9223206761725267E-010  -1.0794779728741242E-011
   3.0824549285032250E-009  -7.1508332578352962E-011
          19   0.0000000000000000        0.0000000000000000     
   4.9221183395345182E-010  -1.0811897895859961E-011
   3.0866505390190513E-009  -7.2010649885643721E-011
          20   0.0000000000000000        0.0000000000000000     
   4.9222949552866208E-010  -1.0831067481431607E-011
   3.0913560924227819E-009  -7.2541209419902414E-011
          21   0.0000000000000000        0.0000000000000000     
   4.9228386317773128E-010  -1.0852249824701317E-011
   3.0965686909050604E-009  -7.3100790836670819E-011
          22   0.0000000000000000        0.0000000000000000     
   4.9237400109154532E-010  -1.0875429075557500E-011
   3.1022877830552219E-009  -7.3690290422027011E-011
          23   0.0000000000000000        0.0000000000000000     
   4.9249919379654634E-010  -1.0900608170120881E-011
   3.1085148985172163E-009  -7.4310721068217878E-011
          24   0.0000000000000000        0.0000000000000000     
   4.9265892005565889E-010  -1.0927806091991064E-011
   3.1152534514294209E-009  -7.4963213768719951E-011
          25   0.0000000000000000        0.0000000000000000     
   4.9285283239964755E-010  -1.0957056018270627E-011
   3.1225085964392085E-009  -7.5649020570811952E-011
          26   0.0000000000000000        0.0000000000000000     
   4.9308074104461352E-010  -1.0988404105404805E-011
   3.1302871262711837E-009  -7.6369518930018805E-011
          27   0.0000000000000000        0.0000000000000000     
   4.9334260149271501E-010  -1.1021908743373987E-011
   3.1385974023774613E-009  -7.7126217433521911E-011
          28   0.0000000000000000        0.0000000000000000     
   4.9363850505079036E-010  -1.1057640172723422E-011
   3.1474493130024761E-009  -7.7920762890050308E-011
          29   0.0000000000000000        0.0000000000000000     
   4.9396867193022231E-010  -1.1095680387366062E-011
   3.1568542541551499E-009  -7.8754948812347881E-011
          30   0.0000000000000000        0.0000000000000000     
   4.9433344642730442E-010  -1.1136123277449956E-011
   3.1668251306064503E-009  -7.9630725344968733E-011
          31   0.0000000000000000        0.0000000000000000     
   4.9473329399146180E-010  -1.1179074981154193E-011
   3.1773763746299671E-009  -8.0550210718543365E-011
          32   0.0000000000000000        0.0000000000000000     
   4.9516879991222516E-010  -1.1224654425139947E-011
   3.1885239811448304E-009  -8.1515704349427814E-011
          33   0.0000000000000000        0.0000000000000000     
   4.9564066953931773E-010  -1.1272994046952673E-011
   3.2002855582000306E-009  -8.2529701717488554E-011
          34   0.0000000000000000        0.0000000000000000     
   4.9614972988091456E-010  -1.1324240694945387E-011
   3.2126803925370845E-009  -8.3594911208857951E-011
          35   0.0000000000000000        0.0000000000000000     
   4.9669693252256216E-010  -1.1378556711828588E-011
   3.2257295300926624E-009  -8.4714273129515703E-011
          36   0.0000000000000000        0.0000000000000000     
   4.9728335786947664E-010  -1.1436121210592295E-011
   3.2394558717479037E-009  -8.5890981144047860E-011
          37   0.0000000000000000        0.0000000000000000     
   4.9791022066944620E-010  -1.1497131557170342E-011
   3.2538842849472932E-009  -8.7128506438312503E-011
          38   0.0000000000000000        0.0000000000000000     
   4.9857887689073326E-010  -1.1561805079416339E-011
   3.2690417321285079E-009  -8.8430624957008985E-011
          39   0.0000000000000000        0.0000000000000000     
   4.9929083195468798E-010  -1.1630381028060934E-011
   3.2849574172051410E-009  -8.9801448125173221E-011
          40   0.0000000000000000        0.0000000000000000     
   5.0004775046164666E-010  -1.1703122818380302E-011
   3.3016629516509306E-009  -9.1245457539772718E-011
          41   0.0000000000000000        0.0000000000000000     
   5.0085146748659011E-010  -1.1780320590901312E-011
   3.3191925420597870E-009  -9.2767544188934072E-011
          42   0.0000000000000000        0.0000000000000000     
   5.0170400159183078E-010  -1.1862294134311493E-011
   3.3375832015583824E-009  -9.4373052870141333E-011
          43   0.0000000000000000        0.0000000000000000     
   5.0260756972618690E-010  -1.1949396222827180E-011
   3.3568749877478729E-009  -9.6067832580677158E-011
          44   0.0000000000000000        0.0000000000000000     
   5.0356460423502027E-010  -1.2042016430938224E-011
   3.3771112702956383E-009  -9.7858293797054335E-011
          45   0.0000000000000000        0.0000000000000000     
   5.0457777220438962E-010  -1.2140585498677034E-011
   3.3983390321030679E-009  -9.9751473732409388E-011
          46   0.0000000000000000        0.0000000000000000     
   5.0564999744462734E-010  -1.2245580336325405E-011
   3.4206092083410523E-009  -1.0175511084835381E-010
          47   0.0000000000000000        0.0000000000000000     
   5.0678448547643743E-010  -1.2357529772447189E-011
   3.4439770685675514E-009  -1.0387773014743197E-010
          48   0.0000000000000000        0.0000000000000000     
   5.0798475191195685E-010  -1.2477021170900535E-011
   3.4685026480026084E-009  -1.0612874105887463E-010
          49   0.0000000000000000        0.0000000000000000     
   5.0925465472022097E-010  -1.2604708066760890E-011
   3.4942512351172928E-009  -1.0851855008559526E-010
          50   0.0000000000000000        0.0000000000000000     
   5.1059843097129534E-010  -1.2741319000821334E-011
   3.5212939239060490E-009  -1.1105869081180676E-010
          51   0.0000000000000000        0.0000000000000000     
   5.1202073871899661E-010  -1.2887667769630760E-011
   3.5497082408161218E-009  -1.1376197440305963E-010
          52   0.0000000000000000        0.0000000000000000     
   5.1352670484563702E-010  -1.3044665353636938E-011
   3.5795788580573304E-009  -1.1664266437722782E-010
          53   0.0000000000000000        0.0000000000000000     
   5.1512197982403563E-010  -1.3213333842017840E-011
   3.6109984072527824E-009  -1.1971668023909402E-010
          54   0.0000000000000000        0.0000000000000000     
   5.1681280056092923E-010  -1.3394822742344365E-011
   3.6440684100942816E-009  -1.2300183557051541E-010
          55   0.0000000000000000        0.0000000000000000     
   5.1860606268023089E-010  -1.3590428151612865E-011
   3.6789003458578512E-009  -1.2651811741968170E-010
          56   0.0000000000000000        0.0000000000000000     
   5.2050940391324135E-010  -1.3801615373463941E-011
   3.7156168797005368E-009  -1.3028801541116268E-010
          57   0.0000000000000000        0.0000000000000000     
   5.2253130059858248E-010  -1.4030045705772882E-011
   3.7543532805293109E-009  -1.3433691097853702E-010
          58   0.0000000000000000        0.0000000000000000     
   5.2468117969820975E-010  -1.4277608298188869E-011
   3.7952590633188322E-009  -1.3869353964552404E-010
          59   0.0000000000000000        0.0000000000000000     
   5.2696954928780520E-010  -1.4546458203516403E-011
   3.8384998983144804E-009  -1.4339054249574405E-010
          60   0.0000000000000000        0.0000000000000000     
   5.2940815112607216E-010  -1.4839062034454385E-011
   3.8842598389333089E-009  -1.4846512710157025E-010
          61   0.0000000000000000        0.0000000000000000     
   5.3201013972168175E-010  -1.5158253011014804E-011
   3.9327439321062328E-009  -1.5395986353302346E-010
          62   0.0000000000000000        0.0000000000000000     
   5.3479029338646783E-010  -1.5507297667436201E-011
   3.9841812897083282E-009  -1.5992364801134467E-010
          63   0.0000000000000000        0.0000000000000000     
   5.3776526406558369E-010  -1.5889977124373942E-011
   4.0388287186914254E-009  -1.6641287589080885E-010
          64   0.0000000000000000        0.0000000000000000     
   5.4095381285969375E-010  -1.6310685367013606E-011
   4.0969613078133358E-009  -1.7349258680082001E-010
          65   0.0000000000000000        0.0000000000000000     
   5.4437741140550877E-010  -1.6774557223849450E-011
   4.1589324722518866E-009  -1.8123939718091773E-010
          66   0.0000000000000000        0.0000000000000000     
   5.4806029894432683E-010  -1.7287612834689784E-011
   4.2250977747128458E-009  -1.8974194767367740E-010
          67   0.0000000000000000        0.0000000000000000     
   5.5203024392061219E-010  -1.7856953115202997E-011
   4.2958772784310122E-009  -1.9910480447543025E-010
          68   0.0000000000000000        0.0000000000000000     
   5.5631910851041798E-010  -1.8490997825452951E-011
   4.3717508628236861E-009  -2.0945161090589602E-010
          69   0.0000000000000000        0.0000000000000000     
   5.6096361421285066E-010  -1.9199789109380745E-011
   4.4532692694011449E-009  -2.2092945043405451E-010
          70   0.0000000000000000        0.0000000000000000     
   5.6600628423830364E-010  -1.9995379609978574E-011
   4.5410676866681895E-009  -2.3371442273458089E-010
          71   0.0000000000000000        0.0000000000000000     
   5.7149661185337296E-010  -2.0892333166346310E-011
   4.6358825787272125E-009  -2.4801883418750352E-010
          72   0.0000000000000000        0.0000000000000000     
   5.7749247608075542E-010  -2.1908376035923551E-011
   4.7386058924518904E-009  -2.6410126356162235E-010
          73   0.0000000000000000        0.0000000000000000     
   5.8406215524930090E-010  -2.3065258840022091E-011
   4.8501786966829639E-009  -2.8227606370325876E-010
          74   0.0000000000000000        0.0000000000000000     
   5.9128639959516325E-010  -2.4389893088465760E-011
   4.9718239671240655E-009  -3.0293396919922280E-010
          75   0.0000000000000000        0.0000000000000000     
   5.9926160207035123E-010  -2.5915893242094178E-011
   5.1049568154055527E-009  -3.2656134642889387E-010
          76   0.0000000000000000        0.0000000000000000     
   6.0810363543751833E-010  -2.7685675278095949E-011
   5.2512734288707868E-009  -3.5377100458111454E-010
          77   0.0000000000000000        0.0000000000000000     
   6.1795298654301639E-010  -2.9753364507817097E-011
   5.4128598424496668E-009  -3.8534463027639184E-010
          78   0.0000000000000000        0.0000000000000000     
   6.2898128827386358E-010  -3.2188879306439430E-011
   5.5921454095371672E-009  -4.2228835691541602E-010
          79   0.0000000000000000        0.0000000000000000     
   6.4140066741942444E-010  -3.5083787307851574E-011
   5.7922473173229000E-009  -4.6592116571528810E-010
          80   0.0000000000000000        0.0000000000000000     
   6.5547592485814932E-010  -3.8559834480808213E-011
   6.0169836906879960E-009  -5.1799370198173597E-010
          81   0.0000000000000000        0.0000000000000000     
   6.7154123297257749E-010  -4.2781648373516438E-011
   6.2712333571961126E-009  -5.8087287770897708E-010
          82   0.0000000000000000        0.0000000000000000     
   6.9002445269712199E-010  -4.7976133371807258E-011
   6.5611565830083068E-009  -6.5781709914983857E-010
          83   0.0000000000000000        0.0000000000000000     
   7.1148072819440592E-010  -5.4462821530370701E-011
   6.8947067872274089E-009  -7.5341181840457263E-010
          84   0.0000000000000000        0.0000000000000000     
   7.3664184203189481E-010  -6.2702858291993822E-011
   7.2825371314603417E-009  -8.7427567141337482E-010
          85   0.0000000000000000        0.0000000000000000     
   7.6648853243179155E-010  -7.3380746938842693E-011
   7.7387007241330204E-009  -1.0302246332089681E-009
          86   0.0000000000000000        0.0000000000000000     
   8.0235937390615633E-010  -8.7546148352689932E-011
   8.2824533588951685E-009  -1.2363089074838348E-009
          87   0.0000000000000000        0.0000000000000000     
   8.4611306944941309E-010  -1.0687087098821049E-010
   8.9405555035838768E-009  -1.5164946076667349E-009
          88   0.0000000000000000        0.0000000000000000     
   9.0037142111549481E-010  -1.3413886650359936E-010
   9.7505619997582814E-009  -1.9106803391094083E-009
          89   0.0000000000000000        0.0000000000000000     
   9.6885428122166972E-010  -1.7423567082622225E-010
   1.0765774163178283E-008  -2.4888770522901493E-009
          90   0.0000000000000000        0.0000000000000000     
   1.0567196952810857E-009  -2.3627812417543737E-010
   1.2060248821051940E-008  -3.3817252335516039E-009
          91   0.0000000000000000        0.0000000000000000     
   1.1702436662145166E-009  -3.3850332856758474E-010
   1.3724131920917341E-008  -4.8505413965075501E-009
          92   0.0000000000000000        0.0000000000000000     
   1.3122058262854294E-009  -5.1995234587519137E-010
   1.5797385316187628E-008  -7.4547165711624641E-009
          93   0.0000000000000000        0.0000000000000000     
   1.4541590429443425E-009  -8.6558143481720178E-010
   1.7872004613985736E-008  -1.2411495472803931E-008
          94   0.0000000000000000        0.0000000000000000     
   1.4059107241526645E-009  -1.5075097971205113E-009
   1.7223938083162518E-008  -2.1613895826369384E-008
          95   0.0000000000000000        0.0000000000000000     
   6.2697466858965672E-010  -2.1851563480820143E-009
   6.1083850210908924E-009  -3.1328365437030171E-008
          96   0.0000000000000000        0.0000000000000000     
  -4.6391564681872803E-010  -1.8327611988182660E-009
  -9.4741391824081190E-009  -2.6284947104223175E-008
          97   0.0000000000000000        0.0000000000000000     
  -7.3477537889818613E-010  -1.0726272732428819E-009
  -1.3305364545810428E-008  -1.5399888160814598E-008
          98   0.0000000000000000        0.0000000000000000     
  -6.2179118687261147E-010  -6.1707871776954304E-010
  -1.1634317211949387E-008  -8.8792696724288952E-009
          99   0.0000000000000000        0.0000000000000000     
  -4.6751667454514396E-010  -3.8287080559262224E-010
  -9.3687946624190127E-009  -5.5304125451997945E-009
         100   0.0000000000000000        0.0000000000000000     
  -3.3952774913017913E-010  -2.5594564323925556E-010
  -7.4770811842986007E-009  -3.7191492014240473E-009
         101   0.0000000000000000        0.0000000000000000     
  -2.4078587210386421E-010  -1.8157025471454788E-010
  -6.0013214140816144E-009  -2.6613191559708335E-009
         102   0.0000000000000000        0.0000000000000000     
  -1.6483128448027231E-010  -1.3484235671455611E-010
  -4.8487215725128468E-009  -2.0001734279737122E-009
         103   0.0000000000000000        0.0000000000000000     
  -1.0563559892614560E-010  -1.0374674421667540E-010
  -3.9326865037709110E-009  -1.5636109103137794E-009
         104   0.0000000000000000        0.0000000000000000     
  -5.8768440600881974E-011  -8.2054350142504460E-011
  -3.1894817562605427E-009  -1.2624392649798447E-009
         105   0.0000000000000000        0.0000000000000000     
  -2.1118202053887737E-011  -6.6316235538249269E-011
  -2.5742088407748310E-009  -1.0473066690982429E-009
         106   0.0000000000000000        0.0000000000000000     
   9.4995393556381989E-012  -5.4511339775682640E-011
  -2.0553318482941533E-009  -8.8932502941374934E-010
         107   0.0000000000000000        0.0000000000000000     
   3.4638753982440481E-011  -4.5396689044216773E-011
  -1.6102126792628126E-009  -7.7076547131147863E-010
         108   0.0000000000000000        0.0000000000000000     
   5.5423474656260344E-011  -3.8175546422730379E-011
  -1.2223743516102670E-009  -6.8030200684523921E-010
         109   0.0000000000000000        0.0000000000000000     
   7.2680536603091349E-011  -3.2318576049928955E-011
  -8.7955981756812553E-010  -6.1045150997984554E-010
         110   0.0000000000000000        0.0000000000000000     
   8.7027543771354056E-011  -2.7462822998890275E-011
  -5.7246661468626653E-010  -5.5612816744409756E-010
         111   0.0000000000000000        0.0000000000000000     
   9.8931915818048307E-011  -2.3352250221297076E-011
  -2.9389507211741078E-010  -5.1379370421163856E-010
         112   0.0000000000000000        0.0000000000000000     
   1.0875114503816369E-010  -1.9801441647737660E-011
  -3.8164790394307989E-011  -4.8093996141308445E-010
         113   0.0000000000000000        0.0000000000000000     
   1.1676068172236136E-010  -1.6672714708615079E-011
   1.9929275316657561E-010  -4.5576413389040126E-010
         114   0.0000000000000000        0.0000000000000000     
   1.2317361955444017E-010  -1.3861256378759909E-011
   4.2220419834134927E-010  -4.3695917426669627E-010
         115   0.0000000000000000        0.0000000000000000     
   1.2815431237213853E-010  -1.1285188114966756E-011
   6.3374534781384857E-010  -4.2357789481762268E-010
         116   0.0000000000000000        0.0000000000000000     
   1.3182889951780078E-010  -8.8787623802925340E-012
   8.3657718239289576E-010  -4.1493844985220566E-010
         117   0.0000000000000000        0.0000000000000000     
   1.3429220343603781E-010  -6.5875429545605376E-012
   1.0330450484838724E-009  -4.1056405162475160E-010
         118   0.0000000000000000        0.0000000000000000     
   1.3561301872340714E-010  -4.3648968917562772E-012
   1.2252514045874731E-009  -4.1014086563122470E-010
         119   0.0000000000000000        0.0000000000000000     
   1.3583780380043091E-010  -2.1693342807463644E-012
   1.4151306142298076E-009  -4.1349060693778183E-010
         120   0.0000000000000000        0.0000000000000000     
   1.3499318946281282E-010   3.7607779699841833E-014
   1.6044562998092779E-009  -4.2055247480303276E-010
         121   0.0000000000000000        0.0000000000000000     
   1.3308762252115143E-010   2.2931507381564124E-012
   1.7951171047818732E-009  -4.3137918616011931E-010
         122   0.0000000000000000        0.0000000000000000     
   1.3011206171300262E-010   4.6348977670063942E-012
   1.9888357213242110E-009  -4.4612826494014735E-010
         123   0.0000000000000000        0.0000000000000000     
   1.2604010283780428E-010   7.1024241358932266E-012
   2.1874390204904054E-009  -4.6507159266668360E-010
         124   0.0000000000000000        0.0000000000000000     
   1.2082732870470320E-010   9.7389672160258069E-012
   2.3928534199251567E-009  -4.8860585319080708E-010
         125   0.0000000000000000        0.0000000000000000     
   1.1440983067108787E-010   1.2593352211618336E-011
   2.6071526910503765E-009  -5.1727167989270346E-010
         126   0.0000000000000000        0.0000000000000000     
   1.0670247906634208E-010   1.5722300901619802E-011
   2.8326486087774241E-009  -5.5178296607559960E-010
         127   0.0000000000000000        0.0000000000000000     
   9.7595103758748905E-011   1.9193368377476024E-011
   3.0719219552417216E-009  -5.9306687234115121E-010
         128   0.0000000000000000        0.0000000000000000     
   8.6948617279867762E-011   2.3088747010619191E-011
   3.3279402760812393E-009  -6.4232182148749786E-010
         129   0.0000000000000000        0.0000000000000000     
   7.4589015908218183E-011   2.7510385872102484E-011
   3.6042259351357224E-009  -7.0109905873015920E-010
         130   0.0000000000000000        0.0000000000000000     
   6.0299749251657893E-011   3.2587012795912398E-011
   3.9047438154273282E-009  -7.7141042291384290E-010
         131   0.0000000000000000        0.0000000000000000     
   4.3810988844804300E-011   3.8483996985336149E-011
   4.2344668214968111E-009  -8.5589759671588418E-010
         132   0.0000000000000000        0.0000000000000000     
   2.4785904198104832E-011   4.5417458863354794E-011
   4.5994085608771296E-009  -9.5806043916789538E-010
         133   0.0000000000000000        0.0000000000000000     
   2.8012450470961085E-012   5.3674927180993401E-011
   5.0068286560216248E-009  -1.0825966723768992E-009
         134   0.0000000000000000        0.0000000000000000     
  -2.2677536163296512E-011   6.3646197627800335E-011
   5.4658853076416432E-009  -1.2359197061608388E-009
         135   0.0000000000000000        0.0000000000000000     
  -5.2332287655368721E-011   7.5870645025387514E-011
   5.9882521512383090E-009  -1.4269465413007934E-009
         136   0.0000000000000000        0.0000000000000000     
  -8.7039342642482761E-011   9.1111564177723419E-011
   6.5885702393165751E-009  -1.6683293309817024E-009
         137   0.0000000000000000        0.0000000000000000     
  -1.2793503480807268E-010   1.1047650248891464E-010
   7.2860885239017957E-009  -1.9784731483388640E-009
         138   0.0000000000000000        0.0000000000000000     
  -1.7650315572374641E-010   1.3561826576031166E-010
   8.1055697941383617E-009  -2.3848762905845027E-009
