   262144.00000000000     
         256           1           3
   1.7567330116226543E-005   32.267967713312999        143.27462188630000     
   6.0401400154609997        12.000000000000000        5733.8999999999996     
           0   0.0000000000000000        0.0000000000000000     
   0.0000000000000000        0.0000000000000000     
   0.0000000000000000        0.0000000000000000     
           1   0.0000000000000000        0.0000000000000000     
  -4.6485254792611054E-010   5.5715074816242864E-011
   8.0437079184218301E-010  -4.2310454338559251E-011
           2   0.0000000000000000        0.0000000000000000     
  -4.6026029393671991E-010   2.0506448910753585E-011
   7.9677051939309973E-010  -2.3107048097270511E-011
           3   0.0000000000000000        0.0000000000000000     
  -4.6280409282706398E-010   1.3436631833324079E-011
   7.9535340348755083E-010  -1.9252354895954625E-011
           4   0.0000000000000000        0.0000000000000000     
  -4.6330111622208160E-010   1.1351365873795794E-011
   7.9381781115940377E-010  -1.8136204387194954E-011
           5   0.0000000000000000        0.0000000000000000     
  -4.6288504907972126E-010   1.0495231072906429E-011
   7.9236997436790726E-010  -1.7707201211134781E-011
           6   0.0000000000000000        0.0000000000000000     
  -4.6207534430687741E-010   1.0046170442758783E-011
   7.9111097043798939E-010  -1.7513504407608039E-011
           7   0.0000000000000000        0.0000000000000000     
  -4.6107319422093944E-010   9.7610717526969306E-012
   7.9005434675903958E-010  -1.7420266174219134E-011
           8   0.0000000000000000        0.0000000000000000     
  -4.5995999688433197E-010   9.5512227027512804E-012
   7.8918785780507048E-010  -1.7377712440380660E-011
           9   0.0000000000000000        0.0000000000000000     
  -4.5876967103146629E-010   9.3789316503876953E-012
   7.8849414186392120E-010  -1.7364432837646833E-011
          10   0.0000000000000000        0.0000000000000000     
  -4.5751592673628150E-010   9.2262100301667888E-012
   7.8795683108463932E-010  -1.7370103588080591E-011
          11   0.0000000000000000        0.0000000000000000     
  -4.5620335073475183E-010   9.0836297625594621E-012
   7.8756205503183288E-010  -1.7389295738373986E-011
          12   0.0000000000000000        0.0000000000000000     
  -4.5483222826966180E-010   8.9458403478682311E-012
   7.8729852490545337E-010  -1.7418961920185380E-011
          13   0.0000000000000000        0.0000000000000000     
  -4.5340075663261983E-010   8.8095811983833534E-012
   7.8715722531400804E-010  -1.7457310412936315E-011
          14   0.0000000000000000        0.0000000000000000     
  -4.5190610017090264E-010   8.6727280246459873E-012
   7.8713104323495596E-010  -1.7503258700519400E-011
          15   0.0000000000000000        0.0000000000000000     
  -4.5034490425963034E-010   8.5338041833014067E-012
   7.8721443424439369E-010  -1.7556150089936071E-011
          16   0.0000000000000000        0.0000000000000000     
  -4.4871354570556766E-010   8.3917158247917772E-012
   7.8740314829161660E-010  -1.7615598389571209E-011
          17   0.0000000000000000        0.0000000000000000     
  -4.4700825040934398E-010   8.2456011568613285E-012
   7.8769401250677764E-010  -1.7681398772141323E-011
          18   0.0000000000000000        0.0000000000000000     
  -4.4522514260957599E-010   8.0947407852144514E-012
   7.8808476199336521E-010  -1.7753474644782953E-011
          19   0.0000000000000000        0.0000000000000000     
  -4.4336025853015049E-010   7.9385021510928689E-012
   7.8857390917240077E-010  -1.7831845028252435E-011
          20   0.0000000000000000        0.0000000000000000     
  -4.4140954105250523E-010   7.7763037134129711E-012
   7.8916064340364768E-010  -1.7916604122896048E-011
          21   0.0000000000000000        0.0000000000000000     
  -4.3936882456452238E-010   7.6075909010220725E-012
   7.8984475443277219E-010  -1.8007908390979038E-011
          22   0.0000000000000000        0.0000000000000000     
  -4.3723381447059431E-010   7.4318192839671965E-012
   7.9062657454708794E-010  -1.8105968469200736E-011
          23   0.0000000000000000        0.0000000000000000     
  -4.3500006399269355E-010   7.2484422290113702E-012
   7.9150693566477247E-010  -1.8211044288450271E-011
          24   0.0000000000000000        0.0000000000000000     
  -4.3266294919525040E-010   7.0569014008482672E-012
   7.9248713836830766E-010  -1.8323442431635747E-011
          25   0.0000000000000000        0.0000000000000000     
  -4.3021764327342776E-010   6.8566190375063329E-012
   7.9356893086644922E-010  -1.8443515099380315E-011
          26   0.0000000000000000        0.0000000000000000     
  -4.2765908972714634E-010   6.6469913375783839E-012
   7.9475449609884693E-010  -1.8571660314952610E-011
          27   0.0000000000000000        0.0000000000000000     
  -4.2498197485173793E-010   6.4273824870097322E-012
   7.9604644594186035E-010  -1.8708323114955222E-011
          28   0.0000000000000000        0.0000000000000000     
  -4.2218069894365076E-010   6.1971190165964149E-012
   7.9744782144236970E-010  -1.8853997584249081E-011
          29   0.0000000000000000        0.0000000000000000     
  -4.1924934643759819E-010   5.9554842440074679E-012
   7.9896209871642047E-010  -1.9009229645506694E-011
          30   0.0000000000000000        0.0000000000000000     
  -4.1618165430904046E-010   5.7017126290353960E-012
   8.0059319985573485E-010  -1.9174620565532206E-011
          31   0.0000000000000000        0.0000000000000000     
  -4.1297097865707977E-010   5.4349838937504418E-012
   8.0234550875541462E-010  -1.9350831170667734E-011
          32   0.0000000000000000        0.0000000000000000     
  -4.0961025894774361E-010   5.1544167739559033E-012
   8.0422389161791771E-010  -1.9538586788358874E-011
          33   0.0000000000000000        0.0000000000000000     
  -4.0609197972989262E-010   4.8590622924127107E-012
   8.0623372227120247E-010  -1.9738682959123849E-011
          34   0.0000000000000000        0.0000000000000000     
  -4.0240812923482676E-010   4.5478964280656141E-012
   8.0838091231247995E-010  -1.9951991975661644E-011
          35   0.0000000000000000        0.0000000000000000     
  -3.9855015444689648E-010   4.2198120688208364E-012
   8.1067194627716152E-010  -2.0179470333170637E-011
          36   0.0000000000000000        0.0000000000000000     
  -3.9450891220738525E-010   3.8736101174281754E-012
   8.1311392224160537E-010  -2.0422167190019775E-011
          37   0.0000000000000000        0.0000000000000000     
  -3.9027461570730314E-010   3.5079896111927203E-012
   8.1571459814525033E-010  -2.0681233960151774E-011
          38   0.0000000000000000        0.0000000000000000     
  -3.8583677582344707E-010   3.1215366985559504E-012
   8.1848244444165328E-010  -2.0957935182826960E-011
          39   0.0000000000000000        0.0000000000000000     
  -3.8118413648319593E-010   2.7127122998606211E-012
   8.2142670357576087E-010  -2.1253660843692256E-011
          40   0.0000000000000000        0.0000000000000000     
  -3.7630460337658755E-010   2.2798382432093503E-012
   8.2455745715168488E-010  -2.1569940348022482E-011
          41   0.0000000000000000        0.0000000000000000     
  -3.7118516506428269E-010   1.8210816496690687E-012
   8.2788570156097108E-010  -2.1908458387607481E-011
          42   0.0000000000000000        0.0000000000000000     
  -3.6581180541247095E-010   1.3344372902485529E-012
   8.3142343313830979E-010  -2.2271072982861774E-011
          43   0.0000000000000000        0.0000000000000000     
  -3.6016940620689601E-010   8.1770760171267209E-013
   8.3518374400719326E-010  -2.2659836031187363E-011
          44   0.0000000000000000        0.0000000000000000     
  -3.5424163861432273E-010   2.6847998974076990E-013
   8.3918093006418363E-010  -2.3077016755362067E-011
          45   0.0000000000000000        0.0000000000000000     
  -3.4801084184526173E-010  -3.1589901836727290E-013
   8.4343061265809194E-010  -2.3525128514154269E-011
          46   0.0000000000000000        0.0000000000000000     
  -3.4145788722095396E-010  -9.3835328546574418E-013
   8.4794987591709051E-010  -2.4006959526648692E-011
          47   0.0000000000000000        0.0000000000000000     
  -3.3456202557170738E-010  -1.6021108543593703E-012
   8.5275742196992065E-010  -2.4525608162743019E-011
          48   0.0000000000000000        0.0000000000000000     
  -3.2730071544773728E-010  -2.3107427425125124E-012
   8.5787374659405437E-010  -2.5084523579398317E-011
          49   0.0000000000000000        0.0000000000000000     
  -3.1964942923112877E-010  -3.0682076114195872E-012
   8.6332133844738504E-010  -2.5687552637372556E-011
          50   0.0000000000000000        0.0000000000000000     
  -3.1158143383210592E-010  -3.8789033535468340E-012
   8.6912490544721398E-010  -2.6338994216051027E-011
          51   0.0000000000000000        0.0000000000000000     
  -3.0306754188940482E-010  -4.7477268532604013E-012
   8.7531163257282925E-010  -2.7043662278136636E-011
          52   0.0000000000000000        0.0000000000000000     
  -2.9407582880167996E-010  -5.6801434361025366E-012
   8.8191147615312799E-010  -2.7806959314854915E-011
          53   0.0000000000000000        0.0000000000000000     
  -2.8457130994252865E-010  -6.6822678496881993E-012
   8.8895750064633983E-010  -2.8634962156847125E-011
          54   0.0000000000000000        0.0000000000000000     
  -2.7451557142517968E-010  -7.7609590193867034E-012
   8.9648626508357521E-010  -2.9534522565984576E-011
          55   0.0000000000000000        0.0000000000000000     
  -2.6386634637883072E-010  -8.9239313239838251E-012
   9.0453826774111947E-010  -3.0513385573090441E-011
          56   0.0000000000000000        0.0000000000000000     
  -2.5257702719022780E-010  -1.0179885771554471E-011
   9.1315845935089208E-010  -3.1580329204090975E-011
          57   0.0000000000000000        0.0000000000000000     
  -2.4059610214199709E-010  -1.1538665251147937E-011
   9.2239683731532900E-010  -3.2745330105056651E-011
          58   0.0000000000000000        0.0000000000000000     
  -2.2786650244471033E-010  -1.3011439047726235E-011
   9.3230913595500404E-010  -3.4019760667471442E-011
          59   0.0000000000000000        0.0000000000000000     
  -2.1432484263033497E-010  -1.4610923102510369E-011
   9.4295763117023930E-010  -3.5416624656921505E-011
          60   0.0000000000000000        0.0000000000000000     
  -1.9990053356203520E-010  -1.6351644157319613E-011
   9.5441208192709919E-010  -3.6950840140090804E-011
          61   0.0000000000000000        0.0000000000000000     
  -1.8451474237799608E-010  -1.8250258074612743E-011
   9.6675083620847209E-010  -3.8639580837996670E-011
          62   0.0000000000000000        0.0000000000000000     
  -1.6807916791110658E-010  -2.0325935412741498E-011
   9.8006213544848898E-010  -4.0502690046401030E-011
          63   0.0000000000000000        0.0000000000000000     
  -1.5049459232144156E-010  -2.2600831002665961E-011
   9.9444565986957586E-010  -4.2563185239586347E-011
          64   0.0000000000000000        0.0000000000000000     
  -1.3164900191950937E-010  -2.5100662464718741E-011
   1.0099925339057480E-009  -4.4847413919171787E-011
          65   0.0000000000000000        0.0000000000000000     
  -1.1141616335770228E-010  -2.7855405605204322E-011
   1.0268748640561086E-009  -4.7387667885789578E-011
          66   0.0000000000000000        0.0000000000000000     
  -8.9652207965233331E-011  -3.0900193601849440E-011
   1.0452173706003802E-009  -5.0220353313733559E-011
          67   0.0000000000000000        0.0000000000000000     
  -6.6193283843599328E-011  -3.4276401435558530E-011
   1.0651879292402894E-009  -5.3389025753643269E-011
          68   0.0000000000000000        0.0000000000000000     
  -4.0851778951682622E-011  -3.8033030243572490E-011
   1.0869796204489056E-009  -5.6945417093550740E-011
          69   0.0000000000000000        0.0000000000000000     
  -1.3411897908694771E-011  -4.2228458139490059E-011
   1.1108154846288874E-009  -6.0951325459708278E-011
          70   0.0000000000000000        0.0000000000000000     
   1.6375780592106933E-011  -4.6932678436259806E-011
   1.1369543787030165E-009  -6.5481032511389606E-011
          71   0.0000000000000000        0.0000000000000000     
   4.8801048913583944E-011  -5.2230186634181088E-011
   1.1656982406706830E-009  -7.0624422867194807E-011
          72   0.0000000000000000        0.0000000000000000     
   8.4202570628458976E-011  -5.8223741741547064E-011
   1.1974326746180401E-009  -7.6491715949564440E-011
          73   0.0000000000000000        0.0000000000000000     
   1.2297818085694175E-010  -6.5039306904629045E-011
   1.2325123647976679E-009  -8.3216144509628000E-011
          74   0.0000000000000000        0.0000000000000000     
   1.6559881802650367E-010  -7.2832641818577949E-011
   1.2714646622726671E-009  -9.0965081913673184E-011
          75   0.0000000000000000        0.0000000000000000     
   2.1262549340129894E-010  -8.1798161905076879E-011
   1.3148822071658944E-009  -9.9946963587393619E-011
          76   0.0000000000000000        0.0000000000000000     
   2.6473174545246350E-010  -9.2181038550097716E-011
   1.3634786172555431E-009  -1.1042504876052252E-010
          77   0.0000000000000000        0.0000000000000000     
   3.2273266378832435E-010  -1.0429394241093950E-010
   1.4181119966954025E-009  -1.2273537812878849E-010
          78   0.0000000000000000        0.0000000000000000     
   3.8762484541819297E-010  -1.1854062224482646E-010
   1.4798596061359627E-009  -1.3731296871468275E-010
          79   0.0000000000000000        0.0000000000000000     
   4.6063681672810526E-010  -1.3544957280633780E-010
   1.5500252140697634E-009  -1.5472726992865557E-010
          80   0.0000000000000000        0.0000000000000000     
   5.4330126695318811E-010  -1.5572321735768421E-010
   1.6302189764652800E-009  -1.7573546189659370E-010
          81   0.0000000000000000        0.0000000000000000     
   6.3755175191329665E-010  -1.8031110392729309E-010
   1.7225732195409051E-009  -2.0136408574115431E-010
          82   0.0000000000000000        0.0000000000000000     
   7.4586122163249461E-010  -2.1052160891392910E-010
   1.8297139252343271E-009  -2.3302624942409795E-010
          83   0.0000000000000000        0.0000000000000000     
   8.7143683792765162E-010  -2.4819681333068015E-010
   1.9551332037575099E-009  -2.7271447556620173E-010
          84   0.0000000000000000        0.0000000000000000     
   1.0185033005065999E-009  -2.9599468123360086E-010
   2.1032961623055023E-009  -3.2330212820180782E-010
          85   0.0000000000000000        0.0000000000000000     
   1.1927209037557090E-009  -3.5786000389282337E-010
   2.2803382682930338E-009  -3.8905875685738669E-010
          86   0.0000000000000000        0.0000000000000000     
   1.4018109976100405E-009  -4.3984123648744535E-010
   2.4946153266649532E-009  -4.7653226799446957E-010
          87   0.0000000000000000        0.0000000000000000     
   1.6564932874619895E-009  -5.5157099885050008E-010
   2.7576568989430890E-009  -5.9615145488842287E-010
          88   0.0000000000000000        0.0000000000000000     
   1.9718817310449236E-009  -7.0908871969025753E-010
   3.0859397303414523E-009  -7.6528936922040061E-010
          89   0.0000000000000000        0.0000000000000000     
   2.3694186238070400E-009  -9.4054060796578582E-010
   3.5024855473248774E-009  -1.0144277164035812E-009
          90   0.0000000000000000        0.0000000000000000     
   2.8788346176534160E-009  -1.2984483330321095E-009
   4.0394946370101686E-009  -1.4004587362593812E-009
          91   0.0000000000000000        0.0000000000000000     
   3.5362971451989070E-009  -1.8878726569593733E-009
   4.7362777092615726E-009  -2.0371945290036516E-009
          92   0.0000000000000000        0.0000000000000000     
   4.3578316387149297E-009  -2.9337196556935247E-009
   5.6098450997116214E-009  -3.1682692188026744E-009
          93   0.0000000000000000        0.0000000000000000     
   5.1795835347870876E-009  -4.9253989164056708E-009
   6.4829806639718396E-009  -5.3238762894244633E-009
          94   0.0000000000000000        0.0000000000000000     
   4.9059335910254739E-009  -8.6240112863217533E-009
   6.1684975579636317E-009  -9.3285298047619293E-009
          95   0.0000000000000000        0.0000000000000000     
   4.2331953931242794E-010  -1.2528433825676031E-008
   1.2931211323184428E-009  -1.3555992797670110E-008
          96   0.0000000000000000        0.0000000000000000     
  -5.8560306188050135E-009  -1.0499160543880410E-008
  -5.5293995596576457E-009  -1.1355111011038054E-008
          97   0.0000000000000000        0.0000000000000000     
  -7.4110962795917985E-009  -6.1210884689433359E-009
  -7.2352004724841191E-009  -6.6095110336621181E-009
          98   0.0000000000000000        0.0000000000000000     
  -6.7545781628662571E-009  -3.4976997371182476E-009
  -6.5463436519061400E-009  -3.7646341149928001E-009
          99   0.0000000000000000        0.0000000000000000     
  -5.8597970670050846E-009  -2.1494526145073379E-009
  -5.6005060313306085E-009  -2.3009620767857495E-009
         100   0.0000000000000000        0.0000000000000000     
  -5.1160099976208151E-009  -1.4193008859466540E-009
  -4.8195768039731547E-009  -1.5066718341920798E-009
         101   0.0000000000000000        0.0000000000000000     
  -4.5402418078236080E-009  -9.9195141519274060E-010
  -4.2220634812158376E-009  -1.0401749064135495E-009
         102   0.0000000000000000        0.0000000000000000     
  -4.0952484698750493E-009  -7.2395692986973945E-010
  -3.7677896955157763E-009  -7.4604538216803275E-010
         103   0.0000000000000000        0.0000000000000000     
  -3.7462644240114054E-009  -5.4610944995205115E-010
  -3.4191696171117912E-009  -5.4928310528798259E-010
         104   0.0000000000000000        0.0000000000000000     
  -3.4677272800001996E-009  -4.2253399901697119E-010
  -3.1486360136361576E-009  -4.1099500633546961E-010
         105   0.0000000000000000        0.0000000000000000     
  -3.2416685296489287E-009  -3.3337204852794720E-010
  -2.9368684367623093E-009  -3.0963564078615907E-010
         106   0.0000000000000000        0.0000000000000000     
  -3.0554550312442166E-009  -2.6699182145274729E-010
  -2.7703165683673542E-009  -2.3256848972774102E-010
         107   0.0000000000000000        0.0000000000000000     
  -2.9000825797243335E-009  -2.1624514175176721E-010
  -2.6394003667343497E-009  -1.7200928157849848E-010
         108   0.0000000000000000        0.0000000000000000     
  -2.7690179385644818E-009  -1.7655599769239592E-010
  -2.5372261446442789E-009  -1.2295523793543161E-010
         109   0.0000000000000000        0.0000000000000000     
  -2.6574340890925740E-009  -1.4489054651574168E-010
  -2.4587681778388007E-009  -8.2068259067361974E-011
         110   0.0000000000000000        0.0000000000000000     
  -2.5617027311152904E-009  -1.1917544670234783E-010
  -2.4003215063194844E-009  -4.7043813108831711E-011
         111   0.0000000000000000        0.0000000000000000     
  -2.4790532594306728E-009  -9.7955640433038997E-011
  -2.3591355029280262E-009  -1.6239044407689569E-011
         112   0.0000000000000000        0.0000000000000000     
  -2.4073398419318032E-009  -8.0185653780741040E-011
  -2.3331650499974463E-009   1.1554701402302273E-011
         113   0.0000000000000000        0.0000000000000000     
  -2.3448795966788485E-009  -6.5098224053368590E-011
  -2.3208993354458782E-009   3.7255861701469539E-011
         114   0.0000000000000000        0.0000000000000000     
  -2.2903380669750589E-009  -5.2119241121118388E-011
  -2.3212722909100478E-009   6.1587445307081208E-011
         115   0.0000000000000000        0.0000000000000000     
  -2.2426480883517370E-009  -4.0811233317742536E-011
  -2.3334616321155826E-009   8.5138179685082633E-011
         116   0.0000000000000000        0.0000000000000000     
  -2.2009488099279209E-009  -3.0834990999161424E-011
  -2.3570076540229408E-009   1.0841085293152742E-010
         117   0.0000000000000000        0.0000000000000000     
  -2.1645426074489877E-009  -2.1922867912757385E-011
  -2.3916558117264291E-009   1.3185238757958359E-010
         118   0.0000000000000000        0.0000000000000000     
  -2.1328621397808989E-009  -1.3859856400234015E-011
  -2.4373602944421516E-009   1.5587951230179401E-010
         119   0.0000000000000000        0.0000000000000000     
  -2.1054457949742275E-009  -6.4698665597813334E-012
  -2.4942689320210706E-009   1.8089927729722924E-010
         120   0.0000000000000000        0.0000000000000000     
  -2.0819190804657794E-009   3.9445029723298212E-013
  -2.5626744640412908E-009   2.0732626079239013E-010
         121   0.0000000000000000        0.0000000000000000     
  -2.0619811079668295E-009   6.8594684014623676E-012
  -2.6431866867165725E-009   2.3560353720777072E-010
         122   0.0000000000000000        0.0000000000000000     
  -2.0453935532219706E-009   1.3036688109662501E-011
  -2.7364863058910475E-009   2.6621526189534558E-010
         123   0.0000000000000000        0.0000000000000000     
  -2.0319734763702468E-009   1.9027775569656210E-011
  -2.8435124676550851E-009   2.9971035676255399E-010
         124   0.0000000000000000        0.0000000000000000     
  -2.0215879306837209E-009   2.4928935546060245E-011
  -2.9654459273722145E-009   3.3672528411261839E-010
         125   0.0000000000000000        0.0000000000000000     
  -2.0141510690219327E-009   3.0834992471529136E-011
  -3.1037558661568114E-009   3.7801346936757479E-010
         126   0.0000000000000000        0.0000000000000000     
  -2.0096211448724533E-009   3.6843453266435834E-011
  -3.2602033481138216E-009   4.2448154729545590E-010
         127   0.0000000000000000        0.0000000000000000     
  -2.0080032100438225E-009   4.3059015407846446E-011
  -3.4369708544413249E-009   4.7723939806757179E-010
         128   0.0000000000000000        0.0000000000000000     
  -2.0093498335876632E-009   4.9598754806219449E-011
  -3.6367003847682104E-009   5.3766413874449453E-010
         129   0.0000000000000000        0.0000000000000000     
  -2.0137656244969476E-009   5.6598630910135688E-011
  -3.8626523949578879E-009   6.0748956916581295E-010
         130   0.0000000000000000        0.0000000000000000     
  -2.0214154763875604E-009   6.4222024954635837E-011
  -4.1186882391401784E-009   6.8892518752327514E-010
         131   0.0000000000000000        0.0000000000000000     
  -2.0325330548225316E-009   7.2671292639486884E-011
  -4.4096970349929523E-009   7.8483388713199279E-010
         132   0.0000000000000000        0.0000000000000000     
  -2.0474364355667693E-009   8.2204091658617839E-011
  -4.7416284874156772E-009   8.9897530827679659E-010
         133   0.0000000000000000        0.0000000000000000     
  -2.0665486747388984E-009   9.3156984277366838E-011
  -5.1220994753768901E-009   1.0363749361975691E-009
         134   0.0000000000000000        0.0000000000000000     
  -2.0904255536413471E-009   1.0598050243900580E-010
  -5.5605175293663413E-009   1.2038609974009244E-009
         135   0.0000000000000000        0.0000000000000000     
  -2.1197927909954928E-009   1.2129264752220650E-010
  -6.0688710830950181E-009   1.4109017545534457E-009
         136   0.0000000000000000        0.0000000000000000     
  -2.1556021665814861E-009   1.3996295388646542E-010
  -6.6626634405036862E-009   1.6709186159941768E-009
         137   0.0000000000000000        0.0000000000000000     
  -2.1991041380560083E-009   1.6324827609807722E-010
  -7.3617892703166103E-009   2.0034026476125631E-009
         138   0.0000000000000000        0.0000000000000000     
  -2.2519432547687812E-009   1.9301944628817809E-010
  -8.1923299463479926E-009   2.4374657843704448E-009
