   262144.00000000000     
         256           1           3
   1.7567330116226543E-005   4.4367741432200001        174.97364918450000     
   6.0401400154609997        12.000000000000000        5733.8999999999996     
           0   0.0000000000000000        0.0000000000000000     
   0.0000000000000000        0.0000000000000000     
   0.0000000000000000        0.0000000000000000     
           1  -7.5586535238917674E-010   2.2202749802818233E-010
  -2.6210551843866101E-010   7.9827808609775445E-011
   0.0000000000000000        0.0000000000000000     
           2  -7.6651993318314129E-010   6.7986843020337188E-011
  -2.6607946295698085E-010   2.3882153541043469E-011
   0.0000000000000000        0.0000000000000000     
           3  -7.8769962852963196E-010   4.0423212946116454E-011
  -2.7365068048298622E-010   1.3799794528486452E-011
   0.0000000000000000        0.0000000000000000     
           4  -7.9758934538259328E-010   3.3393377596559263E-011
  -2.7697489588639285E-010   1.1157324577659480E-011
   0.0000000000000000        0.0000000000000000     
           5  -8.0340512825480022E-010   3.1275920493825667E-011
  -2.7868930958535568E-010   1.0289074849903543E-011
   0.0000000000000000        0.0000000000000000     
           6  -8.0800292948772170E-010   3.0767312252743750E-011
  -2.7983714347852708E-010   9.9965562909882229E-012
   0.0000000000000000        0.0000000000000000     
           7  -8.1250152129877457E-010   3.0923020466102995E-011
  -2.8082642135249032E-010   9.9366658409049387E-012
   0.0000000000000000        0.0000000000000000     
           8  -8.1738777325041893E-010   3.1411774192199701E-011
  -2.8183323652102828E-010   9.9885920596173938E-012
   0.0000000000000000        0.0000000000000000     
           9  -8.2289842878941575E-010   3.2100126920443565E-011
  -2.8294116730794276E-010   1.0103162612222425E-011
   0.0000000000000000        0.0000000000000000     
          10  -8.2916312178822345E-010   3.2929409167525514E-011
  -2.8419356895516507E-010   1.0258220993756991E-011
   0.0000000000000000        0.0000000000000000     
          11  -8.3626330187026424E-010   3.3872946746709500E-011
  -2.8561513745565282E-010   1.0443106468889821E-011
   0.0000000000000000        0.0000000000000000     
          12  -8.4425866304149334E-010   3.4919269149584045E-011
  -2.8722157301693468E-010   1.0652555535885018E-011
   0.0000000000000000        0.0000000000000000     
          13  -8.5319992603718697E-010   3.6064876630013874E-011
  -2.8902422952126956E-010   1.0884066791921558E-011
   0.0000000000000000        0.0000000000000000     
          14  -8.6313548538577494E-010   3.7310900405167554E-011
  -2.9103249721620895E-010   1.1136674839410088E-011
   0.0000000000000000        0.0000000000000000     
          15  -8.7411515065274247E-010   3.8661489589887102E-011
  -2.9325510106265775E-010   1.1410347573107174E-011
   0.0000000000000000        0.0000000000000000     
          16  -8.8619246549461920E-010   4.0123024473407737E-011
  -2.9570085804985339E-010   1.1705680117238429E-011
   0.0000000000000000        0.0000000000000000     
          17  -8.9942632839098022E-010   4.1703756072769068E-011
  -2.9837915806473055E-010   1.2023739993127114E-011
   0.0000000000000000        0.0000000000000000     
          18  -9.1388229031801891E-010   4.3413685174487607E-011
  -3.0130030454434875E-010   1.2365995338253951E-011
   0.0000000000000000        0.0000000000000000     
          19  -9.2963373845953290E-010   4.5264591426276486E-011
  -3.0447578959771279E-010   1.2734293208871424E-011
   0.0000000000000000        0.0000000000000000     
          20  -9.4676309302078032E-010   4.7270170877368067E-011
  -3.0791854762707397E-010   1.3130872267262790E-011
   0.0000000000000000        0.0000000000000000     
          21  -9.6536310616658434E-010   4.9446265954942830E-011
  -3.1164321682062688E-010   1.3558403368736719E-011
   0.0000000000000000        0.0000000000000000     
          22  -9.8553833587618322E-010   5.1811187714014666E-011
  -3.1566643139228919E-010   1.4020057284806973E-011
   0.0000000000000000        0.0000000000000000     
          23  -1.0074068656520468E-009   5.4386142258030612E-011
  -3.2000716606010495E-010   1.4519603211104395E-011
   0.0000000000000000        0.0000000000000000     
          24  -1.0311023493011238E-009   5.7195785089621804E-011
  -3.2468715678821351E-010   1.5061546184882252E-011
   0.0000000000000000        0.0000000000000000     
          25  -1.0567764775454383E-009   6.0268941708379206E-011
  -3.2973142779799012E-010   1.5651317242744031E-011
   0.0000000000000000        0.0000000000000000     
          26  -1.0846019929116988E-009   6.3639553256889140E-011
  -3.3516896565815471E-010   1.6295538474817647E-011
   0.0000000000000000        0.0000000000000000     
          27  -1.1147764238850352E-009   6.7347937469166759E-011
  -3.4103359820317291E-010   1.7002398319356024E-011
   0.0000000000000000        0.0000000000000000     
          28  -1.1475267784326408E-009   7.1442505993327082E-011
  -3.4736516328125303E-010   1.7782194310169206E-011
   0.0000000000000000        0.0000000000000000     
          29  -1.1831155433145858E-009   7.5982165020293075E-011
  -3.5421109572096072E-010   1.8648138241584708E-011
   0.0000000000000000        0.0000000000000000     
          30  -1.2218485049897445E-009   8.1039777111866981E-011
  -3.6162863211453438E-010   1.9617586288330522E-011
   0.0000000000000000        0.0000000000000000     
          31  -1.2640851833399050E-009   8.6707339104281341E-011
  -3.6968795202023294E-010   2.0713982399616053E-011
   0.0000000000000000        0.0000000000000000     
          32  -1.3102531328645622E-009   9.3104062974330705E-011
  -3.7847677875565126E-010   2.1970047645371972E-011
   0.0000000000000000        0.0000000000000000     
          33  -1.3608681660515292E-009   1.0038962158794661E-010
  -3.8810732308593631E-010   2.3433246327818879E-011
   0.0000000000000000        0.0000000000000000     
          34  -1.4165639698507880E-009   1.0878712095099949E-010
  -3.9872710015593904E-010   2.5175632309536629E-011
   0.0000000000000000        0.0000000000000000     
          35  -1.4781371111427698E-009   1.1862560863823987E-010
  -4.1053631829550243E-010   2.7312638585986987E-011
   0.0000000000000000        0.0000000000000000     
          36  -1.5466177600770067E-009   1.3042482286711162E-010
  -4.2381656401374598E-010   3.0041437138943469E-011
   0.0000000000000000        0.0000000000000000     
          37  -1.6233823825264113E-009   1.4507935926242292E-010
  -4.3897831137403213E-010   3.3725747271871743E-011
   0.0000000000000000        0.0000000000000000     
          38  -1.7103218151908976E-009   1.6430067751482802E-010
  -4.5663355885940266E-010   3.9101789371500479E-011
   0.0000000000000000        0.0000000000000000     
          39  -1.8099785478652391E-009   1.9180171525386880E-010
  -4.7765336490972140E-010   4.7834483413663894E-011
   0.0000000000000000        0.0000000000000000     
          40  -1.9246806946177846E-009   2.3679311760146859E-010
  -5.0275313072251665E-010   6.4167243057489519E-011
   0.0000000000000000        0.0000000000000000     
          41  -2.0465543831987188E-009   3.2327864837097359E-010
  -5.2777436192308234E-010   9.9330208274793534E-011
   0.0000000000000000        0.0000000000000000     
          42  -2.0975791681508720E-009   4.7197820905991001E-010
  -5.1529021423312542E-010   1.6311014867601943E-010
   0.0000000000000000        0.0000000000000000     
          43  -2.0290420577599051E-009   4.8184052921755502E-010
  -4.4113892399263904E-010   1.6035387529333429E-010
   0.0000000000000000        0.0000000000000000     
          44  -2.1257783992999277E-009   3.8018797284621357E-010
  -4.3912959287506820E-010   1.0310804008748561E-010
   0.0000000000000000        0.0000000000000000     
          45  -2.3108735880511211E-009   3.4722733196214143E-010
  -4.7216624109680524E-010   7.6344241946941674E-011
   0.0000000000000000        0.0000000000000000     
          46  -2.5189148918025461E-009   3.5708779762438668E-010
  -5.0787342562906308E-010   6.7470731604383291E-011
   0.0000000000000000        0.0000000000000000     
          47  -2.7480132405238120E-009   3.8960808095294008E-010
  -5.4352382709888207E-010   6.6282275265644896E-011
   0.0000000000000000        0.0000000000000000     
          48  -3.0059533800261886E-009   4.3920996136275664E-010
  -5.8045827444887287E-010   6.9180618243944205E-011
   0.0000000000000000        0.0000000000000000     
          49  -3.3025940712478131E-009   5.0637468115756207E-010
  -6.2026575668034708E-010   7.5025573200002031E-011
   0.0000000000000000        0.0000000000000000     
          50  -3.6500677081754595E-009   5.9506529974596544E-010
  -6.6455764211089736E-010   8.3693412865962784E-011
   0.0000000000000000        0.0000000000000000     
          51  -4.0642117437658761E-009   7.1268095456045833E-010
  -7.1515995284554259E-010   9.5671981594560148E-011
   0.0000000000000000        0.0000000000000000     
          52  -4.5667482369759714E-009   8.7148581041281617E-010
  -7.7438081547839089E-010   1.1205329923380583E-010
   0.0000000000000000        0.0000000000000000     
          53  -5.1886765077264365E-009   1.0918705675243449E-009
  -8.4537467398325440E-010   1.3479478831350130E-010
   0.0000000000000000        0.0000000000000000     
          54  -5.9758114689270897E-009   1.4091013073850249E-009
  -9.3268878284912038E-010   1.6735814317069415E-010
   0.0000000000000000        0.0000000000000000     
          55  -6.9982437653816981E-009   1.8878914136966074E-009
  -1.0432167854532088E-009   2.1613347589031399E-010
   0.0000000000000000        0.0000000000000000     
          56  -8.3656581873416424E-009   2.6564734105521701E-009
  -1.1876458030301525E-009   2.9378574086755811E-010
   0.0000000000000000        0.0000000000000000     
          57  -1.0248153858439953E-008   3.9947183184910244E-009
  -1.3824103465457927E-009   4.2790432978853256E-010
   0.0000000000000000        0.0000000000000000     
          58  -1.2863594642697655E-008   6.5883949880840681E-009
  -1.6481564861369963E-009   6.8589113063956019E-010
   0.0000000000000000        0.0000000000000000     
          59  -1.6065401974690173E-008   1.2301645269496968E-008
  -1.9685721077207299E-009   1.2501788884823266E-009
   0.0000000000000000        0.0000000000000000     
          60  -1.5700138707848423E-008   2.5311245645260821E-008
  -1.9325410721147233E-009   2.5254180934861239E-009
   0.0000000000000000        0.0000000000000000     
          61   4.0868203052791331E-009   3.6586345257317341E-008
   3.1899885905698694E-012   3.6100275841591019E-009
   0.0000000000000000        0.0000000000000000     
          62   1.9543019496409500E-008   2.1735478958710972E-008
   1.4859591777337488E-009   2.1404429296629629E-009
   0.0000000000000000        0.0000000000000000     
          63   1.8029949502519879E-008   1.0280746162537069E-008
   1.3092753596244278E-009   1.0218841788017557E-009
   0.0000000000000000        0.0000000000000000     
          64   1.4660560243553177E-008   5.4482275751494140E-009
   9.5701686072162528E-010   5.5411153606212046E-010
   0.0000000000000000        0.0000000000000000     
          65   1.2102965011023369E-008   3.2440546433639477E-009
   6.8590310882733146E-010   3.4308723020786746E-010
   0.0000000000000000        0.0000000000000000     
          66   1.0290509039598618E-008   2.0997071786823028E-009
   4.8772929976003657E-010   2.3526658630636664E-010
   0.0000000000000000        0.0000000000000000     
          67   8.9831329550395684E-009   1.4397801824737121E-009
   3.3829277585597403E-010   1.7456907223507804E-010
   0.0000000000000000        0.0000000000000000     
          68   8.0126972094323833E-009   1.0272839517123892E-009
   2.2065022169128027E-010   1.3798928475815379E-010
   0.0000000000000000        0.0000000000000000     
          69   7.2732863586604473E-009   7.5272255400676295E-010
   1.2429231209670375E-010   1.1494352214112586E-010
   0.0000000000000000        0.0000000000000000     
          70   6.6979852826461603E-009   5.6047196222128173E-010
   4.2294486411576453E-011   1.0009184333603059E-010
   0.0000000000000000        0.0000000000000000     
          71   6.2431343247737010E-009   4.2002798419767049E-010
  -2.9709638249868623E-011   9.0531313676946737E-011
   0.0000000000000000        0.0000000000000000     
          72   5.8794810122428607E-009   3.1358044761927313E-010
  -9.4810373751931044E-011   8.4595578168113245E-011
   0.0000000000000000        0.0000000000000000     
          73   5.5868357606696973E-009   2.3017290546901248E-010
  -1.5530120874451148E-010   8.1289084983931687E-011
   0.0000000000000000        0.0000000000000000     
          74   5.3509385122476031E-009   1.6275477099078942E-010
  -2.1284193429238403E-010   8.0001265386731824E-011
   0.0000000000000000        0.0000000000000000     
          75   5.1615671806165157E-009   1.0660179504995228E-010
  -2.6868145616779246E-010   8.0356552308545471E-011
   0.0000000000000000        0.0000000000000000     
          76   5.0112685706339473E-009   5.8426300924434288E-011
  -3.2391120643209579E-010   8.2133133560632385E-011
   0.0000000000000000        0.0000000000000000     
          77   4.8945453200810724E-009   1.5851897615828255E-011
  -3.7951624995385417E-010   8.5215421903628972E-011
   0.0000000000000000        0.0000000000000000     
          78   4.8074369211330137E-009  -2.2911703206002293E-011
  -4.3633742453398539E-010   8.9566132649948956E-011
   0.0000000000000000        0.0000000000000000     
          79   4.7470785555421412E-009  -5.9275876076080181E-011
  -4.9521923974281693E-010   9.5213837581755748E-011
   0.0000000000000000        0.0000000000000000     
          80   4.7115772727586101E-009  -9.4415511228603520E-011
  -5.5698091891094986E-010   1.0224651635330478E-010
   0.0000000000000000        0.0000000000000000     
          81   4.6997331164928432E-009  -1.2936891716925822E-010
  -6.2252613418434829E-010   1.1081368410588460E-010
   0.0000000000000000        0.0000000000000000     
          82   4.7110373824166055E-009  -1.6511865235787557E-010
  -6.9283386631254179E-010   1.2113271684898788E-010
   0.0000000000000000        0.0000000000000000     
          83   4.7456099162711320E-009  -2.0266089857957112E-010
  -7.6901356297334967E-010   1.3350247317081632E-010
   0.0000000000000000        0.0000000000000000     
          84   4.8042002244843134E-009  -2.4307451903730621E-010
  -8.5235668334510975E-010   1.4832472315125608E-010
   0.0000000000000000        0.0000000000000000     
          85   4.8882519663669122E-009  -2.8759879965516660E-010
  -9.4438953556950990E-010   1.6613629905998122E-010
   0.0000000000000000        0.0000000000000000     
          86   4.9999050969715764E-009  -3.3772863477682222E-010
  -1.0470058646520977E-009   1.8765793409018749E-010
   0.0000000000000000        0.0000000000000000     
          87   5.1422534548457601E-009  -3.9534552671400716E-010
  -1.1625310668779794E-009   2.1386564742470178E-010
   0.0000000000000000        0.0000000000000000     
          88   5.3195648864564181E-009  -4.6290187207223305E-010
  -1.2938096567290227E-009   2.4609943391729329E-010
   0.0000000000000000        0.0000000000000000     
          89   5.5374686234534215E-009  -5.4369304062119559E-010
  -1.4446707953705110E-009   2.8623745111357231E-010
   0.0000000000000000        0.0000000000000000     
          90   5.8035760041509014E-009  -6.4228176608276782E-010
  -1.6200160802525553E-009   3.3696534730558033E-010
   0.0000000000000000        0.0000000000000000     
          91   6.1281159459049482E-009  -7.6517224908370479E-010
  -1.8262523275681699E-009   4.0222574885172323E-010
   0.0000000000000000        0.0000000000000000     
          92   6.5250414237553637E-009  -9.2192937498745348E-010
  -2.0723996367966885E-009   4.8799506937124154E-010
   0.0000000000000000        0.0000000000000000     
          93   7.0134330869149320E-009  -1.1271045188311519E-009
  -2.3706301471336316E-009   6.0365464206256976E-010
   0.0000000000000000        0.0000000000000000     
          94   7.6202764423263209E-009  -1.4037161823887648E-009
  -2.7385342908363416E-009   7.6459407074190065E-010
   0.0000000000000000        0.0000000000000000     
          95   8.3835735501873297E-009  -1.7898345743617880E-009
  -3.2013528018381814E-009   9.9738377788654693E-010
   0.0000000000000000        0.0000000000000000     
          96   9.3583895820921918E-009  -2.3518427351344672E-009
  -3.7960060871796369E-009   1.3508420162598180E-009
   0.0000000000000000        0.0000000000000000     
          97   1.0622946689931468E-008  -3.2128822073717795E-009
  -4.5746108023654831E-009   1.9215552925802555E-009
   0.0000000000000000        0.0000000000000000     
          98   1.2280413138404680E-008  -4.6184007690776783E-009
  -5.5970512794617624E-009   2.9174011526645943E-009
   0.0000000000000000        0.0000000000000000     
          99   1.4416155807898776E-008  -7.0963752432940509E-009
  -6.8423071624819888E-009   4.8195454846963747E-009
   0.0000000000000000        0.0000000000000000     
         100   1.6793600115253503E-008  -1.1838938518234559E-008
  -7.6347283599583848E-009   8.6620937062974287E-009
   0.0000000000000000        0.0000000000000000     
         101   1.7177834829317978E-008  -2.1109445732890675E-008
  -4.6085187995467933E-009   1.4643809694960036E-008
   0.0000000000000000        0.0000000000000000     
         102   7.0288829535448490E-009  -3.3099311910876237E-008
   3.7469571466361112E-009   1.5879044698500449E-008
   0.0000000000000000        0.0000000000000000     
         103  -1.1467030129053318E-008  -2.9782396749636648E-008
   8.9192007287137053E-009   1.0903963524332296E-008
   0.0000000000000000        0.0000000000000000     
         104  -1.6972841406697901E-008  -1.7259624410504088E-008
   9.2456222364994794E-009   6.0915832223370177E-009
   0.0000000000000000        0.0000000000000000     
         105  -1.5257917750516825E-008  -9.6056802613797900E-009
   8.0620548417273301E-009   3.4787051674162625E-009
   0.0000000000000000        0.0000000000000000     
         106  -1.2738541451717398E-008  -5.7767163423290314E-009
   6.9128937375877774E-009   2.1517292972128866E-009
   0.0000000000000000        0.0000000000000000     
         107  -1.0663798983797670E-008  -3.7564591142999169E-009
   6.0192115810361057E-009   1.4266981012934711E-009
   0.0000000000000000        0.0000000000000000     
         108  -9.0797409277423500E-009  -2.5977365806537645E-009
   5.3431617391877308E-009   9.9627825883818833E-010
   0.0000000000000000        0.0000000000000000     
         109  -7.8709491346796697E-009  -1.8823116672405963E-009
   4.8264710090922767E-009   7.2221564094812241E-010
   0.0000000000000000        0.0000000000000000     
         110  -6.9336443205738986E-009  -1.4132871073247634E-009
   4.4247873632943756E-009   5.3752722961083848E-010
   0.0000000000000000        0.0000000000000000     
         111  -6.1931365246361833E-009  -1.0905332408498680E-009
   4.1071865428638292E-009   4.0717318042852118E-010
   0.0000000000000000        0.0000000000000000     
         112  -5.5980068070921022E-009  -8.5944797865608572E-010
   3.8525553795497233E-009   3.1154885540425453E-010
   0.0000000000000000        0.0000000000000000     
         113  -5.1124822915645987E-009  -6.8843188943662053E-010
   3.6461621318496912E-009   2.3904770587195800E-010
   0.0000000000000000        0.0000000000000000     
         114  -4.7113027392206642E-009  -5.5825372122539574E-010
   3.4774806495098356E-009   1.8246261044029581E-010
   0.0000000000000000        0.0000000000000000     
         115  -4.3763608259943284E-009  -4.5669734798299682E-010
   3.3389523987182814E-009   1.3713050229221927E-010
   0.0000000000000000        0.0000000000000000     
         116  -4.0944063699514547E-009  -3.7571268972637225E-010
   3.2250962264456102E-009   9.9924898316011945E-011
   0.0000000000000000        0.0000000000000000     
         117  -3.8555416561573176E-009  -3.0982257702066215E-010
   3.1317536905255419E-009   6.8684409613908811E-011
   0.0000000000000000        0.0000000000000000     
         118  -3.6522950756622974E-009  -2.5519209479408243E-010
   3.0557051502830596E-009   4.1871954966955735E-011
   0.0000000000000000        0.0000000000000000     
         119  -3.4789499253292152E-009  -2.0906528698929076E-010
   2.9945545143217554E-009   1.8362903712975389E-011
   0.0000000000000000        0.0000000000000000     
         120  -3.3310522318514058E-009  -1.6941270333095499E-010
   2.9465179947059399E-009  -2.6878079072090128E-012
   0.0000000000000000        0.0000000000000000     
         121  -3.2051634224966011E-009  -1.3470253654352903E-010
   2.9101467468662388E-009  -2.1930846718132080E-011
   0.0000000000000000        0.0000000000000000     
         122  -3.0985873681092763E-009  -1.0374980057205780E-010
   2.8843574947995570E-009  -3.9883200032443059E-011
   0.0000000000000000        0.0000000000000000     
         123  -3.0092029317734723E-009  -7.5612872208185736E-011
   2.8683576365006956E-009  -5.6969026912435544E-011
   0.0000000000000000        0.0000000000000000     
         124  -2.9354222993721059E-009  -4.9519546056919646E-011
   2.8615108423144840E-009  -7.3547876271913547E-011
   0.0000000000000000        0.0000000000000000     
         125  -2.8759966240099890E-009  -2.4815274550198600E-011
   2.8634348514795616E-009  -8.9938715904948234E-011
   0.0000000000000000        0.0000000000000000     
         126  -2.8300314805198640E-009  -9.2159440625438090E-013
   2.8738916144273947E-009  -1.0643613342436452E-010
   0.0000000000000000        0.0000000000000000     
         127  -2.7969285729209404E-009   2.2696373196052587E-011
   2.8927950657160502E-009  -1.2332541147147294E-010
   0.0000000000000000        0.0000000000000000     
         128  -2.7763614339611062E-009   4.6558329869365069E-011
   2.9202042581350277E-009  -1.4089603029979000E-010
   0.0000000000000000        0.0000000000000000     
         129  -2.7682645629593033E-009   7.1195673505727499E-011
   2.9563230346705248E-009  -1.5945516682495870E-010
   0.0000000000000000        0.0000000000000000     
         130  -2.7728568885802171E-009   9.7179686045925902E-011
   3.0014941946468926E-009  -1.7934224236614021E-010
   0.0000000000000000        0.0000000000000000     
         131  -2.7905479539258602E-009   1.2515172058368789E-010
   3.0562722323569900E-009  -2.0094712474568886E-010
   0.0000000000000000        0.0000000000000000     
         132  -2.8221839075854686E-009   1.5586472355503856E-010
   3.1213247736799215E-009  -2.2473008272139134E-010
   0.0000000000000000        0.0000000000000000     
         133  -2.8688766108598573E-009   1.9023038569801900E-010
   3.1975826432817173E-009  -2.5125202371349086E-010
   0.0000000000000000        0.0000000000000000     
         134  -2.9321797507938349E-009   2.2938835968586095E-010
   3.2862230887960045E-009  -2.8121246655850363E-010
   0.0000000000000000        0.0000000000000000     
         135  -3.0141630728869738E-009   2.7480107442545932E-010
   3.3887410941980087E-009  -3.1550432524281828E-010
   0.0000000000000000        0.0000000000000000     
         136  -3.1175652320321289E-009   3.2839147615487550E-010
   3.5070092335873218E-009  -3.5529249101903088E-010
   0.0000000000000000        0.0000000000000000     
         137  -3.2459071688186132E-009   3.9274633842737616E-010
   3.6434776129791586E-009  -4.0213213124445116E-010
   0.0000000000000000        0.0000000000000000     
         138  -3.4038658032390259E-009   4.7142962030503139E-010
   3.8011991517148970E-009  -4.5814502182612565E-010
   0.0000000000000000        0.0000000000000000     
