   262144.00000000000     
         256           1           3
   1.7567330116226543E-005   7.4134639136039997        32.166201293400000     
   6.0401400154609997        12.000000000000000        5733.8999999999996     
           0   0.0000000000000000        0.0000000000000000     
   0.0000000000000000        0.0000000000000000     
   0.0000000000000000        0.0000000000000000     
           1  -3.4258928016643826E-008   1.0604551996267778E-009
  -5.1445704075097089E-008   1.3984340784483126E-009
   0.0000000000000000        0.0000000000000000     
           2  -3.3930691757834560E-008   9.6936806921437158E-010
  -5.0814195861579210E-008   1.4197367690029955E-009
   0.0000000000000000        0.0000000000000000     
           3  -3.3809494449114419E-008   9.7265576471505312E-010
  -5.0450917412206429E-008   1.4180505060525703E-009
   0.0000000000000000        0.0000000000000000     
           4  -3.3782044794962310E-008   9.9509773661670770E-010
  -5.0202688888539808E-008   1.4145971456320641E-009
   0.0000000000000000        0.0000000000000000     
           5  -3.3824349145848804E-008   1.0252066497261248E-009
  -5.0018085495560698E-008   1.4117266855367623E-009
   0.0000000000000000        0.0000000000000000     
           6  -3.3926930200994024E-008   1.0607606953694032E-009
  -4.9874224628936091E-008   1.4095211233729530E-009
   0.0000000000000000        0.0000000000000000     
           7  -3.4085998130074136E-008   1.1015268389742024E-009
  -4.9758863022585652E-008   1.4077677944489989E-009
   0.0000000000000000        0.0000000000000000     
           8  -3.4300905596944547E-008   1.1479470012866609E-009
  -4.9664549152353388E-008   1.4062251489304560E-009
   0.0000000000000000        0.0000000000000000     
           9  -3.4573175299865520E-008   1.2008412282923091E-009
  -4.9586260818328643E-008   1.4046513928565436E-009
   0.0000000000000000        0.0000000000000000     
          10  -3.4906139190832205E-008   1.2613589893092963E-009
  -4.9520289827837274E-008   1.4027932110649488E-009
   0.0000000000000000        0.0000000000000000     
          11  -3.5304890550807078E-008   1.3310211853909593E-009
  -4.9463643103990143E-008   1.4003660607816917E-009
   0.0000000000000000        0.0000000000000000     
          12  -3.5776446655169951E-008   1.4118197398463217E-009
  -4.9413677541628562E-008   1.3970297894935342E-009
   0.0000000000000000        0.0000000000000000     
          13  -3.6330100626972345E-008   1.5063778999955687E-009
  -4.9367842257257199E-008   1.3923573022577278E-009
   0.0000000000000000        0.0000000000000000     
          14  -3.6977988649977381E-008   1.6181937295423876E-009
  -4.9323462140178347E-008   1.3857914156391741E-009
   0.0000000000000000        0.0000000000000000     
          15  -3.7735942008434763E-008   1.7520102510158205E-009
  -4.9277519666628768E-008   1.3765820147189364E-009
   0.0000000000000000        0.0000000000000000     
          16  -3.8624749481408839E-008   1.9143887053435554E-009
  -4.9226397198589817E-008   1.3636904367292135E-009
   0.0000000000000000        0.0000000000000000     
          17  -3.9672043147570341E-008   2.1146204859192337E-009
  -4.9165535014714801E-008   1.3456383727516966E-009
   0.0000000000000000        0.0000000000000000     
          18  -4.0915170095726860E-008   2.3662258232830488E-009
  -4.9088939768636244E-008   1.3202600216187540E-009
   0.0000000000000000        0.0000000000000000     
          19  -4.2405681801296341E-008   2.6895127577354004E-009
  -4.8988436087021844E-008   1.2842789125189709E-009
   0.0000000000000000        0.0000000000000000     
          20  -4.4216580152337621E-008   3.1161469293661543E-009
  -4.8852472000204536E-008   1.2325517896711382E-009
   0.0000000000000000        0.0000000000000000     
          21  -4.6454456990964346E-008   3.6977566747801925E-009
  -4.8664125751232378E-008   1.1566440235481325E-009
   0.0000000000000000        0.0000000000000000     
          22  -4.9280714498397063E-008   4.5231995665536155E-009
  -4.8397625285176026E-008   1.0419701118136977E-009
   0.0000000000000000        0.0000000000000000     
          23  -5.2950360695146404E-008   5.7559972755639080E-009
  -4.8012024560850440E-008   8.6159440446391872E-010
   0.0000000000000000        0.0000000000000000     
          24  -5.7886796146909343E-008   7.7236446755748879E-009
  -4.7438954849322911E-008   5.6144357509785317E-010
   0.0000000000000000        0.0000000000000000     
          25  -6.4828649896677391E-008   1.1158161353316859E-008
  -4.6558366165223249E-008   2.0493241432176119E-011
   0.0000000000000000        0.0000000000000000     
          26  -7.5092551630284173E-008   1.7951450916856174E-008
  -4.5155764144488066E-008  -1.0741400368036727E-009
   0.0000000000000000        0.0000000000000000     
          27  -9.0555943668640833E-008   3.3996922175033434E-008
  -4.2925936957474281E-008  -3.6965225528750411E-009
   0.0000000000000000        0.0000000000000000     
          28  -1.0535230574389146E-007   8.0276802537442876E-008
  -4.0856142564215738E-008  -1.1307554227878445E-008
   0.0000000000000000        0.0000000000000000     
          29  -3.1301060059837587E-008   1.5772547387224746E-007
  -5.3516281739602516E-008  -2.4003709388782568E-008
   0.0000000000000000        0.0000000000000000     
          30   5.0460378647862518E-008   8.3087961588342680E-008
  -6.7384612360114257E-008  -1.1569622366884217E-008
   0.0000000000000000        0.0000000000000000     
          31   3.5271628646147259E-008   3.3809955758240593E-008
  -6.5298707628503983E-008  -3.3783324525413265E-009
   0.0000000000000000        0.0000000000000000     
          32   1.8576000254410856E-008   1.7333558118619665E-008
  -6.3036935751600537E-008  -5.9508197202210945E-010
   0.0000000000000000        0.0000000000000000     
          33   7.4130595000648972E-009   1.0681656665319620E-008
  -6.1752253210819540E-008   5.8262142795810276E-010
   0.0000000000000000        0.0000000000000000     
          34  -3.0220820885848354E-010   7.5025705318316535E-009
  -6.1108003743756964E-008   1.2070963462220982E-009
   0.0000000000000000        0.0000000000000000     
          35  -6.0217387441364652E-009   5.8167285799601455E-009
  -6.0878863923710729E-008   1.6113575521142124E-009
   0.0000000000000000        0.0000000000000000     
          36  -1.0558637899023953E-008   4.8800591050834562E-009
  -6.0952142913395134E-008   1.9289614942372767E-009
   0.0000000000000000        0.0000000000000000     
          37  -1.4387416266107755E-008   4.3707361844958810E-009
  -6.1281156343925580E-008   2.2317271683432330E-009
   0.0000000000000000        0.0000000000000000     
          38  -1.7808132607754007E-008   4.1349120077566781E-009
  -6.1864575379536444E-008   2.5795632575067293E-009
   0.0000000000000000        0.0000000000000000     
          39  -2.1029386559325703E-008   4.0905106478754532E-009
  -6.2743642072892235E-008   3.0556821643262593E-009
   0.0000000000000000        0.0000000000000000     
          40  -2.4213587823408479E-008   4.1745042382108508E-009
  -6.4012301445881993E-008   3.8291166342825500E-009
   0.0000000000000000        0.0000000000000000     
          41  -2.7518821408584082E-008   4.2692419313975181E-009
  -6.5810763728101614E-008   5.3393164491014186E-009
   0.0000000000000000        0.0000000000000000     
          42  -3.1285911491731558E-008   3.9859345859389610E-009
  -6.7956459629490747E-008   8.9179980851231751E-009
   0.0000000000000000        0.0000000000000000     
          43  -3.7528131378423433E-008   2.7152290532209727E-009
  -6.6254773750714426E-008   1.6915444622881075E-008
   0.0000000000000000        0.0000000000000000     
          44  -4.8874197768268854E-008   5.8780173277971939E-009
  -5.5022839377323301E-008   1.6925259458132210E-008
   0.0000000000000000        0.0000000000000000     
          45  -5.8585640035817473E-008   1.4300467528482561E-008
  -5.3886971859312455E-008   9.4878192734795016E-009
   0.0000000000000000        0.0000000000000000     
          46  -7.0402958866078488E-008   2.6665732433987081E-008
  -5.6729080774285023E-008   6.6099440132155218E-009
   0.0000000000000000        0.0000000000000000     
          47  -8.5222828069515577E-008   5.3661299694284557E-008
  -5.9621541231553005E-008   6.0916399257698858E-009
   0.0000000000000000        0.0000000000000000     
          48  -7.6861772045853451E-008   1.1744706853128952E-007
  -6.2213436053632388E-008   7.1014924886374393E-009
   0.0000000000000000        0.0000000000000000     
          49   2.5022616950813133E-008   1.4037856203133190E-007
  -6.3835569320508865E-008   8.6505561482376528E-009
   0.0000000000000000        0.0000000000000000     
          50   5.8515377080270410E-008   6.8700661831786144E-008
  -6.6788291315240132E-008   1.0626621218465128E-008
   0.0000000000000000        0.0000000000000000     
          51   4.3203612293614438E-008   3.5300540847264788E-008
  -7.0208656409956707E-008   1.7338647605673537E-008
   0.0000000000000000        0.0000000000000000     
          52   3.1264588780883039E-008   2.5626379263918806E-008
  -6.4160436823248692E-008   3.1236809220684726E-008
   0.0000000000000000        0.0000000000000000     
          53   2.7717682151856151E-008   1.8431819030552413E-008
  -4.4219102427435099E-008   2.7428475477266420E-008
   0.0000000000000000        0.0000000000000000     
          54   2.1655602187590727E-008   1.1189655701998080E-008
  -4.2548146985378764E-008   1.4035791176446774E-008
   0.0000000000000000        0.0000000000000000     
          55   1.5617475282512768E-008   7.5372714922886042E-009
  -4.6417875836926834E-008   8.2546754975954597E-009
   0.0000000000000000        0.0000000000000000     
          56   1.0823301031398992E-008   5.6376193450114367E-009
  -4.9779622450556378E-008   5.8890911147992553E-009
   0.0000000000000000        0.0000000000000000     
          57   6.9839918731480867E-009   4.5490279129831536E-009
  -5.2402054017932150E-008   4.7962921405341918E-009
   0.0000000000000000        0.0000000000000000     
          58   3.7859520854602969E-009   3.8983446658838433E-009
  -5.4544511160733842E-008   4.2511346488604125E-009
   0.0000000000000000        0.0000000000000000     
          59   1.0063159208914252E-009   3.5218222698721304E-009
  -5.6402782162452954E-008   3.9806805512804327E-009
   0.0000000000000000        0.0000000000000000     
          60  -1.5156417388966751E-009   3.3441283481438286E-009
  -5.8103235699883478E-008   3.8695306810157295E-009
   0.0000000000000000        0.0000000000000000     
          61  -3.9073957724707537E-009   3.3360110254509328E-009
  -5.9731131401454884E-008   3.8659415348211184E-009
   0.0000000000000000        0.0000000000000000     
          62  -6.2839699055448767E-009   3.5002566582912385E-009
  -6.1350520128867246E-008   3.9486093537427531E-009
   0.0000000000000000        0.0000000000000000     
          63  -8.7653612696006332E-009   3.8719577862974145E-009
  -6.3016597824279745E-008   4.1147760609294743E-009
   0.0000000000000000        0.0000000000000000     
          64  -1.1495600167249538E-008   4.5321340717426874E-009
  -6.4785043555136637E-008   4.3781361057847651E-009
   0.0000000000000000        0.0000000000000000     
          65  -1.4667712650405025E-008   5.6439199708617152E-009
  -6.6720398152278517E-008   4.7746314531794926E-009
   0.0000000000000000        0.0000000000000000     
          66  -1.8560422081954965E-008   7.5405431624985058E-009
  -6.8907288428789011E-008   5.3812281970094653E-009
   0.0000000000000000        0.0000000000000000     
          67  -2.3574499934680059E-008   1.0951780260920266E-008
  -7.1460272586376491E-008   6.3664776694284301E-009
   0.0000000000000000        0.0000000000000000     
          68  -3.0147535013284051E-008   1.7638866245876923E-008
  -7.4508326264443712E-008   8.1335742709064748E-009
   0.0000000000000000        0.0000000000000000     
          69  -3.7539035630827911E-008   3.2189148664893823E-008
  -7.7927485748095045E-008   1.1726482312646386E-008
   0.0000000000000000        0.0000000000000000     
          70  -3.4897623776824472E-008   6.3676737148613473E-008
  -7.9346928159348344E-008   1.9223482142902618E-008
   0.0000000000000000        0.0000000000000000     
          71   1.2522772669144363E-008   8.9098197974637820E-008
  -7.0981055496659059E-008   2.5569486238619595E-008
   0.0000000000000000        0.0000000000000000     
          72   5.0946805628217305E-008   5.4855472039607680E-008
  -6.4845899365850935E-008   1.8674624391235932E-008
   0.0000000000000000        0.0000000000000000     
          73   4.9590510224167289E-008   2.5889220278845971E-008
  -6.8089525218151913E-008   1.3109820898652047E-008
   0.0000000000000000        0.0000000000000000     
          74   4.2718151074377246E-008   1.2561682754108915E-008
  -7.3196935102897674E-008   1.1390710742743074E-008
   0.0000000000000000        0.0000000000000000     
          75   3.7852196615506229E-008   5.7115351899595535E-009
  -7.8672160113850495E-008   1.1684420728885467E-008
   0.0000000000000000        0.0000000000000000     
          76   3.5304864882847340E-008   1.1986539487755661E-009
  -8.4754090038699971E-008   1.3443781732393835E-008
   0.0000000000000000        0.0000000000000000     
          77   3.4793013817799736E-008  -2.8718733853701873E-009
  -9.1965730021943041E-008   1.7002987570759797E-008
   0.0000000000000000        0.0000000000000000     
          78   3.6208369983673375E-008  -7.9800116336722709E-009
  -1.0092272108618324E-007   2.3688138146751027E-008
   0.0000000000000000        0.0000000000000000     
          79   3.9349124814492963E-008  -1.6436781660381392E-008
  -1.1182590584281268E-007   3.6931860917474845E-008
   0.0000000000000000        0.0000000000000000     
          80   4.1674085497981288E-008  -3.3129995328430316E-008
  -1.2067152370146359E-007   6.4954664564168399E-008
   0.0000000000000000        0.0000000000000000     
          81   2.7828030928395755E-008  -6.1753383983799040E-008
  -1.0109259663202178E-007   1.1421753081905946E-007
   0.0000000000000000        0.0000000000000000     
          82  -1.6625911289709317E-008  -6.6197606101515160E-008
  -2.7727826660012039E-008   1.2219029884896861E-007
   0.0000000000000000        0.0000000000000000     
          83  -3.5811589950836922E-008  -3.7127314188018239E-008
   2.4782237402023758E-009   7.1864916071765053E-008
   0.0000000000000000        0.0000000000000000     
          84  -3.3216103272750718E-008  -1.8568614875317245E-008
  -5.1127806130487208E-009   3.9648467068183610E-008
   0.0000000000000000        0.0000000000000000     
          85  -2.8318796903730164E-008  -9.8866823707303902E-009
  -1.6821808973242086E-008   2.4715790840540189E-008
   0.0000000000000000        0.0000000000000000     
          86  -2.4636751078391196E-008  -5.4820328510238598E-009
  -2.6576618465665426E-008   1.7436732299294198E-008
   0.0000000000000000        0.0000000000000000     
          87  -2.2226927018738077E-008  -2.8981629546745494E-009
  -3.4364829619579751E-008   1.3626226742223433E-008
   0.0000000000000000        0.0000000000000000     
          88  -2.0815407906631170E-008  -1.0824830407547496E-009
  -4.0804094225125167E-008   1.1600275317900640E-008
   0.0000000000000000        0.0000000000000000     
          89  -2.0221195136237714E-008   5.2590084732903584E-010
  -4.6415129618787076E-008   1.0666310953876006E-008
   0.0000000000000000        0.0000000000000000     
          90  -2.0376061004374968E-008   2.3885687536290951E-009
  -5.1589023716203484E-008   1.0601035877629708E-008
   0.0000000000000000        0.0000000000000000     
          91  -2.1257469138359120E-008   5.1614129605838388E-009
  -5.6608290463743907E-008   1.1535950308107082E-008
   0.0000000000000000        0.0000000000000000     
          92  -2.2553443172690092E-008   1.0159209029706518E-008
  -6.1497281792306292E-008   1.4115538106147759E-008
   0.0000000000000000        0.0000000000000000     
          93  -2.1855988637351586E-008   1.9837493679403839E-008
  -6.4976875127365416E-008   1.9738734075231207E-008
   0.0000000000000000        0.0000000000000000     
          94  -9.9659698671923477E-009   3.2284431714737970E-008
  -6.1653841510298926E-008   2.7257827742338185E-008
   0.0000000000000000        0.0000000000000000     
          95   1.0448943617785411E-008   2.8067830328407216E-008
  -5.3139873043336224E-008   2.5014807577196057E-008
   0.0000000000000000        0.0000000000000000     
          96   1.6724766055170023E-008   1.4736622428076669E-008
  -5.3117170025005491E-008   1.7423914644316566E-008
   0.0000000000000000        0.0000000000000000     
          97   1.5972069953592406E-008   6.7818049757864654E-009
  -5.7485430156972516E-008   1.3198664122340153E-008
   0.0000000000000000        0.0000000000000000     
          98   1.4761224575400938E-008   2.6324234951828378E-009
  -6.2401820074931447E-008   1.1457609001336901E-008
   0.0000000000000000        0.0000000000000000     
          99   1.4276504768998131E-008   1.4571188512376817E-010
  -6.7260639440710644E-008   1.0975455485771681E-008
   0.0000000000000000        0.0000000000000000     
         100   1.4581017738412369E-008  -1.6725638192896091E-009
  -7.2155801901717904E-008   1.1240513157510455E-008
   0.0000000000000000        0.0000000000000000     
         101   1.5628717033378289E-008  -3.3042872381556003E-009
  -7.7287992544332576E-008   1.2096466382363081E-008
   0.0000000000000000        0.0000000000000000     
         102   1.7426468659021951E-008  -5.0547145306459544E-009
  -8.2884335012878978E-008   1.3575487244944636E-008
   0.0000000000000000        0.0000000000000000     
         103   2.0057494593376379E-008  -7.2109157026647826E-009
  -8.9211085339572155E-008   1.5867681104776547E-008
   0.0000000000000000        0.0000000000000000     
         104   2.3690501973744431E-008  -1.0160429533613771E-008
  -9.6598734680731440E-008   1.9379821426962652E-008
   0.0000000000000000        0.0000000000000000     
         105   2.8576550651281864E-008  -1.4558986602830618E-008
  -1.0545869313142986E-007   2.4913088180849043E-008
   0.0000000000000000        0.0000000000000000     
         106   3.4979284132510717E-008  -2.1669673625109120E-008
  -1.1620149753444396E-007   3.4087812841074785E-008
   0.0000000000000000        0.0000000000000000     
         107   4.2724679901706238E-008  -3.4114502702116699E-008
  -1.2865955559056491E-007   5.0319997448854054E-008
   0.0000000000000000        0.0000000000000000     
         108   4.8945602017349424E-008  -5.7186436880926825E-008
  -1.3914048363892009E-007   8.0544250532725798E-008
   0.0000000000000000        0.0000000000000000     
         109   3.9433856892635422E-008  -9.6454307478712277E-008
  -1.2909874425659059E-007   1.3211428586135092E-007
   0.0000000000000000        0.0000000000000000     
         110  -1.2978048566657914E-008  -1.2694080289875426E-007
  -6.2898961985740816E-008   1.7245855431306790E-007
   0.0000000000000000        0.0000000000000000     
         111  -6.8460426835860016E-008  -9.9166392938838132E-008
   7.4737184558942211E-009   1.3664836100239457E-007
   0.0000000000000000        0.0000000000000000     
         112  -7.9780142325534405E-008  -5.8207676382479173E-008
   1.9945654148519506E-008   8.3538650491217996E-008
   0.0000000000000000        0.0000000000000000     
         113  -7.3313025325217944E-008  -3.3845003232558567E-008
   8.8633261827768186E-009   5.2321416444577150E-008
   0.0000000000000000        0.0000000000000000     
         114  -6.5047692861507862E-008  -2.0810733912652793E-008
  -4.8924375149115813E-009   3.6345749967096667E-008
   0.0000000000000000        0.0000000000000000     
         115  -5.8234767323003759E-008  -1.3287031993213189E-008
  -1.7035672657395948E-008   2.8370441687220713E-008
   0.0000000000000000        0.0000000000000000     
         116  -5.2956082859836877E-008  -8.2639862401436816E-009
  -2.7055478886920946E-008   2.5151310252386567E-008
   0.0000000000000000        0.0000000000000000     
         117  -4.8436923322262311E-008  -4.2619976888246523E-009
  -3.4079175914973900E-008   2.5276947076119752E-008
   0.0000000000000000        0.0000000000000000     
         118  -4.3739401067306691E-008  -1.5095619587013572E-009
  -3.6639460488243385E-008   2.5385585714249938E-008
   0.0000000000000000        0.0000000000000000     
         119  -4.0332099528751366E-008  -6.9573589140098858E-010
  -3.9010493195136841E-008   2.1733565002913917E-008
   0.0000000000000000        0.0000000000000000     
         120  -3.9566213842673656E-008   6.8678592507799363E-010
  -4.4430305052895516E-008   1.8117773765919736E-008
   0.0000000000000000        0.0000000000000000     
         121  -3.9955078658163970E-008   7.1668276132156051E-009
  -5.0936456801024705E-008   1.6371939771224421E-008
   0.0000000000000000        0.0000000000000000     
         122  -2.4162428023480136E-008   1.5173388867554025E-008
  -5.7615342604323531E-008   1.6057100725744207E-008
   0.0000000000000000        0.0000000000000000     
         123  -1.9431110605058738E-008   4.1318593716103723E-009
  -6.4453789522249749E-008   1.6911881153334498E-008
   0.0000000000000000        0.0000000000000000     
         124  -2.1187091970686406E-008   2.7453452449010465E-009
  -7.1601958283799634E-008   1.9169605052616729E-008
   0.0000000000000000        0.0000000000000000     
         125  -2.1081781856524417E-008   6.4815297005683785E-009
  -7.8790133508787795E-008   2.3739299341770672E-008
   0.0000000000000000        0.0000000000000000     
         126  -1.4091368461827714E-008   1.4860489645439828E-008
  -8.3432530954106189E-008   3.1501068004847643E-008
   0.0000000000000000        0.0000000000000000     
         127   6.0846889632950445E-009   1.5013138262116157E-008
  -8.2598574000998388E-008   3.6319514836762568E-008
   0.0000000000000000        0.0000000000000000     
         128   1.9845010851118501E-008  -4.2435189784758275E-010
  -8.7059298835809967E-008   3.5677851780253147E-008
   0.0000000000000000        0.0000000000000000     
         129   2.5476268649010731E-008  -1.5670305499753871E-008
  -9.7732334801565673E-008   3.9863256479764987E-008
   0.0000000000000000        0.0000000000000000     
         130   3.0532328886113992E-008  -3.1906915306168673E-008
  -1.1008325549262050E-007   5.1884515335393481E-008
   0.0000000000000000        0.0000000000000000     
         131   3.4123617588766992E-008  -5.5515532043512912E-008
  -1.2032588013207647E-007   7.5206925429792047E-008
   0.0000000000000000        0.0000000000000000     
         132   2.5582987315429369E-008  -9.1742985897732079E-008
  -1.1665039407389116E-007   1.1392117557070547E-007
   0.0000000000000000        0.0000000000000000     
         133  -1.6924671496262928E-008  -1.2618417950778622E-007
  -7.5365817314791483E-008   1.5152499149022897E-007
   0.0000000000000000        0.0000000000000000     
         134  -7.7108109194947097E-008  -1.1511722549051934E-007
  -1.4707485484555009E-008   1.3979517947377380E-007
   0.0000000000000000        0.0000000000000000     
         135  -1.0329715354091515E-007  -7.5004850430948765E-008
   8.3391469490727313E-009   9.6891391414315942E-008
   0.0000000000000000        0.0000000000000000     
         136  -1.0382426348981316E-007  -4.4179051591157219E-008
   2.7124575808792197E-009   6.5119742286527603E-008
   0.0000000000000000        0.0000000000000000     
         137  -9.8073081597238375E-008  -2.5436339873198860E-008
  -1.0588483540857626E-008   4.8049985102919779E-008
   0.0000000000000000        0.0000000000000000     
         138  -9.2595041977527180E-008  -1.3070784786284580E-008
  -2.4594069915047738E-008   4.0547935166269486E-008
   0.0000000000000000        0.0000000000000000     
