   262144.00000000000     
         256           1           3
   1.7567330116226543E-005   35.902873699465999        16.020003305100001     
   6.0401400154609997        12.000000000000000        5733.8999999999996     
           0   0.0000000000000000        0.0000000000000000     
   0.0000000000000000        0.0000000000000000     
   0.0000000000000000        0.0000000000000000     
           1  -2.1680495969259691E-008   5.0744797297359756E-010
   2.6369362372544879E-008  -5.8635146661584972E-010
  -6.0056596280038348E-009   1.3376834813743174E-010
           2  -2.1522361726283247E-008   5.2597108734683513E-010
   2.6100287316145887E-008  -5.7709752391836058E-010
  -5.9493446725645953E-009   1.3226093088372722E-010
           3  -2.1485890330416071E-008   5.5066744048682525E-010
   2.5936616129189077E-008  -5.6830375986716967E-010
  -5.9183781603559169E-009   1.3198514688546973E-010
           4  -2.1519197811735207E-008   5.7870004603420228E-010
   2.5812749793970962E-008  -5.6035312215815597E-010
  -5.8982792809070434E-009   1.3213366487400256E-010
           5  -2.1606993669891429E-008   6.0975825800625047E-010
   2.5708010178717623E-008  -5.5278944213715553E-010
  -5.8845914667824622E-009   1.3253465801905562E-010
           6  -2.1743402107968634E-008   6.4399655422697574E-010
   2.5613139843348530E-008  -5.4529620832932578E-010
  -5.8753612112481102E-009   1.3312944431142337E-010
           7  -2.1926361339759467E-008   6.8176233399117258E-010
   2.5523074050042994E-008  -5.3765168422108523E-010
  -5.8695786934182218E-009   1.3389622484237984E-010
           8  -2.2155863781011410E-008   7.2354555738709456E-010
   2.5434618098992406E-008  -5.2967671495185553E-010
  -5.8666768514504447E-009   1.3483078968209773E-010
           9  -2.2433301961306599E-008   7.6998149763565262E-010
   2.5345504010981575E-008  -5.2120477178509585E-010
  -5.8663303858422162E-009   1.3594012049912059E-010
          10  -2.2761236421664125E-008   8.2187758374603375E-010
   2.5253938568827519E-008  -5.1206271453442148E-010
  -5.8683638534652475E-009   1.3724035226531335E-010
          11  -2.3143370119267721E-008   8.8026003007293763E-010
   2.5158353835937040E-008  -5.0205520748539150E-010
  -5.8727068461406233E-009   1.3875679786707179E-010
          12  -2.3584618475830601E-008   9.4644661615564896E-010
   2.5057146486129084E-008  -4.9094765048260469E-010
  -5.8793727114407770E-009   1.4052538645357406E-010
          13  -2.4091490747282027E-008   1.0221391919446725E-009
   2.4948960485106494E-008  -4.7845086172750027E-010
  -5.8884507093762421E-009   1.4259549404081048E-010
          14  -2.4672220233110172E-008   1.1095918294972154E-009
   2.4831969648703392E-008  -4.6418805918669867E-010
  -5.9001084781842791E-009   1.4503455802800699E-010
          15  -2.5337456841614915E-008   1.2118295490442294E-009
   2.4704160259221730E-008  -4.4766045994922178E-010
  -5.9146028330213589E-009   1.4793528796439073E-010
          16  -2.6101022564164945E-008   1.3330046208330035E-009
   2.4563078416955493E-008  -4.2818753820980631E-010
  -5.9323009652867425E-009   1.5142697855460285E-010
          17  -2.6981092945903733E-008   1.4789579384446334E-009
   2.4405622749246424E-008  -4.0481452115819337E-010
  -5.9537152576012581E-009   1.5569360681130506E-010
          18  -2.8001990950408939E-008   1.6581404585495171E-009
   2.4227742432474294E-008  -3.7616100843160556E-010
  -5.9795585744005024E-009   1.6100364816238918E-010
          19  -2.9197003836333767E-008   1.8831845807369421E-009
   2.4023846109815517E-008  -3.4016070310637097E-010
  -6.0108323412362757E-009   1.6776104304244699E-010
          20  -3.0612815222223456E-008   2.1737143010068658E-009
   2.3786581712082939E-008  -2.9361060446690948E-010
  -6.0489701194861514E-009   1.7659625867579688E-010
          21  -3.2317161202000344E-008   2.5616249673584753E-009
   2.3504832152409587E-008  -2.3129113037869063E-010
  -6.0960787999884318E-009   1.8853778906622528E-010
          22  -3.4412023798231933E-008   3.1016902233049385E-009
   2.3161970159079395E-008  -1.4423576979628024E-010
  -6.1553612511634086E-009   2.0535630842169535E-010
          23  -3.7057386680588971E-008   3.8945758347618094E-009
   2.2732295726476719E-008  -1.5975552549418317E-011
  -6.2318916371038425E-009   2.3031080331592670E-010
          24  -4.0518265305479376E-008   5.1417392637242824E-009
   2.2172734986711153E-008   1.8646128132680278E-010
  -6.3341014252282443E-009   2.6992892251575063E-010
          25  -4.5255155107439330E-008   7.2934754632404647E-009
   2.1408832397401458E-008   5.3671706060009174E-010
  -6.4767102424601380E-009   3.3880193344953079E-010
          26  -5.2088758459332778E-008   1.1514198561181206E-008
   2.0308037439598841E-008   1.2250627341528113E-009
  -6.6859692752200441E-009   4.7464255971906460E-010
          27  -6.2196522753479850E-008   2.1435411083830925E-008
   1.8680699381365223E-008   2.8441757551454078E-009
  -6.9993538284253229E-009   7.9493769110092280E-010
          28  -7.2020682501854717E-008   5.0016610733750091E-008
   1.7113980135389406E-008   7.5043619843083095E-009
  -7.3001030604075234E-009   1.7180407986314121E-009
          29  -2.7173902820966819E-008   9.8063983836131106E-008
   2.4476123849855658E-008   1.5302288007152223E-008
  -5.8300514198567880E-009   3.2630993604381998E-009
          30   2.2761365634136971E-008   5.2326736875315210E-008
   3.2614705116545520E-008   7.8077539967349813E-009
  -4.2059493706203216E-009   1.7762105549395537E-009
          31   1.2754376086590625E-008   2.1995406804908242E-008
   3.0995172923713426E-008   2.8619281535301576E-009
  -4.5152516005958879E-009   7.9441937645093532E-010
          32   1.6519937841747726E-009   1.1911052588632838E-008
   2.9215869336730887E-008   1.2163653511905468E-009
  -4.8553631846025328E-009   4.6669454836680733E-010
          33  -6.1606360066583534E-009   7.9225478762585109E-009
   2.7983302138567083E-008   5.6143113521616378E-010
  -5.0859250250672569E-009   3.3506193158701460E-010
          34  -1.1969812515615590E-008   6.1122197434143421E-009
   2.7085387488807290E-008   2.5945714201042958E-010
  -5.2486177557617920E-009   2.7299159799900057E-010
          35  -1.6688353242949593E-008   5.2633646729275244E-009
   2.6372941661123263E-008   1.1315031908189193E-010
  -5.3726449544626482E-009   2.4120684638896477E-010
          36  -2.0845829778270901E-008   4.9267062856719884E-009
   2.5759115882763156E-008   5.0805922772750644E-011
  -5.4746779334722747E-009   2.2522984053178991E-010
          37  -2.4774304151852283E-008   4.9202605452675722E-009
   2.5188159484460648E-008   4.5822110320061776E-011
  -5.5649604086517818E-009   2.1933696137315900E-010
          38  -2.8713642807230459E-008   5.1764833522351964E-009
   2.4617265218107076E-008   9.4121813495535678E-011
  -5.6508474832911648E-009   2.2188890219288624E-010
          39  -3.2871519379215665E-008   5.6919561632087259E-009
   2.4003527965874356E-008   2.1214234102685737E-010
  -5.7389559703766234E-009   2.3444415472802252E-010
          40  -3.7463049517882444E-008   6.5169436668478666E-009
   2.3294058960424231E-008   4.5345862686938143E-010
  -5.8368349382636983E-009   2.6369998186934851E-010
          41  -4.2749971740744278E-008   7.7720338011567137E-009
   2.2423643753732081E-008   9.7341373543534624E-010
  -5.9533325185512802E-009   3.2991527115942236E-010
          42  -4.9077522874960931E-008   9.7061567683394285E-009
   2.1446000935794187E-008   2.2559425797416598E-009
  -6.0812906016691388E-009   4.9685425850273480E-010
          43  -5.6843732192018859E-008   1.2794957250252123E-008
   2.1879343000105459E-008   5.1703922772795980E-009
  -6.0192717408300616E-009   8.7918753002029312E-010
          44  -6.6718631400199842E-008   1.7512196659884430E-008
   2.5834828713577934E-008   5.2008130996993915E-009
  -5.4869047608634143E-009   8.7796173872760238E-010
          45  -8.0640693687516353E-008   2.5837166774517694E-008
   2.6138993922163136E-008   2.4780716978512789E-009
  -5.4326792656637808E-009   5.0860422411537757E-010
          46  -1.0033424593454501E-007   4.3267678657128032E-008
   2.4986546680797829E-008   1.3928408377647410E-009
  -5.5634329765360060E-009   3.4756807013404106E-010
          47  -1.2471893606312902E-007   8.5161039481597695E-008
   2.3810467892825520E-008   1.1053568979227252E-009
  -5.6891952980777769E-009   2.6798902194661789E-010
          48  -1.1216028676837642E-007   1.8609347456080063E-007
   2.2582298413032491E-008   1.1895022215255672E-009
  -5.8525396115233489E-009   1.7474445560910915E-010
          49   4.9924346420896867E-008   2.2269060772114937E-007
   2.1050414356797521E-008   1.7565305107762721E-009
  -6.2105493436427311E-009   1.9615420750243307E-010
          50   1.0440546715047711E-007   1.0749309571495344E-007
   1.9278010629697547E-008   3.3066728553280682E-009
  -6.5045338167870156E-009   5.1003281952114566E-010
          51   8.0941091147693187E-008   5.0700748520313941E-008
   1.7649325696474355E-008   6.9986542647625560E-009
  -6.6940285821253899E-009   1.0555894944884407E-009
          52   5.7986917345164336E-008   2.8045698197575681E-008
   2.0808855814810254E-008   1.4197586363063780E-008
  -6.2452462214913664E-009   2.0305959844784479E-009
          53   4.0898066770545317E-008   1.8088229406356496E-008
   3.1048958091123992E-008   1.2395406195933410E-008
  -4.8614312815520929E-009   1.8001746562855646E-009
          54   2.8691904152874894E-008   1.3362279633850913E-008
   3.2028894709440612E-008   5.6376945042295986E-009
  -4.7053681257975709E-009   9.0749913977046008E-010
          55   1.9342071905170974E-008   1.0704642473527015E-008
   3.0157208394919123E-008   2.7101694481331309E-009
  -4.9263780982815657E-009   5.1876613501770095E-010
          56   1.1626101700833767E-008   9.1693589035130041E-009
   2.8521085381163614E-008   1.5113415062034500E-009
  -5.1141053908151643E-009   3.5660653645819213E-010
          57   4.8904431440933060E-009   8.3348559490201031E-009
   2.7247188710366864E-008   9.5805226740674969E-010
  -5.2503921475065633E-009   2.7782488867224261E-010
          58  -1.2888998296217833E-009   7.9881205758098579E-009
   2.6207642208127113E-008   6.8353958412532403E-010
  -5.3508412469967050E-009   2.3372416948061222E-010
          59  -7.2250562151883892E-009   8.0279860582076174E-009
   2.5303850294859095E-008   5.5032860311106234E-010
  -5.4269502588178126E-009   2.0566871881695518E-010
          60  -1.3178251600389838E-008   8.4233808060094500E-009
   2.4470745769978902E-008   5.0118833794169665E-010
  -5.4854027340150657E-009   1.8530934025906329E-010
          61  -1.9397353332898667E-008   9.1989074235497365E-009
   2.3662835364604851E-008   5.1180354465671250E-010
  -5.5297191162571277E-009   1.6817885860163716E-010
          62  -2.6152802909898405E-008   1.0439125972398156E-008
   2.2843554101963698E-008   5.7442207981653571E-010
  -5.5612812041117804E-009   1.5124250621177005E-010
          63  -3.3776116677085363E-008   1.2313172082301626E-008
   2.1978166325813172E-008   6.9273673613050450E-010
  -5.5797447703551636E-009   1.3167035335442093E-010
          64  -4.2712348344216598E-008   1.5133403074195983E-008
   2.1029190138483541E-008   8.8259095142609695E-010
  -5.5829899403437148E-009   1.0583388148665818E-010
          65  -5.3601167085663488E-008   1.9486304271658270E-008
   1.9946915772935077E-008   1.1789310094062458E-009
  -5.5666236707909344E-009   6.7852802393587882E-011
          66  -6.7398084683237891E-008   2.6539132870176944E-008
   1.8663126010184142E-008   1.6543372467952430E-009
  -5.5229794980245133E-009   6.5871345344594786E-012
          67  -8.5508482484402315E-008   3.8822770998156882E-008
   1.7080585122759048E-008   2.4680717235904398E-009
  -5.4399267049456012E-009  -1.0183439404667381E-010
          68  -1.0950256163351642E-007   6.2424993234142716E-008
   1.5090269596736797E-008   4.0044628955030162E-009
  -5.3034857655078512E-009  -3.1488647561761280E-010
          69  -1.3697293863181742E-007   1.1320791371826933E-007
   1.2828663821452065E-008   7.2675950537948442E-009
  -5.1367037403041319E-009  -7.8307238679708735E-010
          70  -1.3080119819476878E-007   2.2274713343860545E-007
   1.2599644250808076E-008   1.4275108345417693E-008
  -5.2913285490015133E-009  -1.8090653507522759E-009
          71   2.9228686561965106E-008   3.1263598796971040E-007
   2.2025889389910457E-008   2.0159779787013181E-008
  -6.9192040143413252E-009  -2.6575983680782212E-009
          72   1.5891224743193184E-007   1.9695898791241221E-007
   2.9588221214420499E-008   1.3095046509183694E-008
  -8.2898393427305376E-009  -1.5437451175917389E-009
          73   1.5041751283772820E-007   9.8963103551963131E-008
   2.8325511255792149E-008   7.1093460730564813E-009
  -8.3627911743956281E-009  -5.7625819215248994E-010
          74   1.2133335079215447E-007   5.5397571166366783E-008
   2.5599785465527556E-008   4.6134154489531398E-009
  -8.2578778288202044E-009  -1.1032720470096908E-010
          75   9.7399533058474204E-008   3.5253213940428067E-008
   2.3015759649784433E-008   3.7059030881786526E-009
  -8.2311252601070556E-009   1.5443632970223760E-010
          76   7.9197825748980988E-008   2.4985474069210709E-008
   2.0551663006273185E-008   3.6050301546532983E-009
  -8.3020068282327176E-009   3.6164942186976163E-010
          77   6.4924803211592093E-008   1.9485580777112791E-008
   1.8004193873722266E-008   4.1306825031420336E-009
  -8.4724656087736823E-009   5.8998851725721681E-010
          78   5.3130195917999544E-008   1.6763173874829612E-008
   1.5164817791289221E-008   5.4683471846468607E-009
  -8.7530093625354965E-009   9.2408536773370753E-010
          79   4.2874214407465139E-008   1.6257011909016729E-008
   1.1933805731811755E-008   8.3253239834412826E-009
  -9.1423126344352580E-009   1.5261017129553646E-009
          80   3.4058729765867594E-008   1.8521280038038993E-008
   9.1389839538927308E-009   1.4495153168268071E-008
  -9.4612612051125420E-009   2.7622099820439757E-009
          81   2.9641517323379888E-008   2.4124778947667520E-008
   1.2537095135109189E-008   2.5437276548656847E-008
  -8.5569322656087402E-009   4.9267211719022658E-009
          82   3.2557046507445223E-008   2.4902442993625017E-008
   2.7791808190734710E-008   2.7442106680486847E-008
  -5.2968701869553479E-009   5.3033499889983824E-009
          83   3.0085320176893240E-008   1.8614284676423182E-008
   3.3580323574346658E-008   1.6601818787689654E-008
  -3.8990702935409916E-009   3.1167107080621364E-009
          84   2.2665865914587728E-008   1.5084314361459596E-008
   3.0912198991062988E-008   9.7456807274878413E-009
  -4.1537855775860307E-009   1.7004348589813093E-009
          85   1.4368567111427135E-008   1.4277470901435334E-008
   2.7154952717655929E-008   6.7753463724259929E-009
  -4.5884093544882697E-009   1.0293086530904016E-009
          86   5.6776606664073506E-009   1.5108102582150192E-008
   2.3607582673303616E-008   5.6221169801645231E-009
  -4.9303379835766502E-009   6.8322058581241613E-010
          87  -3.7805819241134580E-009   1.7319090473764298E-008
   2.0204736860948693E-008   5.4314111165738948E-009
  -5.1721188237802727E-009   4.7548643873921704E-010
          88  -1.4592000845711871E-008   2.1207908252915942E-008
   1.6706105135696340E-008   5.9486111381745161E-009
  -5.3326840251068563E-009   3.2483115263181482E-010
          89  -2.7526822947957216E-008   2.7663159662505455E-008
   1.2844355348716049E-008   7.2401384328877839E-009
  -5.4240468000971585E-009   1.8639347633484238E-010
          90  -4.3570567878733180E-008   3.8638911488451966E-008
   8.3266369086754710E-009   9.6999947618792185E-009
  -5.4491689751314797E-009   2.0936968079354834E-011
          91  -6.3618248698346154E-008   5.8491647923682086E-008
   2.8961719878469067E-009   1.4327961657496402E-008
  -5.4072370272459715E-009  -2.3023413195721765E-010
          92  -8.5976943323100170E-008   9.7310507892697872E-008
  -3.0895826273108564E-009   2.3510372460285098E-008
  -5.3235720088705479E-009  -6.8767703353787077E-010
          93  -9.2032948469182585E-008   1.7473844352923908E-007
  -5.2530055347946130E-009   4.1947574534175580E-008
  -5.4145983840742877E-009  -1.5805829082529454E-009
          94  -8.1711143923314775E-009   2.7599491598319970E-007
   1.3964874418443200E-008   6.6239494352600765E-008
  -6.5277953286886650E-009  -2.7476343668298603E-009
          95   1.4535652503146486E-007   2.4468732864857482E-007
   4.9992698457553599E-008   5.9090977130146605E-008
  -8.4475103180758055E-009  -2.3984483980152232E-009
          96   1.8552746664990664E-007   1.3969175194551625E-007
   5.9124632997817971E-008   3.4206049333850890E-008
  -9.0772754770816220E-009  -1.1917951837731473E-009
          97   1.6795267870904608E-007   7.8064065491992908E-008
   5.4394906072873687E-008   1.9565585765114840E-008
  -9.0463503321316998E-009  -4.7173415242344756E-010
          98   1.4517253094134434E-007   4.7839502872167998E-008
   4.8327444310422516E-008   1.2410461642538875E-008
  -8.9594485036914358E-009  -1.0527645631307774E-010
          99   1.2640412869767712E-007   3.2128090701884015E-008
   4.3147363535837637E-008   8.7327385758177492E-009
  -8.9263643117583049E-009   1.0105293420061214E-010
         100   1.1165397572390589E-007   2.3314409825869704E-008
   3.8861449748136789E-008   6.7183164097128781E-009
  -8.9511997872228366E-009   2.3605307874206622E-010
         101   9.9836886905413945E-008   1.8104764369608825E-008
   3.5207267460382221E-008   5.5805665751803238E-009
  -9.0259670590457753E-009   3.4020093317548183E-010
         102   9.0020445148148399E-008   1.4988652203478934E-008
   3.1958490950531134E-008   4.9569631458434397E-009
  -9.1454901942773388E-009   4.3527372035072304E-010
         103   8.1514363997509586E-008   1.3248148696972267E-008
   2.8944176453209281E-008   4.6721216517180222E-009
  -9.3090734408549594E-009   5.3698952512425367E-010
         104   7.3796457121863846E-008   1.2573390067117774E-008
   2.6033124856410964E-008   4.6432809326936586E-009
  -9.5204060033137639E-009   6.6207758750191369E-010
         105   6.6445730884342920E-008   1.2932209600743756E-008
   2.3116263488009474E-008   4.8429107303450079E-009
  -9.7871753573730949E-009   8.3549603285549722E-010
         106   5.9115200293468310E-008   1.4592775380671188E-008
   2.0096738624249350E-008   5.2892044634398181E-009
  -1.0118385847103126E-008   1.1031222216011472E-009
         107   5.1636151672139992E-008   1.8321976639562255E-008
   1.6890031565085373E-008   6.0587234407477559E-009
  -1.0508474951790536E-008   1.5590177964974797E-009
         108   4.4697966346799386E-008   2.5788987106256044E-008
   1.3473130703025244E-008   7.3209888387216161E-009
  -1.0857305058743075E-008   2.3933562893519643E-009
         109   4.2550042331757739E-008   3.8840939792693276E-008
   1.0096666857933067E-008   9.2871494111841771E-009
  -1.0660539720569935E-008   3.8110796651908989E-009
         110   5.3583020192205471E-008   4.9848801653299781E-008
   7.3250140339546621E-009   1.1438982047761495E-008
  -8.9374944001998068E-009   4.9336818964028174E-009
         111   6.5181759483582737E-008   4.3400415309000625E-008
   3.9753430818633307E-009   1.2690074054534274E-008
  -7.0845902454611180E-009   3.9765952664349842E-009
         112   6.2049885681414537E-008   3.3959057604754679E-008
  -1.4148459879568269E-009   1.4519186870621293E-008
  -6.8058780670375051E-009   2.5207654959500803E-009
         113   5.1975329469037337E-008   3.1833367471279106E-008
  -8.4822612244339806E-009   1.8339008280762546E-008
  -7.1742108387380630E-009   1.6325356732013908E-009
         114   3.9640056518740990E-008   3.7183676641128012E-008
  -1.7098836034950148E-008   2.5299986140959554E-008
  -7.6178282333258733E-009   1.1152098148596581E-009
         115   2.6504952907925450E-008   5.1884667441187395E-008
  -2.6933751639749170E-008   3.7920187928489553E-008
  -8.0276962422384427E-009   7.2718234988225662E-010
         116   1.7291633916141878E-008   8.2192728673150337E-008
  -3.4712433195246285E-008   6.1325887707059009E-008
  -8.4554057092168622E-009   2.8989851463141241E-010
         117   3.2787320013284432E-008   1.3303280926260109E-007
  -2.5511322678691445E-008   9.9483290167706645E-008
  -9.1576273188158711E-009  -3.0103762224993941E-010
         118   1.0393369866373858E-007   1.6458823739419593E-007
   2.3064502076368568E-008   1.2411892190649001E-007
  -1.0513060969600293E-008  -6.1253940734189594E-010
         119   1.6911231931174982E-007   1.2306617489895998E-007
   6.6847296512076208E-008   9.6438826236115316E-008
  -1.1850754480497582E-008  -2.7813433159994434E-011
         120   1.8034099258199492E-007   7.1430528929316330E-008
   7.0827820406311805E-008   6.1768861967064465E-008
  -1.2650059234345882E-008   7.5667447191227903E-010
         121   1.7214083048990125E-007   4.0517001429215359E-008
   5.9392157481785154E-008   4.2902298485780243E-008
  -1.3340124309320788E-008   1.4259378665836334E-009
         122   1.6269045238007264E-007   2.2910260389782786E-008
   4.5190995595346351E-008   3.5432881702888376E-008
  -1.4179879033143011E-008   2.1440546837274554E-009
         123   1.5579734252356091E-007   1.1239193377379420E-008
   3.0440045628312236E-008   3.5850555608712917E-008
  -1.5274060139316036E-008   3.1712562861615493E-009
         124   1.5163678097912495E-007   8.5440035425439325E-010
   1.5251959702878653E-008   4.4913316640647243E-008
  -1.6632445391774194E-008   4.9704473417085851E-009
         125   1.4836485266499597E-007  -1.2767432508706971E-008
   3.0799920940205732E-009   6.8708923601267326E-008
  -1.7760144777583370E-008   8.5236238185257272E-009
         126   1.3655375696824379E-007  -3.3014870512271960E-008
   1.6301394182384638E-008   1.1261248757211086E-007
  -1.5656223172773174E-008   1.4635010295109523E-008
         127   1.0480742176727703E-007  -3.9696010283481543E-008
   8.0856406506415320E-008   1.2416566389916658E-007
  -6.8602193521445223E-009   1.6413541301033699E-008
         128   8.6187280558709747E-008  -2.1356111524085501E-008
   1.1225913050203310E-007   7.6816134199429369E-008
  -2.5445422672180315E-009   1.0387863499516122E-008
         129   8.3764168064577390E-008  -6.5651501700743552E-009
   1.0422411673926729E-007   4.2844036539166218E-008
  -3.5268214474519992E-009   6.1833779781400413E-009
         130   8.4123387288498872E-008   3.4247124676797459E-009
   9.0400914253710252E-008   2.6069380496712159E-008
  -5.3246210606464263E-009   4.3891003984886519E-009
         131   8.5152023296452662E-008   1.3808215147331659E-008
   7.7714573135379626E-008   1.6663343388862362E-008
  -6.9179154338249536E-009   3.8457263463791854E-009
         132   9.0766856030580975E-008   2.7918972066892076E-008
   6.5055739793268659E-008   9.8105744571368830E-009
  -8.0788688613810402E-009   4.0552115982704838E-009
         133   1.0958085977883646E-007   4.0784224168454645E-008
   4.9078278968989314E-008   5.6132616277196555E-009
  -8.5008327914009934E-009   4.5275124104681371E-009
         134   1.3570072377297776E-007   3.5661170650162121E-008
   3.0923024759634353E-008   8.8326169163082040E-009
  -8.5523888034617402E-009   4.3903420116572427E-009
         135   1.4939915471151496E-007   1.8584834923166026E-008
   1.6044222704614997E-008   1.7798403876007358E-008
  -9.2349956043266558E-009   3.9162009205694718E-009
         136   1.5392936777237330E-007   4.0287607099170260E-009
   2.8173483321072341E-009   2.8864373377952374E-008
  -1.0478634714284797E-008   3.8375593114253581E-009
         137   1.5692414848422763E-007  -7.4822913855297017E-009
  -1.1608829943424218E-008   4.3689023346105589E-008
  -1.2011022426046218E-008   4.3340169302273498E-009
         138   1.6092014187583487E-007  -1.9409543334851443E-008
  -2.7734004094429655E-008   6.7064085385357588E-008
  -1.3766251235059478E-008   5.5862780495652004E-009
