   262144.00000000000     
         256           1           3
   1.7567330116226543E-005  -9.2646085535570002        161.96561313430001     
   6.0401400154609997        12.000000000000000        5733.8999999999996     
           0   0.0000000000000000        0.0000000000000000     
   0.0000000000000000        0.0000000000000000     
   0.0000000000000000        0.0000000000000000     
           1  -2.5358172054457376E-010   7.1126486399791342E-012
  -4.2631455040361436E-010   9.0355317219518283E-012
  -2.5147309604308625E-009   5.0907567247719506E-011
           2  -2.5282419676279068E-010   8.4423432932905547E-012
  -4.2232903490279105E-010   8.2359437427241208E-012
  -2.4894250761971821E-009   4.3506732606444203E-011
           3  -2.5473468005166769E-010   9.6702957763760158E-012
  -4.1955114750615030E-010   7.8770330515702547E-012
  -2.4686259567804011E-009   3.9491941813770890E-011
           4  -2.5864618507354488E-010   1.1013046818403662E-011
  -4.1708777808837986E-010   7.5593205828914812E-012
  -2.4472696197834283E-009   3.5649776459165490E-011
           5  -2.6441191212438753E-010   1.2518456445779532E-011
  -4.1466617398741347E-010   7.2299613390498436E-012
  -2.4238014802064678E-009   3.1546017914832404E-011
           6  -2.7205927774032707E-010   1.4225668909421193E-011
  -4.1214429238187471E-010   6.8720489643467310E-012
  -2.3972907200681882E-009   2.7022830613540410E-011
           7  -2.8170795538718390E-010   1.6180559982302176E-011
  -4.0942633434222770E-010   6.4739026314741662E-012
  -2.3669968868042363E-009   2.1954385478004577E-011
           8  -2.9355015555596060E-010   1.8439913325108129E-011
  -4.0643348069273187E-010   6.0238006567605421E-012
  -2.3322091901349360E-009   1.6204501765395995E-011
           9  -3.0785057074292408E-010   2.1075174341498090E-011
  -4.0309024882576405E-010   5.5082338506831499E-012
  -2.2921614367812813E-009   9.6108836126379845E-012
          10  -3.2495606509067728E-010   2.4177357836138423E-011
  -3.9931632196690498E-010   4.9107132388735593E-012
  -2.2459709873971996E-009   1.9724317512153126E-012
          11  -3.4531306218523292E-010   2.7863881592889839E-011
  -3.9502019656428450E-010   4.2104745320826655E-012
  -2.1925813416744138E-009  -6.9658371198364774E-012
          12  -3.6948866849954886E-010   3.2288605857314694E-011
  -3.9007845109869638E-010   3.3806307125208071E-012
  -2.1306965489127607E-009  -1.7533196328780786E-011
          13  -3.9822643255550248E-010   3.7654614702005692E-011
  -3.8438640110035380E-010   2.3864010203859633E-012
  -2.0587003901421235E-009  -3.0162196819394733E-011
          14  -4.3247029308562001E-010   4.4236943842870025E-011
  -3.7776182978415501E-010   1.1807216138803849E-012
  -1.9745431849543141E-009  -4.5431181478769174E-011
          15  -4.7345830876189721E-010   5.2412688116024757E-011
  -3.6999012899710156E-010  -3.0036066432050459E-013
  -1.8755889565735971E-009  -6.4128152584584083E-011
          16  -5.2282686931522510E-010   6.2709989361849354E-011
  -3.6079159583104295E-010  -2.1458957953176892E-012
  -1.7583932639672012E-009  -8.7349448075760637E-011
          17  -5.8277249322557909E-010   7.5885644302017331E-011
  -3.4979468238411899E-010  -4.4828467068141327E-012
  -1.6183762469413663E-009  -1.1665671570444261E-010
          18  -6.5629813280227475E-010   9.3053023439900399E-011
  -3.3649552167387713E-010  -7.4971766735757075E-012
  -1.4493271721797334E-009  -1.5433512586536583E-010
          19  -7.4759536894984917E-010   1.1590126713711196E-010
  -3.2021279687093450E-010  -1.1469580969654326E-011
  -1.2426305369712441E-009  -2.0383475761034941E-010
          20  -8.6268292512707951E-010   1.4708677183636745E-010
  -2.9991358860900018E-010  -1.6841259494391664E-011
  -9.8601824852341802E-010  -2.7055959860130342E-010
          21  -1.0104338946394147E-009   1.9097414255583261E-010
  -2.7415056207416887E-010  -2.4333502063409469E-011
  -6.6147338411517790E-010  -3.6335461165339808E-010
          22  -1.2044419305721657E-009   2.5512262558533446E-010
  -2.4067404037454631E-010  -3.5193445918032336E-011
  -2.4156772825987198E-010  -4.9749150137889123E-010
          23  -1.4663338867784374E-009   3.5351779920870492E-010
  -1.9596631706497805E-010  -5.1721690748682332E-011
   3.1726221263675175E-010  -7.0114507552419706E-010
          24  -1.8323178366611393E-009   5.1428642501682122E-010
  -1.3409748019666064E-010  -7.8538311644548383E-011
   1.0876096843003709E-009  -1.0308517831845257E-009
          25  -2.3660618457395556E-009   8.0050460710322201E-010
  -4.4684848990074823E-011  -1.2598708133712902E-010
   2.1965167628719924E-009  -1.6131520484436351E-009
          26  -3.1814843026147702E-009   1.3756273051248904E-009
   9.0803816536638028E-011  -2.2082936744930792E-010
   3.8710162006711526E-009  -2.7753803195947875E-009
          27  -4.4426387269379500E-009   2.7499991137139427E-009
   2.9888547510702874E-010  -4.4648647778582937E-010
   6.4353799085667272E-009  -5.5377682922946036E-009
          28  -5.6473319453089148E-009   6.7457291829180563E-009
   4.9648443532544566E-010  -1.1000844702867532E-009
   8.8737767264114904E-009  -1.3533972822762626E-008
          29   8.5624637937020662E-010   1.3475598878644341E-008
  -5.6562301658721830E-010  -2.1951598151691024E-009
  -4.0882791083200866E-009  -2.6929750136058585E-008
          30   8.0970555931187234E-009   7.0117563045770975E-009
  -1.7391191334767652E-009  -1.1361590150040203E-009
  -1.8409170127130822E-008  -1.3984131450876794E-008
          31   6.9337926689349065E-009   2.7093406718710155E-009
  -1.5415432122257204E-009  -4.3544627257952910E-010
  -1.5959003142070826E-008  -5.4211575332615486E-009
          32   5.6460293934116247E-009   1.2479491326919839E-009
  -1.3248951311628977E-009  -1.9868194275445353E-010
  -1.3269156639719740E-008  -2.5333817753710897E-009
          33   4.8563100828267356E-009   6.3578045513884114E-010
  -1.1894039592813028E-009  -1.0033274364525855E-010
  -1.1564337350312207E-008  -1.3403899244634366E-009
          34   4.3904786483341214E-009   3.1965690223186198E-010
  -1.1062125839870949E-009  -5.0187695950026586E-011
  -1.0489949570158037E-008  -7.3982980082251992E-010
          35   4.1289437743282946E-009   1.2543177765683661E-010
  -1.0556755134787234E-009  -1.9825359191894380E-011
  -9.8027334259514446E-009  -3.8546296638847131E-010
          36   4.0086798165838068E-009  -1.4337779865302234E-011
  -1.0275115734786415E-009   1.8962029248532712E-012
  -9.3729006614076705E-009  -1.4320627806327988E-010
          37   3.9981929122528262E-009  -1.3137794231039669E-010
  -1.0167627546559831E-009   2.0541546619184075E-011
  -9.1339591459236493E-009   5.1213645714839760E-011
          38   4.0843722443017768E-009  -2.4429349728768281E-010
  -1.0218731215380904E-009   4.0101130302665937E-011
  -9.0570800933208577E-009   2.3950285427108095E-010
          39   4.2666972477397717E-009  -3.6759577281352951E-010
  -1.0440196438725500E-009   6.5321861102834857E-011
  -9.1416112249035630E-009   4.6513136881210084E-010
          40   4.5556624417872839E-009  -5.1688163774664384E-010
  -1.0874521660208534E-009   1.0513003645975418E-010
  -9.4150573231053849E-009   8.0341510610224300E-010
          41   4.9742667519250406E-009  -7.1420351407579453E-010
  -1.1591486185422072E-009   1.8221650848848465E-010
  -9.9284182179701619E-009   1.4406913707574532E-009
          42   5.5611868397714619E-009  -9.9771800706521858E-010
  -1.2499460502562335E-009   3.6519355238833347E-010
  -1.0601411506422769E-008   2.9373513893608017E-009
          43   6.3647483744920746E-009  -1.4363078013903042E-009
  -1.1451175702427539E-009   7.7672085705470989E-010
  -9.6715261782651875E-009   6.2936796309064344E-009
          44   7.4733147412999447E-009  -2.0978816442179599E-009
  -5.4662615393838610E-010   7.8158180653454585E-010
  -4.6941608609423518E-009   6.3106360409746282E-009
          45   9.1545248721004129E-009  -3.2616217651449486E-009
  -4.6301673282227059E-010   3.9832546440259793E-010
  -3.9000457053557710E-009   3.1243158169259663E-009
          46   1.1646498127348856E-008  -5.7013092953698013E-009
  -5.8484427825741237E-010   2.4483532016874344E-010
  -4.7377207685000320E-009   1.7428497848225983E-009
          47   1.4792960027455669E-008  -1.1577480751326580E-008
  -7.1007116374762790E-010   2.0298133122189441E-010
  -5.5533169684128091E-009   1.0655211802130862E-009
          48   1.2734232920695151E-008  -2.5754149523286980E-008
  -8.4270489667365778E-010   2.1278244455140049E-010
  -6.7137468687638727E-009   2.6695326083132824E-010
          49  -1.0372529706130208E-008  -3.0874987719646428E-008
  -1.0171338656721694E-009   2.9004577078954459E-010
  -9.5818524854594407E-009   4.6294882733022659E-010
          50  -1.8359186272521319E-008  -1.4635910617570234E-008
  -1.2237890167976531E-009   5.0532413842603949E-010
  -1.1908364893492991E-008   3.1990953318269545E-009
          51  -1.5400818902331922E-008  -6.6065075048411905E-009
  -1.4083942648365322E-009   1.0212733854805769E-009
  -1.3341036081876782E-008   7.9471810809213503E-009
          52  -1.2540850916385116E-008  -3.3717165875647099E-009
  -9.1724494597171143E-010   2.0299405182832222E-009
  -9.2441820695029328E-009   1.6425737318348552E-008
          53  -1.0537592463205263E-008  -1.9139676490284046E-009
   5.7315604295813637E-010   1.7712605506146590E-009
   2.9590671924070876E-009   1.4436527414472233E-008
          54  -9.2594953689260929E-009  -1.1810220318348511E-009
   7.6392264310177330E-010   8.1436634370135033E-010
   4.4833005859793112E-009   6.6981981281954844E-009
          55  -8.4296996904138290E-009  -7.2532061460280533E-010
   5.5742656561014228E-010   3.9530561154568814E-010
   2.7147132251953307E-009   3.3407246193216183E-009
          56  -7.8863543332979495E-009  -4.1026450597869425E-010
   3.8893287515429985E-010   2.1813927073049417E-010
   1.2141426412821644E-009   1.9568757961282284E-009
          57  -7.5500431111213410E-009  -1.7172532490429434E-010
   2.7727636168181154E-010   1.3012847710052350E-010
   1.3473498287641249E-010   1.3053821388937488E-009
          58  -7.3772277749914171E-009   2.6982822752053101E-011
   2.0570503705609073E-010   7.9210900398117408E-011
  -6.6546650848485911E-010   9.6668339016390917E-010
          59  -7.3449357213371834E-009   2.0966529772540899E-010
   1.6192034676277106E-010   4.5399341657179268E-011
  -1.2953797451144633E-009   7.8381180821558913E-010
          60  -7.4444390673355555E-009   3.9469051069851066E-010
   1.3884432748087566E-010   1.9709181385401653E-011
  -1.8258283763937075E-009   6.9151988857367172E-010
          61  -7.6789149727468322E-009   5.9968725187984340E-010
   1.3281261050961667E-010  -2.6693119453923960E-012
  -2.3056498905427702E-009   6.6216293440941058E-010
          62  -8.0635379414208742E-009   8.4569522640095384E-010
   1.4236680183003809E-010  -2.4971660089398902E-011
  -2.7733463778286643E-009   6.8712149913141379E-010
          63  -8.6278138802146915E-009   1.1625856048584049E-009
   1.6804095509188915E-010  -5.0150037802274280E-011
  -3.2651747063714749E-009   7.7122193802890688E-010
          64  -9.4213201696312830E-009   1.5984369564004355E-009
   2.1209294928796900E-010  -8.1869090813443445E-011
  -3.8222089487298227E-009   9.3416934624728452E-010
          65  -1.0523904863138188E-008   2.2386284681878327E-009
   2.7911234628354689E-010  -1.2590979695606235E-010
  -4.4985000819533780E-009   1.2196396520982361E-009
          66  -1.2061692078715545E-008   3.2494045046576346E-009
   3.7687833144645181E-010  -1.9300530619461293E-010
  -5.3720491816076325E-009   1.7195906861462603E-009
          67  -1.4225491631077294E-008   4.9883152773007778E-009
   5.1768770873406938E-010  -3.0584895917348858E-010
  -6.5565881774309815E-009   2.6382081234024098E-009
          68  -1.7230406313390484E-008   8.3130804119060214E-009
   7.1580810933261682E-010  -5.1858232238609510E-010
  -8.1797537155176820E-009   4.4727765108266060E-009
          69  -2.0732610691607834E-008   1.5456786869348446E-008
   9.5138762525557568E-010  -9.7222255808018701E-010
  -1.0045715019189309E-008   8.5299432246736473E-009
          70  -1.9503710576354643E-008   3.0863881930395292E-008
   8.9908228828781081E-010  -1.9498776316447422E-009
  -9.0998924401302117E-009   1.7439644795108079E-008
          71   3.3825940085368526E-009   4.3498756177319604E-008
  -5.1066742847814430E-010  -2.7685896099850921E-009
   4.6690877129536345E-009   2.4808676162502272E-008
          72   2.2002412223252096E-008   2.7194090219357569E-008
  -1.6620536325339302E-009  -1.7687798999688028E-009
   1.6215425553057451E-008   1.5118722808531249E-008
          73   2.1185315687839182E-008   1.3370740732560007E-008
  -1.5802341389103522E-009  -9.1875544130106338E-010
   1.6493269826608863E-008   6.7013852561489053E-009
          74   1.7484527977426581E-008   7.2003421405635697E-009
  -1.2993031871193704E-009  -5.5659706960381481E-010
   1.5237465182797451E-008   2.6435912977234926E-009
          75   1.4528765897530876E-008   4.3172892832250802E-009
  -1.0446820957077443E-009  -4.1528140057140289E-010
   1.4674278028586532E-008   3.3289575831285693E-010
          76   1.2406160031651843E-008   2.8136807667653136E-009
  -8.1528578469696634E-010  -3.8474349308623304E-010
   1.4974170584419468E-008  -1.4803721503721434E-009
          77   1.0869348349767326E-008   1.9684167610822130E-009
  -5.8410614134421495E-010  -4.3928711026303148E-010
   1.6155942829400309E-008  -3.4814891419209926E-009
          78   9.7221561919316500E-009   1.4985847172879059E-009
  -3.2366296251377856E-010  -6.0444386085278781E-010
   1.8313832205245543E-008  -6.4076722087461065E-009
          79   8.8420930261706518E-009   1.3214243478441116E-009
  -2.2133976914217141E-011  -9.7897041197947376E-010
   2.1440578970228021E-008  -1.1670131399481781E-008
          80   8.2272640306396761E-009   1.5097516841610466E-009
   2.0100664022602194E-010  -1.8142585851115171E-009
   2.3986167765352135E-008  -2.2453081574340774E-008
          81   8.3085808825962611E-009   2.1365207898816362E-009
  -4.6871045353127712E-010  -3.3141807384332461E-009
   1.5943604978087235E-008  -4.1317769094175858E-008
          82   9.5182233466905468E-009   2.0435210344900508E-009
  -2.8335495115694181E-009  -3.5457162816739394E-009
  -1.2513345097804615E-008  -4.4675350726661645E-008
          83   1.0092572945905120E-008   9.0144802613624426E-010
  -3.8968493922546506E-009  -1.9551641845896366E-009
  -2.4729306192110461E-008  -2.5799884304237591E-008
          84   1.0126932609511426E-008   7.0744136211470742E-011
  -3.8086194921125473E-009  -9.0756148027329881E-010
  -2.2505363183826566E-008  -1.3663771987653958E-008
          85   1.0239824943771395E-008  -4.8593322583237199E-010
  -3.6177691154875836E-009  -3.8139553003460721E-010
  -1.8604117921759623E-008  -8.0700479274211755E-009
          86   1.0563337822834700E-008  -9.7279593878415813E-010
  -3.5225664905039896E-009  -7.3165666757313032E-011
  -1.5351604807437360E-008  -5.4046884314641383E-009
          87   1.1136325277614788E-008  -1.5117003572324867E-009
  -3.5358391339267253E-009   1.5774076677001714E-010
  -1.2751625419330243E-008  -4.1052096494765361E-009
          88   1.2008026110727046E-008  -2.2111189784635622E-009
  -3.6555491243260389E-009   3.8275842150638712E-010
  -1.0550263073411326E-008  -3.5700335933430773E-009
          89   1.3260624772729093E-008  -3.2270614623683510E-009
  -3.8899473414841104E-009   6.5911523013307686E-010
  -8.5123028046134321E-009  -3.6056856629510751E-009
          90   1.5013400893195954E-008  -4.8505866541199175E-009
  -4.2601631828590671E-009   1.0656120277771926E-009
  -6.4326986184659662E-009  -4.2682305732885154E-009
          91   1.7378189585281971E-008  -7.7042151584049183E-009
  -4.7888592377974098E-009   1.7551314923099822E-009
  -4.1508311648924441E-009  -5.9174490524535486E-009
          92   2.0106715496646150E-008  -1.3214554723728832E-008
  -5.4157800175552422E-009   3.0699434751094316E-009
  -1.7834452948213109E-009  -9.5170902435753063E-009
          93   2.0566627331523949E-008  -2.4152106771432812E-008
  -5.5180882594946183E-009   5.6746189823686391E-009
  -1.1425773286984076E-009  -1.7010603551842116E-008
          94   8.3800787829992645E-009  -3.8436545931088274E-008
  -2.6241277655651807E-009   9.0938158024052769E-009
  -9.5525133454225007E-009  -2.6962362528213786E-008
          95  -1.3604745028175333E-008  -3.4036075126551191E-008
   2.6286007881072658E-009   8.0878384958816737E-009
  -2.5100247303561758E-008  -2.3771887399818109E-008
          96  -1.9608136469732907E-008  -1.9245976880737567E-008
   4.1015030394740445E-009   4.5833195295520412E-009
  -2.9515758775297459E-008  -1.3157749059636498E-008
          97  -1.7471761708453866E-008  -1.0557547212697706E-008
   3.6297087422564243E-009   2.5127519950391860E-009
  -2.8254989071511723E-008  -6.8060603831301346E-009
          98  -1.4600676219786579E-008  -6.2850280293274450E-009
   2.9771015461409147E-009   1.4883373798344824E-009
  -2.6564895311880161E-008  -3.5525122571785038E-009
          99  -1.2298333858241465E-008  -4.0483364252678934E-009
   2.4585397506110925E-009   9.4652996520048706E-010
  -2.5389460152008871E-008  -1.7081941268329302E-009
         100  -1.0571167719949622E-008  -2.7735867471189596E-009
   2.0784251245168164E-009   6.3171458205414063E-010
  -2.4755770978378147E-008  -4.9619001359427653E-010
         101  -9.2717502334403645E-009  -1.9952659869272230E-009
   1.8040976165116995E-009   4.3228116161865673E-010
  -2.4587930709741763E-008   4.3925419700245545E-010
         102  -8.2750819135593176E-009  -1.4984428978591244E-009
   1.6077876532758132E-009   2.9579247135730103E-010
  -2.4836454592405345E-008   1.2908541221415347E-009
         103  -7.4911262152419058E-009  -1.1789997599394555E-009
   1.4706589526361155E-009   1.9549610942808183E-010
  -2.5492600644596140E-008   2.1985931501619257E-009
         104  -6.8552172941177977E-009  -9.8911915010589766E-010
   1.3803227012023067E-009   1.1683885161313302E-010
  -2.6587574364629135E-008   3.3115665924049489E-009
         105  -6.3191223259400766E-009  -9.1840093582604415E-010
   1.3292519812969287E-009   5.1841350531621118E-011
  -2.8189332958211360E-008   4.8511600399922830E-009
         106  -5.8478366979550934E-009  -9.9622069427292623E-010
   1.3136295966948514E-009  -2.7813382115492170E-012
  -3.0379651134573428E-008   7.2219473666522697E-009
         107  -5.4357274364125665E-009  -1.3183058540866367E-009
   1.3345688840875023E-009  -4.4751156336606405E-011
  -3.3116785410006628E-008   1.1249561130689708E-008
         108  -5.2033598940272639E-009  -2.1012925699990533E-009
   1.4059910050253223E-009  -6.2855361847393644E-011
  -3.5541274482209433E-008   1.8598710434955743E-008
         109  -5.7807982715672042E-009  -3.5769440654113053E-009
   1.5869101249169658E-009  -4.7059551462658249E-011
  -3.3287221218176099E-008   3.1069080562206761E-008
         110  -8.3921111789630639E-009  -4.6269937337609436E-009
   1.9899427012657256E-009  -1.0366625176101022E-010
  -1.7857710625676937E-008   4.1057625290707338E-008
         111  -1.1323345082861991E-008  -3.0077922428428329E-009
   2.4901307526262800E-009  -4.4201919848976713E-010
  -1.4224771943066275E-009   3.3109353508217471E-008
         112  -1.2505570218933340E-008  -6.2068285144916992E-010
   2.9394159821426443E-009  -9.4691616396456866E-010
   1.1603904293370911E-009   2.1053057001105800E-008
         113  -1.3139814644774661E-008   1.3337990175835238E-009
   3.4668022797665108E-009  -1.5965525243095402E-009
  -2.1198094872731056E-009   1.4327239326992222E-008
         114  -1.3978667105721877E-008   3.3305234311398118E-009
   4.1609308083248957E-009  -2.5857402572491428E-009
  -6.3541530109180299E-009   1.1569202460256214E-008
         115  -1.5107053412658270E-008   6.1421127552037486E-009
   4.9875037051298221E-009  -4.3047408949203505E-009
  -1.0504744180802753E-008   1.1405007140535335E-008
         116  -1.5874867919504159E-008   1.0906975556797164E-008
   5.4730218278425114E-009  -7.4874004578206574E-009
  -1.4093389189683272E-008   1.3703496923507987E-008
         117  -1.3320793664940346E-008   1.8444602832641616E-008
   3.4980060310493008E-009  -1.2689595840302122E-008
  -1.5208220636449496E-008   1.8643112503079979E-008
         118  -3.0544822070946304E-009   2.3196008822654589E-008
  -4.1152389919956686E-009  -1.5921222083335428E-008
  -1.0927995107951709E-008   2.2181713555234038E-008
         119   6.2286460280654651E-009   1.7604190026262578E-008
  -1.1193269991001376E-008  -1.1698603096190657E-008
  -7.5276700955311356E-009   1.8961000870114112E-008
         120   7.7449020963748953E-009   1.0603190944602714E-008
  -1.2862910631233698E-008  -6.3469050229836600E-009
  -1.0053486482139690E-008   1.5352476641358614E-008
         121   6.3565051065933347E-009   6.5969422784023317E-009
  -1.2628249071518475E-008  -2.9793852450702804E-009
  -1.5417528922652989E-008   1.4792094241446579E-008
         122   4.5969037010539783E-009   4.6164981676466474E-009
  -1.2375019517417454E-008  -7.9372654662471510E-010
  -2.2247002093634858E-008   1.7295369939635862E-008
         123   2.9561734792156681E-009   3.7793234666492879E-009
  -1.2540681760840938E-008   1.0936010103633757E-009
  -3.0676485491965598E-008   2.3750131262047026E-008
         124   1.4520552848473738E-009   3.7915035587505748E-009
  -1.3151010872985029E-008   3.4768735065612625E-009
  -4.0697498421371935E-008   3.7469143103159235E-008
         125   2.2424784484472594E-010   4.8452410345877455E-009
  -1.3643386440515926E-008   7.5439313857273650E-009
  -4.8018859706418986E-008   6.6605862759347432E-008
         126   4.7525423024398820E-010   7.2087871626829860E-009
  -1.0793171905237434E-008   1.4221464366627078E-008
  -2.6564005280005978E-008   1.1789994908585548E-007
         127   3.7078598381495417E-009   7.9566315354079142E-009
  -8.9496454738365159E-010   1.6226195438150680E-008
   5.3777201235882668E-008   1.3127935074424494E-007
         128   5.1925314347147703E-009   5.4745310348259892E-009
   4.2037189555726807E-009   9.8902567571775549E-009
   9.6066979157756167E-008   7.6314162798080832E-008
         129   4.4398058329287347E-009   3.8637770378753536E-009
   3.6516605432489385E-009   5.4494577342686915E-009
   9.3313956741225400E-008   3.6154787114710334E-008
         130   3.3466822448425295E-009   3.5203832072928949E-009
   2.2243214186395412E-009   3.5312513808664636E-009
   8.4439396518426250E-008   1.5110039188427188E-008
         131   2.4762687459475477E-009   4.1506642410073663E-009
   1.0121985884598917E-009   2.8976895258306267E-009
   7.7621915958304914E-008   1.6773783757010283E-009
         132   2.4294702118262756E-009   5.7353539676908250E-009
   2.4504698440573329E-010   3.0106571580119220E-009
   7.1696876037079089E-008  -9.9763451186796013E-009
         133   4.3601695055627765E-009   7.3763923456482594E-009
   2.1174838921102852E-010   3.3826729022636554E-009
   6.2802030309062283E-008  -1.9814884305321452E-008
         134   7.3807486978513266E-009   6.6399214655360624E-009
   5.7659077382367298E-010   3.1865008987906723E-009
   5.3082139831306834E-008  -2.2130415391164623E-008
         135   8.6682542931880256E-009   4.3572086177105201E-009
   4.2315157833088651E-010   2.6666795394385124E-009
   5.0497866791999930E-008  -2.0190518193563665E-008
         136   8.6426803999113485E-009   2.5910649851774515E-009
  -1.5140931314322656E-010   2.4963129328748278E-009
   5.3929653566281798E-008  -2.0810521798992822E-008
         137   8.3552838737229027E-009   1.4961143954140717E-009
  -8.2879835727897077E-010   2.8259890153853044E-009
   6.0659041040614612E-008  -2.5756396476458210E-008
         138   8.1941780301720639E-009   7.5961863123813904E-010
  -1.4029637220959960E-009   3.7684402131311695E-009
   6.9892439744657414E-008  -3.6632157115445344E-008
