   262144.00000000000     
         256           1           3
   1.7567330116226543E-005   4.4367741432200001        174.97364918450000     
   6.0401400154609997        12.000000000000000        5733.8999999999996     
           0   0.0000000000000000        0.0000000000000000     
   0.0000000000000000        0.0000000000000000     
   0.0000000000000000        0.0000000000000000     
           1   6.1290150297605852E-010  -1.7481696757529304E-011
   1.3053377089171005E-009  -2.6682952848880962E-011
  -1.9683769964849899E-009   3.9134085952377517E-011
           2   6.1142872379047152E-010  -2.0927856716134803E-011
   1.2923642070133827E-009  -2.3126723853346814E-011
  -1.9480553268500508E-009   3.2543692382927532E-011
           3   6.1665270008539199E-010  -2.4128825714272942E-011
   1.2820494472850048E-009  -2.1248029138931185E-011
  -1.9304544574406280E-009   2.8834669460369124E-011
           4   6.2700304752434153E-010  -2.7633542719659245E-011
   1.2717059304480608E-009  -1.9467193403235262E-011
  -1.9116976426180500E-009   2.5239264835921233E-011
           5   6.4214319057355035E-010  -3.1568691757700815E-011
   1.2605217532786005E-009  -1.7571739973500532E-011
  -1.8905835580877661E-009   2.1381290031225480E-011
           6   6.6217170957874635E-010  -3.6039670341733969E-011
   1.2480243531271666E-009  -1.5486051660857372E-011
  -1.8663554542353227E-009   1.7119836196709331E-011
           7   6.8742314016431862E-010  -4.1170243106785110E-011
   1.2338488507744742E-009  -1.3151065818378683E-011
  -1.8383810221919929E-009   1.2339347682661950E-011
           8   7.1842185214872567E-010  -4.7113699949064644E-011
   1.2176534508089013E-009  -1.0503475010104199E-011
  -1.8060300813820440E-009   6.9131216716007983E-012
           9   7.5588488699008388E-010  -5.4063087185707486E-011
   1.1990758376230591E-009  -7.4681365624503960E-012
  -1.7686065842678727E-009   6.8933864449382631E-013
          10   8.0074971881868015E-010  -6.2264608215511709E-011
   1.1777029255783956E-009  -3.9521083293324882E-012
  -1.7252969656728327E-009  -6.5205650626389703E-012
          11   8.5422232827682884E-010  -7.2036282045846851E-011
   1.1530432662113733E-009   1.6235867596007936E-013
  -1.6751192091430792E-009  -1.4955933974240938E-011
          12   9.1778765381720161E-010  -8.3798590460151836E-011
   1.1245247225131928E-009   5.0269628490639270E-012
  -1.6168615424317170E-009  -2.4926004549986875E-011
          13   9.9355175249058880E-010  -9.8096440348288264E-011
   1.0913425094036984E-009   1.0841952407553670E-011
  -1.5490131616754000E-009  -3.6837023389092163E-011
          14   1.0840227902695223E-009  -1.1568075139308907E-010
   1.0525781555129387E-009   1.7873957874407910E-011
  -1.4696501825712528E-009  -5.1232220373716972E-011
          15   1.1925564845920976E-009  -1.3757775010005598E-010
   1.0070144777287340E-009   2.6486693436983951E-011
  -1.3762981702637569E-009  -6.8851678739270584E-011
          16   1.3235935179648858E-009  -1.6522620956772175E-010
   9.5306148655953997E-010   3.7186228680994686E-011
  -1.2657224592443515E-009  -9.0724944925224581E-011
          17   1.4831017533324424E-009  -2.0068976596611071E-010
   8.8860534742700317E-010   5.0693486870831112E-011
  -1.1336214526540434E-009  -1.1831832560739125E-010
          18   1.6792496765432920E-009  -2.4700696856856333E-010
   8.1077954263502477E-010   6.8063504007174618E-011
  -9.7416175124791240E-010  -1.5377717210092144E-010
          19   1.9235428223748119E-009  -3.0878713979355299E-010
   7.1560103790601582E-010   9.0889411372604733E-011
  -7.7925461268155849E-010  -2.0033997233600305E-010
          20   2.2322066278636077E-009  -3.9329855795242009E-010
   5.9741959937131830E-010   1.2166640827465147E-010
  -5.3737455052740196E-010  -2.6307880523758022E-010
          21   2.6295436973696516E-009  -5.1247246450811954E-010
   4.4791115196038792E-010   1.6447934081933009E-010
  -2.3160824804912146E-010  -3.5029421986342288E-010
          22   3.1525455977930136E-009  -6.8699387487183097E-010
   2.5438564190088494E-010   2.2638202626985883E-010
   1.6379611308844786E-010  -4.7631667943748643E-010
          23   3.8605839892795130E-009  -9.5513118805629732E-010
  -3.2206012044103212E-012   3.2038650871421343E-010
   6.8971954545604981E-010  -6.6758197848695267E-010
          24   4.8527025516332325E-009  -1.3938854369760895E-009
  -3.5839231612276116E-010   4.7260568103419835E-010
   1.4142880360196977E-009  -9.7713392745339156E-010
          25   6.3026258364751132E-009  -2.1759752473090544E-009
  -8.7004058538543364E-010   7.4149721503613887E-010
   2.4567270540633911E-009  -1.5236906061902056E-009
          26   8.5226954885619965E-009  -3.7490099317541254E-009
  -1.6427693576627651E-009   1.2782578531061964E-009
   4.0300436076125657E-009  -2.6143406989079323E-009
          27   1.1961765945368229E-008  -7.5106500376416325E-009
  -2.8263939501966467E-009   2.5541651431020794E-009
   6.4384975255344245E-009  -5.2061988113603332E-009
          28   1.5243927998565339E-008  -1.8451159289972302E-008
  -3.9515422068446946E-009   6.2477250575744018E-009
   8.7291795616054814E-009  -1.2708096432208497E-008
          29  -2.5880346530505135E-009  -3.6879307398132932E-008
   2.0373973808296406E-009   1.2435508247284613E-008
  -3.4271685022033521E-009  -2.5275554807864775E-008
          30  -2.2441550022457000E-008  -1.9172202165785066E-008
   8.6539437330359951E-009   6.4552200228061259E-009
  -1.6857717357700042E-008  -1.3131684465122972E-008
          31  -1.9281595582178291E-008  -7.3839209603674142E-009
   7.5239566780892242E-009   2.4993545645584626E-009
  -1.4554273934516290E-008  -5.0994403194944248E-009
          32  -1.5785290391522357E-008  -3.3755022631461843E-009
   6.2833325522537951E-009   1.1649893372525834E-009
  -1.2025120325194216E-008  -2.3914532841611649E-009
          33  -1.3657964069041476E-008  -1.6915531514419187E-009
   5.4982527131571557E-009   6.1338418681177549E-010
  -1.0418981097698844E-008  -1.2736896507128931E-009
          34  -1.2424208688559764E-008  -8.1665203538807844E-010
   5.0048789970781833E-009   3.3527908909219356E-010
  -9.4028946454112737E-009  -7.1213333365106029E-010
          35  -1.1757899060069680E-008  -2.7329140533165491E-010
   4.6910275510714794E-009   1.7065758822875867E-010
  -8.7482414073214658E-009  -3.8216594380768528E-010
          36  -1.1488457747781935E-008   1.2402197971781608E-010
   4.4969768886469475E-009   5.7457154525437823E-011
  -8.3326638985134419E-009  -1.5832246564477514E-010
          37  -1.1532496569758447E-008   4.6330329564541474E-010
   4.3923336847794948E-009  -3.4229009844871263E-011
  -8.0928839671271041E-009   1.9133793660888334E-011
          38  -1.1857577782131606E-008   7.9718320525529393E-010
   4.3643732692728940E-009  -1.2407471076790339E-010
  -8.0004724686254171E-009   1.8827987481013628E-010
          39  -1.2467476766971413E-008   1.1679466240472809E-009
   4.4137048159470827E-009  -2.3299905590503511E-010
  -8.0525758519541437E-009   3.8773801821027585E-010
          40  -1.3398751974266651E-008   1.6223066552748482E-009
   4.5543242838553988E-009  -3.9773248499670796E-010
  -8.2713343600855055E-009   6.8315517859254700E-010
          41  -1.4725490236499854E-008   2.2271804056874154E-009
   4.8117210460326415E-009  -7.0957645320503748E-010
  -8.6995292932226121E-009   1.2358561477767808E-009
          42  -1.6570551863506930E-008   3.0980534858902814E-009
   5.1473893470298473E-009  -1.4433773652041027E-009
  -9.2664789519184598E-009   2.5303419083950126E-009
          43  -1.9097694421961488E-008   4.4444937133611045E-009
   4.6971862376689064E-009  -3.0898249044246874E-009
  -8.4464774423465072E-009   5.4310978302933332E-009
          44  -2.2598115122582220E-008   6.5109383131378083E-009
   2.2638017648026400E-009  -3.1003440899515292E-009
  -4.1233900998762391E-009   5.4405330899668887E-009
          45  -2.7860987140776909E-008   1.0169555407168527E-008
   1.8841518685207746E-009  -1.5431889749369953E-009
  -3.4120010085457188E-009   2.6727597808391628E-009
          46  -3.5649215984283992E-008   1.7814230611794709E-008
   2.3089599725799403E-009  -8.7816898740770470E-010
  -4.1009621688295541E-009   1.4489222344794320E-009
          47  -4.5482463821957942E-008   3.6220007714157282E-008
   2.7280518107197839E-009  -5.7885751859031810E-010
  -4.7591641078948475E-009   7.8597753613491681E-010
          48  -3.9004450711135432E-008   8.0628969871573153E-008
   3.2879867372615006E-009  -2.7343149286528610E-010
  -5.7813272787398890E-009  -1.0708457573339480E-010
          49   3.3420296506889489E-008   9.6666651497396877E-008
   4.5516696665304044E-009  -4.1214295598837275E-010
  -8.5954360475502908E-009  -3.7868453673097130E-011
          50   5.8479860773623460E-008   4.5787783110983418E-008
   5.6279213650559715E-009  -1.6576225894181281E-009
  -1.0755502729551869E-008   2.5535961514802434E-009
          51   4.9257850298093117E-008   2.0638923533521816E-008
   6.3358627215954513E-009  -3.9333515511060157E-009
  -1.1978180475200838E-008   6.7822088472827079E-009
          52   4.0377760331617471E-008   1.0528929505799332E-008
   4.3332597624581861E-009  -8.0673784045992105E-009
  -8.4177943738136508E-009   1.4168419169340236E-008
          53   3.4232956620130151E-008   5.9371083725612125E-009
  -1.6508228986679646E-009  -7.0792703786976642E-009
   2.1383379115923933E-009   1.2477380794277795E-008
          54   3.0324468191981253E-008   3.5840906548144939E-009
  -2.4041136326382385E-009  -3.2762065597050321E-009
   3.4464928394975084E-009   5.8050292866664473E-009
          55   2.7819880212265707E-008   2.1151253480958994E-009
  -1.5479371749712479E-009  -1.6226031006105334E-009
   1.8961886169133767E-009   2.9176920613510314E-009
          56   2.6232014074409972E-008   1.0904753551186901E-009
  -8.2787184889860915E-010  -9.3692991826897882E-010
   5.6752402981525571E-010   1.7363830996864966E-009
          57   2.5317651992158871E-008   3.0176707797147464E-010
  -3.1908541704972102E-010  -6.0979537332661029E-010
  -4.0742998205151031E-010   1.1893816613550886E-009
          58   2.4944659358678106E-008  -3.7033281472256469E-010
   4.7199777314100198E-011  -4.3481151767527146E-010
  -1.1526496902495011E-009   9.1529252148117112E-010
          59   2.5047725521289274E-008  -1.0045978582360001E-009
   3.2330169797713424E-010  -3.3428056998593831E-010
  -1.7644392345261181E-009   7.7992383990147428E-010
          60   2.5609181038563828E-008  -1.6639392198323154E-009
   5.4260232557237785E-010  -2.7526374678453559E-010
  -2.3072340198626816E-009   7.2884634174512915E-010
          61   2.6652038807046168E-008  -2.4113624781671838E-009
   7.2684103240062587E-010  -2.4283741171057492E-010
  -2.8278799542275873E-009   7.4100514334650038E-010
          62   2.8242204769260683E-008  -3.3247994350140356E-009
   8.9122503594660692E-010  -2.3065535590636100E-010
  -3.3663438784692589E-009   8.1331583406932410E-010
          63   3.0499292195387414E-008  -4.5173827664268346E-009
   1.0492553841957236E-009  -2.3768071237370417E-010
  -3.9637742173081852E-009   9.5704026472416161E-010
          64   3.3618881026548398E-008  -6.1732970426496934E-009
   1.2138522751553970E-009  -2.6769769260350503E-010
  -4.6703497935164141E-009   1.2013894612635035E-009
          65   3.7911548524389803E-008  -8.6213353739479889E-009
   1.4007253923411446E-009  -3.3137115809440036E-010
  -5.5552337471948792E-009   1.6064138593621063E-009
          66   4.3867673920588280E-008  -1.2503210230731264E-008
   1.6310599290822884E-009  -4.5253022406432297E-010
  -6.7207234679634262E-009   2.2956728558200944E-009
          67   5.2225749525949965E-008  -1.9200389852981075E-008
   1.9355055479742623E-009  -6.8522809842904881E-010
  -8.3175515120143680E-009   3.5412182873137582E-009
          68   6.3817045380922190E-008  -3.2028139682971303E-008
   2.3481382050179323E-009  -1.1622063828582840E-009
  -1.0515949015485617E-008   6.0033635584587623E-009
          69   7.7313250074655240E-008  -5.9619218870127244E-008
   2.8141559199103085E-009  -2.2333927732282374E-009
  -1.3059012846430358E-008   1.1414623345196140E-008
          70   7.2498608721743355E-008  -1.1915581361085465E-007
   2.5123793538064690E-009  -4.6039534768800482E-009
  -1.1905353872079685E-008   2.3260620480677116E-008
          71  -1.6068484705700521E-008  -1.6797082801474864E-007
  -1.2507292965790536E-009  -6.5544542222918966E-009
   6.1974473302178792E-009   3.3078713483085759E-008
          72  -8.8162932540417554E-008  -1.0489447401405945E-007
  -4.4371345045046636E-009  -3.9132484101406791E-009
   2.1315843854368332E-008   2.0323738913853980E-008
          73  -8.5136101590191724E-008  -5.1404292767324727E-008
  -4.6216896031749023E-009  -1.6003157926969572E-009
   2.1458310155355179E-008   9.2815110621214291E-009
          74  -7.0990395672060735E-008  -2.7491897752235467E-008
  -4.4296933844422494E-009  -4.3734079808262420E-010
   1.9499059856928132E-008   4.0551338565611753E-009
          75  -5.9761506379452692E-008  -1.6274171490934015E-008
  -4.4712901872899015E-009   2.9051570802038248E-010
   1.8359960423507547E-008   1.2111395118757564E-009
          76  -5.1798907328381081E-008  -1.0366582350966510E-008
  -4.8129379474843112E-009   9.4330410392344348E-010
   1.8226973608409303E-008  -8.5677148628251431E-010
          77  -4.6157335945177356E-008  -6.9658344696305331E-009
  -5.4887676858745328E-009   1.7538458628842428E-009
   1.9065938883153625E-008  -2.9586255618837874E-009
          78  -4.2095317302925927E-008  -4.9460011549928767E-009
  -6.5622314957358000E-009   3.0270214193975878E-009
   2.0925023350996406E-008  -5.8571408827060731E-009
          79  -3.9147654556572899E-008  -3.9129447929330939E-009
  -8.0424325115526318E-009   5.3975572715150009E-009
   2.3772211655779618E-008  -1.0910319337394153E-008
          80  -3.7232841480477374E-008  -3.9761079909345819E-009
  -9.2204219280421470E-009   1.0326973595394611E-008
   2.6138793199901298E-008  -2.1123850024195999E-008
          81  -3.7490030567499670E-008  -5.2800516843841394E-009
  -5.4769869451198751E-009   1.8992448375504955E-008
   1.8629535467447569E-008  -3.8912055044724503E-008
          82  -4.1087125039068018E-008  -4.6125983087458756E-009
   7.7261850160570036E-009   2.0492901956034846E-008
  -7.9759822846156937E-009  -4.2154331524206348E-008
          83  -4.3196961917833113E-008  -1.0362228858588791E-009
   1.3458249157781926E-008   1.1717071950304911E-008
  -1.9288376710474072E-008  -2.4548851929402126E-008
          84  -4.4105192101507295E-008   1.7621723454856102E-009
   1.2555664129235829E-008   6.0433463743584750E-009
  -1.6990700564090025E-008  -1.3284230709786558E-008
          85  -4.5550732483133957E-008   3.9355053904231965E-009
   1.0920284290871313E-008   3.3740376890454161E-009
  -1.3044196458932416E-008  -8.1875558781922113E-009
          86  -4.7970063936657241E-008   6.1173742731809372E-009
   9.6378293239398363E-009   2.0296067661389379E-009
  -9.6125972152612528E-009  -5.8860558737716787E-009
          87  -5.1581167122693398E-008   8.7605949162712297E-009
   8.7258294316640090E-009   1.2719685169614859E-009
  -6.6717165941121738E-009  -4.9423807028270455E-009
          88  -5.6690308206820497E-008   1.2367951801079581E-008
   8.0910769551612480E-009   7.9485635008358914E-010
  -3.9417224488622179E-009  -4.8415170935459212E-009
          89  -6.3771204400501868E-008   1.7748767955889629E-008
   7.6602793140295954E-009   4.5599072988459227E-010
  -1.1407319497760661E-009  -5.4938775307032528E-009
          90  -7.3493494097890341E-008   2.6467986046132926E-008
   7.3873234495310580E-009   1.7466730710141677E-010
   2.0078394042805093E-009  -7.1371925097542410E-009
          91  -8.6479943308478821E-008   4.1905462442380101E-008
   7.2439104499575836E-009  -1.1603424146074810E-010
   5.7339502593343917E-009  -1.0513761463147664E-008
          92  -1.0138337809298044E-007   7.1826298338882748E-008
   7.1941091744964193E-009  -5.0938656617497732E-010
   9.7735135012640519E-009  -1.7462724532117433E-008
          93  -1.0386855313231227E-007   1.3132000405536668E-007
   7.0896332298292006E-009  -1.1608084106510476E-009
   1.0714162918438509E-008  -3.1635852897557654E-008
          94  -3.7393570396619193E-008   2.0904792136521232E-007
   6.3865932218858364E-009  -1.9753898908863863E-009
  -5.1334285163608422E-009  -5.0370145639537010E-008
          95   8.2523436371284330E-008   1.8496867514470582E-007
   5.2165419663107254E-009  -1.8270339014299842E-009
  -3.4212090090688672E-008  -4.4562662142831372E-008
          96   1.1542716062485319E-007   1.0427434934758212E-007
   4.9009556528279711E-009  -1.1361255638130366E-009
  -4.2432814798826092E-008  -2.4894731708417805E-008
          97   1.0404556757846586E-007   5.6811655502112944E-008
   5.0431214395800281E-009  -7.5584003000725125E-010
  -3.9980741648426934E-008  -1.3183611590567336E-008
          98   8.8730769861209021E-008   3.3390927266155451E-008
   5.2621386882138556E-009  -6.0634220299472642E-010
  -3.6646895677203232E-008  -7.2645649525835302E-009
          99   7.6594636106463222E-008   2.1038138931041437E-008
   5.4922213704022244E-009  -5.7053807092431877E-010
  -3.4187654948859705E-008  -3.9951954882850817E-009
         100   6.7683682461412103E-008   1.3893780235613523E-008
   5.7373351053256614E-009  -5.9933764495774821E-010
  -3.2643323007862183E-008  -1.9381084246811607E-009
         101   6.1212423913331994E-008   9.4094277855416348E-009
   6.0129891707481652E-009  -6.7750451219351178E-010
  -3.1855927609035751E-008  -4.4739260707078759E-010
         102   5.6521176703268603E-008   6.3962328738166222E-009
   6.3366183163213321E-009  -8.0744881045344254E-010
  -3.1708509377151110E-008   8.0873293022638339E-010
         103   5.3150427465556687E-008   4.2592675983503227E-009
   6.7301195566161038E-009  -1.0061836505559000E-009
  -3.2148852354147332E-008   2.0455544755548699E-009
         104   5.0789725369609181E-008   2.6927089187309731E-009
   7.2207406075274459E-009  -1.3106557351394790E-009
  -3.3184054843978247E-008   3.4607041220975907E-009
         105   4.9230256620060278E-008   1.5606741603828207E-009
   7.8435617924499204E-009  -1.7944188832567069E-009
  -3.4872658790238482E-008   5.3164983264836931E-009
         106   4.8344651132714881E-008   8.7418564478397227E-010
   8.6330814565066116E-009  -2.6076657087345105E-009
  -3.7297347383586647E-008   8.0663062194823261E-009
         107   4.8130934376442043E-008   8.5568648164603411E-010
   9.5694563769298147E-009  -4.0699565647347473E-009
  -4.0416314491213025E-008   1.2614336763845419E-008
         108   4.9019799231975441E-008   2.0941270332095818E-009
   1.0298325379128417E-008  -6.8355820576203087E-009
  -4.3318452043731977E-008   2.0768009774184574E-008
         109   5.3075291189024442E-008   5.1947630803357779E-009
   9.0511848795781453E-009  -1.1607811334600017E-008
  -4.1339119362873797E-008   3.4486858191105288E-008
         110   6.4277260695104542E-008   6.4727049694136565E-009
   2.3924943650216690E-009  -1.5303915677441667E-008
  -2.5392659598787785E-008   4.5654295669612550E-008
         111   7.7466220595581546E-008  -1.3963158598229694E-009
  -4.8260825801465945E-009  -1.1669090788448851E-008
  -8.5874882663323639E-009   3.7754500280976494E-008
         112   8.6460850114977742E-008  -1.2969932078788152E-008
  -6.6865977661540720E-009  -6.1719570260890996E-009
  -6.9378558953099035E-009   2.5749291969962132E-008
         113   9.5411272483352668E-008  -2.5445459909184295E-008
  -6.4616836161380517E-009  -2.4441721146558894E-009
  -1.1960680444953768E-008   1.9995268525883037E-008
         114   1.0702115892637712E-007  -4.2217254926146581E-008
  -6.1804637946236035E-009   3.7825799848317185E-010
  -1.8468745252973010E-008   1.9485255702763517E-008
         115   1.2108016216372181E-007  -6.9676469320696800E-008
  -6.1808747369925342E-009   3.5090523483447085E-009
  -2.5232323955061006E-008   2.3696744984740445E-008
         116   1.3049583015715749E-007  -1.1912278975953875E-007
  -5.8161798919001838E-009   8.2959491472492090E-009
  -3.0524161439615332E-008   3.4351863702349802E-008
         117   1.0341651320263553E-007  -1.9891493411645028E-007
  -2.0810749932279071E-009   1.5656419687680648E-008
  -2.6855800725957861E-008   5.3063243474984463E-008
         118  -7.4324816893702193E-009  -2.4885896405053750E-007
   9.5073730035522826E-009   2.0098329949900733E-008
  -2.9360980381271909E-009   6.5238713755691823E-008
         119  -1.0829346056080404E-007  -1.8730497124376141E-007
   2.0433030050354701E-008   1.4000844695913282E-008
   1.8617087416684003E-008   5.1042662451030738E-008
         120  -1.2606514206860495E-007  -1.1041308160336861E-007
   2.4001503729881838E-008   6.1178968850314447E-009
   1.9839702590768382E-008   3.3590103673439886E-008
         121  -1.1326969078072796E-007  -6.5458467693300930E-008
   2.5187135287987949E-008   6.7335738813579701E-010
   1.3022529133032812E-008   2.4609012512590021E-008
         122  -9.7396664698069386E-008  -4.1653719935618866E-008
   2.6751757768209288E-008  -3.6752431347320553E-009
   4.4406434437793466E-009   2.2131782226785110E-008
         123  -8.3962859186048087E-008  -2.8804177853448763E-008
   2.9465272774476151E-008  -8.6558470491345324E-009
  -4.9779670123672636E-009   2.5007975428978430E-008
         124  -7.3243384222293678E-008  -2.2207527692571388E-008
   3.3368322977041276E-008  -1.6540489080420102E-008
  -1.5159864164369732E-008   3.5140351143844378E-008
         125  -6.5157661314437008E-008  -2.0453482390515613E-008
   3.6293596183042547E-008  -3.1642221711697981E-008
  -2.2487399818730598E-008   5.9110297807553407E-008
         126  -6.2322389157751709E-008  -2.3264046511379354E-008
   2.5395912106798804E-008  -5.7431917994677114E-008
  -4.4971359875216819E-009   1.0249617193292760E-007
         127  -6.8224773898851883E-008  -2.2741946162813810E-008
  -1.4128123763287766E-008  -6.4555779863011382E-008
   6.4793757925461749E-008   1.1319156928504055E-007
         128  -7.0722017699754417E-008  -1.4529221023270083E-008
  -3.4767956657961896E-008  -3.8170164307388895E-008
   1.0152514149711135E-007   6.4755299178873969E-008
         129  -6.8466291145183349E-008  -8.8381332571804784E-009
  -3.3102731261732452E-008  -1.9125853028007176E-008
   9.9640303323092351E-008   2.8955260785504461E-008
         130  -6.6244194398753753E-008  -6.6473474658330697E-009
  -2.8228515862142584E-008  -9.6488410111855563E-009
   9.2770685836863655E-008   9.3059937396157396E-009
         131  -6.5704437830408762E-008  -7.3336414613910616E-009
  -2.4234045930621267E-008  -4.2805937590542288E-009
   8.7814201809834763E-008  -4.4903754652709731E-009
         132  -6.9248038440723728E-008  -1.0933446428619415E-008
  -2.0893065789481633E-008  -3.5389209132664220E-010
   8.3027478439552084E-008  -1.7844878451606838E-008
         133  -8.1557215858591525E-008  -1.3800886941994070E-008
  -1.7026203885927319E-008   2.5547036586669141E-009
   7.3559767467676530E-008  -2.9763109284437814E-008
         134  -9.9508451641370927E-008  -6.1004200999308137E-009
  -1.3073956096015972E-008   3.0663401462254396E-009
   6.2484211756129229E-008  -3.2288910144630052E-008
         135  -1.1257851890772663E-007   9.7415173312947180E-009
  -1.1072166192075032E-008   2.0697040398300460E-009
   6.0497677574035469E-008  -2.9597046499107456E-008
         136  -1.2283002932216808E-007   2.7190794601847229E-008
  -1.0649303513946200E-008   1.2877044307093650E-009
   6.6194282604924601E-008  -3.0704098125973406E-008
         137  -1.3454891605974977E-007   4.8375166743913464E-008
  -1.1076163370731334E-008   9.2529243802741953E-010
   7.5935050057854171E-008  -3.8069283289483888E-008
         138  -1.4807311421645588E-007   7.9753920461172701E-008
  -1.2388235120719692E-008   8.7991468048663705E-010
   8.8341675092830123E-008  -5.4079232685688151E-008
