   262144.00000000000     
         256           1           3
   1.7567330116226543E-005  -6.2812290861650002       -178.01823173560001     
   6.0401400154609997        12.000000000000000        5733.8999999999996     
           0   0.0000000000000000        0.0000000000000000     
   0.0000000000000000        0.0000000000000000     
   0.0000000000000000        0.0000000000000000     
           1  -6.1870409572245840E-009   5.2191978585684768E-011
  -1.1023922036802229E-009   7.6072577202919024E-012
   0.0000000000000000        0.0000000000000000     
           2  -6.1347794066356999E-009   1.8212173183472092E-010
  -1.0914045494147912E-009   2.9328302290969885E-011
   0.0000000000000000        0.0000000000000000     
           3  -6.1332707763858022E-009   2.2343140085913442E-010
  -1.0878570757808652E-009   3.5372295244205007E-011
   0.0000000000000000        0.0000000000000000     
           4  -6.1802652003768369E-009   2.5200842568585909E-010
  -1.0913396198926874E-009   3.9035977414907933E-011
   0.0000000000000000        0.0000000000000000     
           5  -6.2655124221973236E-009   2.7971232306738615E-010
  -1.0999546788083349E-009   4.2362448666950029E-011
   0.0000000000000000        0.0000000000000000     
           6  -6.3859252827313518E-009   3.0952085034131638E-010
  -1.1130069526992658E-009   4.5826805292632618E-011
   0.0000000000000000        0.0000000000000000     
           7  -6.5416502612800322E-009   3.4280027808514838E-010
  -1.1303124544431969E-009   4.9610529591050073E-011
   0.0000000000000000        0.0000000000000000     
           8  -6.7346535963390541E-009   3.8062379845604970E-010
  -1.1519420704136414E-009   5.3829492921628865E-011
   0.0000000000000000        0.0000000000000000     
           9  -6.9682930830058612E-009   4.2412690109695829E-010
  -1.1781331295773296E-009   5.8591585807192897E-011
   0.0000000000000000        0.0000000000000000     
          10  -7.2472731825850519E-009   4.7466560750403437E-010
  -1.2092627196713662E-009   6.4017961378067430E-011
   0.0000000000000000        0.0000000000000000     
          11  -7.5778005356900784E-009   5.3394209356180686E-010
  -1.2458490322750526E-009   7.0255969110130172E-011
   0.0000000000000000        0.0000000000000000     
          12  -7.9678948902339287E-009   6.0415044607262200E-010
  -1.2885701901805167E-009   7.7491784427675116E-011
   0.0000000000000000        0.0000000000000000     
          13  -8.4278676214372808E-009   6.8817456528837851E-010
  -1.3382986263278687E-009   8.5966383210557533E-011
   0.0000000000000000        0.0000000000000000     
          14  -8.9710178155125420E-009   7.8987433569737949E-010
  -1.3961535497567715E-009   9.5998032804363500E-011
   0.0000000000000000        0.0000000000000000     
          15  -9.6146372195302427E-009   9.1451437283118520E-010
  -1.4635778200869133E-009   1.0801559704647671E-010
   0.0000000000000000        0.0000000000000000     
          16  -1.0381475579714487E-008   1.0694256198354043E-009
  -1.5424503930527411E-009   1.2260959078858443E-010
   0.0000000000000000        0.0000000000000000     
          17  -1.1301916663168853E-008   1.2650576299882255E-009
  -1.6352530848445187E-009   1.4061300620096106E-010
   0.0000000000000000        0.0000000000000000     
          18  -1.2417286912545514E-008   1.5167094206144946E-009
  -1.7453233936836577E-009   1.6323376903112894E-010
   0.0000000000000000        0.0000000000000000     
          19  -1.3785029889696984E-008   1.8474880519090015E-009
  -1.8772485501957745E-009   1.9228044914572650E-010
   0.0000000000000000        0.0000000000000000     
          20  -1.5487067192000694E-008   2.2935972176186492E-009
  -2.0375001112035626E-009   2.3056467395190033E-010
   0.0000000000000000        0.0000000000000000     
          21  -1.7643823351885083E-008   2.9143038090241258E-009
  -2.2354952109874501E-009   2.8265781817270037E-010
   0.0000000000000000        0.0000000000000000     
          22  -2.0438770125872026E-008   3.8119483089591847E-009
  -2.4854487891633040E-009   3.5640742182259704E-010
   0.0000000000000000        0.0000000000000000     
          23  -2.4163309821685525E-008   5.1753479509052053E-009
  -2.8098220737684562E-009   4.6622116192019057E-010
   0.0000000000000000        0.0000000000000000     
          24  -2.9303593687093574E-008   7.3833635977120465E-009
  -3.2455524451060159E-009   6.4089239648128326E-010
   0.0000000000000000        0.0000000000000000     
          25  -3.6710173198425007E-008   1.1283935834463226E-008
  -3.8572020643308000E-009   9.4465707754609710E-010
   0.0000000000000000        0.0000000000000000     
          26  -4.7903325192407355E-008   1.9070294987235696E-008
  -4.7595615525660360E-009   1.5432440140975984E-009
   0.0000000000000000        0.0000000000000000     
          27  -6.5052582685466746E-008   3.7577439643098910E-008
  -6.1144513044176674E-009   2.9519477504379686E-009
   0.0000000000000000        0.0000000000000000     
          28  -8.1346228061754749E-008   9.1144436480749582E-008
  -7.4044756816680199E-009   7.0009221836785918E-009
   0.0000000000000000        0.0000000000000000     
          29   5.5332673268573020E-009   1.8085215967589233E-007
  -9.2943295076903940E-010   1.3741858622964408E-008
   0.0000000000000000        0.0000000000000000     
          30   1.0146607773314074E-007   9.4104756729900278E-008
   6.1625368092661276E-009   7.2030062894303411E-009
   0.0000000000000000        0.0000000000000000     
          31   8.5059867038514061E-008   3.6750678034370148E-008
   4.7927665137110335E-009   2.9131012011709165E-009
   0.0000000000000000        0.0000000000000000     
          32   6.7055464906588723E-008   1.7417760561562724E-008
   3.2955259685106825E-009   1.4900399304659492E-009
   0.0000000000000000        0.0000000000000000     
          33   5.5644706971447699E-008   9.4430656349730970E-009
   2.2748949227125744E-009   9.2638174668839700E-010
   0.0000000000000000        0.0000000000000000     
          34   4.8442479079169319E-008   5.4484701340789590E-009
   1.5434152607059383E-009   6.6992075112663967E-010
   0.0000000000000000        0.0000000000000000     
          35   4.3806061387043035E-008   3.1251050589449792E-009
   9.6891280992179713E-010   5.5099019166958114E-010
   0.0000000000000000        0.0000000000000000     
          36   4.0842820727562900E-008   1.5938629596687628E-009
   4.7245296872370173E-010   5.0948535462810482E-010
   0.0000000000000000        0.0000000000000000     
          37   3.9069165079376186E-008   4.6143338100407767E-010
   1.5190569382561362E-012   5.2573597371415988E-010
   0.0000000000000000        0.0000000000000000     
          38   3.8220680290248696E-008  -4.7364564368533068E-010
  -4.8879313612437227E-010   6.0253901317912093E-010
   0.0000000000000000        0.0000000000000000     
          39   3.8163940746274816E-008  -1.3256318480342250E-009
  -1.0475897692031276E-009   7.6717351845969573E-010
   0.0000000000000000        0.0000000000000000     
          40   3.8854258394773312E-008  -2.1529651374005185E-009
  -1.7404693423209504E-009   1.0964376357061830E-009
   0.0000000000000000        0.0000000000000000     
          41   4.0331152844978212E-008  -2.9239152148293041E-009
  -2.6510705159490867E-009   1.8067954733663032E-009
   0.0000000000000000        0.0000000000000000     
          42   4.2900060372499606E-008  -3.3177585375809227E-009
  -3.6953927005821222E-009   3.5663701729983511E-009
   0.0000000000000000        0.0000000000000000     
          43   4.8688291010514798E-008  -2.8082265205828407E-009
  -2.7651427026200080E-009   7.5579571431484904E-009
   0.0000000000000000        0.0000000000000000     
          44   6.0549072279421536E-008  -7.2735314043832679E-009
   3.0014971307646051E-009   7.5260834509321283E-009
   0.0000000000000000        0.0000000000000000     
          45   7.1642966418832061E-008  -1.7995209002668277E-008
   3.7052608156064451E-009   3.7430336565448639E-009
   0.0000000000000000        0.0000000000000000     
          46   8.6234511511773830E-008  -3.4659086814277800E-008
   2.4277791933322644E-009   2.2633187738328842E-009
   0.0000000000000000        0.0000000000000000     
          47   1.0501673719001009E-007  -7.1644026108383164E-008
   1.1469698846287653E-009   1.9852857858971494E-009
   0.0000000000000000        0.0000000000000000     
          48   9.1923803903979988E-008  -1.5924954018744556E-007
   6.2916357509000573E-011   2.5090023104288436E-009
   0.0000000000000000        0.0000000000000000     
          49  -4.9808935237253103E-008  -1.9062129212919166E-007
  -4.2573019312685956E-010   3.2759929883081541E-009
   0.0000000000000000        0.0000000000000000     
          50  -9.7544510961017271E-008  -9.1732523693444773E-008
  -1.6088440330860816E-009   4.1717583380668542E-009
   0.0000000000000000        0.0000000000000000     
          51  -7.8177844559315287E-008  -4.5050709966415499E-008
  -3.0425354526186565E-009   7.4791186978569274E-009
   0.0000000000000000        0.0000000000000000     
          52  -6.2572563531676020E-008  -3.0268224924683212E-008
   3.2761555117245819E-010   1.4423375195581434E-008
   0.0000000000000000        0.0000000000000000     
          53  -5.7134104119735188E-008  -2.0536806223503958E-008
   1.0734914882544741E-008   1.2443683592125498E-008
   0.0000000000000000        0.0000000000000000     
          54  -5.0031548004164069E-008  -1.1713546589899380E-008
   1.1967271481638272E-008   5.6296687423596165E-009
   0.0000000000000000        0.0000000000000000     
          55  -4.3615204252500220E-008  -7.0730386334293453E-009
   1.0447741917373674E-008   2.6473009235465680E-009
   0.0000000000000000        0.0000000000000000     
          56  -3.8989649409052160E-008  -4.4588315330027078E-009
   9.2277759632140768E-009   1.3792305932157014E-009
   0.0000000000000000        0.0000000000000000     
          57  -3.5767510481065939E-008  -2.7671472560301556E-009
   8.4282929570137465E-009   7.4305407429428341E-010
   0.0000000000000000        0.0000000000000000     
          58  -3.3589243851804183E-008  -1.5350434598269435E-009
   7.9257312788010331E-009   3.7047294143529059E-010
   0.0000000000000000        0.0000000000000000     
          59  -3.2230975302392848E-008  -5.3449439993705201E-010
   7.6300688696164136E-009   1.2032890050352691E-010
   0.0000000000000000        0.0000000000000000     
          60  -3.1568606041012571E-008   3.7064503056814796E-010
   7.4886858221394138E-009  -7.0444444840079975E-011
   0.0000000000000000        0.0000000000000000     
          61  -3.1552274987389686E-008   1.2823613502488841E-009
   7.4730570334366174E-009  -2.3493044503897717E-010
   0.0000000000000000        0.0000000000000000     
          62  -3.2194308888893100E-008   2.2999842856635028E-009
   7.5703743720017771E-009  -3.9431606123699573E-010
   0.0000000000000000        0.0000000000000000     
          63  -3.3571806869036562E-008   3.5475963067231343E-009
   7.7795655788245019E-009  -5.6633511374746015E-010
   0.0000000000000000        0.0000000000000000     
          64  -3.5842751284754976E-008   5.2125952953735409E-009
   8.1104073738300588E-009  -7.7111033640165226E-010
   0.0000000000000000        0.0000000000000000     
          65  -3.9281448438699562E-008   7.6189219974431684E-009
   8.5850881352708858E-009  -1.0382896079972922E-009
   0.0000000000000000        0.0000000000000000     
          66  -4.4335301691011086E-008   1.1390933325385519E-008
   9.2424342418056209E-009  -1.4206670775342036E-009
   0.0000000000000000        0.0000000000000000     
          67  -5.1687519805806598E-008   1.7866367190207813E-008
   1.0143249403000426E-008  -2.0270544743310658E-009
   0.0000000000000000        0.0000000000000000     
          68  -6.2098403239782068E-008   3.0248117295663635E-008
   1.1358632901004942E-008  -3.1130264287523043E-009
   0.0000000000000000        0.0000000000000000     
          69  -7.4205218942745320E-008   5.6855883599338347E-008
   1.2801598704373179E-008  -5.3374525847242865E-009
   0.0000000000000000        0.0000000000000000     
          70  -6.8347649744700589E-008   1.1413515929372723E-007
   1.2966611946921370E-008  -1.0010799553393380E-008
   0.0000000000000000        0.0000000000000000     
          71   1.8411130383629792E-008   1.6044016764596744E-007
   6.9300786977549509E-009  -1.3940963950622672E-008
   0.0000000000000000        0.0000000000000000     
          72   8.8681376700291569E-008   9.8722056816687006E-008
   2.2656442947726174E-009  -9.4951746789488385E-009
   0.0000000000000000        0.0000000000000000     
          73   8.6697491660826366E-008   4.6614521745521952E-008
   3.4688612474717629E-009  -5.8614118996035267E-009
   0.0000000000000000        0.0000000000000000     
          74   7.4475693218496539E-008   2.2923992069257164E-008
   5.7795618834740245E-009  -4.6161101314500018E-009
   0.0000000000000000        0.0000000000000000     
          75   6.5586317281969408E-008   1.1127520588619321E-008
   8.2329609257327112E-009  -4.5837089356158285E-009
   0.0000000000000000        0.0000000000000000     
          76   6.0508794288763124E-008   3.8528652476977668E-009
   1.0946010850274710E-008  -5.3837502761598981E-009
   0.0000000000000000        0.0000000000000000     
          77   5.8594729723545641E-008  -2.0809679269467674E-009
   1.4200840073042625E-008  -7.1572752058757319E-009
   0.0000000000000000        0.0000000000000000     
          78   5.9476563319629643E-008  -8.8063481045179527E-009
   1.8328293244348668E-008  -1.0589550231111801E-008
   0.0000000000000000        0.0000000000000000     
          79   6.2770497565088503E-008  -1.9202149720372842E-008
   2.3434320894125603E-008  -1.7486705349697905E-008
   0.0000000000000000        0.0000000000000000     
          80   6.5440236431053245E-008  -3.9044983539017788E-008
   2.7401849748458943E-008  -3.2188762250863182E-008
   0.0000000000000000        0.0000000000000000     
          81   4.9617341767392183E-008  -7.2685230778000668E-008
   1.6287378332009516E-008  -5.8106355006756472E-008
   0.0000000000000000        0.0000000000000000     
          82  -1.4569179658428570E-009  -7.8281230835099337E-008
  -2.3328250831842171E-008  -6.2179232535200797E-008
   0.0000000000000000        0.0000000000000000     
          83  -2.2950299088718873E-008  -4.5047152139199186E-008
  -4.0204358611111318E-008  -3.5410416296972317E-008
   0.0000000000000000        0.0000000000000000     
          84  -1.8888596860474482E-008  -2.4106209815521573E-008
  -3.7189334339090917E-008  -1.8182190895940512E-008
   0.0000000000000000        0.0000000000000000     
          85  -1.1795425736089838E-008  -1.4787814662974269E-008
  -3.2103498237803216E-008  -1.0046224148609986E-008
   0.0000000000000000        0.0000000000000000     
          86  -5.6600406838469614E-009  -1.0693213890893304E-008
  -2.8185930586580063E-008  -5.8929249991718817E-009
   0.0000000000000000        0.0000000000000000     
          87  -4.0741180070095497E-010  -9.1299522041989600E-009
  -2.5476674046158974E-008  -3.4797276553895706E-009
   0.0000000000000000        0.0000000000000000     
          88   4.4983806927277595E-009  -9.1503187627156494E-009
  -2.3699677372569487E-008  -1.8642922793106411E-009
   0.0000000000000000        0.0000000000000000     
          89   9.5884997121634792E-009  -1.0613068146382398E-008
  -2.2649200053836737E-008  -5.8458869243147870E-010
   0.0000000000000000        0.0000000000000000     
          90   1.5379108492743169E-008  -1.4007739869723984E-008
  -2.2212271519814350E-008   6.6851092369924896E-010
   0.0000000000000000        0.0000000000000000     
          91   2.2282729401641856E-008  -2.0808698914807035E-008
  -2.2327480113287529E-008   2.2393160660933518E-009
   0.0000000000000000        0.0000000000000000     
          92   2.9704855724398171E-008  -3.4627994060981153E-008
  -2.2831494996594865E-008   4.7354567822426093E-009
   0.0000000000000000        0.0000000000000000     
          93   3.0797919083706614E-008  -6.2535367993822716E-008
  -2.2670126031789521E-008   9.2544425265719961E-009
   0.0000000000000000        0.0000000000000000     
          94  -1.2905245826705823E-009  -9.8829923314301598E-008
  -1.7841687217475750E-008   1.5015512271228510E-008
   0.0000000000000000        0.0000000000000000     
          95  -5.8595396556409885E-008  -8.6374706440735221E-008
  -9.4440025445157777E-009   1.3598908546431910E-008
   0.0000000000000000        0.0000000000000000     
          96  -7.4427026466868954E-008  -4.7324706378367990E-008
  -7.3442892655379061E-009   8.2254063111715917E-009
   0.0000000000000000        0.0000000000000000     
          97  -6.9573542772426501E-008  -2.4249253474366064E-008
  -8.5265035725757778E-009   5.2246232979300702E-009
   0.0000000000000000        0.0000000000000000     
          98  -6.3244126776999682E-008  -1.2547470381928295E-008
  -1.0167567272203600E-008   3.9637853629147256E-009
   0.0000000000000000        0.0000000000000000     
          99  -5.8815497463816049E-008  -5.9590018195746538E-009
  -1.1794483951397949E-008   3.5555862988478435E-009
   0.0000000000000000        0.0000000000000000     
         100  -5.6354805903669453E-008  -1.6250641752224285E-009
  -1.3442452539923243E-008   3.6246461703527350E-009
   0.0000000000000000        0.0000000000000000     
         101  -5.5580094414548204E-008   1.7665656913623386E-009
  -1.5223547313699343E-008   4.0464335780863746E-009
   0.0000000000000000        0.0000000000000000     
         102  -5.6319948329465046E-008   4.9410865158280957E-009
  -1.7262839001586802E-008   4.8229219279618971E-009
   0.0000000000000000        0.0000000000000000     
         103  -5.8564486942774759E-008   8.4501842040772878E-009
  -1.9706082083165034E-008   6.0538089442653258E-009
   0.0000000000000000        0.0000000000000000     
         104  -6.2460645406247247E-008   1.2914702254411378E-008
  -2.2735539361332550E-008   7.9653188671510164E-009
   0.0000000000000000        0.0000000000000000     
         105  -6.8299429386539491E-008   1.9290526853461429E-008
  -2.6576197460173359E-008   1.1009083416707958E-008
   0.0000000000000000        0.0000000000000000     
         106  -7.6409541710936997E-008   2.9352047401966995E-008
  -3.1451807608469424E-008   1.6102767714022173E-008
   0.0000000000000000        0.0000000000000000     
         107  -8.6533290919608323E-008   4.6735189491932164E-008
  -3.7255080949679653E-008   2.5184830693776496E-008
   0.0000000000000000        0.0000000000000000     
         108  -9.4726423208718709E-008   7.8748363736189757E-008
  -4.1872978335049017E-008   4.2194078466453605E-008
   0.0000000000000000        0.0000000000000000     
         109  -8.1450953783641922E-008   1.3308482606278971E-007
  -3.4734978329322948E-008   7.1304311303618885E-008
   0.0000000000000000        0.0000000000000000     
         110  -9.3723249843728184E-009   1.7544770556650285E-007
   4.4614704898957676E-009   9.3964078907866468E-008
   0.0000000000000000        0.0000000000000000     
         111   6.6681908593539662E-008   1.3787605206605916E-007
   4.6162672637622390E-008   7.3198975195591893E-008
   0.0000000000000000        0.0000000000000000     
         112   8.1702633874158098E-008   8.2492961310369839E-008
   5.5080728092792858E-008   4.2454037523815014E-008
   0.0000000000000000        0.0000000000000000     
         113   7.1867212472231382E-008   5.0505348698989203E-008
   5.0800507605693016E-008   2.3947032761152693E-008
   0.0000000000000000        0.0000000000000000     
         114   5.9063936405851653E-008   3.5176295413144947E-008
   4.5246265671724446E-008   1.3728275114934725E-008
   0.0000000000000000        0.0000000000000000     
         115   4.7903436492820566E-008   2.9555361984302860E-008
   4.0828834911632743E-008   7.3388204760844750E-009
   0.0000000000000000        0.0000000000000000     
         116   3.9834942220411923E-008   3.1530883868615855E-008
   3.7426214845783437E-008   2.2826718619020236E-009
   0.0000000000000000        0.0000000000000000     
         117   3.9685109475676199E-008   4.0518179663471054E-008
   3.3656942515967403E-008  -2.7112304437640393E-009
   0.0000000000000000        0.0000000000000000     
         118   5.4558031389133015E-008   4.5530801816265500E-008
   2.7628371448848228E-008  -5.9440397203942633E-009
   0.0000000000000000        0.0000000000000000     
         119   6.8226744513529914E-008   3.3094254828246418E-008
   2.2588111446046232E-008  -4.7901710820223818E-009
   0.0000000000000000        0.0000000000000000     
         120   6.8434355482536611E-008   1.9742554469994092E-008
   2.0996386112455660E-008  -2.8927000182807736E-009
   0.0000000000000000        0.0000000000000000     
         121   6.4529141367893491E-008   1.6435579089474324E-008
   2.0858023622881247E-008  -2.0055800164328288E-009
   0.0000000000000000        0.0000000000000000     
         122   7.7930143213956909E-008   1.7381289668911700E-008
   2.1135530698521209E-008  -1.7615384900501699E-009
   0.0000000000000000        0.0000000000000000     
         123   8.2309766586601006E-008  -3.7767594581897897E-010
   2.1601977628575953E-008  -1.7694722375355026E-009
   0.0000000000000000        0.0000000000000000     
         124   8.2257006604733404E-008  -1.0585536037502502E-008
   2.2274064692144842E-008  -1.7238535738457934E-009
   0.0000000000000000        0.0000000000000000     
         125   8.4291760956069130E-008  -2.1824584203586339E-008
   2.3460468787763494E-008  -1.1891871613329005E-009
   0.0000000000000000        0.0000000000000000     
         126   8.2533840871695786E-008  -3.8066917338116464E-008
   2.6687072143684805E-008   8.5793249146900391E-011
   0.0000000000000000        0.0000000000000000     
         127   7.0169792255015904E-008  -4.7754114970547677E-008
   3.3698876346429749E-008  -1.3990658478689322E-009
   0.0000000000000000        0.0000000000000000     
         128   6.8005741740924144E-008  -4.5272893808501670E-008
   3.9374673859081877E-008  -7.6848641522704350E-009
   0.0000000000000000        0.0000000000000000     
         129   7.8079733114334750E-008  -5.0685609379538707E-008
   4.3480725598713545E-008  -1.5062249224356716E-008
   0.0000000000000000        0.0000000000000000     
         130   9.1342028841540780E-008  -6.9387789927145007E-008
   4.7902608474597983E-008  -2.4892143265313594E-008
   0.0000000000000000        0.0000000000000000     
         131   1.0102769018343041E-007  -1.0674695539832290E-007
   5.1268502875233123E-008  -4.0692506770557731E-008
   0.0000000000000000        0.0000000000000000     
         132   8.7462041481811077E-008  -1.6930271190130955E-007
   4.6155378101997332E-008  -6.5670503305378105E-008
   0.0000000000000000        0.0000000000000000     
         133   1.1377272738559351E-008  -2.2972065305461121E-007
   1.7525925646521495E-008  -8.9675652931948222E-008
   0.0000000000000000        0.0000000000000000     
         134  -9.7467966704609220E-008  -2.0825278846980013E-007
  -2.3192415218070244E-008  -8.2399956914436887E-008
   0.0000000000000000        0.0000000000000000     
         135  -1.4534111054815134E-007  -1.3442292532036986E-007
  -4.0101288725398006E-008  -5.5370882869138630E-008
   0.0000000000000000        0.0000000000000000     
         136  -1.4722998104823150E-007  -7.7479390619253612E-008
  -3.8881249830028462E-008  -3.5338854333033770E-008
   0.0000000000000000        0.0000000000000000     
         137  -1.3816634545508177E-007  -4.2366178974369006E-008
  -3.2831661734267431E-008  -2.4623777134754277E-008
   0.0000000000000000        0.0000000000000000     
         138  -1.2993705796076544E-007  -1.8656907775764998E-008
  -2.6438692813758565E-008  -2.0097919331556829E-008
   0.0000000000000000        0.0000000000000000     
