   262144.00000000000     
         256           1           3
   1.7567330116226543E-005   15.058416435669001       -6.2195519948999998     
   6.0401400154609997        12.000000000000000        5733.8999999999996     
           0   0.0000000000000000        0.0000000000000000     
   0.0000000000000000        0.0000000000000000     
   0.0000000000000000        0.0000000000000000     
           1  -7.1381422667325426E-009  -2.6314415046774190E-010
  -4.1048329154577505E-008   9.9722870080545273E-011
   0.0000000000000000        0.0000000000000000     
           2  -6.5974608557492940E-009  -6.6587373547091019E-010
  -4.1253206161843470E-008   2.5080760500223154E-010
   0.0000000000000000        0.0000000000000000     
           3  -5.4218989792905852E-009  -1.5745530976877298E-009
  -4.1695717513873307E-008   5.8805775547381305E-010
   0.0000000000000000        0.0000000000000000     
           4  -3.2077907880341943E-009  -4.7010482498414699E-009
  -4.2524461739092153E-008   1.7413446017972936E-009
   0.0000000000000000        0.0000000000000000     
           5  -8.3112059025296906E-009  -1.5356662976216570E-008
  -4.0664964704174192E-008   5.6649268221400636E-009
   0.0000000000000000        0.0000000000000000     
           6  -1.8420353136945589E-008  -6.2913060201924679E-009
  -3.6966540738660384E-008   2.3323308415937607E-009
   0.0000000000000000        0.0000000000000000     
           7  -1.6077426754959638E-008  -2.0037859309100505E-009
  -3.7854474491830874E-008   7.5772049785146422E-010
   0.0000000000000000        0.0000000000000000     
           8  -1.4587987804188905E-008  -9.0657055210627085E-010
  -3.8432412173697204E-008   3.5697729800164089E-010
   0.0000000000000000        0.0000000000000000     
           9  -1.3756849006802295E-008  -5.0210791530439994E-010
  -3.8772197025517018E-008   2.1114754486885319E-010
   0.0000000000000000        0.0000000000000000     
          10  -1.3247015696054957E-008  -3.1418715944559713E-010
  -3.8997853005937819E-008   1.4501561904073564E-010
   0.0000000000000000        0.0000000000000000     
          11  -1.2907962971822996E-008  -2.1331767034403732E-010
  -3.9164797682123393E-008   1.1093923026408638E-010
   0.0000000000000000        0.0000000000000000     
          12  -1.2668116048817551E-008  -1.5369066935913551E-010
  -3.9299403455674992E-008   9.2066330294202152E-011
   0.0000000000000000        0.0000000000000000     
          13  -1.2490018364469493E-008  -1.1596295515529285E-010
  -3.9415493295699514E-008   8.1282815220281990E-011
   0.0000000000000000        0.0000000000000000     
          14  -1.2352418030171720E-008  -9.0878299783415269E-011
  -3.9520932081524187E-008   7.5186151822622869E-011
   0.0000000000000000        0.0000000000000000     
          15  -1.2242447422761853E-008  -7.3577440865097746E-011
  -3.9620504270157044E-008   7.1991797967140256E-011
   0.0000000000000000        0.0000000000000000     
          16  -1.2151892898996034E-008  -6.1321350330516472E-011
  -3.9717286658035587E-008   7.0695515527211487E-011
   0.0000000000000000        0.0000000000000000     
          17  -1.2075276068405396E-008  -5.2477032397203182E-011
  -3.9813354621341807E-008   7.0700224042196963E-011
   0.0000000000000000        0.0000000000000000     
          18  -1.2008802882187008E-008  -4.6026022047847861E-011
  -3.9910169081228953E-008   7.1635180759264361E-011
   0.0000000000000000        0.0000000000000000     
          19  -1.1949756968820260E-008  -4.1309470664738317E-011
  -4.0008800046890116E-008   7.3262214094446241E-011
   0.0000000000000000        0.0000000000000000     
          20  -1.1896133463985523E-008  -3.7888353840796862E-011
  -4.0110061709923376E-008   7.5424318801439031E-011
   0.0000000000000000        0.0000000000000000     
          21  -1.1846409343411961E-008  -3.5463159265748685E-011
  -4.0214597357728914E-008   7.8016140272857455E-011
   0.0000000000000000        0.0000000000000000     
          22  -1.1799394418942842E-008  -3.3825900920348155E-011
  -4.0322934657449962E-008   8.0966357572919125E-011
   0.0000000000000000        0.0000000000000000     
          23  -1.1754131667639404E-008  -3.2830481208670234E-011
  -4.0435522844756724E-008   8.4226822708805177E-011
   0.0000000000000000        0.0000000000000000     
          24  -1.1709828626138491E-008  -3.2373869046566428E-011
  -4.0552758546693820E-008   8.7765685690021706E-011
   0.0000000000000000        0.0000000000000000     
          25  -1.1665808828270861E-008  -3.2383872740865616E-011
  -4.0675004303072458E-008   9.1562953286434549E-011
   0.0000000000000000        0.0000000000000000     
          26  -1.1621476425394546E-008  -3.2811060403615192E-011
  -4.0802602321296363E-008   9.5607582300638981E-011
   0.0000000000000000        0.0000000000000000     
          27  -1.1576289591903710E-008  -3.3623367465062345E-011
  -4.0935885095134396E-008   9.9895571518178294E-011
   0.0000000000000000        0.0000000000000000     
          28  -1.1529739813620314E-008  -3.4802498796882137E-011
  -4.1075183970070754E-008   1.0442872578528826E-010
   0.0000000000000000        0.0000000000000000     
          29  -1.1481335082861072E-008  -3.6341570474282799E-011
  -4.1220836399824654E-008   1.0921389023891208E-010
   0.0000000000000000        0.0000000000000000     
          30  -1.1430585604710943E-008  -3.8243643310317154E-011
  -4.1373192428322139E-008   1.1426252939928862E-010
   0.0000000000000000        0.0000000000000000     
          31  -1.1376990983222336E-008  -4.0520932000351798E-011
  -4.1532620801403570E-008   1.1959057489815455E-010
   0.0000000000000000        0.0000000000000000     
          32  -1.1320028079530789E-008  -4.3194561298714065E-011
  -4.1699515035409065E-008   1.2521849859935717E-010
   0.0000000000000000        0.0000000000000000     
          33  -1.1259138860127416E-008  -4.6294802648643328E-011
  -4.1874299729428710E-008   1.3117159163814959E-010
   0.0000000000000000        0.0000000000000000     
          34  -1.1193717608192369E-008  -4.9861772671054878E-011
  -4.2057437395474403E-008   1.3748044877760843E-010
   0.0000000000000000        0.0000000000000000     
          35  -1.1123096866668624E-008  -5.3946616732857191E-011
  -4.2249436091830154E-008   1.4418167442241388E-010
   0.0000000000000000        0.0000000000000000     
          36  -1.1046531422503484E-008  -5.8613242545971105E-011
  -4.2450858178439152E-008   1.5131884398837091E-010
   0.0000000000000000        0.0000000000000000     
          37  -1.0963179523812053E-008  -6.3940715985973577E-011
  -4.2662330571399904E-008   1.5894377430534146E-010
   0.0000000000000000        0.0000000000000000     
          38  -1.0872080333764150E-008  -7.0026490312748219E-011
  -4.2884556961696949E-008   1.6711818183317790E-010
   0.0000000000000000        0.0000000000000000     
          39  -1.0772126346715269E-008  -7.6990718781263957E-011
  -4.3118332589818922E-008   1.7591584094012132E-010
   0.0000000000000000        0.0000000000000000     
          40  -1.0662029089739480E-008  -8.4982010694018891E-011
  -4.3364562347088794E-008   1.8542540093663753E-010
   0.0000000000000000        0.0000000000000000     
          41  -1.0540275854919678E-008  -9.4185149488539744E-011
  -4.3624283227449385E-008   1.9575408687294874E-010
   0.0000000000000000        0.0000000000000000     
          42  -1.0405074374137077E-008  -1.0483152534864860E-010
  -4.3898692513017597E-008   2.0703260598865620E-010
   0.0000000000000000        0.0000000000000000     
          43  -1.0254281134365552E-008  -1.1721338712317970E-010
  -4.4189183593141976E-008   2.1942172617103131E-010
   0.0000000000000000        0.0000000000000000     
          44  -1.0085307240385470E-008  -1.3170355972565517E-010
  -4.4497392068958174E-008   2.3312121259350723E-010
   0.0000000000000000        0.0000000000000000     
          45  -9.8949930474491228E-009  -1.4878312241431125E-010
  -4.4825255909082119E-008   2.4838215021292010E-010
   0.0000000000000000        0.0000000000000000     
          46  -9.6794386900280956E-009  -1.6908090486959978E-010
  -4.5175095101631420E-008   2.6552422232465422E-010
   0.0000000000000000        0.0000000000000000     
          47  -9.4337712552711449E-009  -1.9343089326347622E-010
  -4.5549718833333827E-008   2.8496039838484330E-010
   0.0000000000000000        0.0000000000000000     
          48  -9.1518191960278953E-009  -2.2295740526700345E-010
  -4.5952572299430637E-008   3.0723296034484512E-010
   0.0000000000000000        0.0000000000000000     
          49  -8.8256480058382186E-009  -2.5920442702799975E-010
  -4.6387941829638877E-008   3.3306733820990904E-010
   0.0000000000000000        0.0000000000000000     
          50  -8.4448833671308498E-009  -3.0433721303846655E-010
  -4.6861247958060757E-008   3.6345474868847483E-010
   0.0000000000000000        0.0000000000000000     
          51  -7.9956290826893135E-009  -3.6146601244864694E-010
  -4.7379519356927945E-008   3.9978298845930494E-010
   0.0000000000000000        0.0000000000000000     
          52  -7.4591960471919481E-009  -4.3518392139652358E-010
  -4.7951862412823517E-008   4.4405082271045535E-010
   0.0000000000000000        0.0000000000000000     
          53  -6.8092115896373059E-009  -5.3249660129810769E-010
  -4.8590737841413546E-008   4.9923402590940431E-010
   0.0000000000000000        0.0000000000000000     
          54  -6.0077819461478033E-009  -6.6450553545036446E-010
  -4.9313492342770865E-008   5.6994077431840900E-010
   0.0000000000000000        0.0000000000000000     
          55  -4.9986322313055668E-009  -8.4962857207805361E-010
  -5.0144978276712200E-008   6.6365347482338272E-010
   0.0000000000000000        0.0000000000000000     
          56  -3.6942185460224632E-009  -1.1201874516441181E-009
  -5.1122554423587794E-008   7.9324809846335685E-010
   0.0000000000000000        0.0000000000000000     
          57  -1.9513567647274408E-009  -1.5370424370279136E-009
  -5.2305945321048156E-008   9.8255382912816403E-010
   0.0000000000000000        0.0000000000000000     
          58   4.7927453015115470E-010  -2.2256953432725815E-009
  -5.3796088209218365E-008   1.2799982255220777E-009
   0.0000000000000000        0.0000000000000000     
          59   4.0685510908032735E-009  -3.4784603578203100E-009
  -5.5778780966708765E-008   1.7970816715895079E-009
   0.0000000000000000        0.0000000000000000     
          60   9.7932328919981511E-009  -6.1031173180075129E-009
  -5.8632953775588088E-008   2.8393611523034287E-009
   0.0000000000000000        0.0000000000000000     
          61   1.9840524262005250E-008  -1.2973558748147572E-008
  -6.3194625275844677E-008   5.4882510269393525E-009
   0.0000000000000000        0.0000000000000000     
          62   3.6595318498905966E-008  -3.8665383151633035E-008
  -7.0382485799309722E-008   1.5214298463956386E-008
   0.0000000000000000        0.0000000000000000     
          63  -1.7211203547864066E-008  -1.1032972245488690E-007
  -5.1263745744541970E-008   4.2206133210354770E-008
   0.0000000000000000        0.0000000000000000     
          64  -6.9599305017072711E-008  -3.8082761000074259E-008
  -3.2863493552963943E-008   1.5288676497721835E-008
   0.0000000000000000        0.0000000000000000     
          65  -5.3136486482703599E-008  -1.2587980655116679E-008
  -4.0547979251650587E-008   5.9704481554765581E-009
   0.0000000000000000        0.0000000000000000     
          66  -4.3640731987927564E-008  -5.5835884377402967E-009
  -4.6003819071086490E-008   3.7034854668760625E-009
   0.0000000000000000        0.0000000000000000     
          67  -3.8759425929269884E-008  -2.6717871480480807E-009
  -5.0316053442189903E-008   3.1854449147306541E-009
   0.0000000000000000        0.0000000000000000     
          68  -3.6505367461325215E-008  -9.0088505149458380E-010
  -5.4599177298847926E-008   3.5236283242214060E-009
   0.0000000000000000        0.0000000000000000     
          69  -3.6291576895414373E-008   8.2504163277655973E-010
  -5.9818246929212156E-008   4.8662909392011146E-009
   0.0000000000000000        0.0000000000000000     
          70  -3.8510785795756326E-008   3.7644612755795029E-009
  -6.7470597582568896E-008   8.5738104893617529E-009
   0.0000000000000000        0.0000000000000000     
          71  -4.4512650639784867E-008   1.2472249969193122E-008
  -8.0078448068675600E-008   2.1321089232331110E-008
   0.0000000000000000        0.0000000000000000     
          72  -3.7388313669772457E-008   4.7047302719891007E-008
  -7.2314551270771706E-008   7.3486567650026695E-008
   0.0000000000000000        0.0000000000000000     
          73   9.2287884236152519E-009   2.6757019271108405E-008
  -4.3163108914607071E-009   4.2536277414892133E-008
   0.0000000000000000        0.0000000000000000     
          74   2.7249710720656838E-009   7.5174861566146034E-009
  -1.6750144778207789E-008   1.3268025521260287E-008
   0.0000000000000000        0.0000000000000000     
          75  -2.0987755698027985E-009   2.8457129965561731E-009
  -2.6584033607331178E-008   6.1738702180143902E-009
   0.0000000000000000        0.0000000000000000     
          76  -4.2967163875281646E-009   1.1586906576602670E-009
  -3.2465612669745553E-008   3.6790218165039826E-009
   0.0000000000000000        0.0000000000000000     
          77  -5.1361488744919088E-009   3.2615825647850699E-010
  -3.6426522127028154E-008   2.5595199113799441E-009
   0.0000000000000000        0.0000000000000000     
          78  -5.1546886663245398E-009  -2.1170839576169864E-010
  -3.9396544661782837E-008   1.9868145987152656E-009
   0.0000000000000000        0.0000000000000000     
          79  -4.5492843071944368E-009  -6.6581816486378783E-010
  -4.1828130140595721E-008   1.6820334507779949E-009
   0.0000000000000000        0.0000000000000000     
          80  -3.3387104136612853E-009  -1.1586774170928788E-009
  -4.3976264320470973E-008   1.5379676324786128E-009
   0.0000000000000000        0.0000000000000000     
          81  -1.3987113274815671E-009  -1.8169477223828135E-009
  -4.6017017708942446E-008   1.5196775949455279E-009
   0.0000000000000000        0.0000000000000000     
          82   1.5871347773791255E-009  -2.8567823351841919E-009
  -4.8112775890035328E-008   1.6431618873840476E-009
   0.0000000000000000        0.0000000000000000     
          83   6.3001897758056605E-009  -4.7834311867038416E-009
  -5.0477248122733005E-008   2.0047494717273372E-009
   0.0000000000000000        0.0000000000000000     
          84   1.4258387873126243E-008  -9.1234707426520954E-009
  -5.3495310327636794E-008   2.9405464060296556E-009
   0.0000000000000000        0.0000000000000000     
          85   2.8699270097168355E-008  -2.2222769523135402E-008
  -5.7931647004800006E-008   5.8865084167626005E-009
   0.0000000000000000        0.0000000000000000     
          86   3.8267617748647327E-008  -7.8540416785764342E-008
  -6.1230085101496018E-008   1.8672394485710407E-008
   0.0000000000000000        0.0000000000000000     
          87  -7.1948435167553989E-008  -8.3034171412583130E-008
  -3.7279703061107863E-008   1.9688490667044433E-008
   0.0000000000000000        0.0000000000000000     
          88  -6.4924654742937054E-008  -2.3351732220619823E-008
  -3.9983254216651774E-008   6.1249878615931279E-009
   0.0000000000000000        0.0000000000000000     
          89  -5.0012437121767897E-008  -9.5250798736227272E-009
  -4.4493498114295297E-008   2.9958582419224315E-009
   0.0000000000000000        0.0000000000000000     
          90  -4.1687103310314588E-008  -5.0538414113661217E-009
  -4.7531515698193832E-008   2.0027556197615414E-009
   0.0000000000000000        0.0000000000000000     
          91  -3.6630347024530901E-008  -3.1305658925160005E-009
  -4.9864937994713982E-008   1.5982705534609918E-009
   0.0000000000000000        0.0000000000000000     
          92  -3.3246962216919746E-008  -2.1503266181905397E-009
  -5.1869236103947164E-008   1.4182273652912653E-009
   0.0000000000000000        0.0000000000000000     
          93  -3.0798108185676064E-008  -1.5979050174208023E-009
  -5.3726651455041021E-008   1.3467058812257694E-009
   0.0000000000000000        0.0000000000000000     
          94  -2.8902075401357030E-008  -1.2711648671191962E-009
  -5.5540182846475048E-008   1.3395703500742040E-009
   0.0000000000000000        0.0000000000000000     
          95  -2.7337507958013498E-008  -1.0807584497118577E-009
  -5.7379699234276523E-008   1.3790811819454451E-009
   0.0000000000000000        0.0000000000000000     
          96  -2.5958245971408839E-008  -9.8633373079665218E-010
  -5.9301671689703990E-008   1.4596058692142002E-009
   0.0000000000000000        0.0000000000000000     
          97  -2.4650568149188024E-008  -9.7415309582651952E-010
  -6.1360886950265180E-008   1.5828097751841891E-009
   0.0000000000000000        0.0000000000000000     
          98  -2.3305241242440086E-008  -1.0512256364789838E-009
  -6.3618609722029724E-008   1.7566114963391311E-009
   0.0000000000000000        0.0000000000000000     
          99  -2.1789992655671793E-008  -1.2507347749451171E-009
  -6.6151172724543814E-008   1.9964550726805000E-009
   0.0000000000000000        0.0000000000000000     
         100  -1.9907677357090821E-008  -1.6548689593616813E-009
  -6.9061706167218259E-008   2.3292425741787764E-009
   0.0000000000000000        0.0000000000000000     
         101  -1.7311480151982847E-008  -2.4635892414779407E-009
  -7.2498963411915422E-008   2.8021969210962104E-009
   0.0000000000000000        0.0000000000000000     
         102  -1.3300881641278359E-008  -4.2238793090549914E-009
  -7.6692715208990499E-008   3.5038010007374073E-009
   0.0000000000000000        0.0000000000000000     
         103  -6.3036257326182027E-009  -8.7881387068608993E-009
  -8.2022800323717895E-008   4.6233572609226172E-009
   0.0000000000000000        0.0000000000000000     
         104   6.4981672900616120E-009  -2.4861691412240756E-008
  -8.9139692179214461E-008   6.6912783654724377E-009
   0.0000000000000000        0.0000000000000000     
         105  -1.0578045588296993E-008  -9.0214474446759099E-008
  -9.8022273688556008E-008   1.1446994375351056E-008
   0.0000000000000000        0.0000000000000000     
         106  -9.7716132510298204E-008  -4.5258201580830359E-008
  -1.0957548792599196E-007   1.5744960808970000E-008
   0.0000000000000000        0.0000000000000000     
         107  -9.0757130197584906E-008  -5.5842750245511298E-009
  -1.3337811529610108E-007   2.8457209175850249E-008
   0.0000000000000000        0.0000000000000000     
         108  -9.3842574582528624E-008   1.9895720174129591E-008
  -1.7431139636278920E-007   7.5343677874033706E-008
   0.0000000000000000        0.0000000000000000     
         109  -6.8681661684106048E-008   8.8108977166641246E-008
  -1.2323685522907446E-007   2.5623250078046916E-007
   0.0000000000000000        0.0000000000000000     
         110   9.9176536289271184E-009   4.2690234222920347E-008
   8.2767793433677197E-008   1.2624113064423375E-007
   0.0000000000000000        0.0000000000000000     
         111  -2.0148091900995428E-009   1.2300508725836648E-008
   4.0983010778442364E-008   3.9794108967013073E-008
   0.0000000000000000        0.0000000000000000     
         112  -1.0281105606663142E-008   5.0031029760528185E-009
   1.1377125927062187E-008   1.8313154641271634E-008
   0.0000000000000000        0.0000000000000000     
         113  -1.4517137437095548E-008   2.4856725590361716E-009
  -5.7801438090565539E-009   1.0547442566937050E-008
   0.0000000000000000        0.0000000000000000     
         114  -1.6855808466982426E-008   1.3866306756579668E-009
  -1.6821044261670387E-008   6.9553219374911880E-009
   0.0000000000000000        0.0000000000000000     
         115  -1.8243054199152776E-008   8.5054399717025563E-010
  -2.4593985586917623E-008   5.0132871830693190E-009
   0.0000000000000000        0.0000000000000000     
         116  -1.9148637921976843E-008   6.3093264679479913E-010
  -3.0440443673855273E-008   3.8397324821778956E-009
   0.0000000000000000        0.0000000000000000     
         117  -1.9915299919997414E-008   7.7371227960669954E-010
  -3.5046569347365863E-008   3.0579952493592532E-009
   0.0000000000000000        0.0000000000000000     
         118  -2.0995306457797778E-008   1.9356029217554936E-009
  -3.8775100851109320E-008   2.4723235144791376E-009
   0.0000000000000000        0.0000000000000000     
         119  -2.1914124987554082E-008   8.2067549660041258E-009
  -4.1794159609837813E-008   1.9427136130227619E-009
   0.0000000000000000        0.0000000000000000     
         120  -1.2994406667228842E-009   1.5060431632740281E-008
  -4.4097573742260797E-008   1.2898014054300810E-009
   0.0000000000000000        0.0000000000000000     
         121   7.8215910805386843E-009  -2.3760246611812192E-009
  -4.5422003212539955E-008   6.5442412087822042E-011
   0.0000000000000000        0.0000000000000000     
         122   1.6603873286256346E-008  -1.8615002412012720E-008
  -4.5128901414684248E-008  -3.6367313767407467E-009
   0.0000000000000000        0.0000000000000000     
         123   9.0489014001401017E-009  -7.3059519614955829E-008
  -4.9826687248101055E-008  -1.8821855775158957E-008
   0.0000000000000000        0.0000000000000000     
         124  -6.7912274229060533E-008  -4.6074336304060040E-008
  -7.4495041885299444E-008  -1.0980612670265553E-008
   0.0000000000000000        0.0000000000000000     
         125  -5.7089771951074289E-008  -1.3395470764282761E-008
  -7.4408157151109501E-008  -1.5322356210668527E-009
   0.0000000000000000        0.0000000000000000     
         126  -4.7954516892874370E-008  -5.6409335675233673E-009
  -7.5029974972575369E-008   8.5731462639462107E-010
   0.0000000000000000        0.0000000000000000     
         127  -4.2992038853966935E-008  -2.9752966302958076E-009
  -7.7114972226768088E-008   1.8482392419702341E-009
   0.0000000000000000        0.0000000000000000     
         128  -4.0054204317692520E-008  -1.7902335273591663E-009
  -8.0132276627104576E-008   2.4867830559009482E-009
   0.0000000000000000        0.0000000000000000     
         129  -3.8165783856319948E-008  -1.1742543687263346E-009
  -8.3912937268821194E-008   3.0582898492547588E-009
   0.0000000000000000        0.0000000000000000     
         130  -3.6870763038745259E-008  -8.2163597572320466E-010
  -8.8476842415680891E-008   3.6879930078363989E-009
   0.0000000000000000        0.0000000000000000     
         131  -3.5932389198414790E-008  -6.0903437500613516E-010
  -9.3969300163068218E-008   4.4708971124726423E-009
   0.0000000000000000        0.0000000000000000     
         132  -3.5212528454699298E-008  -4.8073463600264684E-010
  -1.0066298868302485E-007   5.5217570947787269E-009
   0.0000000000000000        0.0000000000000000     
         133  -3.4622021915167590E-008  -4.1080323693728724E-010
  -1.0901192339244407E-007   7.0208525359626075E-009
   0.0000000000000000        0.0000000000000000     
         134  -3.4093139995883458E-008  -3.8934981978319873E-010
  -1.1977298256785765E-007   9.2951672504074653E-009
   0.0000000000000000        0.0000000000000000     
         135  -3.3562972055753348E-008  -4.1850091649337910E-010
  -1.3427005351635198E-007   1.3009003502335381E-008
   0.0000000000000000        0.0000000000000000     
         136  -3.2959373402768038E-008  -5.1479561246304815E-010
  -1.5499542565631961E-007   1.9695251350934233E-008
   0.0000000000000000        0.0000000000000000     
         137  -3.2169792826497483E-008  -7.2089746285374408E-010
  -1.8710268644839074E-007   3.3546149836745976E-008
   0.0000000000000000        0.0000000000000000     
         138  -3.1002956957684854E-008  -1.1398391239801899E-009
  -2.4214524478092847E-007   6.9240165896598860E-008
   0.0000000000000000        0.0000000000000000     
