   262144.00000000000     
         256           1           3
   1.7567330116226543E-005   74.772896821193001        124.58450204790000     
   6.0401400154609997        12.000000000000000        5733.8999999999996     
           0   0.0000000000000000        0.0000000000000000     
   0.0000000000000000        0.0000000000000000     
   0.0000000000000000        0.0000000000000000     
           1  -5.4995131162309410E-010   4.4457119218987277E-013
  -7.0047878341416249E-009   2.8347536323027197E-010
   0.0000000000000000        0.0000000000000000     
           2  -5.5086168001654861E-010   9.1039042009180101E-013
  -7.5872392593502177E-009   7.1703051338858648E-010
   0.0000000000000000        0.0000000000000000     
           3  -5.5236566411561256E-010   1.4507331247254500E-012
  -8.8528618651445253E-009   1.6945740188723332E-009
   0.0000000000000000        0.0000000000000000     
           4  -5.5470827753860893E-010   2.3088484081707056E-012
  -1.1236081222771897E-008   5.0566747230472064E-009
   0.0000000000000000        0.0000000000000000     
           5  -5.5642602448994005E-010   4.2361636730366780E-012
  -5.7526932851263646E-009   1.6513955116239371E-008
   0.0000000000000000        0.0000000000000000     
           6  -5.5818799924747926E-010   3.3873933772417650E-012
   5.1125891342785504E-009   6.7675850566043679E-009
   0.0000000000000000        0.0000000000000000     
           7  -5.6222550646332073E-010   3.2228286766919458E-012
   2.5886662412499110E-009   2.1582625130311134E-009
   0.0000000000000000        0.0000000000000000     
           8  -5.6675102118452794E-010   3.5201755081077952E-012
   9.8165470185114446E-010   9.7910000417258093E-010
   0.0000000000000000        0.0000000000000000     
           9  -5.7180909955892045E-010   3.9287692809222828E-012
   8.1693713278771947E-011   5.4477234135402172E-010
   0.0000000000000000        0.0000000000000000     
          10  -5.7746701085514344E-010   4.3834205536416819E-012
  -4.7354607392694240E-010   3.4326552563505790E-010
   0.0000000000000000        0.0000000000000000     
          11  -5.8376856756214424E-010   4.8680251756904032E-012
  -8.4590452812201159E-010   2.3535315571259765E-010
   0.0000000000000000        0.0000000000000000     
          12  -5.9074950691097790E-010   5.3784530284330230E-012
  -1.1123352361159310E-009   1.7178203554089678E-010
   0.0000000000000000        0.0000000000000000     
          13  -5.9844405496635249E-010   5.9144958257355569E-012
  -1.3131078842196010E-009   1.3175422345854649E-010
   0.0000000000000000        0.0000000000000000     
          14  -6.0688772686806154E-010   6.4775832325266446E-012
  -1.4710684799526878E-009   1.0531702344259986E-010
   0.0000000000000000        0.0000000000000000     
          15  -6.1611874319330109E-010   7.0700116793403555E-012
  -1.6000475803679271E-009   8.7245168498388505E-011
   0.0000000000000000        0.0000000000000000     
          16  -6.2617891544475499E-010   7.6946594975177517E-012
  -1.7088708638058650E-009   7.4592896980624467E-011
   0.0000000000000000        0.0000000000000000     
          17  -6.3711432894771225E-010   8.3548855805771385E-012
  -1.8034219135813089E-009   6.5603474543600106E-011
   0.0000000000000000        0.0000000000000000     
          18  -6.4897596422554531E-010   9.0545081234179663E-012
  -1.8877719029786556E-009   5.9180709659849405E-011
   0.0000000000000000        0.0000000000000000     
          19  -6.6182032594452641E-010   9.7978242447713384E-012
  -1.9648315884258438E-009   5.4614837436546953E-011
   0.0000000000000000        0.0000000000000000     
          20  -6.7571011930895941E-010   1.0589654791964435E-011
  -2.0367446727852731E-009   5.1432173280202280E-011
   0.0000000000000000        0.0000000000000000     
          21  -6.9071500183987491E-010   1.1435408229956107E-011
  -2.1051343371096378E-009   4.9308709245643639E-011
   0.0000000000000000        0.0000000000000000     
          22  -7.0691243430248582E-010   1.2341161925786174E-011
  -2.1712629648564780E-009   4.8018455637578033E-011
   0.0000000000000000        0.0000000000000000     
          23  -7.2438865432886455E-010   1.3313761485885196E-011
  -2.2361387269520897E-009   4.7401495834988334E-011
   0.0000000000000000        0.0000000000000000     
          24  -7.4323979835438202E-010   1.4360940325876589E-011
  -2.3005886475786246E-009   4.7343652637411295E-011
   0.0000000000000000        0.0000000000000000     
          25  -7.6357320140257951E-010   1.5491462896554264E-011
  -2.3653099746474684E-009   4.7763223236821516E-011
   0.0000000000000000        0.0000000000000000     
          26  -7.8550890968184691E-010   1.6715296228384150E-011
  -2.4309071980653715E-009   4.8602145992196608E-011
   0.0000000000000000        0.0000000000000000     
          27  -8.0918144823859223E-010   1.8043815863808356E-011
  -2.4979194020690668E-009   4.9820021619255797E-011
   0.0000000000000000        0.0000000000000000     
          28  -8.3474189520276794E-010   1.9490053961129453E-011
  -2.5668410193746930E-009   5.1390019986543402E-011
   0.0000000000000000        0.0000000000000000     
          29  -8.6236032607163379E-010   2.1068999522869284E-011
  -2.6381380449082103E-009   5.3296063862676886E-011
   0.0000000000000000        0.0000000000000000     
          30  -8.9222870670435121E-010   2.2797963504463672E-011
  -2.7122611241773940E-009   5.5530899989233246E-011
   0.0000000000000000        0.0000000000000000     
          31  -9.2456433325528132E-010   2.4697025230343400E-011
  -2.7896565155448750E-009   5.8094804569462978E-011
   0.0000000000000000        0.0000000000000000     
          32  -9.5961394249382002E-010   2.6789581404316881E-011
  -2.8707756539451173E-009   6.0994757825687112E-011
   0.0000000000000000        0.0000000000000000     
          33  -9.9765864874266420E-010   2.9103025497348078E-011
  -2.9560838657108333E-009   6.4243979942040617E-011
   0.0000000000000000        0.0000000000000000     
          34  -1.0390199066120030E-009   3.1669594060447151E-011
  -3.0460686691274685E-009   6.7861759947138887E-011
   0.0000000000000000        0.0000000000000000     
          35  -1.0840667553474999E-009   3.4527428449442690E-011
  -3.1412480241861307E-009   7.1873536935667746E-011
   0.0000000000000000        0.0000000000000000     
          36  -1.1332246760877880E-009   3.7721916877966498E-011
  -3.2421788557455768E-009   7.6311213957286353E-011
   0.0000000000000000        0.0000000000000000     
          37  -1.1869864947014247E-009   4.1307404562557662E-011
  -3.3494661600191206E-009   8.1213701872463860E-011
   0.0000000000000000        0.0000000000000000     
          38  -1.2459259005611314E-009   4.5349391863237623E-011
  -3.4637730113771481E-009   8.6627705601869088E-011
   0.0000000000000000        0.0000000000000000     
          39  -1.3107143404857962E-009   4.9927386081861618E-011
  -3.5858318132987692E-009   9.2608780139803525E-011
   0.0000000000000000        0.0000000000000000     
          40  -1.3821423093217234E-009   5.5138638588076817E-011
  -3.7164571850894563E-009   9.9222699936856071E-011
   0.0000000000000000        0.0000000000000000     
          41  -1.4611464270817288E-009   6.1103095501068415E-011
  -3.8565609470901135E-009   1.0654720432249748E-010
   0.0000000000000000        0.0000000000000000     
          42  -1.5488442174682456E-009   6.7970033569238865E-011
  -4.0071697667865538E-009   1.1467420531428596E-010
   0.0000000000000000        0.0000000000000000     
          43  -1.6465792610160509E-009   7.5927069417260815E-011
  -4.1694461639014054E-009   1.2371257474297211E-010
   0.0000000000000000        0.0000000000000000     
          44  -1.7559805094626692E-009   8.5212563149075145E-011
  -4.3447137555184279E-009   1.3379166820860300E-010
   0.0000000000000000        0.0000000000000000     
          45  -1.8790412105113792E-009   9.6132958938916800E-011
  -4.5344878684663575E-009   1.4506579834743492E-010
   0.0000000000000000        0.0000000000000000     
          46  -2.0182254215844597E-009   1.0908744051614548E-010
  -4.7405129789701997E-009   1.5771994553352804E-010
   0.0000000000000000        0.0000000000000000     
          47  -2.1766140195460012E-009   1.2460364880858301E-010
  -4.9648088916315870E-009   1.7197709974779027E-010
   0.0000000000000000        0.0000000000000000     
          48  -2.3581083538008831E-009   1.4339051324877970E-010
  -5.2097281901213891E-009   1.8810777679467295E-010
   0.0000000000000000        0.0000000000000000     
          49  -2.5677198553528324E-009   1.6641823981583744E-010
  -5.4780283508819733E-009   2.0644246642797180E-010
   0.0000000000000000        0.0000000000000000     
          50  -2.8119909420646519E-009   1.9504264186216593E-010
  -5.7729631147376946E-009   2.2738808180451351E-010
   0.0000000000000000        0.0000000000000000     
          51  -3.0996231134835827E-009   2.3120425983196329E-010
  -6.0983511410472270E-009   2.5144993793703604E-010
   0.0000000000000000        0.0000000000000000     
          52  -3.4424329538995124E-009   2.7775837981160321E-010
  -6.4589203653215236E-009   2.7926149203258878E-010
   0.0000000000000000        0.0000000000000000     
          53  -3.8568785571878269E-009   3.3904417102348424E-010
  -6.8602162521253125E-009   3.1162508646477625E-010
   0.0000000000000000        0.0000000000000000     
          54  -4.3664943856101233E-009   4.2191301068879879E-010
  -7.3090558910845017E-009   3.4956864157933445E-010
   0.0000000000000000        0.0000000000000000     
          55  -5.0064016413788607E-009   5.3769239610320329E-010
  -7.8138980221408327E-009   3.9442575299166799E-010
   0.0000000000000000        0.0000000000000000     
          56  -5.8307173436710346E-009   7.0619680477669819E-010
  -8.3850712751094520E-009   4.4795081522111499E-010
   0.0000000000000000        0.0000000000000000     
          57  -6.9277419278619383E-009   9.6462687932716608E-010
  -9.0358129389037358E-009   5.1248758543746817E-010
   0.0000000000000000        0.0000000000000000     
          58  -8.4504009539211182E-009   1.3895018198446365E-009
  -9.7828785041915276E-009   5.9122050335820678E-010
   0.0000000000000000        0.0000000000000000     
          59  -1.0686930999054564E-008   2.1586840538088200E-009
  -1.0648361619811624E-008   6.8855527889053647E-010
   0.0000000000000000        0.0000000000000000     
          60  -1.4233319489700399E-008   3.7629393679043467E-009
  -1.1660728692414465E-008   8.1069430995475290E-010
   0.0000000000000000        0.0000000000000000     
          61  -2.0420309589787634E-008   7.9466212170362578E-009
  -1.2859056145997035E-008   9.6642975709040782E-010
   0.0000000000000000        0.0000000000000000     
          62  -3.0700267327912050E-008   2.3552379143488800E-008
  -1.4297202083689177E-008   1.1674139737077663E-009
   0.0000000000000000        0.0000000000000000     
          63   1.7814721093969962E-009   6.7051604906380817E-008
  -1.6063244488910294E-008   1.4311624481201845E-009
   0.0000000000000000        0.0000000000000000     
          64   3.3354358853056553E-008   2.3274970535325387E-008
  -1.8259874648086056E-008   1.8224616715697476E-009
   0.0000000000000000        0.0000000000000000     
          65   2.3093098165676116E-008   7.8776163113127930E-009
  -2.1048826258808002E-008   2.3727481137615440E-009
   0.0000000000000000        0.0000000000000000     
          66   1.6949732147114459E-008   3.7324790994057043E-009
  -2.4718646955098431E-008   3.1983653336514536E-009
   0.0000000000000000        0.0000000000000000     
          67   1.3433793408234330E-008   2.1369802836755880E-009
  -2.9740662376248154E-008   4.5255270993621198E-009
   0.0000000000000000        0.0000000000000000     
          68   1.1224727367217559E-008   1.3690448053247543E-009
  -3.6979961118035856E-008   6.8559440475061165E-009
   0.0000000000000000        0.0000000000000000     
          69   9.7302523872131570E-009   9.4277425239776287E-010
  -4.8179133451283772E-008   1.1499858224936858E-008
   0.0000000000000000        0.0000000000000000     
          70   8.6646153180031906E-009   6.8160536155590284E-010
  -6.7186926029779324E-008   2.2750356298274175E-008
   0.0000000000000000        0.0000000000000000     
          71   7.8759588540556333E-009   5.0889560681754414E-010
  -1.0110472075008057E-007   6.0248709515179205E-008
   0.0000000000000000        0.0000000000000000     
          72   7.2730781411941455E-009   3.8480625583259741E-010
  -7.5738784521891434E-008   2.1283058044435631E-007
   0.0000000000000000        0.0000000000000000     
          73   6.8010254929856803E-009   3.0099224135780851E-010
   1.2547759142909451E-007   1.2246751573387209E-007
   0.0000000000000000        0.0000000000000000     
          74   6.4377825812490799E-009   2.3824614106155810E-010
   9.1618697682109393E-008   3.6968869307132247E-008
   0.0000000000000000        0.0000000000000000     
          75   6.1506285538790005E-009   1.8779049620193622E-010
   6.5333051973119472E-008   1.6224033758529142E-008
   0.0000000000000000        0.0000000000000000     
          76   5.9252848708867579E-009   1.4688226181705364E-010
   5.0644638877671715E-008   8.8792173645021672E-009
   0.0000000000000000        0.0000000000000000     
          77   5.7501939520905790E-009   1.1291063392241300E-010
   4.1675370858070415E-008   5.5102766844168899E-009
   0.0000000000000000        0.0000000000000000     
          78   5.6175903914675215E-009   8.3940454242259785E-011
   3.5765114301714426E-008   3.6861472401011653E-009
   0.0000000000000000        0.0000000000000000     
          79   5.5213166275697704E-009   5.8551679387235738E-011
   3.1673413677905195E-008   2.5717877714237074E-009
   0.0000000000000000        0.0000000000000000     
          80   5.4578926447065698E-009   3.5670141771275904E-011
   2.8771358609687703E-008   1.8151470346665246E-009
   0.0000000000000000        0.0000000000000000     
          81   5.4241612458683912E-009   1.4442347992562165E-011
   2.6730339181413335E-008   1.2365463277109572E-009
   0.0000000000000000        0.0000000000000000     
          82   5.4185127656971879E-009  -5.8649506210753127E-012
   2.5397814732087890E-008   7.1311816083022132E-010
   0.0000000000000000        0.0000000000000000     
          83   5.4400433305030395E-009  -2.5980129206375243E-011
   2.4769751521000999E-008   1.0112836782483028E-010
   0.0000000000000000        0.0000000000000000     
          84   5.4893184946073963E-009  -4.6889123628376428E-011
   2.5050342973078549E-008  -9.2355206199387291E-010
   0.0000000000000000        0.0000000000000000     
          85   5.5673962498670705E-009  -7.1008773872496428E-011
   2.6805929116866114E-008  -3.6125768915789769E-009
   0.0000000000000000        0.0000000000000000     
          86   5.6722020965358530E-009  -1.0919546137984854E-010
   2.7781809067705036E-008  -1.4681477966052775E-008
   0.0000000000000000        0.0000000000000000     
          87   5.7710781835147761E-009  -1.3358732699549173E-010
   5.5881813156996027E-009  -1.5645993657927410E-008
   0.0000000000000000        0.0000000000000000     
          88   5.9375981818129661E-009  -1.4118079508007654E-010
   6.3155949076907093E-009  -4.1079691285113378E-009
   0.0000000000000000        0.0000000000000000     
          89   6.1434461893946793E-009  -1.6576946072917440E-010
   8.6686590892730063E-009  -1.4791912721871365E-009
   0.0000000000000000        0.0000000000000000     
          90   6.3890677413674574E-009  -1.9749759384448574E-010
   9.8163782894014157E-009  -6.6062035384552539E-010
   0.0000000000000000        0.0000000000000000     
          91   6.6820899501111644E-009  -2.3573140913548790E-010
   1.0392130650222693E-008  -3.2961609121645253E-010
   0.0000000000000000        0.0000000000000000     
          92   7.0319796403967291E-009  -2.8188423706539080E-010
   1.0696096328784763E-008  -1.7518923230786671E-010
   0.0000000000000000        0.0000000000000000     
          93   7.4507705304761276E-009  -3.3843113599947854E-010
   1.0863448933168757E-008  -9.7894224457211850E-011
   0.0000000000000000        0.0000000000000000     
          94   7.9547920495978809E-009  -4.0907388581236803E-010
   1.0960460640683871E-008  -5.8748729677775096E-011
   0.0000000000000000        0.0000000000000000     
          95   8.5661510561531895E-009  -4.9934934470486673E-010
   1.1022521728847127E-008  -4.0203533271903752E-011
   0.0000000000000000        0.0000000000000000     
          96   9.3161612315615252E-009  -6.1778656718386817E-010
   1.1069554289114375E-008  -3.3546672296258008E-011
   0.0000000000000000        0.0000000000000000     
          97   1.0249941826922688E-008  -7.7808345103624320E-010
   1.1113582328347708E-008  -3.4137782365044760E-011
   0.0000000000000000        0.0000000000000000     
          98   1.1435723681117177E-008  -1.0034264407929078E-009
   1.1162378514925256E-008  -3.9378938390367047E-011
   0.0000000000000000        0.0000000000000000     
          99   1.2981474595844784E-008  -1.3357466999273635E-009
   1.1220993258759805E-008  -4.7768983433322113E-011
   0.0000000000000000        0.0000000000000000     
         100   1.5067545668404353E-008  -1.8576172350864547E-009
   1.1292735950321598E-008  -5.8431000245168379E-011
   0.0000000000000000        0.0000000000000000     
         101   1.8018597529328684E-008  -2.7511954895743975E-009
   1.1380230906835888E-008  -7.0863637071612245E-011
   0.0000000000000000        0.0000000000000000     
         102   2.2478344684693943E-008  -4.4871112224228495E-009
   1.1486064269188421E-008  -8.4805739319433182E-011
   0.0000000000000000        0.0000000000000000     
         103   2.9842645541564862E-008  -8.5977647877544395E-009
   1.1611566065013826E-008  -1.0015900427757625E-010
   0.0000000000000000        0.0000000000000000     
         104   4.2611733834268547E-008  -2.2099396085830281E-008
   1.1759381666404654E-008  -1.1690882989186591E-010
   0.0000000000000000        0.0000000000000000     
         105   3.3092856827164384E-008  -7.5149930801085717E-008
   1.1931597029393125E-008  -1.3492373713301327E-010
   0.0000000000000000        0.0000000000000000     
         106  -2.9433278416038839E-008  -4.2419423434441912E-008
   1.2131503065829104E-008  -1.5684477837732340E-010
   0.0000000000000000        0.0000000000000000     
         107  -1.2894440305013364E-008  -1.7967969828907897E-008
   1.2361336868127274E-008  -1.8371864009645870E-010
   0.0000000000000000        0.0000000000000000     
         108   4.3519705631454505E-009  -2.1529172020428065E-008
   1.2628026779372998E-008  -2.2601575918504082E-010
   0.0000000000000000        0.0000000000000000     
         109  -2.3095965866290676E-009  -5.8646596133115965E-008
   1.2889487298402529E-008  -3.2577764956009011E-010
   0.0000000000000000        0.0000000000000000     
         110  -4.4709595619641428E-008  -2.9129188848122704E-008
   1.3122511224332200E-008  -3.0004680515799584E-010
   0.0000000000000000        0.0000000000000000     
         111  -3.4005134418985743E-008  -9.6216579240533702E-009
   1.3497856095061247E-008  -2.9568811637857520E-010
   0.0000000000000000        0.0000000000000000     
         112  -2.6597350594519411E-008  -4.5309986063322625E-009
   1.3913150656542690E-008  -3.2240096122309369E-010
   0.0000000000000000        0.0000000000000000     
         113  -2.2349505166620578E-008  -2.5421832904834358E-009
   1.4375609318937784E-008  -3.6023629701407904E-010
   0.0000000000000000        0.0000000000000000     
         114  -1.9789833305805122E-008  -1.5042876603024504E-009
   1.4895675466481724E-008  -4.0698194495689733E-010
   0.0000000000000000        0.0000000000000000     
         115  -1.8278250316288912E-008  -8.0968559925238410E-010
   1.5485909679382596E-008  -4.6421499844622852E-010
   0.0000000000000000        0.0000000000000000     
         116  -1.7581500422897882E-008  -1.8070911905800196E-010
   1.6161717157097681E-008  -5.3579578630605997E-010
   0.0000000000000000        0.0000000000000000     
         117  -1.7743863257833073E-008   6.7750536720469069E-010
   1.6946737212786685E-008  -6.2891502101232884E-010
   0.0000000000000000        0.0000000000000000     
         118  -1.9160601197693057E-008   2.5999482865657355E-009
   1.7875572864699699E-008  -7.5753156657043818E-010
   0.0000000000000000        0.0000000000000000     
         119  -2.1529249588746030E-008   9.9043920517329854E-009
   1.9008489473127313E-008  -9.5189313946775295E-010
   0.0000000000000000        0.0000000000000000     
         120  -4.0067852021504009E-009   1.8549050133141415E-008
   2.0457330983625158E-008  -1.2889468797683337E-009
   0.0000000000000000        0.0000000000000000     
         121  -9.1723837956780935E-010   5.1554327429362609E-009
   2.2459282614846182E-008  -2.0151948805975265E-009
   0.0000000000000000        0.0000000000000000     
         122  -3.6474071660982597E-009   1.8760039746116351E-009
   2.5457091879192734E-008  -4.2354480865761285E-009
   0.0000000000000000        0.0000000000000000     
         123  -5.1496726886897069E-009   9.9066864342657479E-010
   2.5657026928380563E-008  -1.3200992435436837E-008
   0.0000000000000000        0.0000000000000000     
         124  -5.9841345280259205E-009   6.1713442474881098E-010
   1.4383575780799547E-008  -8.7813430788689048E-009
   0.0000000000000000        0.0000000000000000     
         125  -6.6329623922219770E-009   4.4298327833473998E-010
   1.7794995336034223E-008  -3.4779791807323875E-009
   0.0000000000000000        0.0000000000000000     
         126  -7.1694784096153218E-009   3.8233537706136363E-010
   2.1119366688614423E-008  -2.3566500351266128E-009
   0.0000000000000000        0.0000000000000000     
         127  -7.6717255370895405E-009   3.7536903951556745E-010
   2.4008666985563988E-008  -2.1310463118440208E-009
   0.0000000000000000        0.0000000000000000     
         128  -8.1918761894932198E-009   4.0229622761376152E-010
   2.6895348517835166E-008  -2.2146100048510194E-009
   0.0000000000000000        0.0000000000000000     
         129  -8.7682751200078409E-009   4.5662715256219657E-010
   3.0038454372063881E-008  -2.4768138683040534E-009
   0.0000000000000000        0.0000000000000000     
         130  -9.4364165286996365E-009   5.3844641438588394E-010
   3.3645034079377858E-008  -2.8998833405830367E-009
   0.0000000000000000        0.0000000000000000     
         131  -1.0236105859420925E-008   6.5274214815332417E-010
   3.7941553821128340E-008  -3.5161363822059317E-009
   0.0000000000000000        0.0000000000000000     
         132  -1.1215531657987391E-008   8.0993923518466993E-010
   4.3225737026986369E-008  -4.4038687227092151E-009
   0.0000000000000000        0.0000000000000000     
         133  -1.2443233477755840E-008   1.0284103307601798E-009
   4.9934847033271128E-008  -5.7116618176514402E-009
   0.0000000000000000        0.0000000000000000     
         134  -1.4016769902949528E-008   1.3401409711312235E-009
   5.8766804191493023E-008  -7.7237002125415460E-009
   0.0000000000000000        0.0000000000000000     
         135  -1.6091291372274387E-008   1.8030212509497605E-009
   7.0915237455788981E-008  -1.1024472300451427E-008
   0.0000000000000000        0.0000000000000000     
         136  -1.8919584590483638E-008   2.5292375540940145E-009
   8.8606579032292127E-008  -1.6961933606519237E-008
   0.0000000000000000        0.0000000000000000     
         137  -2.2952807438317959E-008   3.7582833830827799E-009
   1.1640940046295293E-007  -2.9204505683476030E-008
   0.0000000000000000        0.0000000000000000     
         138  -2.9063589898318770E-008   6.0749741758985219E-009
   1.6450714514795789E-007  -6.0513987143562702E-008
   0.0000000000000000        0.0000000000000000     
