   262144.00000000000     
         256           1           3
   1.7567330116226543E-005  -30.848937952052001       -91.914405126000005     
   6.0401400154609997        12.000000000000000        5733.8999999999996     
           0   0.0000000000000000        0.0000000000000000     
   0.0000000000000000        0.0000000000000000     
   0.0000000000000000        0.0000000000000000     
           1  -1.2967129818736046E-010  -2.7075456210608077E-011
  -3.1290560467107671E-009   7.8598757199820891E-012
   5.5873353102050943E-009  -4.9774684894703543E-011
           2  -7.4036659150600678E-011  -6.8706018623800607E-011
  -3.1452023907837718E-009   1.9664362388761192E-011
   5.6896035678733880E-009  -1.2571175251960190E-010
           3   4.7289373181143945E-011  -1.6309599491268546E-010
  -3.1798647708030718E-009   4.5765119978858680E-011
   5.9114621596819249E-009  -2.9647771199363895E-010
           4   2.7642211035337135E-010  -4.8876277943073746E-010
  -3.2444576675739284E-009   1.3452743635655322E-010
   6.3286136683681866E-009  -8.8292024824371416E-010
           5  -2.5801652992333644E-010  -1.5995843218506998E-009
  -3.1029139015925237E-009   4.3600927614239056E-010
   5.3749662709786033E-009  -2.8805130721726923E-009
           6  -1.3150404640804774E-009  -6.5383481739858446E-010
  -2.8205298265724802E-009   1.8033198077309824E-010
   3.4836560411131726E-009  -1.1818978007386011E-009
           7  -1.0740375546618214E-009  -2.0632489840605354E-010
  -2.8905559387202657E-009   5.9646105944277311E-011
   3.9268449624842395E-009  -3.7877368438286381E-010
           8  -9.2258251337728068E-010  -9.1500258561838302E-011
  -2.9370831134175004E-009   2.9101245511360195E-011
   4.2107068513156263E-009  -1.7359745410479442E-010
           9  -8.4033479841828530E-010  -4.8906816293858420E-011
  -2.9656366621865197E-009   1.8136828831084517E-011
   4.3718303133736707E-009  -9.8265035496315913E-011
          10  -7.9216796450749004E-010  -2.8882150017973638E-011
  -2.9857499647902805E-009   1.3300030261820532E-011
   4.4733830479005447E-009  -6.3523007673107291E-011
          11  -7.6240355672078072E-010  -1.7920802965089523E-011
  -3.0016899547796764E-009   1.0933768082158012E-011
   4.5435843920891911E-009  -4.5102139987572864E-011
          12  -7.4359877694187961E-010  -1.1243801859861509E-011
  -3.0154949139521565E-009   9.7452572736922275E-012
   4.5958572526309847E-009  -3.4417316923151908E-011
          13  -7.3187144853404655E-010  -6.8319490647135079E-012
  -3.0282412059516942E-009   9.1895277058192445E-012
   4.6372307612391813E-009  -2.7843759664710465E-011
          14  -7.2503213593233060E-010  -3.7177903743482264E-012
  -3.0405495218093241E-009   9.0067045145484903E-012
   4.6716977503709103E-009  -2.3647260656084166E-011
          15  -7.2176883773436614E-010  -1.3922203427734057E-012
  -3.0528059916758990E-009   9.0612685485706313E-012
   4.7016805190531190E-009  -2.0917732121610552E-011
          16  -7.2125824369901404E-010   4.3296831643540553E-013
  -3.0652677649978555E-009   9.2777521858725231E-012
   4.7287300062375817E-009  -1.9142488853701935E-011
          17  -7.2296594439561311E-010   1.9308784299450318E-012
  -3.0781174372464662E-009   9.6121072138046326E-012
   4.7538854318062400E-009  -1.8016160505959781E-011
          18  -7.2653718236432580E-010   3.2107974736068374E-012
  -3.0914929900334693E-009   1.0037843335647932E-011
   4.7778712857372723E-009  -1.7348570530163163E-011
          19  -7.3173397993501686E-010   4.3448196695671778E-012
  -3.1055052160404599E-009   1.0538854500086144E-011
   4.8012110519977153E-009  -1.7016956641023645E-011
          20  -7.3839740325734508E-010   5.3824687634553192E-012
  -3.1202483906791396E-009   1.1105502075322091E-011
   4.8242958540970974E-009  -1.6939766921714143E-011
          21  -7.4642412679422709E-010   6.3591251653970125E-012
  -3.1358071349748073E-009   1.1732383686115910E-011
   4.8474275111770697E-009  -1.7061602468209134E-011
          22  -7.5575148580879301E-010   7.3010905238321343E-012
  -3.1522610549999825E-009   1.2417021579455091E-011
   4.8708464679578852E-009  -1.7344216823323032E-011
          23  -7.6634776221081203E-010   8.2287491503121463E-012
  -3.1696880522871687E-009   1.3159076844808789E-011
   4.8947504676599090E-009  -1.7760951701172353E-011
          24  -7.7820581404148525E-010   9.1586138431310745E-012
  -3.1881668324579423E-009   1.3959878228693673E-011
   4.9193073877117477E-009  -1.8293196561894306E-011
          25  -7.9133891752398686E-010   1.0104698893601248E-011
  -3.2077789369321117E-009   1.4822148180254630E-011
   4.9446642989470308E-009  -1.8928079884830612E-011
          26  -8.0577812853848293E-010   1.1079478689201634E-011
  -3.2286105078359504E-009   1.5749859340455304E-011
   4.9709540274402433E-009  -1.9656932168253677E-011
          27  -8.2157073204531132E-010   1.2094588220353299E-011
  -3.2507539302306156E-009   1.6748183151117460E-011
   4.9983000345381539E-009  -2.0474245229039858E-011
          28  -8.3877951000308431E-010   1.3161363593010783E-011
  -3.2743094579713182E-009   1.7823509058129710E-011
   5.0268201477318516E-009  -2.1376958290110494E-011
          29  -8.5748266253950991E-010   1.4291286780776739E-011
  -3.2993869089513900E-009   1.8983523290563181E-011
   5.0566294979849487E-009  -2.2363963879273162E-011
          30  -8.7777428738226757E-010   1.5496378983225283E-011
  -3.3261075061820288E-009   2.0237343315439524E-011
   5.0878429057052948E-009  -2.3435764406606064E-011
          31  -8.9976537290994027E-010   1.6789575495423473E-011
  -3.3546059399346002E-009   2.1595709451886668E-011
   5.1205768831394841E-009  -2.4594233652826216E-011
          32  -9.2358529933978886E-010   1.8185108869010054E-011
  -3.3850327314788776E-009   2.3071239801775824E-011
   5.1549513709500471E-009  -2.5842452010444808E-011
          33  -9.4938387629348970E-010   1.9698924697070795E-011
  -3.4175569904533884E-009   2.4678759339478452E-011
   5.1910912920361351E-009  -2.7184593454367708E-011
          34  -9.7733397753691289E-010   2.1349154758768241E-011
  -3.4523696759739361E-009   2.6435719306292804E-011
   5.2291279804161817E-009  -2.8625847767157104E-011
          35  -1.0076348685108288E-009   2.3156675254004823E-011
  -3.4896874975118732E-009   2.8362729596892391E-011
   5.2692005234161498E-009  -3.0172364554867442E-011
          36  -1.0405163629690779E-009   2.5145783602247715E-011
  -3.5297576274830342E-009   3.0484235358008173E-011
   5.3114570383559312E-009  -3.1831206606192610E-011
          37  -1.0762439955681727E-009   2.7345036365330995E-011
  -3.5728634466282876E-009   3.2829380548856472E-011
   5.3560558880536969E-009  -3.3610299300239419E-011
          38  -1.1151254626421384E-009   2.9788304372669576E-011
  -3.6193316105818083E-009   3.5433117173397106E-011
   5.4031668201991201E-009  -3.5518359855241222E-011
          39  -1.1575186707470971E-009   3.2516120857554908E-011
  -3.6695408186139038E-009   3.8337641410458157E-011
   5.4529719908126938E-009  -3.7564784647253268E-011
          40  -1.2038360740628005E-009   3.5577427069428606E-011
  -3.7238906955907037E-009   4.1594269452771290E-011
   5.5056667596366015E-009  -3.9759463487059771E-011
          41  -1.2545805903399011E-009   3.9031862808776886E-011
  -3.7829840674868766E-009   4.5265917783416358E-011
   5.5614603608433275E-009  -4.2112474731019752E-011
          42  -1.3103272905293715E-009   4.2952809815462608E-011
  -3.8473921036103933E-009   4.9430407635403815E-011
   5.6205756800529067E-009  -4.4633591195116788E-011
          43  -1.3717676069046579E-009   4.7431494281366242E-011
  -3.9178456032457007E-009   5.4184942459103668E-011
   5.6832485821443182E-009  -4.7331488761532786E-011
          44  -1.4397310828322373E-009   5.2582596150758320E-011
  -3.9952228157753677E-009   5.9652243773492627E-011
   5.7497257270690294E-009  -5.0212488201122131E-011
          45  -1.5152217450187241E-009   5.8552042047488397E-011
  -4.0805890449864666E-009   6.5989096550692434E-011
   5.8202603264372313E-009  -5.3278560622122931E-011
          46  -1.5994668439953591E-009   6.5528020503858264E-011
  -4.1752498278339332E-009   7.3398452058905688E-011
   5.8951045776624560E-009  -5.6524160738884969E-011
          47  -1.6939832001190983E-009   7.3756851392098652E-011
  -4.2808234713277796E-009   8.2146893812903118E-011
   5.9744968183230231E-009  -5.9931170730960195E-011
          48  -1.8006078925420066E-009   8.3566336098002401E-011
  -4.3993573207420948E-009   9.2590376181040585E-011
   6.0586398274536944E-009  -6.3460750046863181E-011
          49  -1.9218729382259370E-009   9.5400946786435406E-011
  -4.5334079199513566E-009   1.0521305148334327E-010
   6.1476674759972847E-009  -6.7040020305676085E-011
          50  -2.0608254843367668E-009   1.0987626090720847E-010
  -4.6863406719594309E-009   1.2068741803032226E-010
   6.2415849001493737E-009  -7.0539928630582406E-011
          51  -2.2215902438922974E-009   1.2786579892783276E-010
  -4.8626116546311788E-009   1.3997033308243944E-010
   6.3401754418021642E-009  -7.3737630823802689E-011
          52  -2.4095710075296827E-009   1.5064439219615325E-010
  -5.0680958085294011E-009   1.6446166027826213E-010
   6.4428399981555598E-009  -7.6250825420931573E-011
          53  -2.6324027964334803E-009   1.8013461548832102E-010
  -5.3110140408825281E-009   1.9627711820893437E-010
   6.5483266271836348E-009  -7.7419297042327676E-011
          54  -2.9006227509438647E-009   2.1935071276304456E-010
  -5.6031139427937139E-009   2.3874003504219670E-010
   6.6542494843093852E-009  -7.6082487502684526E-011
          55  -3.2301165222881902E-009   2.7324430708723174E-010
  -5.9616769133674549E-009   2.9731845877990599E-010
   6.7562235389299920E-009  -7.0140750710460087E-011
          56  -3.6449982290870750E-009   3.5042794444352902E-010
  -6.4130221091719818E-009   3.8153548602565501E-010
   6.8462127869995180E-009  -5.5635302684930928E-011
          57  -4.1838989720023306E-009   4.6699288370893431E-010
  -6.9999613670820563E-009   5.0920149148744505E-010
   6.9092300539681051E-009  -2.4663793787488578E-011
          58  -4.9137915846690055E-009   6.5590641121657340E-010
  -7.7965050347407086E-009   7.1683259748668222E-010
   6.9162839128577964E-009   3.9838141883612982E-011
          59  -5.9598669720148717E-009   9.9356383043608975E-010
  -8.9406520770762349E-009   1.0890896881407839E-009
   6.8080208085118801E-009   1.7901821881030580E-010
          60  -7.5790424157986880E-009   1.6903040437733199E-009
  -1.0717293351734299E-008   1.8591388333538104E-009
   6.4534849824941516E-009   5.0936081098119552E-010
          61  -1.0343356819374891E-008   3.4927568689773502E-009
  -1.3760123687269459E-008   3.8547646352462658E-009
   5.5476860058132800E-009   1.4514553528609845E-009
          62  -1.4878210198785572E-008   1.0183407591074311E-008
  -1.8761768836503585E-008   1.1269839579464078E-008
   3.7634772816291990E-009   5.1536995385409367E-009
          63  -1.1526215607107442E-009   2.8807651186806747E-008
  -3.5116194734514763E-009   3.1916074986490414E-008
   1.2558913919675039E-008   1.5620033989046959E-008
          64   1.2150060932493230E-008   1.0116681711148361E-008
   1.1275969442712147E-008   1.1187177318394794E-008
   2.1346136533388897E-008   4.7618042146468577E-009
          65   7.5159298501823860E-009   3.5737236700381350E-009
   6.1821690016966224E-009   3.9269372218925054E-009
   2.0235269306625476E-008   7.3833835370309264E-010
          66   4.5766132645764388E-009   1.8621648407221038E-009
   2.9755470465642214E-009   2.0226785285452446E-009
   2.0563791551158324E-008  -6.8035851613452207E-010
          67   2.6619288061280792E-009   1.2755932253594893E-009
   9.1475364163593831E-010   1.3646520242779185E-009
   2.2202114656387826E-008  -1.7264244655191152E-009
          68   1.1472169524494317E-009   1.1113572524608676E-009
  -6.9121147241872519E-010   1.1736968760751129E-009
   2.5257114576785013E-008  -3.0679825647882154E-009
          69  -3.3904094988813079E-010   1.2496224500855834E-009
  -2.2526632791705915E-009   1.3172070249581541E-009
   3.0448124308384919E-008  -5.4726543773910308E-009
          70  -2.1787078366329817E-009   1.9024547692916461E-009
  -4.1921328448074587E-009   2.0320764186907613E-009
   3.9612224214440939E-008  -1.1110768443998895E-008
          71  -4.9154261118729682E-009   4.3513473724068482E-009
  -7.1113661456584053E-009   4.7492104524275908E-009
   5.6231794003151781E-008  -2.9733669139030804E-008
          72  -3.6292882096809247E-009   1.4521735713730397E-008
  -5.5083856733677689E-009   1.6086472745597748E-008
   4.3519414337289559E-008  -1.0537104961737157E-007
          73   9.4467402869638371E-009   8.4648265791428983E-009
   9.2987104845717910E-009   9.2909705988105432E-009
  -5.6299328476574014E-008  -6.0614132952369374E-008
          74   6.8110376262306956E-009   2.7484355327013450E-009
   6.6019870975646192E-009   2.8671702578470632E-009
  -3.9607517800954032E-008  -1.8262487071549463E-008
          75   4.6712561085135172E-009   1.3767414541892709E-009
   4.5177197490823402E-009   1.2846022701223312E-009
  -2.6650186059769484E-008  -7.9947580577996361E-009
          76   3.2755444015680373E-009   9.1727596644785432E-010
   3.3429446941144353E-009   7.0423016017636550E-010
  -1.9425561495582831E-008  -4.3647439574450573E-009
          77   2.2073503311798841E-009   7.4394821820764988E-010
   2.6387259577282405E-009   4.1908690009257479E-010
  -1.5023039817774954E-008  -2.7032861646498642E-009
          78   1.2574770308926657E-009   7.0198336615153828E-010
   2.2107824779438093E-009   2.4395363223033335E-010
  -1.2126541997572215E-008  -1.8063386429727551E-009
          79   2.9787677972398843E-010   7.4963404524027514E-010
   1.9765748222960634E-009   1.1120070463711470E-010
  -1.0122054014850893E-008  -1.2606992771110139E-009
          80  -7.8251061542747874E-010   8.8950767522547987E-010
   1.9079500690139717E-009  -1.4281557293357596E-011
  -8.6983347831879796E-009  -8.9262517179723872E-010
          81  -2.1203759116369030E-009   1.1613244746496370E-009
   2.0137555851054274E-009  -1.6261307329581385E-010
  -7.6913925473142168E-009  -6.1419367297439273E-010
          82  -3.9319666399793928E-009   1.6697177334867811E-009
   2.3456619839219285E-009  -3.7877248790597605E-010
  -7.0229788327655457E-009  -3.6671546248887354E-010
          83  -6.6220153163382965E-009   2.6880996727990496E-009
   3.0289130874597026E-009  -7.6271243517145793E-010
  -6.6845015004959344E-009  -8.4274835243208319E-011
          84  -1.1053692388589860E-008   5.0649608709601323E-009
   4.3530031059728829E-009  -1.6123601352364435E-009
  -6.7616480843774764E-009   3.7759157376006683E-010
          85  -1.9045888278695556E-008   1.2347493767968827E-008
   6.9432756854264242E-009  -4.1626430786555756E-009
  -7.5015075860139857E-009   1.5718615164697360E-009
          86  -2.4247426665671992E-008   4.3815683684582975E-008
   8.5866001236548734E-009  -1.5116570884187287E-008
  -7.9080359199100788E-009   6.4609189588639174E-009
          87   3.7643265752612765E-008   4.6282806596024212E-008
  -1.3071907741528100E-008  -1.5987442061975053E-008
   1.8943844183186492E-009   6.8931863876287636E-009
          88   3.3992831635863975E-008   1.2834486129782779E-008
  -1.1931932905191725E-008  -4.3725525432844855E-009
   1.5785846473173602E-009   1.8113890469823235E-009
          89   2.6002580432398970E-008   5.0408524760787535E-009
  -9.2677940783561256E-009  -1.6742173855134482E-009
   5.3668677858114388E-010   6.5902252972743702E-010
          90   2.1778942043245390E-008   2.4741411797785036E-009
  -7.8990923278551200E-009  -7.9234270701359142E-010
   1.6536005534093971E-011   3.0553001348977034E-010
          91   1.9479339472688679E-008   1.3216965668052392E-009
  -7.1851045508718481E-009  -4.0226508172396915E-010
  -2.6207367752407204E-010   1.6791532584317956E-010
          92   1.8229163553266929E-008   6.8106351683855487E-010
  -6.8211392510915972E-009  -1.9102996626360561E-010
  -4.3294669256206661E-010   1.0938979289099631E-010
          93   1.7639893573495228E-008   2.5789385338074374E-010
  -6.6704637963005324E-009  -5.7312196189743479E-011
  -5.5756728263637604E-010   8.6535499682208381E-011
          94   1.7532619730548384E-008  -6.9633764748404814E-011
  -6.6674893900483769E-009   3.9790458669707323E-011
  -6.6777429178504733E-010   8.2715403147820848E-011
          95   1.7832389631455719E-008  -3.6457369841304588E-010
  -6.7801659826473267E-009   1.1995242516386343E-010
  -7.8258022719677971E-010   9.0915766961659223E-011
          96   1.8527283388072799E-008  -6.6990254945028091E-010
  -6.9952402515926358E-009   1.9442765765598778E-010
  -9.1539808492396268E-010   1.0827139746811402E-010
          97   1.9657611040201916E-008  -1.0266824908367758E-009
  -7.3107500087031533E-009   2.7110909473180370E-010
  -1.0776351887057445E-009   1.3408310622845427E-010
          98   2.1322920951563797E-008  -1.4886872794922664E-009
  -7.7346343067509671E-009   3.5699525629608440E-010
  -1.2808727000366790E-009   1.6910218128687857E-010
          99   2.3707706471598139E-008  -2.1440502588108424E-009
  -8.2840987218276800E-009   4.5981553815637768E-010
  -1.5385862352035651E-009   2.1537976923500853E-010
         100   2.7147206263065101E-008  -3.1617893699233563E-009
  -8.9882089269408072E-009   5.8956940140968221E-010
  -1.8679661514882643E-009   2.7642212749842875E-010
         101   3.2270685049229827E-008  -4.9152305592989862E-009
  -9.8911674514770984E-009   7.6034023630443890E-010
  -2.2921212243338674E-009   3.5739638920924855E-010
         102   4.0358579279390091E-008  -8.3789635117035817E-009
  -1.1060821338469890E-008   9.9184378797419031E-010
  -2.8428098457311706E-009   4.6422964057248261E-010
         103   5.4248251284696721E-008  -1.6763588034798487E-008
  -1.2599067175736383E-008   1.3036944052816374E-009
  -3.5631583587552860E-009   5.9414424815781117E-010
         104   7.9032077001904663E-008  -4.4904611756475221E-008
  -1.4681379151218196E-008   1.6386653649601357E-009
  -4.5243821149570946E-009   6.5915630991109073E-010
         105   5.5298349070818220E-008  -1.5679114507012518E-007
  -1.8423313609713707E-008   1.5164606552626984E-009
  -6.5363192129157691E-009   1.6012412286837395E-010
         106  -8.3247520376275988E-008  -8.4800316847876936E-008
  -2.5470058863864261E-008   4.6959808799033873E-009
  -1.0706896430296747E-008   2.0849918902752160E-009
         107  -5.7195096579493291E-008  -2.7068395896618678E-008
  -3.4557798508136507E-008   1.1166490123266335E-008
  -1.5288140886271324E-008   5.6480919870063292E-009
         108  -3.6710516704513117E-008  -1.5192709033198843E-008
  -5.0988668195177786E-008   3.1240802744250771E-008
  -2.3679056317245729E-008   1.6031311550492714E-008
         109  -2.9061192596856800E-008  -1.9413151663519588E-008
  -2.8653518825717547E-008   1.0778078449107516E-007
  -1.2186227726184610E-008   5.5405341767790889E-008
         110  -3.3357417214249602E-008  -1.0391090755155896E-008
   5.9124515062478033E-008   5.2852403160335537E-008
   3.2916895109824432E-008   2.7190590873707378E-008
         111  -2.7002325101983551E-008  -4.6973439838811908E-009
   4.2152837895721848E-008   1.6305223403841084E-008
   2.4149521340350511E-008   8.4227523614858181E-009
         112  -2.2494509580827455E-008  -2.8594369529392259E-009
   3.0353318365833063E-008   7.2041816969935363E-009
   1.8015017241341063E-008   3.7646770604978159E-009
         113  -1.9382951929915114E-008  -2.0019045511427865E-009
   2.3851582422171991E-008   3.8878757013187260E-009
   1.4574471666776900E-008   2.0837714750293031E-009
         114  -1.7071377401037555E-008  -1.5238559395801395E-009
   1.9989445066328884E-008   2.3224299395915150E-009
   1.2455160294023836E-008   1.3088706880994467E-009
         115  -1.5238989473704822E-008  -1.2423099675472015E-009
   1.7582544191207483E-008   1.4379866220297316E-009
   1.1038472225406142E-008   8.9341774600131504E-010
         116  -1.3689014699284347E-008  -1.0892417810085848E-009
   1.6089811346921957E-008   8.5534363589449970E-010
   1.0030513736748550E-008   6.4799456815133533E-010
         117  -1.2273113206221004E-008  -1.0451562144400047E-009
   1.5257339894463124E-008   4.0277220719282690E-010
   9.2762898886735941E-009   4.9418357491504074E-010
         118  -1.0845239376045257E-008  -1.1272902203351338E-009
   1.4990876782481898E-008  -2.7516064814578140E-011
   8.6852921346413134E-009   3.9600121052696651E-010
         119  -9.2131346047710018E-009  -1.4094184957543983E-009
   1.5322373691461985E-008  -5.5016984473907436E-010
   8.1980480641809938E-009   3.3749493935871554E-010
         120  -7.0462462322539573E-009  -2.1089496437249365E-009
   1.6453847505487892E-008  -1.3840898046687512E-009
   7.7673577844998522E-009   3.1727611335902165E-010
         121  -3.6564600316837397E-009  -3.9530975549746952E-009
   1.8928942692133010E-008  -3.1806531033366658E-009
   7.3413762420679511E-009   3.6008240781223481E-010
         122   2.2445542110587833E-009  -1.0242915225690884E-008
   2.3833246651172461E-008  -8.8234169354113915E-009
   6.8490107428093214E-009   6.0280088611555288E-010
         123  -7.7667807440910080E-010  -3.6713119375229813E-008
   2.1205953474602612E-008  -3.2004553258537783E-008
   6.7651623310846626E-009   1.7136532056656551E-009
         124  -3.8811481210257579E-008  -2.2976628105117621E-008
  -1.1648574425996507E-008  -2.0221544755062051E-008
   8.1918373885484811E-009   1.1179505714480772E-009
         125  -3.3512916418297470E-008  -6.5040057674124828E-009
  -6.6013669332742262E-009  -6.0650340920609812E-009
   7.7816886533408739E-009   4.1183212973099512E-010
         126  -2.9319088576371488E-008  -2.4596219472122115E-009
  -2.2787064639644197E-009  -2.7292156173566982E-009
   7.4201326317367021E-009   2.4145138494117603E-010
         127  -2.7446580568397637E-008  -9.5022505079606746E-010
   2.8417998302195652E-010  -1.6201829376292447E-009
   7.1505799478244818E-009   1.8571757317627497E-010
         128  -2.6834641780110760E-008  -1.6361619115334122E-010
   2.0465461255854687E-009  -1.1733315692215743E-009
   6.9182994527889145E-009   1.6857492790278632E-010
         129  -2.7028133692969971E-008   3.6884186334732956E-010
   3.4593584501308578E-009  -9.9624793911211640E-010
   6.6922103518532623E-009   1.7212804263441005E-010
         130  -2.7849836660285703E-008   8.1644723952884435E-010
   4.7545709198882897E-009  -9.6319862497225731E-010
   6.4495826824872919E-009   1.9260676720784476E-010
         131  -2.9257620129175014E-008   1.2634085568016198E-009
   6.0816047331041751E-009  -1.0330923259738072E-009
   6.1676259911595950E-009   2.3211175727703244E-010
         132  -3.1294747108866338E-008   1.7708657266241629E-009
   7.5680897606089652E-009  -1.2032707130795816E-009
   5.8176006360867465E-009   2.9767224503710209E-010
         133  -3.4083658083580486E-008   2.4040823528563268E-009
   9.3579253879242859E-009  -1.5007940019910864E-009
   5.3577032408916732E-009   4.0358158191327018E-010
         134  -3.7843105499380854E-008   3.2551877771290474E-009
   1.1651130359152288E-008  -1.9938433527955314E-009
   4.7208432228085411E-009   5.7818974254045749E-010
         135  -4.2943969426205357E-008   4.4782243255300652E-009
   1.4773014591210370E-008  -2.8328953955640895E-009
   3.7899085659458760E-009   8.8150300767445540E-010
         136  -5.0018758825177567E-008   6.3633230675197169E-009
   1.9316528386959185E-008  -4.3728828076170037E-009
   2.3415058929452421E-009   1.4557585423473864E-009
         137  -6.0205650804579726E-008   9.5236198616732690E-009
   2.6494022450774417E-008  -7.5886217018357317E-009
  -9.4856319156369587E-011   2.6990933146128820E-009
         138  -7.5722754153042022E-008   1.5450404041604127E-008
   3.9007009236007367E-008  -1.5889856143024255E-008
  -4.5901585617781968E-009   6.0369534673599690E-009
