   262144.00000000000     
         256           1           3
   1.7567330116226543E-005   36.408762317958001        146.43316201569999     
   6.0401400154609997        12.000000000000000        5733.8999999999996     
           0   0.0000000000000000        0.0000000000000000     
   0.0000000000000000        0.0000000000000000     
   0.0000000000000000        0.0000000000000000     
           1   0.0000000000000000        0.0000000000000000     
  -2.1731254756817396E-009   3.1501181845544346E-010
   2.7655152437696168E-009  -1.4093455517920253E-010
           2   0.0000000000000000        0.0000000000000000     
  -2.1646944574815456E-009   7.1279457611701835E-011
   2.7631574185884215E-009  -3.3103378949193358E-011
           3   0.0000000000000000        0.0000000000000000     
  -2.1997097070475440E-009   2.2559990256463395E-011
   2.7810829472123449E-009  -1.2105922607400800E-011
           4   0.0000000000000000        0.0000000000000000     
  -2.2152296613698927E-009   8.4935482682740701E-012
   2.7912822058088185E-009  -6.5493231021524705E-012
           5   0.0000000000000000        0.0000000000000000     
  -2.2213423469784635E-009   2.8602092895793261E-012
   2.7982663474945239E-009  -4.7640310702474391E-012
           6   0.0000000000000000        0.0000000000000000     
  -2.2226844461984456E-009  -1.7089198659847389E-014
   2.8041254903107572E-009  -4.2270243950817965E-012
           7   0.0000000000000000        0.0000000000000000     
  -2.2211883370751505E-009  -1.8032143550104083E-012
   2.8097521346443891E-009  -4.2019245337732643E-012
           8   0.0000000000000000        0.0000000000000000     
  -2.2177237485989029E-009  -3.1019325244073951E-012
   2.8155725250953942E-009  -4.4251539134993099E-012
           9   0.0000000000000000        0.0000000000000000     
  -2.2127068856323684E-009  -4.1691501475270999E-012
   2.8218184047082483E-009  -4.7884623392229567E-012
          10   0.0000000000000000        0.0000000000000000     
  -2.2063394978411449E-009  -5.1277057145209316E-012
   2.8286341286918949E-009  -5.2433893450422764E-012
          11   0.0000000000000000        0.0000000000000000     
  -2.1987113190210630E-009  -6.0433994609376973E-012
   2.8361230841037547E-009  -5.7675219368827524E-012
          12   0.0000000000000000        0.0000000000000000     
  -2.1898475025241829E-009  -6.9554599064751705E-012
   2.8443697783531401E-009  -6.3510560716142156E-012
          13   0.0000000000000000        0.0000000000000000     
  -2.1797318809947467E-009  -7.8900285308618776E-012
   2.8534513494714861E-009  -6.9909407899507024E-012
          14   0.0000000000000000        0.0000000000000000     
  -2.1683187609505067E-009  -8.8666598153571057E-012
   2.8634441899283695E-009  -7.6881590854500612E-012
          15   0.0000000000000000        0.0000000000000000     
  -2.1555388453167654E-009  -9.9017126239476697E-012
   2.8744282147150619E-009  -8.4464262322028802E-012
          16   0.0000000000000000        0.0000000000000000     
  -2.1413019194021303E-009  -1.1010274172541631E-011
   2.8864899977020307E-009  -9.2715829106017235E-012
          17   0.0000000000000000        0.0000000000000000     
  -2.1254975831255951E-009  -1.2207363832879257E-011
   2.8997254100630703E-009  -1.0171360652163190E-011
          18   0.0000000000000000        0.0000000000000000     
  -2.1079941479062354E-009  -1.3508783094746111E-011
   2.9141895031829679E-009  -1.1155368172274192E-011
          19   0.0000000000000000        0.0000000000000000     
  -2.0886391911369567E-009  -1.4931803329352657E-011
   2.9301096175061848E-009  -1.2235238085703563E-011
          20   0.0000000000000000        0.0000000000000000     
  -2.0672539214009366E-009  -1.6495803861136120E-011
   2.9475725326737078E-009  -1.3424885569449273E-011
          21   0.0000000000000000        0.0000000000000000     
  -2.0436319977783911E-009  -1.8222933189099107E-011
   2.9667383015666006E-009  -1.4740901229930431E-011
          22   0.0000000000000000        0.0000000000000000     
  -2.0175347514888275E-009  -2.0138851680124010E-011
   2.9877915791827465E-009  -1.6203069758585549E-011
          23   0.0000000000000000        0.0000000000000000     
  -1.9886858551035580E-009  -2.2273610313353433E-011
   3.0109463801720331E-009  -1.7835047163973687E-011
          24   0.0000000000000000        0.0000000000000000     
  -1.9567646802302990E-009  -2.4662725609434068E-011
   3.0364518774174605E-009  -1.9665234579916976E-011
          25   0.0000000000000000        0.0000000000000000     
  -1.9213980359968056E-009  -2.7348524693397534E-011
   3.0645995412902735E-009  -2.1727904989418849E-011
          26   0.0000000000000000        0.0000000000000000     
  -1.8821498609398008E-009  -3.0381856247965879E-011
   3.0957320096483776E-009  -2.4064662225962471E-011
          27   0.0000000000000000        0.0000000000000000     
  -1.8385082982918244E-009  -3.3824296816469474E-011
   3.1302542037680444E-009  -2.6726343089136789E-011
          28   0.0000000000000000        0.0000000000000000     
  -1.7898693753740882E-009  -3.7751031066911835E-011
   3.1686473819357339E-009  -2.9775518633752941E-011
          29   0.0000000000000000        0.0000000000000000     
  -1.7355162297874255E-009  -4.2254657756715438E-011
   3.2114870707124995E-009  -3.3289816132877349E-011
          30   0.0000000000000000        0.0000000000000000     
  -1.6745924202857906E-009  -4.7450281693333118E-011
   3.2594661693829698E-009  -3.7366380393255803E-011
          31   0.0000000000000000        0.0000000000000000     
  -1.6060672816518965E-009  -5.3482416060201040E-011
   3.3134250334880740E-009  -4.2127939426777956E-011
          32   0.0000000000000000        0.0000000000000000     
  -1.5286904375531897E-009  -6.0534471757403494E-011
   3.3743910984476284E-009  -4.7731163998208559E-011
          33   0.0000000000000000        0.0000000000000000     
  -1.4409313185417416E-009  -6.8842004860319702E-011
   3.4436317240621349E-009  -5.4378362092070497E-011
          34   0.0000000000000000        0.0000000000000000     
  -1.3408974154734277E-009  -7.8711524318177420E-011
   3.5228079571624361E-009  -6.2334115205908361E-011
          35   0.0000000000000000        0.0000000000000000     
  -1.2262234200471601E-009  -9.0547694131744190E-011
   3.6137434058163865E-009  -7.1949354503771937E-011
          36   0.0000000000000000        0.0000000000000000     
  -1.0939144979789202E-009  -1.0489349759081942E-010
   3.7190550481391185E-009  -8.3697003270010235E-011
          37   0.0000000000000000        0.0000000000000000     
  -9.4012625435196014E-010  -1.2249092561923154E-010
   3.8420189344522065E-009  -9.8225840073973970E-011
          38   0.0000000000000000        0.0000000000000000     
  -7.5984415930061213E-010  -1.4437509581644765E-010
   3.9869358145336839E-009  -1.1644413845214839E-010
          39   0.0000000000000000        0.0000000000000000     
  -5.4640820260262425E-010  -1.7202459772487262E-010
   4.1595266746014319E-009  -1.3965336628748266E-010
          40   0.0000000000000000        0.0000000000000000     
  -2.9078147290702890E-010  -2.0760993088661126E-010
   4.3676837575389679E-009  -1.6976926109807791E-010
          41   0.0000000000000000        0.0000000000000000     
   1.9592865114464520E-011  -2.5442045991277284E-010
   4.6223325215483627E-009  -2.0970192559658060E-010
          42   0.0000000000000000        0.0000000000000000     
   4.0267600664641935E-010  -3.1763267416515147E-010
   4.9391357339992282E-009  -2.6404003777290954E-010
          43   0.0000000000000000        0.0000000000000000     
   8.8504377355890107E-010  -4.0577017641137009E-010
   5.3416177858663774E-009  -3.4035148073256965E-010
          44   0.0000000000000000        0.0000000000000000     
   1.5076750073625199E-009  -5.3366747045123610E-010
   5.8659907179260823E-009  -4.5182408313302756E-010
          45   0.0000000000000000        0.0000000000000000     
   2.3370103088902494E-009  -7.2899646966303739E-010
   6.5708086496517900E-009  -6.2308152157833426E-010
          46   0.0000000000000000        0.0000000000000000     
   3.4877419015069402E-009  -1.0481962552956318E-009
   7.5579170437224814E-009  -9.0437984754500517E-010
          47   0.0000000000000000        0.0000000000000000     
   5.1739737151734178E-009  -1.6209449149134890E-009
   9.0179363118134126E-009  -1.4112422449290961E-009
          48   0.0000000000000000        0.0000000000000000     
   7.8352732706981424E-009  -2.7991569478958866E-009
   1.1341430562837358E-008  -2.4572533178610858E-009
          49   0.0000000000000000        0.0000000000000000     
   1.2451428314918035E-008  -5.8028116385603745E-009
   1.5401627576137399E-008  -5.1296611306794347E-009
          50   0.0000000000000000        0.0000000000000000     
   2.0383560258583298E-008  -1.6639011845657645E-008
   2.2410098008141404E-008  -1.4782293468302183E-008
          51   0.0000000000000000        0.0000000000000000     
   1.3535433186461003E-009  -5.2101384941576542E-008
   5.3811799700131574E-009  -4.6382609561957455E-008
          52   0.0000000000000000        0.0000000000000000     
  -2.9908504161812000E-008  -2.0373445561530466E-008
  -2.2559115691043906E-008  -1.8097670882798753E-008
          53   0.0000000000000000        0.0000000000000000     
  -2.1829943768000567E-008  -6.6539160273901149E-009
  -1.5446739274004589E-008  -5.8619395682101458E-009
          54   0.0000000000000000        0.0000000000000000     
  -1.6773321128213723E-008  -3.0799779092769407E-009
  -1.1039081421326991E-008  -2.6673616692752677E-009
          55   0.0000000000000000        0.0000000000000000     
  -1.3908676362985891E-008  -1.7362455212963951E-009
  -8.5987035115485675E-009  -1.4589840192297201E-009
          56   0.0000000000000000        0.0000000000000000     
  -1.2129102884049439E-008  -1.0984282868226906E-009
  -7.1412000175369157E-009  -8.7794992929733835E-010
          57   0.0000000000000000        0.0000000000000000     
  -1.0938799906351842E-008  -7.4737057392829875E-010
  -6.2273893848990306E-009  -5.5028959453300487E-010
          58   0.0000000000000000        0.0000000000000000     
  -1.0100187426270887E-008  -5.3342723633795107E-010
  -5.6488289561715779E-009  -3.4213106464301777E-010
          59   0.0000000000000000        0.0000000000000000     
  -9.4879732343784551E-009  -3.9285396059523385E-010
  -5.2979170979680694E-009  -1.9601859848810717E-010
          60   0.0000000000000000        0.0000000000000000     
  -9.0306383416462331E-009  -2.9484849036846286E-010
  -5.1160403961276191E-009  -8.3660038015409452E-011
          61   0.0000000000000000        0.0000000000000000     
  -8.6847843036438617E-009  -2.2303816578423733E-010
  -5.0707256268020992E-009   1.0648413898916528E-011
          62   0.0000000000000000        0.0000000000000000     
  -8.4228495886822870E-009  -1.6802745472538268E-010
  -5.1455646270554619E-009   9.6776265128621141E-011
          63   0.0000000000000000        0.0000000000000000     
  -8.2267945912526350E-009  -1.2405200770925909E-010
  -5.3349054789054724E-009   1.8191001772521791E-010
          64   0.0000000000000000        0.0000000000000000     
  -8.0846670968715540E-009  -8.7334182156685813E-011
  -5.6416425813005056E-009   2.7228131210704286E-010
          65   0.0000000000000000        0.0000000000000000     
  -7.9886780262312699E-009  -5.5202202146152021E-011
  -6.0772818002184767E-009   3.7437143238643156E-010
          66   0.0000000000000000        0.0000000000000000     
  -7.9341338509803238E-009  -2.5565953084088420E-011
  -6.6623354863637231E-009   4.9607157630055262E-010
          67   0.0000000000000000        0.0000000000000000     
  -7.9189281208101171E-009   3.4518329260025206E-012
  -7.4295599358262847E-009   6.4820280002910007E-010
          68   0.0000000000000000        0.0000000000000000     
  -7.9434671699507671E-009   3.3856098640817961E-011
  -8.4288773618641642E-009   8.4696263643320093E-010
          69   0.0000000000000000        0.0000000000000000     
  -8.0110847947663326E-009   6.8218944029927403E-011
  -9.7370224140200350E-009   1.1183886026020400E-009
          70   0.0000000000000000        0.0000000000000000     
  -8.1291511765138805E-009   1.1043075829431672E-010
  -1.1473956989197625E-008   1.5072899845359183E-009
          71   0.0000000000000000        0.0000000000000000     
  -8.3114733492356788E-009   1.6725261064980671E-010
  -1.3837177636217235E-008   2.0968157049036967E-009
          72   0.0000000000000000        0.0000000000000000     
  -8.5834472151896682E-009   2.5202578816903522E-010
  -1.7168405260638250E-008   3.0561089201351529E-009
          73   0.0000000000000000        0.0000000000000000     
  -8.9938256572589872E-009   3.9495433990807243E-010
  -2.2106868643543666E-008   4.7731471358605664E-009
          74   0.0000000000000000        0.0000000000000000     
  -9.6437694911250546E-009   6.7744739380223012E-010
  -2.9967731950243334E-008   8.2990774563735667E-009
          75   0.0000000000000000        0.0000000000000000     
  -1.0759606127723294E-008   1.3805939232926875E-009
  -4.3681472492997823E-008   1.7269914746451630E-008
          76   0.0000000000000000        0.0000000000000000     
  -1.2661183572523779E-008   3.8841047133078485E-009
  -6.7386295538842898E-008   4.9542249276146046E-008
          77   0.0000000000000000        0.0000000000000000     
  -8.4393450621675541E-009   1.2151725443024604E-008
  -1.1647820351226880E-008   1.5642019993907801E-007
          78   0.0000000000000000        0.0000000000000000     
  -1.1298322363179189E-009   4.8546373670850256E-009
   8.4249638725271591E-008   6.1823006444927725E-008
          79   0.0000000000000000        0.0000000000000000     
  -3.1110827409217399E-009   1.6394047574758146E-009
   6.0090511099599287E-008   2.0051536811655644E-008
          80   0.0000000000000000        0.0000000000000000     
  -4.4115067085811022E-009   8.1338197922089230E-010
   4.4961153551626971E-008   9.1934316998257067E-009
          81   0.0000000000000000        0.0000000000000000     
  -5.2165909088614502E-009   5.1207966472590265E-010
   3.6479167481291184E-008   5.1115241842089205E-009
          82   0.0000000000000000        0.0000000000000000     
  -5.7868130005799280E-009   3.7748649786601296E-010
   3.1297500963217280E-008   3.1677026707461300E-009
          83   0.0000000000000000        0.0000000000000000     
  -6.2401582221822261E-009   3.1164382029349090E-010
   2.7918606375465436E-008   2.0890349996865590E-009
          84   0.0000000000000000        0.0000000000000000     
  -6.6346814646816723E-009   2.7993457537378477E-010
   2.5628618623852343E-008   1.4212084537066470E-009
          85   0.0000000000000000        0.0000000000000000     
  -7.0028157915409590E-009   2.6798823186891212E-010
   2.4054703098269196E-008   9.7021567443544225E-010
          86   0.0000000000000000        0.0000000000000000     
  -7.3652535604864158E-009   2.6930923406642067E-010
   2.2988267827837109E-008   6.4149571736180150E-010
          87   0.0000000000000000        0.0000000000000000     
  -7.7372036511010796E-009   2.8101189884908972E-010
   2.2308019039716210E-008   3.8364237597050228E-010
          88   0.0000000000000000        0.0000000000000000     
  -8.1316470875886972E-009   3.0218587399443039E-010
   2.1943443896215296E-008   1.6556992352108927E-010
          89   0.0000000000000000        0.0000000000000000     
  -8.5613657142394747E-009   3.3328808698660844E-010
   2.1857035311497785E-008  -3.4036981954153665E-011
          90   0.0000000000000000        0.0000000000000000     
  -9.0405999617099993E-009   3.7604681825560472E-010
   2.2036275947770177E-008  -2.3240889428444875E-010
          91   0.0000000000000000        0.0000000000000000     
  -9.5868302865839500E-009   4.3375376463459063E-010
   2.2490578812907674E-008  -4.4660340392870656E-010
          92   0.0000000000000000        0.0000000000000000     
  -1.0223224771529383E-008   5.1204513530071018E-010
   2.3253201257221232E-008  -6.9739435067383265E-010
          93   0.0000000000000000        0.0000000000000000     
  -1.0982521654210858E-008   6.2055613342812453E-010
   2.4389884365719533E-008  -1.0149005012649255E-009
          94   0.0000000000000000        0.0000000000000000     
  -1.1913874098896056E-008   7.7644609760861551E-010
   2.6015463390320065E-008  -1.4491124854800425E-009
          95   0.0000000000000000        0.0000000000000000     
  -1.3096041584660199E-008   1.0124611284851557E-009
   2.8330123683155335E-008  -2.0930651923486635E-009
          96   0.0000000000000000        0.0000000000000000     
  -1.4665034710432224E-008   1.3974919883625669E-009
   3.1694832742790031E-008  -3.1413770049771214E-009
          97   0.0000000000000000        0.0000000000000000     
  -1.6877980369600316E-008   2.0974186194644477E-009
   3.6813520930831684E-008  -5.0632856804941023E-009
          98   0.0000000000000000        0.0000000000000000     
  -2.0273966604531629E-008   3.5965436146646069E-009
   4.5186481349840379E-008  -9.2326251314431901E-009
          99   0.0000000000000000        0.0000000000000000     
  -2.6028587560398376E-008   7.7776887307019684E-009
   6.0119863910989127E-008  -2.1001966042789392E-008
         100   0.0000000000000000        0.0000000000000000     
  -3.3202280831365026E-008   2.4910384597296406E-008
   7.8882367185962231E-008  -6.9595771109946385E-008
         101   0.0000000000000000        0.0000000000000000     
   5.8345081942746613E-009   4.1616929599362051E-008
  -3.4191551095879125E-008  -1.1691173183994771E-007
         102   0.0000000000000000        0.0000000000000000     
   9.0789643772653032E-009   1.2354168116938732E-008
  -4.5755265132362500E-008  -3.3266475748289788E-008
         103   0.0000000000000000        0.0000000000000000     
   1.2990657366821581E-009   5.3952715744868988E-009
  -2.6468837722999876E-008  -1.2978901916128492E-008
         104   0.0000000000000000        0.0000000000000000     
  -3.9156009909071066E-009   3.5305590264492473E-009
  -1.5246314444327045E-008  -6.9766685096723755E-009
         105   0.0000000000000000        0.0000000000000000     
  -8.1025207874457236E-009   3.0833507453155367E-009
  -8.0710162708122540E-009  -4.6491665373339327E-009
         106   0.0000000000000000        0.0000000000000000     
  -1.2258830007631510E-008   3.3509267683002208E-009
  -2.7151838793421520E-009  -3.7118748423483095E-009
         107   0.0000000000000000        0.0000000000000000     
  -1.7184591203059232E-008   4.3420635756417475E-009
   1.9893437641053804E-009  -3.5652881831002419E-009
         108   0.0000000000000000        0.0000000000000000     
  -2.3968187402163901E-008   6.6226730522541532E-009
   6.9348530124212626E-009  -4.2307115146469026E-009
         109   0.0000000000000000        0.0000000000000000     
  -3.4714170759688098E-008   1.2233340186897731E-008
   1.3284482992285697E-008  -6.5144701362404864E-009
         110   0.0000000000000000        0.0000000000000000     
  -5.3590277933888670E-008   3.0147499572593288E-008
   2.3032344196497302E-008  -1.4362034026900531E-008
         111   0.0000000000000000        0.0000000000000000     
  -5.7996001972802711E-008   1.0749995240729815E-007
   2.6210877434072343E-008  -4.8734020877296089E-008
         112   0.0000000000000000        0.0000000000000000     
   7.5031352931834549E-008   8.9819110223774756E-008
  -3.1856563938352656E-008  -4.0843031247914550E-008
         113   0.0000000000000000        0.0000000000000000     
   6.0539386297078232E-008   2.5653692175496753E-008
  -2.4239807378349469E-008  -1.2301019449764464E-008
         114   0.0000000000000000        0.0000000000000000     
   4.3569248771617519E-008   1.0593019736470945E-008
  -1.5452044891871234E-008  -5.6711704692816269E-009
         115   0.0000000000000000        0.0000000000000000     
   3.4363976304005308E-008   5.4587470917074845E-009
  -9.9831421010212303E-009  -3.5226761150742079E-009
         116   0.0000000000000000        0.0000000000000000     
   2.9102068698656981E-008   3.0870050491281328E-009
  -6.0349608440423349E-009  -2.6918233856503129E-009
         117   0.0000000000000000        0.0000000000000000     
   2.6048017423028855E-008   1.7058907472309633E-009
  -2.6939086511776966E-009  -2.4400567326312901E-009
         118   0.0000000000000000        0.0000000000000000     
   2.4478171523853029E-008   6.8734088201184389E-010
   5.9259523197070720E-010  -2.5897608182552208E-009
         119   0.0000000000000000        0.0000000000000000     
   2.4169532899964867E-008  -3.1628105198203848E-010
   4.3348080187268682E-009  -3.2126087145633106E-009
         120   0.0000000000000000        0.0000000000000000     
   2.5290912414477374E-008  -1.7068808367539073E-009
   9.2657714209407588E-009  -4.7085918285671803E-009
         121   0.0000000000000000        0.0000000000000000     
   2.8591148504525754E-008  -4.4674126505468264E-009
   1.6813415943731711E-008  -8.4680971667224111E-009
         122   0.0000000000000000        0.0000000000000000     
   3.5791618660872190E-008  -1.2648774407171110E-008
   2.9787903437220491E-008  -2.0614103106257621E-008
         123   0.0000000000000000        0.0000000000000000     
   3.6337007866061372E-008  -4.7193523140249388E-008
   3.2190667310128755E-008  -7.3084180443050535E-008
         124   0.0000000000000000        0.0000000000000000     
  -2.2408720370893962E-008  -3.8308429230616065E-008
  -5.6262027005666455E-008  -5.9296281967769676E-008
         125   0.0000000000000000        0.0000000000000000     
  -1.6311732082824309E-008  -1.0778593085410130E-008
  -4.5989421715614913E-008  -1.7076018162967044E-008
         126   0.0000000000000000        0.0000000000000000     
  -9.2955530918552794E-009  -4.3841837610256496E-009
  -3.4551725220262149E-008  -7.1477212971098187E-009
         127   0.0000000000000000        0.0000000000000000     
  -5.5143975569567444E-009  -2.2649494189982012E-009
  -2.8266140585790792E-008  -3.7612924503915247E-009
         128   0.0000000000000000        0.0000000000000000     
  -3.2999901993635771E-009  -1.3495555577341024E-009
  -2.4570730038694849E-008  -2.2208346311575721E-009
         129   0.0000000000000000        0.0000000000000000     
  -1.8798582610873652E-009  -8.8663014411509799E-010
  -2.2279622914077025E-008  -1.3733430540328232E-009
         130   0.0000000000000000        0.0000000000000000     
  -8.9750651493620558E-010  -6.2873954210015105E-010
  -2.0848892078692821E-008  -8.3542747313082318E-010
         131   0.0000000000000000        0.0000000000000000     
  -1.7145676073732999E-010  -4.7660441495268011E-010
  -2.0010503106423301E-008  -4.4953842447145299E-010
         132   0.0000000000000000        0.0000000000000000     
   3.9941610640890326E-010  -3.8461092396845818E-010
  -1.9627089487994563E-008  -1.3906709571164297E-010
         133   0.0000000000000000        0.0000000000000000     
   8.7604727464833269E-010  -3.2969582481126605E-010
  -1.9633056888099519E-008   1.3999653700371256E-010
         134   0.0000000000000000        0.0000000000000000     
   1.2978585935015403E-009  -2.9938256924678497E-010
  -2.0009486245106288E-008   4.1856532397645844E-010
         135   0.0000000000000000        0.0000000000000000     
   1.6921867159634039E-009  -2.8660445601558823E-010
  -2.0774150788359424E-008   7.2434252471107014E-010
         136   0.0000000000000000        0.0000000000000000     
   2.0793646842672890E-009  -2.8722379634050627E-010
  -2.1982952622182371E-008   1.0890106205141279E-009
         137   0.0000000000000000        0.0000000000000000     
   2.4755374789097402E-009  -2.9868019101229460E-010
  -2.3740265508434215E-008   1.5564891633911304E-009
         138   0.0000000000000000        0.0000000000000000     
   2.8941195061904888E-009  -3.1902937932704966E-010
  -2.6220744119956238E-008   2.1964333804704145E-009
