   262144.00000000000     
         256           1           3
   1.7567330116226543E-005  -11.098339920101999        85.396172594000006     
   6.0401400154609997        12.000000000000000        5733.8999999999996     
           0   0.0000000000000000        0.0000000000000000     
   0.0000000000000000        0.0000000000000000     
   0.0000000000000000        0.0000000000000000     
           1   9.9766979195346149E-010   1.1981134689213147E-010
  -7.9307005420607501E-010  -5.2781184664936765E-010
   0.0000000000000000        0.0000000000000000     
           2   9.7677522744111829E-010   5.9092231719686952E-012
  -7.4717206564957244E-010  -1.0344378973472760E-010
   0.0000000000000000        0.0000000000000000     
           3   9.5311627241164677E-010  -1.6022763803682937E-011
  -6.7443835530123738E-010  -2.2612928087033198E-011
   0.0000000000000000        0.0000000000000000     
           4   9.4160587062245075E-010  -2.2428609457684021E-011
  -6.3922177976525954E-010   3.4036664780158501E-014
   0.0000000000000000        0.0000000000000000     
           5   9.3592311747644489E-010  -2.5087534500203961E-011
  -6.2065668540894313E-010   8.5041816971993878E-012
   0.0000000000000000        0.0000000000000000     
           6   9.3337835749814682E-010  -2.6552629979752868E-011
  -6.0989894950261786E-010   1.2349496853481068E-011
   0.0000000000000000        0.0000000000000000     
           7   9.3281537870156713E-010  -2.7568761799922572E-011
  -6.0325154163285390E-010   1.4360417910035190E-011
   0.0000000000000000        0.0000000000000000     
           8   9.3368154358756137E-010  -2.8403306659973838E-011
  -5.9900192104360536E-010   1.5538035719979894E-011
   0.0000000000000000        0.0000000000000000     
           9   9.3568777021622697E-010  -2.9168085582719642E-011
  -5.9627718629913420E-010   1.6298441893316129E-011
   0.0000000000000000        0.0000000000000000     
          10   9.3867296810646345E-010  -2.9915979433855783E-011
  -5.9459601764833498E-010   1.6834735961869305E-011
   0.0000000000000000        0.0000000000000000     
          11   9.4254431784982521E-010  -3.0674909176636936E-011
  -5.9367563494166325E-010   1.7244574309871649E-011
   0.0000000000000000        0.0000000000000000     
          12   9.4724857501421548E-010  -3.1461331184969585E-011
  -5.9334121630423922E-010   1.7580905887681912E-011
   0.0000000000000000        0.0000000000000000     
          13   9.5275726025381884E-010  -3.2286142901731288E-011
  -5.9348021557998392E-010   1.7874180338266986E-011
   0.0000000000000000        0.0000000000000000     
          14   9.5905857060336274E-010  -3.3157486215254110E-011
  -5.9401788828441696E-010   1.8142854635542292E-011
   0.0000000000000000        0.0000000000000000     
          15   9.6615277323134255E-010  -3.4082179271315665E-011
  -5.9490350068775463E-010   1.8398697701171666E-011
   0.0000000000000000        0.0000000000000000     
          16   9.7404951711642718E-010  -3.5066503075564344E-011
  -5.9610222790299576E-010   1.8649624418103104E-011
   0.0000000000000000        0.0000000000000000     
          17   9.8276626328459814E-010  -3.6116670366731013E-011
  -5.9759023399786450E-010   1.8901291098674384E-011
   0.0000000000000000        0.0000000000000000     
          18   9.9232740627213755E-010  -3.7239134124132742E-011
  -5.9935161455312525E-010   1.9158043240309425E-011
   0.0000000000000000        0.0000000000000000     
          19   1.0027638504515696E-009  -3.8440816171730235E-011
  -6.0137647920811609E-010   1.9423515279065021E-011
   0.0000000000000000        0.0000000000000000     
          20   1.0141129082454710E-009  -3.9729299980843943E-011
  -6.0365976750708595E-010   1.9701043361949577E-011
   0.0000000000000000        0.0000000000000000     
          21   1.0264184462866251E-009  -4.1113014182224686E-011
  -6.0620056639789932E-010   1.9993984037505073E-011
   0.0000000000000000        0.0000000000000000     
          22   1.0397312414808510E-009  -4.2601424966353158E-011
  -6.0900180066865333E-010   2.0305998441636051E-011
   0.0000000000000000        0.0000000000000000     
          23   1.0541095327805771E-009  -4.4205252236971679E-011
  -6.1207023318105522E-010   2.0641347017133380E-011
   0.0000000000000000        0.0000000000000000     
          24   1.0696197722285382E-009  -4.5936724225310287E-011
  -6.1541675914086134E-010   2.1005237110288318E-011
   0.0000000000000000        0.0000000000000000     
          25   1.0863375943637514E-009  -4.7809887672702165E-011
  -6.1905701969335349E-010   2.1404272817667256E-011
   0.0000000000000000        0.0000000000000000     
          26   1.1043490390164073E-009  -4.9840995869801286E-011
  -6.2301240391400591E-010   2.1847074450247004E-011
   0.0000000000000000        0.0000000000000000     
          27   1.1237520814859703E-009  -5.2049005850856711E-011
  -6.2731156416077369E-010   2.2345168766839436E-011
   0.0000000000000000        0.0000000000000000     
          28   1.1446585493983643E-009  -5.4456231148824120E-011
  -6.3199265029569714E-010   2.2914310995093496E-011
   0.0000000000000000        0.0000000000000000     
          29   1.1671965415156171E-009  -5.7089222099007086E-011
  -6.3710659266152186E-010   2.3576505907621280E-011
   0.0000000000000000        0.0000000000000000     
          30   1.1915135183565546E-009  -5.9979990359142490E-011
  -6.4272196546773837E-010   2.4363188070716490E-011
   0.0000000000000000        0.0000000000000000     
          31   1.2177803204645633E-009  -6.3167775483960282E-011
  -6.4893230043457315E-010   2.5320383164470736E-011
   0.0000000000000000        0.0000000000000000     
          32   1.2461965113383795E-009  -6.6701705898404077E-011
  -6.5586730417205540E-010   2.6517378617353944E-011
   0.0000000000000000        0.0000000000000000     
          33   1.2769976815886959E-009  -7.0645016478918732E-011
  -6.6371046594525359E-010   2.8061876576745971E-011
   0.0000000000000000        0.0000000000000000     
          34   1.3104657691927771E-009  -7.5082144070372918E-011
  -6.7272740692973578E-010   3.0127720582924058E-011
   0.0000000000000000        0.0000000000000000     
          35   1.3469441892963937E-009  -8.0131520306835886E-011
  -6.8331270107816771E-010   3.3008449270007198E-011
   0.0000000000000000        0.0000000000000000     
          36   1.3868608269508523E-009  -8.5970551994123602E-011
  -6.9606877183848125E-010   3.7227607189186732E-011
   0.0000000000000000        0.0000000000000000     
          37   1.4307636703656367E-009  -9.2889076841154535E-011
  -7.1193861039736675E-010   4.3784149691201180E-011
   0.0000000000000000        0.0000000000000000     
          38   1.4793731241070225E-009  -1.0141633172480748E-010
  -7.3241045379577890E-010   5.4750839571978150E-011
   0.0000000000000000        0.0000000000000000     
          39   1.5336269019810430E-009  -1.1265910409865999E-010
  -7.5967675841191140E-010   7.4894319463057043E-011
   0.0000000000000000        0.0000000000000000     
          40   1.5944421454158779E-009  -1.2929649512266562E-010
  -7.9541279613461148E-010   1.1648741553305503E-010
   0.0000000000000000        0.0000000000000000     
          41   1.6598921730976339E-009  -1.5822166143682534E-010
  -8.2698774350430498E-010   2.1217744976028357E-010
   0.0000000000000000        0.0000000000000000     
          42   1.7082115553666485E-009  -2.0541921746816433E-010
  -7.4453272572061633E-010   3.9036763176056445E-010
   0.0000000000000000        0.0000000000000000     
          43   1.7260354111578804E-009  -2.1399563527447510E-010
  -4.7680956758487133E-010   3.7305696399166795E-010
   0.0000000000000000        0.0000000000000000     
          44   1.7946843058016829E-009  -1.9188691047808122E-010
  -4.1344075460621888E-010   1.9516519564946123E-010
   0.0000000000000000        0.0000000000000000     
          45   1.8930250481941833E-009  -1.9041246941380761E-010
  -4.4504360223169184E-010   1.0422936648481385E-010
   0.0000000000000000        0.0000000000000000     
          46   2.0033697014800190E-009  -2.0254745944413542E-010
  -4.7576338157308844E-010   6.3000461115422873E-011
   0.0000000000000000        0.0000000000000000     
          47   2.1262721862933379E-009  -2.2299772941998349E-010
  -4.9585363527528918E-010   4.1002523950602923E-011
   0.0000000000000000        0.0000000000000000     
          48   2.2653520173910646E-009  -2.5076867636655396E-010
  -5.0691793685103897E-010   2.6759177568284984E-011
   0.0000000000000000        0.0000000000000000     
          49   2.4252679288141186E-009  -2.8683574592809296E-010
  -5.1055996330013411E-010   1.5555704407154978E-011
   0.0000000000000000        0.0000000000000000     
          50   2.6119676813500349E-009  -3.3355655805119780E-010
  -5.0741806647598113E-010   5.0082461867657657E-012
   0.0000000000000000        0.0000000000000000     
          51   2.8333933662909327E-009  -3.9490420227045030E-010
  -4.9725643980487446E-010  -6.5018317573882328E-012
   0.0000000000000000        0.0000000000000000     
          52   3.1005764363272010E-009  -4.7731700230684330E-010
  -4.7900419369696862E-010  -2.0534135410250081E-011
   0.0000000000000000        0.0000000000000000     
          53   3.4293815221598742E-009  -5.9147014727908406E-010
  -4.5061438001085171E-010  -3.9110637175778937E-011
   0.0000000000000000        0.0000000000000000     
          54   3.8433970892747093E-009  -7.5590785003930314E-010
  -4.0868783600269255E-010  -6.5408345113190714E-011
   0.0000000000000000        0.0000000000000000     
          55   4.3788311392366595E-009  -1.0049362193249670E-009
  -3.4772817903793757E-010  -1.0508392334687047E-010
   0.0000000000000000        0.0000000000000000     
          56   5.0924414040464264E-009  -1.4072955561225824E-009
  -2.5903624307131259E-010  -1.6930012711684764E-010
   0.0000000000000000        0.0000000000000000     
          57   6.0717881048926765E-009  -2.1151547859562351E-009
  -1.2901033469844058E-010  -2.8260717658111335E-010
   0.0000000000000000        0.0000000000000000     
          58   7.4212571634409636E-009  -3.5073789646003967E-009
   5.8257921489088240E-011  -5.0585853032578334E-010
   0.0000000000000000        0.0000000000000000     
          59   8.9890106394265170E-009  -6.6204256913222144E-009
   2.7651072263416799E-010  -1.0047234801505345E-009
   0.0000000000000000        0.0000000000000000     
          60   8.1135837790952107E-009  -1.3514538028572453E-008
   9.5974890249962670E-011  -2.1044102955653051E-009
   0.0000000000000000        0.0000000000000000     
          61  -2.6427580250200975E-009  -1.7485222008637439E-008
  -1.6624001465189440E-009  -2.7187375769528937E-009
   0.0000000000000000        0.0000000000000000     
          62  -8.5999686273365813E-009  -9.6599535756709359E-009
  -2.6336771060503669E-009  -1.4527512504495139E-009
   0.0000000000000000        0.0000000000000000     
          63  -7.4754753896593061E-009  -4.6454613845201886E-009
  -2.4776183969323555E-009  -6.4872641302803973E-010
   0.0000000000000000        0.0000000000000000     
          64  -5.8369006383133584E-009  -2.5394019975626023E-009
  -2.2459128542523815E-009  -3.1090209236422285E-010
   0.0000000000000000        0.0000000000000000     
          65  -4.6107953470631043E-009  -1.5644785624958216E-009
  -2.0841313155288663E-009  -1.5312664678712458E-010
   0.0000000000000000        0.0000000000000000     
          66  -3.7299947808124879E-009  -1.0528296777044789E-009
  -1.9804555321027797E-009  -6.8574302956848079E-011
   0.0000000000000000        0.0000000000000000     
          67  -3.0800897767232031E-009  -7.5650378543504461E-010
  -1.9163775580005194E-009  -1.7714181537527998E-011
   0.0000000000000000        0.0000000000000000     
          68  -2.5837680821140149E-009  -5.7177954373608354E-010
  -1.8794833406693035E-009   1.5962273977922876E-011
   0.0000000000000000        0.0000000000000000     
          69  -2.1922197149447987E-009  -4.5011990972489560E-010
  -1.8621989384461651E-009   4.0190000929101212E-011
   0.0000000000000000        0.0000000000000000     
          70  -1.8742397386285453E-009  -3.6663411239896601E-010
  -1.8597272107338158E-009   5.8954240706525120E-011
   0.0000000000000000        0.0000000000000000     
          71  -1.6094816408658217E-009  -3.0758303957550888E-010
  -1.8690645154935953E-009   7.4483307493241971E-011
   0.0000000000000000        0.0000000000000000     
          72  -1.3840004766766706E-009  -2.6492772612110697E-010
  -1.8883138805642497E-009   8.8116514190583207E-011
   0.0000000000000000        0.0000000000000000     
          73  -1.1880824087599246E-009  -2.3373435208276837E-010
  -1.9162962536741549E-009   1.0071686379568782E-010
   0.0000000000000000        0.0000000000000000     
          74  -1.0146106680470340E-009  -2.1086127482367898E-010
  -1.9523377256173993E-009   1.1288267148420719E-010
   0.0000000000000000        0.0000000000000000     
          75  -8.5833470179016311E-010  -1.9424800484897614E-010
  -1.9960807119432491E-009   1.2506138276095164E-010
   0.0000000000000000        0.0000000000000000     
          76  -7.1515110412873368E-010  -1.8251841273007521E-010
  -2.0474541740699012E-009   1.3761888047142632E-010
   0.0000000000000000        0.0000000000000000     
          77  -5.8187289398643373E-010  -1.7474448174657737E-010
  -2.1066389955344656E-009   1.5088285924630301E-010
   0.0000000000000000        0.0000000000000000     
          78  -4.5586983071510464E-010  -1.7030699266793958E-010
  -2.1739742543084668E-009   1.6517069195859705E-010
   0.0000000000000000        0.0000000000000000     
          79  -3.3492763754988279E-010  -1.6880858868801890E-010
  -2.2500516016382790E-009   1.8081686657097705E-010
   0.0000000000000000        0.0000000000000000     
          80  -2.1708429014289925E-010  -1.7002164951499455E-010
  -2.3356671476020328E-009   1.9819347032511480E-010
   0.0000000000000000        0.0000000000000000     
          81  -1.0059729709793590E-010  -1.7385698220691022E-010
  -2.4318370799448427E-009   2.1773373870273846E-010
   0.0000000000000000        0.0000000000000000     
          82   1.6244737101706268E-011  -1.8035060886646199E-010
  -2.5398738870804487E-009   2.3996164595423814E-010
   0.0000000000000000        0.0000000000000000     
          83   1.3513099748389226E-010  -1.8966107409257788E-010
  -2.6614190335472753E-009   2.6552747232335829E-010
   0.0000000000000000        0.0000000000000000     
          84   2.5782092441550413E-010  -2.0207983816479918E-010
  -2.7985297259006865E-009   2.9525725998720240E-010
   0.0000000000000000        0.0000000000000000     
          85   3.8620782815539060E-010  -2.1805445642815659E-010
  -2.9537847539400200E-009   3.3022177628497258E-010
   0.0000000000000000        0.0000000000000000     
          86   5.2248372836419234E-010  -2.3822969329392732E-010
  -3.1304488640759941E-009   3.7183690735892234E-010
   0.0000000000000000        0.0000000000000000     
          87   6.6916282372749488E-010  -2.6351000557754766E-010
  -3.3327170245080148E-009   4.2201328295951048E-010
   0.0000000000000000        0.0000000000000000     
          88   8.2923002428297880E-010  -2.9515800138573828E-010
  -3.5659611488935354E-009   4.8338146993550522E-010
   0.0000000000000000        0.0000000000000000     
          89   1.0064600421273857E-009  -3.3495020335480171E-010
  -3.8372437627933208E-009   5.5965132016912857E-010
   0.0000000000000000        0.0000000000000000     
          90   1.2055611973599736E-009  -3.8541845433099255E-010
  -4.1559146305114678E-009   6.5618948683733458E-010
   0.0000000000000000        0.0000000000000000     
          91   1.4327300228324190E-009  -4.5024887202680018E-010
  -4.5346470516093756E-009   7.8099505837018103E-010
   0.0000000000000000        0.0000000000000000     
          92   1.6962346501199065E-009  -5.3494734514077648E-010
  -4.9909979701250280E-009   9.4640604983082898E-010
   0.0000000000000000        0.0000000000000000     
          93   2.0071041018506056E-009  -6.4799650098520267E-010
  -5.5497680659733529E-009   1.1722271331358746E-009
   0.0000000000000000        0.0000000000000000     
          94   2.3807921870920917E-009  -8.0298075454147487E-010
  -6.2465858236094510E-009   1.4917837554198102E-009
   0.0000000000000000        0.0000000000000000     
          95   2.8393747102719348E-009  -1.0226627251713847E-009
  -7.1338798514408884E-009   1.9644224525428699E-009
   0.0000000000000000        0.0000000000000000     
          96   3.4140308031372432E-009  -1.3472856511270928E-009
  -8.2886433041840345E-009   2.7032178753628860E-009
   0.0000000000000000        0.0000000000000000     
          97   4.1488320278493860E-009  -1.8527266647404125E-009
  -9.8165860121725780E-009   3.9415164624902357E-009
   0.0000000000000000        0.0000000000000000     
          98   5.0981979354404688E-009  -2.6929060878204574E-009
  -1.1813748153829066E-008   6.2045766407349732E-009
   0.0000000000000000        0.0000000000000000     
          99   6.2882710287885788E-009  -4.2036548873140835E-009
  -1.4028981733819374E-008   1.0742898602028348E-008
   0.0000000000000000        0.0000000000000000     
         100   7.4647186059464714E-009  -7.1311711023124895E-009
  -1.3838001249891733E-008   1.9937658821181773E-008
   0.0000000000000000        0.0000000000000000     
         101   6.8765405526381702E-009  -1.2612839490998004E-008
  -1.7760264780459069E-009   3.0162777877211760E-008
   0.0000000000000000        0.0000000000000000     
         102  -2.0691526287945172E-010  -1.7890918658708788E-008
   1.4078330107411414E-008   2.2379251978790658E-008
   0.0000000000000000        0.0000000000000000     
         103  -8.8165270962772789E-009  -1.3995294267307662E-008
   1.5116043195729798E-008   1.1190660901125020E-008
   0.0000000000000000        0.0000000000000000     
         104  -1.0281768165434294E-008  -7.8181698053947384E-009
   1.2440900531335115E-008   6.0867160936068756E-009
   0.0000000000000000        0.0000000000000000     
         105  -9.1120274805047555E-009  -4.3932761808497452E-009
   1.0178957045046290E-008   3.7204076176808620E-009
   0.0000000000000000        0.0000000000000000     
         106  -7.8049828280716204E-009  -2.6758743254333375E-009
   8.5068144130377347E-009   2.4687442496282518E-009
   0.0000000000000000        0.0000000000000000     
         107  -6.7614104562461577E-009  -1.7533534764763892E-009
   7.2644928873734127E-009   1.7391749205771228E-009
   0.0000000000000000        0.0000000000000000     
         108  -5.9653522861951892E-009  -1.2149553943348477E-009
   6.3195552477896536E-009   1.2817941124300448E-009
   0.0000000000000000        0.0000000000000000     
         109  -5.3540346163100137E-009  -8.7761860525935938E-010
   5.5823558606529300E-009   9.7834314923052736E-010
   0.0000000000000000        0.0000000000000000     
         110  -4.8761266381133227E-009  -6.5372657887981531E-010
   4.9939158398912569E-009   7.6773985113786027E-010
   0.0000000000000000        0.0000000000000000     
         111  -4.4956098602633716E-009  -4.9801224856659993E-010
   4.5147447874413452E-009   6.1614193706208262E-010
   0.0000000000000000        0.0000000000000000     
         112  -4.1874766399815609E-009  -3.8545928225817999E-010
   4.1177172675338972E-009   5.0368731079495516E-010
   0.0000000000000000        0.0000000000000000     
         113  -3.9342954608657491E-009  -3.0142534917312036E-010
   3.7838261072287431E-009   4.1814250933353110E-010
   0.0000000000000000        0.0000000000000000     
         114  -3.7237624700138780E-009  -2.3691335098968954E-010
   3.4994515891729325E-009   3.5165974573799659E-010
   0.0000000000000000        0.0000000000000000     
         115  -3.5469725133546641E-009  -1.8616323026360351E-010
   3.2545223165279342E-009   2.9902965080780959E-010
   0.0000000000000000        0.0000000000000000     
         116  -3.3974224758028007E-009  -1.4535308925305012E-010
   3.0415444425960577E-009   2.5668642211313436E-010
   0.0000000000000000        0.0000000000000000     
         117  -3.2701621661404222E-009  -1.1186953872640170E-010
   2.8547853213070364E-009   2.2212586460057575E-010
   0.0000000000000000        0.0000000000000000     
         118  -3.1615040879457819E-009  -8.3873394744887177E-011
   2.6897865752906314E-009   1.9354804615322065E-010
   0.0000000000000000        0.0000000000000000     
         119  -3.0685607041918228E-009  -6.0039476302101199E-011
   2.5430981529997509E-009   1.6962970290634537E-010
   0.0000000000000000        0.0000000000000000     
         120  -2.9890754083826706E-009  -3.9389987499304020E-011
   2.4119259601169011E-009   1.4938146407882700E-010
   0.0000000000000000        0.0000000000000000     
         121  -2.9212995670456754E-009  -2.1186536621046125E-011
   2.2940759163116426E-009   1.3204693288913092E-010
   0.0000000000000000        0.0000000000000000     
         122  -2.8638687677560055E-009  -4.8587844422157734E-012
   2.1877608608216989E-009   1.1703839378330994E-010
   0.0000000000000000        0.0000000000000000     
         123  -2.8156426564049737E-009   1.0043249786789372E-011
   2.0915350601096216E-009   1.0388961175989547E-010
   0.0000000000000000        0.0000000000000000     
         124  -2.7757811351275433E-009   2.3885814313457183E-011
   2.0042163194268843E-009   9.2222938271617855E-011
   0.0000000000000000        0.0000000000000000     
         125  -2.7436126821028951E-009   3.6974911596059655E-011
   1.9248440945158151E-009   8.1724583739775920E-011
   0.0000000000000000        0.0000000000000000     
         126  -2.7186292054729581E-009   4.9575443113053945E-011
   1.8526250320438965E-009   7.2126535755423752E-011
   0.0000000000000000        0.0000000000000000     
         127  -2.7004518089087247E-009   6.1925761120226258E-011
   1.7869701862410482E-009   6.3189607699342010E-011
   0.0000000000000000        0.0000000000000000     
         128  -2.6888348631864828E-009   7.4250267743258753E-011
   1.7273802845228649E-009   5.4693991249182981E-011
   0.0000000000000000        0.0000000000000000     
         129  -2.6836447741520517E-009   8.6770345030119520E-011
   1.6734974584379758E-009   4.6425720627736917E-011
   0.0000000000000000        0.0000000000000000     
         130  -2.6848596882317760E-009   9.9715364152474504E-011
   1.6250829750067707E-009   3.8165792805793661E-011
   0.0000000000000000        0.0000000000000000     
         131  -2.6925712387171654E-009   1.1333453802187228E-010
   1.5820166787205710E-009   2.9677730136803940E-011
   0.0000000000000000        0.0000000000000000     
         132  -2.7069917446658259E-009   1.2791086467079476E-010
   1.5443024509055941E-009   2.0692815442529729E-011
   0.0000000000000000        0.0000000000000000     
         133  -2.7284676419897739E-009   1.4377872101913429E-010
   1.5120805264940621E-009   1.0891291685560633E-011
   0.0000000000000000        0.0000000000000000     
         134  -2.7574974090315120E-009   1.6134727120774527E-010
   1.4856641560260303E-009  -1.2344252407906429E-013
   0.0000000000000000        0.0000000000000000     
         135  -2.7947749166144600E-009   1.8113329739015438E-010
   1.4655072382670760E-009  -1.2858242665862610E-011
   0.0000000000000000        0.0000000000000000     
         136  -2.8412146788354766E-009   2.0380798401351222E-010
   1.4523461547517395E-009  -2.7984885825531255E-011
   0.0000000000000000        0.0000000000000000     
         137  -2.8980263984423981E-009   2.3026710806951430E-010
   1.4472019877657303E-009  -4.6415204815836060E-011
   0.0000000000000000        0.0000000000000000     
         138  -2.9667768650725962E-009   2.6173790246430657E-010
   1.4514927256060787E-009  -6.9420709313902900E-011
   0.0000000000000000        0.0000000000000000     
