   262144.00000000000     
         256           1           3
   1.7567330116226543E-005   20.860845378598000        104.28469363400001     
   6.0401400154609997        12.000000000000000        5733.8999999999996     
           0   0.0000000000000000        0.0000000000000000     
   0.0000000000000000        0.0000000000000000     
   0.0000000000000000        0.0000000000000000     
           1   6.6000593711994890E-010  -1.8420555070164587E-011
  -7.5259545571039438E-010  -5.4764205743465221E-010
   0.0000000000000000        0.0000000000000000     
           2   6.5292456227465156E-010  -1.8559886959385914E-011
  -7.0568212398688453E-010  -1.0823959909905135E-010
   0.0000000000000000        0.0000000000000000     
           3   6.4967866792706465E-010  -1.8855219022925304E-011
  -6.3080306117307510E-010  -2.4507808863141310E-011
   0.0000000000000000        0.0000000000000000     
           4   6.4828908051286488E-010  -1.9223934243026739E-011
  -5.9471742584130523E-010  -1.0133634776063981E-012
   0.0000000000000000        0.0000000000000000     
           5   6.4814667233774521E-010  -1.9645374612572186E-011
  -5.7586471913898848E-010   7.8060271977515688E-012
   0.0000000000000000        0.0000000000000000     
           6   6.4898563159509934E-010  -2.0112412998991243E-011
  -5.6510762971325517E-010   1.1840340086002088E-011
   0.0000000000000000        0.0000000000000000     
           7   6.5066952886897564E-010  -2.0622578109338217E-011
  -5.5862934165501399E-010   1.3979054337446854E-011
   0.0000000000000000        0.0000000000000000     
           8   6.5312259321478821E-010  -2.1175538524748150E-011
  -5.5466391904417069E-010   1.5259054169316712E-011
   0.0000000000000000        0.0000000000000000     
           9   6.5630197294167738E-010  -2.1772170560857476E-011
  -5.5231291914862653E-010   1.6111550090550847E-011
   0.0000000000000000        0.0000000000000000     
          10   6.6018479803676454E-010  -2.2414156160885577E-011
  -5.5108240540873133E-010   1.6736893612965874E-011
   0.0000000000000000        0.0000000000000000     
          11   6.6476152231426786E-010  -2.3103796530389346E-011
  -5.5068356124050957E-010   1.7236645104674393E-011
   0.0000000000000000        0.0000000000000000     
          12   6.7003225919476816E-010  -2.3843927317610240E-011
  -5.5093918582844956E-010   1.7666111895275846E-011
   0.0000000000000000        0.0000000000000000     
          13   6.7600468040385295E-010  -2.4637887891774135E-011
  -5.5173657455814632E-010   1.8057349693352895E-011
   0.0000000000000000        0.0000000000000000     
          14   6.8269279522608830E-010  -2.5489523159399610E-011
  -5.5300230396512941E-010   1.8430048779439964E-011
   0.0000000000000000        0.0000000000000000     
          15   6.9011626124228639E-010  -2.6403207634737008E-011
  -5.5468804842788015E-010   1.8797034648523846E-011
   0.0000000000000000        0.0000000000000000     
          16   6.9830003840153843E-010  -2.7383886913941429E-011
  -5.5676227169797683E-010   1.9167211446461332E-011
   0.0000000000000000        0.0000000000000000     
          17   7.0727428131230335E-010  -2.8437134586978711E-011
  -5.5920520592382924E-010   1.9547224143963344E-011
   0.0000000000000000        0.0000000000000000     
          18   7.1707441020039493E-010  -2.9569224335760856E-011
  -5.6200575730842195E-010   1.9942451496103289E-011
   0.0000000000000000        0.0000000000000000     
          19   7.2774132750280598E-010  -3.0787218139055970E-011
  -5.6515959424488904E-010   2.0357640445878600E-011
   0.0000000000000000        0.0000000000000000     
          20   7.3932176348296605E-010  -3.2099072439120291E-011
  -5.6866799991187481E-010   2.0797349085225863E-011
   0.0000000000000000        0.0000000000000000     
          21   7.5186874529906881E-010  -3.3513765003231948E-011
  -5.7253725219707517E-010   2.1266294828250197E-011
   0.0000000000000000        0.0000000000000000     
          22   7.6544219201507311E-010  -3.5041446136267101E-011
  -5.7677840032921112E-010   2.1769670046040537E-011
   0.0000000000000000        0.0000000000000000     
          23   7.8010964473609803E-010  -3.6693618966380032E-011
  -5.8140737564210045E-010   2.2313472485532107E-011
   0.0000000000000000        0.0000000000000000     
          24   7.9594714715915256E-010  -3.8483354809250313E-011
  -5.8644542328467346E-010   2.2904895166570790E-011
   0.0000000000000000        0.0000000000000000     
          25   8.1304029812228017E-010  -4.0425551217412792E-011
  -5.9191988469622429E-010   2.3552827938984679E-011
   0.0000000000000000        0.0000000000000000     
          26   8.3148550469783798E-010  -4.2537242354883121E-011
  -5.9786540669084643E-010   2.4268541782505158E-011
   0.0000000000000000        0.0000000000000000     
          27   8.5139147246906219E-010  -4.4837973947190984E-011
  -6.0432571178415500E-010   2.5066662262363278E-011
   0.0000000000000000        0.0000000000000000     
          28   8.7288097963387178E-010  -4.7350258463280154E-011
  -6.1135614898756739E-010   2.5966600995499806E-011
   0.0000000000000000        0.0000000000000000     
          29   8.9609299383495060E-010  -5.0100130638048400E-011
  -6.1902737460801635E-010   2.6994724588981081E-011
   0.0000000000000000        0.0000000000000000     
          30   9.2118520638782827E-010  -5.3117829354020365E-011
  -6.2743072350518950E-010   2.8187740976730579E-011
   0.0000000000000000        0.0000000000000000     
          31   9.4833707866346853E-010  -5.6438639773968042E-011
  -6.3668618400553893E-010   2.9598158710563484E-011
   0.0000000000000000        0.0000000000000000     
          32   9.7775352166861088E-010  -6.0103940230605616E-011
  -6.4695449734891624E-010   3.1303407496947339E-011
   0.0000000000000000        0.0000000000000000     
          33   1.0096693641776934E-009  -6.4162512779997368E-011
  -6.5845597670707256E-010   3.3421706036365414E-011
   0.0000000000000000        0.0000000000000000     
          34   1.0443548104867854E-009  -6.8672196071931207E-011
  -6.7150057712839050E-010   3.6140994392837252E-011
   0.0000000000000000        0.0000000000000000     
          35   1.0821221497420791E-009  -7.3701986432328724E-011
  -6.8653725414003673E-010   3.9774666743228243E-011
   0.0000000000000000        0.0000000000000000     
          36   1.1233340613325991E-009  -7.9334730898189754E-011
  -7.0423674120128090E-010   4.4876146629177494E-011
   0.0000000000000000        0.0000000000000000     
          37   1.1684139735081962E-009  -8.5670608444808660E-011
  -7.2563032003313663E-010   5.2493435274549572E-011
   0.0000000000000000        0.0000000000000000     
          38   1.2178590889796178E-009  -9.2831667072578213E-011
  -7.5232344371662265E-010   6.4789263486674581E-011
   0.0000000000000000        0.0000000000000000     
          39   1.2722569182173189E-009  -1.0096777426989865E-010
  -7.8666250269611737E-010   8.6719198624914068E-011
   0.0000000000000000        0.0000000000000000     
          40   1.3323065430918494E-009  -1.1026442272555516E-010
  -8.3047307928295404E-010   1.3101498974467816E-010
   0.0000000000000000        0.0000000000000000     
          41   1.3988468601382848E-009  -1.2095293712556045E-010
  -8.7078771041589936E-010   2.3150879861353010E-010
   0.0000000000000000        0.0000000000000000     
          42   1.4728973643184521E-009  -1.3332701134715913E-010
  -7.9399001979303099E-010   4.1764726132853979E-010
   0.0000000000000000        0.0000000000000000     
          43   1.5556976271138569E-009  -1.4778151129452312E-010
  -5.2648776950906552E-010   4.0166383426787749E-010
   0.0000000000000000        0.0000000000000000     
          44   1.6487464342737551E-009  -1.6480567171142650E-010
  -4.7186176036465631E-010   2.1977848339999259E-010
   0.0000000000000000        0.0000000000000000     
          45   1.7539454007857816E-009  -1.8503237733577076E-010
  -5.1711498412416634E-010   1.2835796938073476E-010
   0.0000000000000000        0.0000000000000000     
          46   1.8736891333605197E-009  -2.0933099332958351E-010
  -5.6332108397479798E-010   8.8955916051077010E-011
   0.0000000000000000        0.0000000000000000     
          47   2.0110308619529738E-009  -2.3888624408245142E-010
  -6.0079010020887808E-010   7.0180942536802114E-011
   0.0000000000000000        0.0000000000000000     
          48   2.1699308916291010E-009  -2.7534642468239370E-010
  -6.3170233105647067E-010   6.0375015337546637E-011
   0.0000000000000000        0.0000000000000000     
          49   2.3556155310219931E-009  -3.2106175693562087E-010
  -6.5840469189808744E-010   5.4975345411829357E-011
   0.0000000000000000        0.0000000000000000     
          50   2.5751156500899947E-009  -3.7947673179909356E-010
  -6.8248193673019419E-010   5.1979814526159171E-011
   0.0000000000000000        0.0000000000000000     
          51   2.8380972450779262E-009  -4.5580243554048494E-010
  -7.0496006515672001E-010   5.0416267121151162E-011
   0.0000000000000000        0.0000000000000000     
          52   3.1581784896628938E-009  -5.5822166491092323E-010
  -7.2651946173928586E-010   4.9772857498845765E-011
   0.0000000000000000        0.0000000000000000     
          53   3.5550786412019623E-009  -7.0016502776265042E-010
  -7.4763025669987480E-010   4.9762754127317428E-011
   0.0000000000000000        0.0000000000000000     
          54   4.0582163518883981E-009  -9.0488411003724049E-010
  -7.6863286065649270E-010   5.0217813607650807E-011
   0.0000000000000000        0.0000000000000000     
          55   4.7128356026246229E-009  -1.2153448435748065E-009
  -7.8978808523881352E-010   5.1037003048475363E-011
   0.0000000000000000        0.0000000000000000     
          56   5.5899363488317748E-009  -1.7176092981582052E-009
  -8.1128041140918787E-010   5.2159533755911364E-011
   0.0000000000000000        0.0000000000000000     
          57   6.7988648499215561E-009  -2.6021660005525433E-009
  -8.3332311134482080E-010   5.3554948893193850E-011
   0.0000000000000000        0.0000000000000000     
          58   8.4705117663697497E-009  -4.3432922796022953E-009
  -8.5605227920504012E-010   5.5217832035757635E-011
   0.0000000000000000        0.0000000000000000     
          59   1.0414557887428930E-008  -8.2384421014555808E-009
  -8.7964409805792710E-010   5.7186178876770170E-011
   0.0000000000000000        0.0000000000000000     
          60   9.2991718866710015E-009  -1.6866667112239516E-008
  -9.0402289253664261E-010   5.9551415935805402E-011
   0.0000000000000000        0.0000000000000000     
          61  -4.1859914237219592E-009  -2.1835126176149207E-008
  -9.2891359188117220E-010   6.1993415123561291E-011
   0.0000000000000000        0.0000000000000000     
          62  -1.1665056793905454E-008  -1.2036960374942058E-008
  -9.5538081598602232E-010   6.4107049396837012E-011
   0.0000000000000000        0.0000000000000000     
          63  -1.0279922108650643E-008  -5.7572120848102273E-009
  -9.8342637499661297E-010   6.6598356055062805E-011
   0.0000000000000000        0.0000000000000000     
          64  -8.2525301722534691E-009  -3.1181071715569480E-009
  -1.0129639660187281E-009   6.9485434622602767E-011
   0.0000000000000000        0.0000000000000000     
          65  -6.7429647007581539E-009  -1.8947628890468911E-009
  -1.0440662947750677E-009   7.2703173064304770E-011
   0.0000000000000000        0.0000000000000000     
          66  -5.6668710146237043E-009  -1.2511214313522917E-009
  -1.0769952771568421E-009   7.6246883050228086E-011
   0.0000000000000000        0.0000000000000000     
          67  -4.8816787252690348E-009  -8.7675457040068483E-010
  -1.1118074805553611E-009   8.0132106644416827E-011
   0.0000000000000000        0.0000000000000000     
          68  -4.2903522612331513E-009  -6.4180076605664557E-010
  -1.1488113575579827E-009   8.4391893827207321E-011
   0.0000000000000000        0.0000000000000000     
          69  -3.8319878156441528E-009  -4.8546544971402079E-010
  -1.1881261789614802E-009   8.9063007924282425E-011
   0.0000000000000000        0.0000000000000000     
          70  -3.4679378929173579E-009  -3.7654578492194806E-010
  -1.2300630131304336E-009   9.4195046846383021E-011
   0.0000000000000000        0.0000000000000000     
          71  -3.1727214118610704E-009  -2.9780146376338495E-010
  -1.2748707438804703E-009   9.9844186975024840E-011
   0.0000000000000000        0.0000000000000000     
          72  -2.9291902972700608E-009  -2.3911444745223877E-010
  -1.3228750996787385E-009   1.0607834555092485E-010
   0.0000000000000000        0.0000000000000000     
          73  -2.7253485636853226E-009  -1.9424792738418603E-010
  -1.3743848357002654E-009   1.1297615645851328E-010
   0.0000000000000000        0.0000000000000000     
          74  -2.5526738204928376E-009  -1.5919424893895331E-010
  -1.4298164099638206E-009   1.2063311296253560E-010
   0.0000000000000000        0.0000000000000000     
          75  -2.4048598551983672E-009  -1.3128857090336010E-010
  -1.4896079852046761E-009   1.2916199301802869E-010
   0.0000000000000000        0.0000000000000000     
          76  -2.2772045396937822E-009  -1.0870433636026283E-010
  -1.5543195139381256E-009   1.3869999560841691E-010
   0.0000000000000000        0.0000000000000000     
          77  -2.1661444104928091E-009  -9.0156707613943022E-011
  -1.6245447846950495E-009   1.4941106142378437E-010
   0.0000000000000000        0.0000000000000000     
          78  -2.0688624361954257E-009  -7.4722296373988953E-011
  -1.7009969784634918E-009   1.6149537629055591E-010
   0.0000000000000000        0.0000000000000000     
          79  -1.9831962952901027E-009  -6.1722795687958049E-011
  -1.7845155522310469E-009   1.7519853511383309E-010
   0.0000000000000000        0.0000000000000000     
          80  -1.9074081288937041E-009  -5.0651785623604249E-011
  -1.8761095340805922E-009   1.9082492467660732E-010
   0.0000000000000000        0.0000000000000000     
          81  -1.8400989970583670E-009  -4.1124925415973610E-011
  -1.9769348525725019E-009   2.0875311681586754E-010
   0.0000000000000000        0.0000000000000000     
          82  -1.7801301054987176E-009  -3.2846297950301842E-011
  -2.0884331850912943E-009   2.2946272953836949E-010
   0.0000000000000000        0.0000000000000000     
          83  -1.7265665719018237E-009  -2.5585032209147636E-011
  -2.2123356175598715E-009   2.5356545971388182E-010
   0.0000000000000000        0.0000000000000000     
          84  -1.6786344699240581E-009  -1.9158797990666442E-011
  -2.3507627685023332E-009   2.8185221957098813E-010
   0.0000000000000000        0.0000000000000000     
          85  -1.6356886728407062E-009  -1.3421946231971282E-011
  -2.5063246236081465E-009   3.1535957358469542E-010
   0.0000000000000000        0.0000000000000000     
          86  -1.5971669822956689E-009  -8.2571713669834102E-012
  -2.6823378533645578E-009   3.5546976056933687E-010
   0.0000000000000000        0.0000000000000000     
          87  -1.5626526308419397E-009  -3.5679086424406419E-012
  -2.8829725104665835E-009   4.0405488057398444E-010
   0.0000000000000000        0.0000000000000000     
          88  -1.5317384432781827E-009   7.2468786738798562E-013
  -3.1135532689294514E-009   4.6370155024541352E-010
   0.0000000000000000        0.0000000000000000     
          89  -1.5041185450435699E-009   4.6869969699699224E-012
  -3.3810952736289456E-009   5.3806803657815351E-010
   0.0000000000000000        0.0000000000000000     
          90  -1.4794631457451024E-009   8.3738083283632401E-012
  -3.6948748758841374E-009   6.3245744953738830E-010
   0.0000000000000000        0.0000000000000000     
          91  -1.4575261855022015E-009   1.1832538179587145E-011
  -4.0675148316776546E-009   7.5479060881775269E-010
   0.0000000000000000        0.0000000000000000     
          92  -1.4381938407007786E-009   1.5106386182513251E-011
  -4.5164096165019087E-009   9.1730422471999236E-010
   0.0000000000000000        0.0000000000000000     
          93  -1.4211941293281467E-009   1.8230305807983834E-011
  -5.0660585017707134E-009   1.1396762463911441E-009
   0.0000000000000000        0.0000000000000000     
          94  -1.4063701164616043E-009   2.1238245492830232E-011
  -5.7520303510330664E-009   1.4550985147704170E-009
   0.0000000000000000        0.0000000000000000     
          95  -1.3937260071254201E-009   2.4166529716641732E-011
  -6.6263548291662087E-009   1.9228081894713943E-009
   0.0000000000000000        0.0000000000000000     
          96  -1.3829678365001164E-009   2.7047348100066120E-011
  -7.7655968771579405E-009   2.6559744391481746E-009
   0.0000000000000000        0.0000000000000000     
          97  -1.3742369632951107E-009   2.9931073807873363E-011
  -9.2749628775084365E-009   3.8888299257402175E-009
   0.0000000000000000        0.0000000000000000     
          98  -1.3672952060185468E-009   3.2882739635034910E-011
  -1.1248233350792985E-008   6.1502258921539103E-009
   0.0000000000000000        0.0000000000000000     
          99  -1.3620223159711869E-009   3.6027406432431877E-011
  -1.3422419204366326E-008   1.0702089928276492E-008
   0.0000000000000000        0.0000000000000000     
         100  -1.3584773152402019E-009   3.9626654398174365E-011
  -1.3103850702213184E-008   1.9936320288609341E-008
   0.0000000000000000        0.0000000000000000     
         101  -1.3561572781984681E-009   4.4065980589097381E-011
  -6.6216362821414741E-010   2.9982983715668820E-008
   0.0000000000000000        0.0000000000000000     
         102  -1.3531415301349007E-009   4.8465466445503976E-011
   1.5064911082648195E-008   2.1392964922621556E-008
   0.0000000000000000        0.0000000000000000     
         103  -1.3511571019166162E-009   4.9943760649967910E-011
   1.5288369656414561E-008   1.0180291067785323E-008
   0.0000000000000000        0.0000000000000000     
         104  -1.3529148983173481E-009   5.0739456024270287E-011
   1.2368958319778388E-008   5.5013771085309281E-009
   0.0000000000000000        0.0000000000000000     
         105  -1.3571840051644452E-009   5.2498565593613408E-011
   1.0140582076910582E-008   3.3890981773729736E-009
   0.0000000000000000        0.0000000000000000     
         106  -1.3630883075173826E-009   5.4898288748315061E-011
   8.5386170242572418E-009   2.2630119575905255E-009
   0.0000000000000000        0.0000000000000000     
         107  -1.3703088869924125E-009   5.7655771654688606E-011
   7.3570560049749858E-009   1.5989797752604884E-009
   0.0000000000000000        0.0000000000000000     
         108  -1.3791291707407750E-009   6.0660957530714406E-011
   6.4596300747175083E-009   1.1787010865035938E-009
   0.0000000000000000        0.0000000000000000     
         109  -1.3893782587547645E-009   6.3868041014915806E-011
   5.7597168051440285E-009   8.9781177402993177E-010
   0.0000000000000000        0.0000000000000000     
         110  -1.4013013592547390E-009   6.7272278956917081E-011
   5.2010937303517662E-009   7.0174879792527708E-010
   0.0000000000000000        0.0000000000000000     
         111  -1.4148293917691618E-009   7.0877358774757452E-011
   4.7462635822608640E-009   5.5996975801676091E-010
   0.0000000000000000        0.0000000000000000     
         112  -1.4300367162882866E-009   7.4698435450229347E-011
   4.3696954214220109E-009   4.5439709007624797E-010
   0.0000000000000000        0.0000000000000000     
         113  -1.4470672876369278E-009   7.8757588475182457E-011
   4.0533905951474901E-009   3.7382669084436698E-010
   0.0000000000000000        0.0000000000000000     
         114  -1.4659722687272220E-009   8.3079402099404882E-011
   3.7843480276556591E-009   3.1103744220810520E-010
   0.0000000000000000        0.0000000000000000     
         115  -1.4868791738100110E-009   8.7694111053796529E-011
   3.5530505650798111E-009   2.6121459712215530E-010
   0.0000000000000000        0.0000000000000000     
         116  -1.5098424610428990E-009   9.2634838073991379E-011
   3.3523375242677082E-009   2.2105508580806887E-010
   0.0000000000000000        0.0000000000000000     
         117  -1.5350187642018362E-009   9.7941439914276886E-011
   3.1767175082330227E-009   1.8823546271918181E-010
   0.0000000000000000        0.0000000000000000     
         118  -1.5625548416914152E-009   1.0365904861415033E-010
   3.0219808751795596E-009   1.6108289053890721E-010
   0.0000000000000000        0.0000000000000000     
         119  -1.5925929148010827E-009   1.0983916050764577E-010
   2.8847639935293969E-009   1.3837177755968831E-010
   0.0000000000000000        0.0000000000000000     
         120  -1.6253717883259625E-009   1.1654261097641879E-010
   2.7623990364479199E-009   1.1918701532647756E-010
   0.0000000000000000        0.0000000000000000     
         121  -1.6610848625677712E-009   1.2383860891686801E-010
   2.6527343080615301E-009   1.0283491336311269E-010
   0.0000000000000000        0.0000000000000000     
         122  -1.6999815712547183E-009   1.3180841166846862E-010
   2.5540324442486054E-009   8.8781696856806086E-011
   0.0000000000000000        0.0000000000000000     
         123  -1.7423473335696278E-009   1.4054736818864089E-010
   2.4648158310780409E-009   7.6613316687168011E-011
   0.0000000000000000        0.0000000000000000     
         124  -1.7885115009905688E-009   1.5016808152891449E-010
   2.3839028090375699E-009   6.6002322307679174E-011
   0.0000000000000000        0.0000000000000000     
         125  -1.8388540754141707E-009   1.6080438120047184E-010
   2.3102904361004735E-009   5.6688547934495039E-011
   0.0000000000000000        0.0000000000000000     
         126  -1.8938356825916470E-009   1.7261674483703014E-010
   2.2431331549964563E-009   4.8462949362732647E-011
   0.0000000000000000        0.0000000000000000     
         127  -1.9539289582628037E-009   1.8579772094407015E-010
   2.1817140197234802E-009   4.1156040986488301E-011
   0.0000000000000000        0.0000000000000000     
         128  -2.0197541579995841E-009   2.0058239031076534E-010
   2.1254203864982138E-009   3.4629311955518619E-011
   0.0000000000000000        0.0000000000000000     
         129  -2.0920173696276112E-009   2.1725861145171456E-010
   2.0737263587146217E-009   2.8768686125691531E-011
   0.0000000000000000        0.0000000000000000     
         130  -2.1715544156509423E-009   2.3618262847564844E-010
   2.0261779732629123E-009   2.3479553433605922E-011
   0.0000000000000000        0.0000000000000000     
         131  -2.2593613357672392E-009   2.5779980569204095E-010
   1.9823814378633360E-009   1.8682934562339092E-011
   0.0000000000000000        0.0000000000000000     
         132  -2.3566338461246439E-009   2.8267310527647715E-010
   1.9419935968956438E-009   1.4312498075729247E-011
   0.0000000000000000        0.0000000000000000     
         133  -2.4648189455622573E-009   3.1152279545203478E-010
   1.9047141483604170E-009   1.0312222073050046E-011
   0.0000000000000000        0.0000000000000000     
         134  -2.5856630199915724E-009   3.4528244080933898E-010
   1.8702794388326007E-009   6.6345420830661739E-012
   0.0000000000000000        0.0000000000000000     
         135  -2.7213835530288098E-009   3.8518136725460943E-010
   1.8384564050847958E-009   3.2389106141580451E-012
   0.0000000000000000        0.0000000000000000     
         136  -2.8746717846325705E-009   4.3286253918269519E-010
   1.8090393181722663E-009   9.0592297319738393E-014
   0.0000000000000000        0.0000000000000000     
         137  -3.0489420361064356E-009   4.9056397447164452E-010
   1.7818453243586360E-009  -2.8402413042353929E-012
   0.0000000000000000        0.0000000000000000     
         138  -3.2485448450514494E-009   5.6139655103652646E-010
   1.7566946365382453E-009  -5.5787189283112691E-012
   0.0000000000000000        0.0000000000000000     
