   262144.00000000000     
         256           1           3
   1.7567330116226543E-005   14.463779801378999       -127.33399034630000     
   6.0401400154609997        12.000000000000000        5733.8999999999996     
           0   0.0000000000000000        0.0000000000000000     
   0.0000000000000000        0.0000000000000000     
   0.0000000000000000        0.0000000000000000     
           1   0.0000000000000000        0.0000000000000000     
  -2.5798639436941527E-010   1.9639661003120675E-011
  -7.3412326817806691E-010   3.5301657267276761E-011
           2   0.0000000000000000        0.0000000000000000     
  -2.5564132257767232E-010   8.7050301292258293E-012
  -7.2740098587501816E-010   2.0212244309587870E-011
           3   0.0000000000000000        0.0000000000000000     
  -2.5568361752451016E-010   6.4667122336106546E-012
  -7.2555651109413526E-010   1.7130166105224010E-011
           4   0.0000000000000000        0.0000000000000000     
  -2.5522184294900905E-010   5.7633856516204081E-012
  -7.2370936241671540E-010   1.6181345526708971E-011
           5   0.0000000000000000        0.0000000000000000     
  -2.5452833764482065E-010   5.4406113095555130E-012
  -7.2195275851560554E-010   1.5769816351995066E-011
           6   0.0000000000000000        0.0000000000000000     
  -2.5372672373702451E-010   5.2436511233919403E-012
  -7.2033239108922619E-010   1.5541533676206077E-011
           7   0.0000000000000000        0.0000000000000000     
  -2.5285929254009799E-010   5.0965596008758873E-012
  -7.1884075100083033E-010   1.5390137022352452E-011
           8   0.0000000000000000        0.0000000000000000     
  -2.5193912008892344E-010   4.9713474859511653E-012
  -7.1745716215638684E-010   1.5276065748315996E-011
           9   0.0000000000000000        0.0000000000000000     
  -2.5096864808166212E-010   4.8559533249080141E-012
  -7.1616055726992394E-010   1.5182118269027060E-011
          10   0.0000000000000000        0.0000000000000000     
  -2.4994634945174275E-010   4.7444968380724328E-012
  -7.1493266660716686E-010   1.5099862046240762E-011
          11   0.0000000000000000        0.0000000000000000     
  -2.4886923889581978E-010   4.6337955600961446E-012
  -7.1375836729265719E-010   1.5024746431987869E-011
          12   0.0000000000000000        0.0000000000000000     
  -2.4773384728972284E-010   4.5219565862657899E-012
  -7.1262528244731943E-010   1.4954112026282924E-011
          13   0.0000000000000000        0.0000000000000000     
  -2.4653659634372020E-010   4.4077485737419860E-012
  -7.1152325947561762E-010   1.4886295301661606E-011
          14   0.0000000000000000        0.0000000000000000     
  -2.4527392876619053E-010   4.2902983323759847E-012
  -7.1044390156900599E-010   1.4820191985204813E-011
          15   0.0000000000000000        0.0000000000000000     
  -2.4394233741719411E-010   4.1689339395954051E-012
  -7.0938018805062181E-010   1.4755029231740399E-011
          16   0.0000000000000000        0.0000000000000000     
  -2.4253835315385404E-010   4.0430986734619134E-012
  -7.0832617746280009E-010   1.4690239701212035E-011
          17   0.0000000000000000        0.0000000000000000     
  -2.4105851690260195E-010   3.9123012090497805E-012
  -7.0727677793002786E-010   1.4625388432618571E-011
          18   0.0000000000000000        0.0000000000000000     
  -2.3949934699506904E-010   3.7760852797956418E-012
  -7.0622756976857770E-010   1.4560128471426657E-011
          19   0.0000000000000000        0.0000000000000000     
  -2.3785730622006673E-010   3.6340102399801685E-012
  -7.0517466778348484E-010   1.4494172897515598E-011
          20   0.0000000000000000        0.0000000000000000     
  -2.3612877024396885E-010   3.4856379266142915E-012
  -7.0411461359052347E-010   1.4427276565239074E-011
          21   0.0000000000000000        0.0000000000000000     
  -2.3430999780651868E-010   3.3305232560835302E-012
  -7.0304429075762193E-010   1.4359223802063537E-011
          22   0.0000000000000000        0.0000000000000000     
  -2.3239710246985468E-010   3.1682070708154870E-012
  -7.0196085724760338E-010   1.4289819881054335E-011
          23   0.0000000000000000        0.0000000000000000     
  -2.3038602555681582E-010   2.9982103387752570E-012
  -7.0086169114862701E-010   1.4218884946444475E-011
          24   0.0000000000000000        0.0000000000000000     
  -2.2827250984315168E-010   2.8200291451551066E-012
  -6.9974434668360674E-010   1.4146249572836732E-011
          25   0.0000000000000000        0.0000000000000000     
  -2.2605207350798323E-010   2.6331301164835546E-012
  -6.9860651814969306E-010   1.4071751441415391E-011
          26   0.0000000000000000        0.0000000000000000     
  -2.2371998394190614E-010   2.4369460274815351E-012
  -6.9744601011105822E-010   1.3995232789455678E-011
          27   0.0000000000000000        0.0000000000000000     
  -2.2127123098334937E-010   2.2308714156231135E-012
  -6.9626071249046856E-010   1.3916538408072941E-011
          28   0.0000000000000000        0.0000000000000000     
  -2.1870049921239275E-010   2.0142580682919978E-012
  -6.9504857956490576E-010   1.3835514032459710E-011
          29   0.0000000000000000        0.0000000000000000     
  -2.1600213889252058E-010   1.7864102738428961E-012
  -6.9380761203369768E-010   1.3752005018222543E-011
          30   0.0000000000000000        0.0000000000000000     
  -2.1317013523372501E-010   1.5465797402589057E-012
  -6.9253584159322146E-010   1.3665855226718875E-011
          31   0.0000000000000000        0.0000000000000000     
  -2.1019807557619027E-010   1.2939600920625006E-012
  -6.9123131749899345E-010   1.3576906064949891E-011
          32   0.0000000000000000        0.0000000000000000     
  -2.0707911411431922E-010   1.0276808579276178E-012
  -6.8989209473224351E-010   1.3484995641346251E-011
          33   0.0000000000000000        0.0000000000000000     
  -2.0380593375940938E-010   7.4680085605483495E-013
  -6.8851622346605978E-010   1.3389958006352489E-011
          34   0.0000000000000000        0.0000000000000000     
  -2.0037070470097784E-010   4.5030087918741405E-013
  -6.8710173958217146E-010   1.3291622456535124E-011
          35   0.0000000000000000        0.0000000000000000     
  -1.9676503920826898E-010   1.3707557092017195E-013
  -6.8564665604370030E-010   1.3189812885062130E-011
          36   0.0000000000000000        0.0000000000000000     
  -1.9297994212863676E-010  -1.9407562740578389E-013
  -6.8414895493992762E-010   1.3084347166648476E-011
          37   0.0000000000000000        0.0000000000000000     
  -1.8900575652041991E-010  -5.4445859823766079E-013
  -6.8260658009122339E-010   1.2975036565670467E-011
          38   0.0000000000000000        0.0000000000000000     
  -1.8483210376976730E-010  -9.1549589314935130E-013
  -6.8101743008421259E-010   1.2861685161243343E-011
          39   0.0000000000000000        0.0000000000000000     
  -1.8044781745440633E-010  -1.3087394845005137E-012
  -6.7937935166220319E-010   1.2744089282671857E-011
          40   0.0000000000000000        0.0000000000000000     
  -1.7584087012081031E-010  -1.7258851319247050E-012
  -6.7769013337434726E-010   1.2622036951782507E-011
          41   0.0000000000000000        0.0000000000000000     
  -1.7099829204600063E-010  -2.1687886081163504E-012
  -6.7594749944582358E-010   1.2495307328157205E-011
          42   0.0000000000000000        0.0000000000000000     
  -1.6590608087502284E-010  -2.6394840675382645E-012
  -6.7414910378971858E-010   1.2363670156695525E-011
          43   0.0000000000000000        0.0000000000000000     
  -1.6054910090693427E-010  -3.1402048917726923E-012
  -6.7229252413180244E-010   1.2226885215938195E-011
          44   0.0000000000000000        0.0000000000000000     
  -1.5491097059936255E-010  -3.6734074031909287E-012
  -6.7037525622704724E-010   1.2084701767780700E-011
          45   0.0000000000000000        0.0000000000000000     
  -1.4897393661115573E-010  -4.2417979086700592E-012
  -6.6839470810189108E-010   1.1936858010387852E-011
          46   0.0000000000000000        0.0000000000000000     
  -1.4271873247959605E-010  -4.8483636206347080E-012
  -6.6634819434588429E-010   1.1783080537143535E-011
          47   0.0000000000000000        0.0000000000000000     
  -1.3612441116658803E-010  -5.4964082847768635E-012
  -6.6419237065549056E-010   1.1622223283865367E-011
          48   0.0000000000000000        0.0000000000000000     
  -1.2916819996412220E-010  -6.1895922052032356E-012
  -6.6200547696975669E-010   1.1455709373236111E-011
          49   0.0000000000000000        0.0000000000000000     
  -1.2182524692261264E-010  -6.9319803019612023E-012
  -6.5974394360224999E-010   1.1282366680266660E-011
          50   0.0000000000000000        0.0000000000000000     
  -1.1406842557575281E-010  -7.7280956982192818E-012
  -6.5740465456959268E-010   1.1101870293333405E-011
          51   0.0000000000000000        0.0000000000000000     
  -1.0586806592561095E-010  -8.5829828863589442E-012
  -6.5498437215407993E-010   1.0913881316167814E-011
          52   0.0000000000000000        0.0000000000000000     
  -9.7191657782215743E-011  -9.5022810078411580E-012
  -6.5247973139098334E-010   1.0718046541154558E-011
          53   0.0000000000000000        0.0000000000000000     
  -8.8003511973585013E-011  -1.0492309394814705E-011
  -6.4988723468525137E-010   1.0513998217704107E-011
          54   0.0000000000000000        0.0000000000000000     
  -7.8264372302754773E-011  -1.1560167773263734E-011
  -6.4720324662051215E-010   1.0301353948168476E-011
          55   0.0000000000000000        0.0000000000000000     
  -6.7930969738748764E-011  -1.2713854068885360E-011
  -6.4442398904559903E-010   1.0079716750529394E-011
          56   0.0000000000000000        0.0000000000000000     
  -5.6955508620118385E-011  -1.3962403437006205E-011
  -6.4154553656274103E-010   9.8486753390602276E-012
          57   0.0000000000000000        0.0000000000000000     
  -4.5285072502567835E-011  -1.5316052997902633E-011
  -6.3856381254295445E-010   9.6078046876593674E-012
          58   0.0000000000000000        0.0000000000000000     
  -3.2860934707443175E-011  -1.6786437850919093E-011
  -6.3547458587611055E-010   9.3566669588867218E-012
          59   0.0000000000000000        0.0000000000000000     
  -1.9617755324793310E-011  -1.8386825337789465E-011
  -6.3227346867459763E-010   9.0948129049147830E-012
          60   0.0000000000000000        0.0000000000000000     
  -5.4826423730797910E-012  -2.0132396322150843E-011
  -6.2895591524826592E-010   8.8217838769638106E-012
          61   0.0000000000000000        0.0000000000000000     
   9.6259503139881799E-012  -2.2040584577532450E-011
  -6.2551722272755088E-010   8.5371146185588492E-012
          62   0.0000000000000000        0.0000000000000000     
   2.5799522408718777E-011  -2.4131488408443977E-011
  -6.2195253383716431E-010   8.2403370712829463E-012
          63   0.0000000000000000        0.0000000000000000     
   4.3141065805431087E-011  -2.6428372609904399E-011
  -6.1825684244167750E-010   7.9309854883325663E-012
          64   0.0000000000000000        0.0000000000000000     
   6.1766895510148671E-011  -2.8958284137285564E-011
  -6.1442500268347211E-010   7.6086032440895376E-012
          65   0.0000000000000000        0.0000000000000000     
   8.1808839168588361E-011  -3.1752811884510162E-011
  -6.1045174273691461E-010   7.2727518489089156E-012
          66   0.0000000000000000        0.0000000000000000     
   1.0341686940686604E-010  -3.4849030415539522E-011
  -6.0633168454862861E-010   6.9230228446257031E-012
          67   0.0000000000000000        0.0000000000000000     
   1.2676228648554977E-010  -3.8290680324467084E-011
  -6.0205937127384312E-010   6.5590534805616975E-012
          68   0.0000000000000000        0.0000000000000000     
   1.5204158938601741E-010  -4.2129655474412989E-011
  -5.9762930471521489E-010   6.1805473799632606E-012
          69   0.0000000000000000        0.0000000000000000     
   1.7948121436238341E-010  -4.6427891699775404E-011
  -5.9303599572753099E-010   5.7873018367737141E-012
          70   0.0000000000000000        0.0000000000000000     
   2.0934354370920158E-010  -5.1259789179990734E-011
  -5.8830711169327951E-010   5.3799452817928508E-012
          71   0.0000000000000000        0.0000000000000000     
   2.4193348020913959E-010  -5.6715323801343911E-011
  -5.8337124120417362E-010   4.9571801431818674E-012
          72   0.0000000000000000        0.0000000000000000     
   2.7760853127047224E-010  -6.2904147317298812E-011
  -5.7825650649841366E-010   4.5200553453817890E-012
          73   0.0000000000000000        0.0000000000000000     
   3.1678958018565546E-010  -6.9960957216412782E-011
  -5.7295838751100477E-010   4.0692478022185911E-012
          74   0.0000000000000000        0.0000000000000000     
   3.5997559810875061E-010  -7.8052693747819976E-011
  -5.6747301531546983E-010   3.6058822164180751E-012
          75   0.0000000000000000        0.0000000000000000     
   4.0776233734020754E-010  -8.7388178121479373E-011
  -5.6179745089427621E-010   3.1316921963543881E-012
          76   0.0000000000000000        0.0000000000000000     
   4.6086640343057192E-010  -9.8231383762009879E-011
  -5.5592826150985594E-010   2.6492071962677516E-012
          77   0.0000000000000000        0.0000000000000000     
   5.2015821311667880E-010  -1.1091989675913301E-010
  -5.4986921961680344E-010   2.1622211683794430E-012
          78   0.0000000000000000        0.0000000000000000     
   5.8670267704662917E-010  -1.2589083648885775E-010
  -5.4362119580849003E-010   1.6760129534197855E-012
          79   0.0000000000000000        0.0000000000000000     
   6.6181730673476689E-010  -1.4371817787533304E-010
  -5.3719029560054714E-010   1.1981493821338063E-012
          80   0.0000000000000000        0.0000000000000000     
   7.4714991966143281E-010  -1.6516736767855918E-010
  -5.3054916949032927E-010   7.3859588693420124E-013
          81   0.0000000000000000        0.0000000000000000     
   8.4478540243903501E-010  -1.9127702509458109E-010
  -5.2379163553331121E-010   3.1439760490677651E-013
          82   0.0000000000000000        0.0000000000000000     
   9.5739853972518282E-010  -2.2348422778396966E-010
  -5.1690609652381765E-010  -5.2961799400930869E-014
          83   0.0000000000000000        0.0000000000000000     
   1.0884697420317993E-009  -2.6382174970027128E-010
  -5.0999429092904956E-010  -3.2949772080934864E-013
          84   0.0000000000000000        0.0000000000000000     
   1.2426004541083174E-009  -3.1523834461649876E-010
  -5.0298984294816388E-010  -4.6910729228041142E-013
          85   0.0000000000000000        0.0000000000000000     
   1.4259787429276497E-009  -3.8213709906930941E-010
  -4.9598936249924237E-010  -3.9712138917677696E-013
          86   0.0000000000000000        0.0000000000000000     
   1.6470783254030735E-009  -4.7131688911386176E-010
  -4.8921703537919409E-010   5.4928954074609555E-015
          87   0.0000000000000000        0.0000000000000000     
   1.9177075147442810E-009  -5.9369490959377377E-010
  -4.8280567960868143E-010   9.2787599044988579E-013
          88   0.0000000000000000        0.0000000000000000     
   2.2545589748917599E-009  -7.6762629742625960E-010
  -4.7707768399062179E-010   2.6940029434266418E-012
          89   0.0000000000000000        0.0000000000000000     
   2.6813051928176865E-009  -1.0256901666048297E-009
  -4.7220926963874295E-010   5.8761433861484931E-012
          90   0.0000000000000000        0.0000000000000000     
   3.2304005722975440E-009  -1.4294891498655721E-009
  -4.6907051656200406E-010   1.1576751637916236E-011
          91   0.0000000000000000        0.0000000000000000     
   3.9390804929157098E-009  -2.1040246675449783E-009
  -4.6803839296349938E-010   2.2019823357180017E-011
          92   0.0000000000000000        0.0000000000000000     
   4.8097979386734885E-009  -3.3198360256217039E-009
  -4.6924594922544116E-010   4.2040842355941898E-011
          93   0.0000000000000000        0.0000000000000000     
   5.5825444483920897E-009  -5.6566559902746880E-009
  -4.6776940629903356E-010   8.1999303960570769E-011
          94   0.0000000000000000        0.0000000000000000     
   4.7467679509785752E-009  -9.8281258961155607E-009
  -4.3673439213455515E-010   1.5465894632475526E-010
          95   0.0000000000000000        0.0000000000000000     
  -8.8016830651586097E-010  -1.3103638904455390E-008
  -3.1935803044590379E-010   2.1115512445847530E-010
          96   0.0000000000000000        0.0000000000000000     
  -6.6099292593577172E-009  -9.8848302243779897E-009
  -1.9909162637959461E-010   1.5129683618110669E-010
          97   0.0000000000000000        0.0000000000000000     
  -7.4783770427958337E-009  -5.6316389941416466E-009
  -1.6473966193303016E-010   7.2766323476516147E-011
          98   0.0000000000000000        0.0000000000000000     
  -6.6752159196482432E-009  -3.2519452521637964E-009
  -1.5913454575058356E-010   2.7579119554057528E-011
          99   0.0000000000000000        0.0000000000000000     
  -5.7763377009242701E-009  -2.0248246018769699E-009
  -1.5426873639624657E-010   2.8253929554312211E-012
         100   0.0000000000000000        0.0000000000000000     
  -5.0499677504995883E-009  -1.3500810286231947E-009
  -1.4504488347924625E-010  -1.2256485508571669E-011
         101   0.0000000000000000        0.0000000000000000     
  -4.4911314764152899E-009  -9.4916705417420549E-010
  -1.3156418955564071E-010  -2.2668176358852228E-011
         102   0.0000000000000000        0.0000000000000000     
  -4.0600088121008284E-009  -6.9441044964628942E-010
  -1.1434586730302559E-010  -3.0718204592724497E-011
         103   0.0000000000000000        0.0000000000000000     
  -3.7224929022841887E-009  -5.2336714730205339E-010
  -9.3929057943613261E-011  -3.7547781714257244E-011
         104   0.0000000000000000        0.0000000000000000     
  -3.4539261342520155E-009  -4.0323425866922311E-010
  -7.0638571430251634E-011  -4.3771458679464356E-011
         105   0.0000000000000000        0.0000000000000000     
  -3.2370297795906446E-009  -3.1563903315943349E-010
  -4.4649839105407586E-011  -4.9749107688890151E-011
         106   0.0000000000000000        0.0000000000000000     
  -3.0596470726655191E-009  -2.4970943680661113E-010
  -1.6034982594555897E-011  -5.5710262940347913E-011
         107   0.0000000000000000        0.0000000000000000     
  -2.9130991914900969E-009  -1.9870373268411187E-010
   1.5211254506235855E-011  -6.1815059042954646E-011
         108   0.0000000000000000        0.0000000000000000     
  -2.7910820700220383E-009  -1.5827047897177620E-010
   4.9153718845408249E-011  -6.8186065327956817E-011
         109   0.0000000000000000        0.0000000000000000     
  -2.6889379510510515E-009  -1.2550186201576822E-010
   8.5906068054251903E-011  -7.4926054333698014E-011
         110   0.0000000000000000        0.0000000000000000     
  -2.6031715964803621E-009  -9.8394501036586653E-011
   1.2562472820140392E-010  -8.2128636528329026E-011
         111   0.0000000000000000        0.0000000000000000     
  -2.5311245885966540E-009  -7.5529761613028160E-011
   1.6850610672158590E-010  -8.9885159200400636E-011
         112   0.0000000000000000        0.0000000000000000     
  -2.4707522939570199E-009  -5.5877384648617212E-011
   2.1482428487363842E-010  -9.8290443942388294E-011
         113   0.0000000000000000        0.0000000000000000     
  -2.4204698785886528E-009  -3.8670956365749679E-011
   2.6477988958125332E-010  -1.0744348034435801E-010
         114   0.0000000000000000        0.0000000000000000     
  -2.3790416685323528E-009  -2.3326679830486273E-011
   3.1873181312020808E-010  -1.1745580193101060E-010
         115   0.0000000000000000        0.0000000000000000     
  -2.3455039708153374E-009  -9.3888687078371589E-012
   3.7704909064105953E-010  -1.2845174044009235E-010
         116   0.0000000000000000        0.0000000000000000     
  -2.3191085127224893E-009   3.5075764964381283E-012
   4.4015489765661204E-010  -1.4057302046303329E-010
         117   0.0000000000000000        0.0000000000000000     
  -2.2992815541445318E-009   1.5663738434241171E-011
   5.0853391717609337E-010  -1.5398306615013850E-010
         118   0.0000000000000000        0.0000000000000000     
  -2.2855942825081161E-009   2.7336022413554266E-011
   5.8274159824154687E-010  -1.6887188313952370E-010
         119   0.0000000000000000        0.0000000000000000     
  -2.2777416937346906E-009   3.8750867192578670E-011
   6.6335369282979965E-010  -1.8546093595923051E-010
         120   0.0000000000000000        0.0000000000000000     
  -2.2755278257794358E-009   5.0116440739665282E-011
   7.5122857641107971E-010  -2.0401613760033263E-010
         121   0.0000000000000000        0.0000000000000000     
  -2.2788563029679081E-009   6.1632432880457306E-011
   8.4715189979829253E-010  -2.2484940683282564E-010
         122   0.0000000000000000        0.0000000000000000     
  -2.2877252082631005E-009   7.3498900482964138E-011
   9.5210624615033284E-010  -2.4833602557632808E-010
         123   0.0000000000000000        0.0000000000000000     
  -2.3022259518076251E-009   8.5924907820239295E-011
   1.0672353745244072E-009  -2.7492885264043687E-010
         124   0.0000000000000000        0.0000000000000000     
  -2.3225462147592592E-009   9.9137659620328816E-011
   1.1939271882044102E-009  -3.0517954379540734E-010
         125   0.0000000000000000        0.0000000000000000     
  -2.3489754967258377E-009   1.1339283500306328E-010
   1.3336540626595754E-009  -3.3976071326062746E-010
         126   0.0000000000000000        0.0000000000000000     
  -2.3819177710090439E-009   1.2898709388915312E-010
   1.4883258101381488E-009  -3.7950738424733301E-010
         127   0.0000000000000000        0.0000000000000000     
  -2.4219066055230776E-009   1.4627379019788929E-010
   1.6601548807598575E-009  -4.2545976278573204E-010
         128   0.0000000000000000        0.0000000000000000     
  -2.4696275757889648E-009   1.6568355500484517E-010
   1.8517893663061273E-009  -4.7892821184742488E-010
         129   0.0000000000000000        0.0000000000000000     
  -2.5259507438730622E-009   1.8775205439554865E-010
   2.0664296220696545E-009  -5.4158153551332318E-010
         130   0.0000000000000000        0.0000000000000000     
  -2.5919693979643365E-009   2.1315817950073133E-010
   2.3079606166355142E-009  -6.1557005575378251E-010
         131   0.0000000000000000        0.0000000000000000     
  -2.6690577997361244E-009   2.4277803756508883E-010
   2.5810883247682758E-009  -7.0369985938116422E-010
         132   0.0000000000000000        0.0000000000000000     
  -2.7589443129505044E-009   2.7776264581968406E-010
   2.8918268974483672E-009  -8.0969172099529663E-010
         133   0.0000000000000000        0.0000000000000000     
  -2.8638151114416299E-009   3.1965245022758539E-010
   3.2474800858357906E-009  -9.3854847893865333E-010
         134   0.0000000000000000        0.0000000000000000     
  -2.9864511361375251E-009   3.7054978891222355E-010
   3.6574325108142192E-009  -1.0971280358053469E-009
         135   0.0000000000000000        0.0000000000000000     
  -3.1304178440130853E-009   4.3338534196425308E-010
   4.1333337438652160E-009  -1.2950089079726041E-009
         136   0.0000000000000000        0.0000000000000000     
  -3.3003239676118776E-009   5.1234098015116222E-010
   4.6904491845637099E-009  -1.5458900836671581E-009
         137   0.0000000000000000        0.0000000000000000     
  -3.5021749429594498E-009   6.1354120818108447E-010
   5.3487406399536711E-009  -1.8698616323388441E-009
         138   0.0000000000000000        0.0000000000000000     
  -3.7438332979411831E-009   7.4622130677463717E-010
   6.1340274930417925E-009  -2.2972367908627177E-009
