   262144.00000000000     
         256           1           3
   1.7567330116226543E-005  -6.2812290861650002       -178.01823173560001     
   6.0401400154609997        12.000000000000000        5733.8999999999996     
           0   0.0000000000000000        0.0000000000000000     
   0.0000000000000000        0.0000000000000000     
   0.0000000000000000        0.0000000000000000     
           1  -3.6454619445620517E-012  -4.2369152072227798E-013
  -2.6429025742441796E-011   3.4790490354128602E-012
  -7.8142340068127177E-010   1.0544350739656568E-010
           2  -3.5844115978775468E-012  -2.5050839302800559E-014
  -2.6366091625002304E-011   1.2140885895179870E-012
  -7.7971006451811194E-010   3.6459455278694608E-011
           3  -3.5101434145612555E-012   5.3799192743782580E-014
  -2.6579743925601548E-011   7.7583549564213282E-013
  -7.8633490669157023E-010   2.3110733934638759E-011
           4  -3.4797072535755810E-012   7.8438717959976727E-014
  -2.6645262566008756E-011   6.4973586913650636E-013
  -7.8840366504507522E-010   1.9268101265579384E-011
           5  -3.4716225962958787E-012   9.0038560650368530E-014
  -2.6649264894604251E-011   6.0041985497484080E-013
  -7.8857219328036105E-010   1.7763203944277537E-011
           6  -3.4767251849434460E-012   9.7567064563461300E-014
  -2.6628380439624845E-011   5.7644567173326359E-013
  -7.8796394497918279E-010   1.7029461983756937E-011
           7  -3.4911212075842272E-012   1.0366037008714844E-013
  -2.6596815578171483E-011   5.6265948700162313E-013
  -7.8701571849834397E-010   1.6605436098718216E-011
           8  -3.5130046146407971E-012   1.0927894250873106E-013
  -2.6560438621673926E-011   5.5356494498366924E-013
  -7.8590864784787096E-010   1.6323779222617114E-011
           9  -3.5414902704847533E-012   1.1483713266407359E-013
  -2.6521796697440683E-011   5.4684363915324415E-013
  -7.8472180927471031E-010   1.6113908428480311E-011
          10  -3.5761491578798907E-012   1.2054310401382070E-013
  -2.6482004991255039E-011   5.4139776539037749E-013
  -7.8349013895711586E-010   1.5942399869556036E-011
          11  -3.6168044714095566E-012   1.2651881744880251E-013
  -2.6441519165492942E-011   5.3665653551099684E-013
  -7.8222815373670593E-010   1.5791869556825131E-011
          12  -3.6634345741489544E-012   1.3284796927006580E-013
  -2.6400474928690385E-011   5.3229846070892041E-013
  -7.8094040242684847E-010   1.5652517941417161E-011
          13  -3.7161239046298417E-012   1.3959721306858690E-013
  -2.6358846274116539E-011   5.2812886562927095E-013
  -7.7962634977545748E-010   1.5518401066794882E-011
          14  -3.7750372242035673E-012   1.4682647083207901E-013
  -2.6316522544342217E-011   5.2402145342338022E-013
  -7.7828276340181172E-010   1.5385651768383430E-011
          15  -3.8404061087694505E-012   1.5459444401111027E-013
  -2.6273347107741745E-011   5.1988855524950424E-013
  -7.7690491702896325E-010   1.5251574044302976E-011
          16  -3.9125223501856404E-012   1.6296189860643024E-013
  -2.6229137060190161E-011   5.1566513983104170E-013
  -7.7548720681188830E-010   1.5114156201358420E-011
          17  -3.9917355718391967E-012   1.7199389258769419E-013
  -2.6183693227636049E-011   5.1129983078090454E-013
  -7.7402346643348106E-010   1.4971797206655642E-011
          18  -4.0784536461859869E-012   1.8176151431087556E-013
  -2.6136805104876566E-011   5.0674969759825591E-013
  -7.7250712400989062E-010   1.4823147790765913E-011
          19  -4.1731451686509977E-012   1.9234342955832389E-013
  -2.6088253151409169E-011   5.0197720222503774E-013
  -7.7093127566999989E-010   1.4667017042292995E-011
          20  -4.2763436048065603E-012   2.0382740744871786E-013
  -2.6037809780204557E-011   4.9694847282093601E-013
  -7.6928871719403568E-010   1.4502319271884565E-011
          21  -4.3886529412379835E-012   2.1631193324626328E-013
  -2.5985239832961891E-011   4.9163249103050512E-013
  -7.6757195830343159E-010   1.4328048540634837E-011
          22  -4.5107548044989452E-012   2.2990798610293095E-013
  -2.5930301088611462E-011   4.8600101969833201E-013
  -7.6577323650260530E-010   1.4143275566568448E-011
          23  -4.6434171045417761E-012   2.4474104526287151E-013
  -2.5872745267418178E-011   4.8002926383414893E-013
  -7.6388454468184683E-010   1.3947166770115382E-011
          24  -4.7875043290557045E-012   2.6095338077506676E-013
  -2.5812320025420999E-011   4.7369740554251168E-013
  -7.6189768758154792E-010   1.3739029708417677E-011
          25  -4.9439896712511137E-012   2.7870667916166045E-013
  -2.5748772576838843E-011   4.6699332470881123E-013
  -7.5980438649773178E-010   1.3518394353866479E-011
          26  -5.1139692230198437E-012   2.9818504506079307E-013
  -2.5681855848506641E-011   4.5991705946626062E-013
  -7.5759645965906427E-010   1.3285147033038531E-011
          27  -5.2962741928730829E-012   3.1950873637307925E-013
  -2.5610449424013564E-011   4.5244862440659689E-013
  -7.5526419536377140E-010   1.3039660336354451E-011
          28  -5.4971093421618892E-012   3.4309667754676644E-013
  -2.5536132898435197E-011   4.4471671352285378E-013
  -7.5280452865783963E-010   1.2783477439679427E-011
          29  -5.7156429607331977E-012   3.6913220824615436E-013
  -2.5457873894562847E-011   4.3678094913685685E-013
  -7.5021025035843526E-010   1.2519355588875940E-011
          30  -5.9536555546443959E-012   3.9792596404341794E-013
  -2.5375627327653197E-011   4.2881926035540084E-013
  -7.4747891510031634E-010   1.2252514668190869E-011
          31  -6.2131616213166712E-012   4.2982922950806987E-013
  -2.5289509041474395E-011   4.2113857021939699E-013
  -7.4461283600353220E-010   1.1992071538231898E-011
          32  -6.4964404077386458E-012   4.6523461647886059E-013
  -2.5199898074884306E-011   4.1426086514072300E-013
  -7.4162217702544018E-010   1.1753655105710448E-011
          33  -6.8060676514995954E-012   5.0457080959042562E-013
  -2.5107603415480259E-011   4.0907636509493493E-013
  -7.3853000463663409E-010   1.1564063546932275E-011
          34  -7.1449446603217409E-012   5.4828368274831426E-013
  -2.5014140937529568E-011   4.0712776529974578E-013
  -7.3538068946858937E-010   1.1469911632039932E-011
          35  -7.5163170189354392E-012   5.9678621020592792E-013
  -2.4922202326894321E-011   4.1116518479617074E-013
  -7.3225414791435984E-010   1.1554520532826343E-011
          36  -7.9237678209793511E-012   6.5033482951681294E-013
  -2.4836461065678261E-011   4.2629852993412596E-013
  -7.2929034025753579E-010   1.1973000133970872E-011
          37  -8.3711599746644983E-012   7.0872284427866137E-013
  -2.4764949929148321E-011   4.6257647952496948E-013
  -7.2673116355578075E-010   1.3030778681482497E-011
          38  -8.8625088117322109E-012   7.7048285333189511E-013
  -2.4721215643941053E-011   5.4130302715752125E-013
  -7.2498599927696956E-010   1.5375964733187862E-011
          39  -9.4019616599345387E-012   8.3064646333316260E-013
  -2.4726046460945983E-011   7.1219835012040697E-013
  -7.2468423166140451E-010   2.0521997565798318E-011
          40  -9.9981037589774915E-012   8.7404525006348185E-013
  -2.4796019439207709E-011   1.1046014705148532E-012
  -7.2628960475356344E-010   3.2405526186436296E-011
          41  -1.0674770687049088E-011   8.5665117793452375E-013
  -2.4792845660813973E-011   2.0648432618729900E-012
  -7.2565817487365332E-010   6.1576889033754607E-011
          42  -1.1604036546501568E-011   7.4119194921891775E-013
  -2.3548412068946263E-011   3.9011970942197309E-012
  -6.8716835157041646E-010   1.1742206499611994E-010
          43  -1.2904385213599557E-011   9.2971872524406137E-013
  -2.0279950658878374E-011   3.6652592414642033E-012
  -5.8697077089752323E-010   1.1013600755839142E-010
          44  -1.4037717616473455E-011   1.3798370918031362E-012
  -1.9119691326627106E-011   1.6968107192020404E-012
  -5.5091572382361700E-010   5.0064776195585651E-011
          45  -1.5183651773007291E-011   1.7452288504293647E-012
  -1.8915277627337769E-011   6.2908051008317300E-013
  -5.4389289049115309E-010   1.7407505143266253E-011
          46  -1.6507738301881315E-011   2.0896325126964506E-012
  -1.8633067243835320E-011   6.9328317525221786E-014
  -5.3445312678572817E-010   1.9888947552906614E-013
          47  -1.8067277331649908E-011   2.4716562667836815E-012
  -1.8155951231911175E-011  -3.1090595275896558E-013
  -5.1891403813702406E-010  -1.1576733567103147E-011
          48  -1.9908640926857065E-011   2.9284445061084321E-012
  -1.7479447156619128E-011  -6.4163888877253876E-013
  -4.9716328038829647E-010  -2.1887315530147111E-011
          49  -2.2096680829361412E-011   3.4964901510430023E-012
  -1.6595141006587091E-011  -9.8441289889308462E-013
  -4.6891277453146302E-010  -3.2621547804722660E-011
          50  -2.4722833058768042E-011   4.2229692753144782E-012
  -1.5477891698895454E-011  -1.3811477311739276E-012
  -4.3329448538948578E-010  -4.5079607165773212E-011
          51  -2.7908459496478133E-011   5.1763095806051494E-012
  -1.4074679859922405E-011  -1.8743581495009187E-012
  -3.8875450463352325E-010  -6.0582702049468252E-011
          52  -3.1831495276429161E-011   6.4629982054092151E-012
  -1.2308355515009775E-011  -2.5200452047919785E-012
  -3.3287146138570335E-010  -8.0885372562491058E-011
          53  -3.6753074210318962E-011   8.2574664152819957E-012
  -1.0067149870290046E-011  -3.4041341847429104E-012
  -2.6198219790901897E-010  -1.0869150725173429E-010
          54  -4.3059170895711573E-011   1.0861600126278541E-011
  -7.1739954564969711E-012  -4.6722270926650710E-012
  -1.7050803327709882E-010  -1.4857589780095048E-010
          55  -5.1343251834577536E-011   1.4833940165164208E-011
  -3.3455585280842533E-012  -6.5913896656708229E-012
  -4.9794513946449715E-011  -2.0892033161081263E-010
          56  -6.2546006710791119E-011   2.1295452767489872E-011
   1.8438440007340253E-012  -9.6936799420373663E-012
   1.1379863589503106E-010  -3.0645678032124016E-010
          57  -7.8117647604605040E-011   3.2731915285821158E-011
   9.0653123882895904E-012  -1.5155647699499185E-011
   3.4128525802883754E-010  -4.7815825887930255E-010
          58  -9.9812524623936040E-011   5.5346652954943829E-011
   1.9112102128925114E-011  -2.5902777744028233E-011
   6.5766051829860655E-010  -8.1596925359750609E-010
          59  -1.2527561761650826E-010   1.0616621589260545E-010
   3.0791270060164026E-011  -4.9927454539492468E-011
   1.0252451842093538E-009  -1.5710675967374130E-009
          60  -1.1108913945483560E-010   2.1933186529605752E-010
   2.3515545708266873E-011  -1.0305859983285416E-010
   7.9713466757825292E-010  -3.2409297601851752E-009
          61   6.5637807963885094E-011   2.8576379712515588E-010
  -5.9940187663078228E-011  -1.3339308993463291E-010
  -1.8248792917612166E-009  -4.1943509615264760E-009
          62   1.6515801165637815E-010   1.5802324557309313E-010
  -1.0609731413169752E-010  -7.2840916829361102E-011
  -3.2749434374099696E-009  -2.2913807611527412E-009
          63   1.4815526539031100E-010   7.5507374198496453E-011
  -9.7716312031390835E-011  -3.4140857446781046E-011
  -3.0107515322443107E-009  -1.0751918135070424E-009
          64   1.2240201354040930E-010   4.0643903850888719E-011
  -8.5461483831773473E-011  -1.7886530748026659E-011
  -2.6248242095747865E-009  -5.6443289290211338E-010
          65   1.0333557107342383E-010   2.4384476428774108E-011
  -7.6440089560386498E-011  -1.0344090871082016E-011
  -2.3405616114870925E-009  -3.2747508649658776E-010
          66   8.9935283150550800E-011   1.5760773452763030E-011
  -7.0123735462584024E-011  -6.3623280432776979E-012
  -2.1411599509649079E-009  -2.0243501996823504E-010
          67   8.0363063346505272E-011   1.0688635182097934E-011
  -6.5627143122263184E-011  -4.0307127864194819E-012
  -1.9988507489890718E-009  -1.2926716529734232E-010
          68   7.3372953358558012E-011   7.4548627694990462E-012
  -6.2348624643408045E-011  -2.5506040640423420E-012
  -1.8948436052445740E-009  -8.2867508223823962E-011
          69   6.8170877806733074E-011   5.2556201311962418E-012
  -5.9918181360091239E-011  -1.5478822756923320E-012
  -1.8173792606055781E-009  -5.1484962188121985E-011
          70   6.4259921839809857E-011   3.6767159531367591E-012
  -5.8097931240892940E-011  -8.3052054740243376E-013
  -1.7590113890466132E-009  -2.9084454090207239E-011
          71   6.1313003409990650E-011   2.4882435586842844E-012
  -5.6735408546341913E-011  -2.9204757943738431E-013
  -1.7149024141312058E-009  -1.2323278175883471E-011
          72   5.9117642298244979E-011   1.5540177095111807E-012
  -5.5725575851797730E-011   1.3021708229745302E-013
  -1.6818161790993608E-009   7.6956464441785359E-013
          73   5.7523358431036914E-011   7.8920155152520149E-013
  -5.4999773207888533E-011   4.7544871293590330E-013
  -1.6575464037975889E-009   1.1421080746128172E-011
          74   5.6427478767433858E-011   1.3809779927781865E-013
  -5.4509688608102766E-011   7.6926458233410341E-013
  -1.6405620258974575E-009   2.0433322926896970E-011
          75   5.5758574160468865E-011  -4.3760871688855186E-013
  -5.4221841195721871E-011   1.0292746601244009E-012
  -1.6297961684640242E-009   2.8356102823330153E-011
          76   5.5467491205804038E-011  -9.6561403835755635E-013
  -5.4113350556226064E-011   1.2682189148169256E-012
  -1.6245128024233171E-009   3.5585451060306554E-011
          77   5.5521636022122590E-011  -1.4670586108525069E-012
  -5.4169254800337517E-011   1.4958542124088798E-012
  -1.6242219953937445E-009   4.2422739784614666E-011
          78   5.5901322288626415E-011  -1.9591029746196012E-012
  -5.4380815449649348E-011   1.7201553594132123E-012
  -1.6286260590548393E-009   4.9112196470864415E-011
          79   5.6597489362005386E-011  -2.4566671446712345E-012
  -5.4744483031402361E-011   1.9481346025619798E-012
  -1.6375863122276384E-009   5.5866353821137152E-011
          80   5.7612475929721607E-011  -2.9737832202267669E-012
  -5.5259716721259982E-011   2.1863847432540817E-012
  -1.6511028546862223E-009   6.2884839786835707E-011
          81   5.8951056037239558E-011  -3.5243225825412465E-012
  -5.5935264426023777E-011   2.4418755148967485E-012
  -1.6693138542316754E-009   7.0370356013834658E-011
          82   6.0633018697805079E-011  -4.1234241398586399E-012
  -5.6779581567440291E-011   2.7220342137861474E-012
  -1.6924882732937755E-009   7.8543232006265375E-011
          83   6.2685384684241893E-011  -4.7881939314620834E-012
  -5.7807756726627396E-011   3.0355791665609130E-012
  -1.7210445935676511E-009   8.7658090381518310E-011
          84   6.5145697849349202E-011  -5.5389735019179037E-012
  -5.9040706305253018E-011   3.3931342422891473E-012
  -1.7555720930524567E-009   9.8023856429476314E-011
          85   6.8062123551823405E-011  -6.4007975300963172E-012
  -6.0508416392915634E-011   3.8082300672695661E-012
  -1.7968684168448188E-009   1.1003058320354295E-010
          86   7.1503510203517019E-011  -7.4057389437097560E-012
  -6.2243896748591963E-011   4.2982636654402462E-012
  -1.8459877912965341E-009   1.2418706385341853E-010
          87   7.5552554191772921E-011  -8.5954541587049621E-012
  -6.4297764062816653E-011   4.8869265047596167E-012
  -1.9043280549581458E-009   1.4117713356547630E-010
          88   8.0320211137014351E-011  -1.0025848899559030E-011
  -6.6731970418031231E-011   5.6067076720284917E-012
  -1.9737387777531092E-009   1.6194513194311810E-010
          89   8.5946404572774148E-011  -1.1773393362473710E-011
  -6.9636833042317997E-011   6.5040281124421703E-012
  -2.0566963346776912E-009   1.8783215205012840E-010
          90   9.2619497022319594E-011  -1.3945731498861057E-011
  -7.3128459664349766E-011   7.6463987301955282E-012
  -2.1565515715004181E-009   2.2079918542888531E-010
          91   1.0059167980338257E-010  -1.6698304931501485E-011
  -7.7360820974899638E-011   9.1353809542565660E-012
  -2.2779180033132493E-009   2.6380832333851890E-010
          92   1.1020105927941564E-010  -2.0262191700321668E-011
  -8.2556726408168584E-011   1.1130129763022721E-011
  -2.4272759351106479E-009   3.2150140860410888E-010
          93   1.2191359353625659E-010  -2.4993009297575179E-011
  -8.9044127648568247E-011   1.3890628938630690E-011
  -2.6139211417897443E-009   4.0146810283494894E-010
          94   1.3638110204269578E-010  -3.1459930370764160E-011
  -9.7278271379729386E-011   1.7861426822663686E-011
  -2.8514795788838723E-009   5.1675284099961503E-010
          95   1.5453965368988506E-010  -4.0617336347226159E-011
  -1.0796599923341044E-010   2.3852158074721369E-011
  -3.1602493838515277E-009   6.9114258306929344E-010
          96   1.7772436374698625E-010  -5.4154326298334150E-011
  -1.2212791058646639E-010   3.3440549662381875E-011
  -3.5703676434543821E-009   9.7118139826308903E-010
          97   2.0783017123964890E-010  -7.5260359394837257E-011
  -1.4117805115849514E-010   4.9968018781353000E-011
  -4.1230539841100323E-009   1.4557584222049934E-009
          98   2.4723688041725391E-010  -1.1041779366878636E-010
  -1.6623181043198182E-010   8.1156837606482231E-011
  -4.8500358837748344E-009   2.3742107194514268E-009
          99   2.9725761663211259E-010  -1.7381313159493171E-010
  -1.9248456515518597E-010   1.4577405390846748E-010
  -5.6036845419236588E-009   4.2852667544211354E-009
         100   3.4765427897943151E-010  -2.9719004623794680E-010
  -1.7541753620425977E-010   2.7845428372840033E-010
  -5.0366892152206684E-009   8.2148381897488590E-009
         101   3.2506860629767710E-010  -5.3029134950719676E-010
   3.6694554490038568E-011   4.0072303273847307E-010
   1.4054713228149002E-009   1.1726516298411169E-008
         102   2.5665040566124095E-011  -7.5906120531713118E-010
   2.4336023630318690E-010   1.9780000440780279E-010
   7.4295115082436166E-009   5.3342067667254891E-009
         103  -3.4382237421295904E-010  -5.9773305769378038E-010
   1.6176934110607423E-010   3.8573088102975302E-011
   4.6056558839649660E-009   6.2775017561114449E-010
         104  -4.1021812780928447E-010  -3.3569935340388734E-010
   9.5266627280534643E-011   1.7673410936509187E-011
   2.5168160104413672E-009   2.2936143876031181E-010
         105  -3.6318065250336755E-010  -1.8952882021693751E-010
   6.7486870208916271E-011   1.4883059190276404E-011
   1.7115839979551800E-009   2.7811097248659163E-010
         106  -3.0950447471995448E-010  -1.1591071067069533E-010
   5.2310898911434102E-011   1.2415959899842262E-011
   1.2969355550399042E-009   2.7067628716495731E-010
         107  -2.6667427355731283E-010  -7.6201492964240641E-011
   4.1987899605088761E-011   1.0093698605449014E-011
   1.0205236679446327E-009   2.3666261498830062E-010
         108  -2.3419058122967759E-010  -5.2924431301083424E-011
   3.4230419889183904E-011   8.1822755570253366E-012
   8.1292817683424110E-010   2.0010154670857210E-010
         109  -2.0947753853957746E-010  -3.8267218651989740E-011
   2.8115826766670861E-011   6.6860117909841747E-012
   6.4831380254607700E-010   1.6826819857020355E-010
         110  -1.9039916653770365E-010  -2.8481661845324739E-011
   2.3154236910815334E-011   5.5295918475717575E-012
   5.1375501245961410E-010   1.4230159648051096E-010
         111  -1.7545004792973196E-010  -2.1626726254687826E-011
   1.9053322015880517E-011   4.6338143281610183E-012
   4.0141712758036672E-010   1.2158487397486730E-010
         112  -1.6357748990797952E-010  -1.6627527848570914E-011
   1.5597532928425687E-011   3.9354106647693059E-012
   3.0603940278577476E-010   1.0516753935338519E-010
         113  -1.5405998818135540E-010  -1.2852898629817228E-011
   1.2654273530595578E-011   3.3861179275110979E-012
   2.2385996441399092E-010   9.2178443268213699E-011
         114  -1.4638291253220968E-010  -9.9139885061355635E-012
   1.0105347807483798E-011   2.9514874238534216E-012
   1.5209427377444492E-010   8.1915101604336471E-011
         115  -1.4017727142393610E-010  -7.5607825950676128E-012
   7.8789686567877927E-012   2.6057746214921075E-012
   8.8618074770760626E-011   7.3838143786257100E-011
         116  -1.3517405781021743E-010  -5.6264776726918268E-012
   5.9101741121305027E-012   2.3306311575094485E-012
   3.1771029337086288E-011   6.7542739529141743E-011
         117  -1.3117301275136618E-010  -3.9960698021798320E-012
   4.1524458137765458E-012   2.1125024690282273E-012
  -1.9773518766818699E-011   6.2729534788398070E-011
         118  -1.2802701583807069E-010  -2.5876376479655532E-012
   2.5609944206567877E-012   1.9418346692387071E-012
  -6.7103055357969072E-011   5.9181081878284910E-011
         119  -1.2562330670789358E-010  -1.3411774497336039E-012
   1.1057072900251730E-012   1.8114923980096471E-012
  -1.1112741696646852E-010   5.6743849917473653E-011
         120  -1.2387805280914823E-010  -2.1125955297968467E-013
  -2.4103501352807680E-013   1.7165495252489005E-012
  -1.5263024803291389E-010   5.5315576015959753E-011
         121  -1.2272910933218193E-010   8.3765912434634474E-013
  -1.5031745321754636E-012   1.6537452947488899E-012
  -1.9230555730567435E-010   5.4836504639878403E-011
         122  -1.2213302263024648E-010   1.8344887728931478E-012
  -2.7043544619110830E-012   1.6212952300243351E-012
  -2.3078841110779141E-010   5.5283898189205419E-011
         123  -1.2205490403622177E-010   2.8034984934392326E-012
  -3.8573422809538060E-012   1.6182327512924536E-012
  -2.6867414107529504E-010   5.6668878718807404E-011
         124  -1.2248047754659041E-010   3.7665053232331802E-012
  -4.9876895149701865E-012   1.6452945840005571E-012
  -3.0655073511717878E-010   5.9036208543246737E-011
         125  -1.2340061472715541E-010   4.7436496398871997E-012
  -6.1114879887144573E-012   1.7039443824087855E-012
  -3.4500809304292699E-010   6.2465268927127696E-011
         126  -1.2481765770686391E-010   5.7547542623952053E-012
  -7.2474653514640852E-012   1.7969242000089421E-012
  -3.8466332410788257E-010   6.7073903474867321E-011
         127  -1.2674377442203255E-010   6.8202803151112011E-012
  -8.4153433926502388E-012   1.9283019724073131E-012
  -4.2618061713563095E-010   7.3024443645687037E-011
         128  -1.2920119878656970E-010   7.9623462570214061E-012
  -9.6365396559919617E-012   2.1037060779363319E-012
  -4.7029455645517754E-010   8.0532766893286198E-011
         129  -1.3222386464549310E-010   9.2058870710791263E-012
  -1.0937541724530026E-011   2.3307802364510546E-012
  -5.1783798580473544E-010   8.9881227112374045E-011
         130  -1.3585497655252251E-010   1.0579855930821502E-011
  -1.2340554339826843E-011   2.6192472378205214E-012
  -5.6977207420861121E-010   1.0143659280988801E-010
         131  -1.4015436552296670E-010   1.2119115358906645E-011
  -1.3880122773453397E-011   2.9822541225252070E-012
  -6.2723137875629824E-010   1.1567540265307078E-010
         132  -1.4519743447562614E-010   1.3866520683650211E-011
  -1.5594307727386195E-011   3.4369245297593440E-012
  -6.9157315858378452E-010   1.3321912936987990E-010
         133  -1.5107967328384464E-010   1.5875976376166411E-011
  -1.7529172693601917E-011   4.0058633256176527E-012
  -7.6444572802434651E-010   1.5488411591873546E-010
         134  -1.5792125041143971E-010   1.8216653718665838E-011
  -1.9738498669573900E-011   4.7190469316803114E-012
  -8.4787754421718025E-010   1.8175309651856831E-010
         135  -1.6587497257455024E-010   2.0979104110670331E-011
  -2.2298361576564539E-011   5.6172137150005058E-012
  -9.4439784740764626E-010   2.1527941142803666E-010
         136  -1.7513355889464238E-010   2.4284097753672127E-011
  -2.5294889348421682E-011   6.7555131826923782E-012
  -1.0571978195363837E-009   2.5744150643063382E-010
         137  -1.8594318797050048E-010   2.8296061843865682E-011
  -2.8844719140378923E-011   8.2106803858935334E-012
  -1.1903549458035023E-009   3.1097716064899992E-010
         138  -1.9862233798370860E-010   3.3243821366601124E-011
  -3.3089118691990556E-011   1.0090665845710059E-011
  -1.3491452658359212E-009   3.7974695548327209E-010
