   262144.00000000000     
         256           1           3
   1.7567330116226543E-005  -6.2812290861650002       -178.01823173560001     
   6.0401400154609997        12.000000000000000        5733.8999999999996     
           0   0.0000000000000000        0.0000000000000000     
   0.0000000000000000        0.0000000000000000     
   0.0000000000000000        0.0000000000000000     
           1  -1.1008990462668895E-009  -5.2682129509802858E-010
  -1.8479559433966898E-010  -9.2963860339265763E-011
   0.0000000000000000        0.0000000000000000     
           2  -1.0503571589539017E-009  -9.3618023724846582E-011
  -1.7599358044446632E-010  -1.6917870527440188E-011
   0.0000000000000000        0.0000000000000000     
           3  -9.7516115756779470E-010  -1.0676214678651499E-011
  -1.6272934131295039E-010  -2.3985269199978524E-012
   0.0000000000000000        0.0000000000000000     
           4  -9.3973854850070066E-010   1.2993751615717459E-011
  -1.5636134556500787E-010   1.7056580124242644E-012
   0.0000000000000000        0.0000000000000000     
           5  -9.2243986976505280E-010   2.2264301850556802E-011
  -1.5309944975560698E-010   3.2763438095704081E-012
   0.0000000000000000        0.0000000000000000     
           6  -9.1408929734806421E-010   2.6875131394965820E-011
  -1.5133664244997949E-010   4.0240732297736368E-012
   0.0000000000000000        0.0000000000000000     
           7  -9.1084227317767834E-010   2.9672950710031827E-011
  -1.5039916198830613E-010   4.4485535077806176E-012
   0.0000000000000000        0.0000000000000000     
           8  -9.1091785821513591E-010   3.1681142221072673E-011
  -1.4997403701886256E-010   4.7291553540937473E-012
   0.0000000000000000        0.0000000000000000     
           9  -9.1341417201011384E-010   3.3327509502070895E-011
  -1.4990161398028894E-010   4.9405743998147616E-012
   0.0000000000000000        0.0000000000000000     
          10  -9.1784360476470531E-010   3.4813259658780193E-011
  -1.5009418193254057E-010   5.1176441405969335E-012
   0.0000000000000000        0.0000000000000000     
          11  -9.2393200481806956E-010   3.6243004932439945E-011
  -1.5050082163516880E-010   5.2781681211247930E-012
   0.0000000000000000        0.0000000000000000     
          12  -9.3152423661038401E-010   3.7676494070402962E-011
  -1.5109086762418892E-010   5.4320014553785516E-012
   0.0000000000000000        0.0000000000000000     
          13  -9.4053652662226793E-010   3.9151290085654213E-011
  -1.5184554865843136E-010   5.5850271664216076E-012
   0.0000000000000000        0.0000000000000000     
          14  -9.5093102049095376E-010   4.0693542165889301E-011
  -1.5275350406906937E-010   5.7410395601666839E-012
   0.0000000000000000        0.0000000000000000     
          15  -9.6270160667990809E-010   4.2323474860217028E-011
  -1.5380826057622729E-010   5.9026979922476224E-012
   0.0000000000000000        0.0000000000000000     
          16  -9.7586580310663433E-010   4.4058378400873563E-011
  -1.5500675885190152E-010   6.0720398961516266E-012
   0.0000000000000000        0.0000000000000000     
          17  -9.9046009176523724E-010   4.5914356940541645E-011
  -1.5634847183493872E-010   6.2507736247531957E-012
   0.0000000000000000        0.0000000000000000     
          18  -1.0065373265952634E-009   4.7907438875578388E-011
  -1.5783487344074272E-010   6.4404569574774442E-012
   0.0000000000000000        0.0000000000000000     
          19  -1.0241654664923144E-009   5.0054357549473223E-011
  -1.5946912560636834E-010   6.6426150935552580E-012
   0.0000000000000000        0.0000000000000000     
          20  -1.0434272190266495E-009   5.2373170067002350E-011
  -1.6125590962430281E-010   6.8588272053202263E-012
   0.0000000000000000        0.0000000000000000     
          21  -1.0644203674864799E-009   5.4883813307493968E-011
  -1.6320136007247943E-010   7.0907985176038465E-012
   0.0000000000000000        0.0000000000000000     
          22  -1.0872586656604462E-009   5.7608663027104504E-011
  -1.6531307884543835E-010   7.3404290123350719E-012
   0.0000000000000000        0.0000000000000000     
          23  -1.1120732577831242E-009   6.0573147828152503E-011
  -1.6760021918131093E-010   7.6098873725605673E-012
   0.0000000000000000        0.0000000000000000     
          24  -1.1390146350976899E-009   6.3806467522966531E-011
  -1.7007363869060700E-010   7.9016984425113510E-012
   0.0000000000000000        0.0000000000000000     
          25  -1.1682551878574903E-009   6.7342472598596542E-011
  -1.7274612838845918E-010   8.2188539208342200E-012
   0.0000000000000000        0.0000000000000000     
          26  -1.1999924613064738E-009   7.1220778797484206E-011
  -1.7563273332882540E-010   8.5649594586894491E-012
   0.0000000000000000        0.0000000000000000     
          27  -1.2344532849357978E-009   7.5488222075351576E-011
  -1.7875119131273613E-010   8.9444376826246606E-012
   0.0000000000000000        0.0000000000000000     
          28  -1.2718990277263952E-009   8.0200812753240148E-011
  -1.8212253166109379E-010   9.3628177731395991E-012
   0.0000000000000000        0.0000000000000000     
          29  -1.3126323538556104E-009   8.5426439900448615E-011
  -1.8577189966352840E-010   9.8271617685100513E-012
   0.0000000000000000        0.0000000000000000     
          30  -1.3570060423407290E-009   9.1248740203863087E-011
  -1.8972971018335735E-010   1.0346712980439352E-011
   0.0000000000000000        0.0000000000000000     
          31  -1.4054347376989082E-009   9.7772845364826455E-011
  -1.9403329668024864E-010   1.0933917609749987E-011
   0.0000000000000000        0.0000000000000000     
          32  -1.4584110054638812E-009   1.0513429766712944E-010
  -1.9872932935153839E-010   1.1606098387630240E-011
   0.0000000000000000        0.0000000000000000     
          33  -1.5165279382480617E-009   1.1351358555122720E-010
  -2.0387746493622502E-010   1.2388319517448468E-011
   0.0000000000000000        0.0000000000000000     
          34  -1.5805120970240920E-009   1.2316123546320477E-010
  -2.0955602974316954E-010   1.3318543053062161E-011
   0.0000000000000000        0.0000000000000000     
          35  -1.6512733121947383E-009   1.3444406279336297E-010
  -2.1587114945981692E-010   1.4457462941447294E-011
   0.0000000000000000        0.0000000000000000     
          36  -1.7299825673727277E-009   1.4793710304257064E-010
  -2.2297180066132977E-010   1.5908573906756328E-011
   0.0000000000000000        0.0000000000000000     
          37  -1.8181956187521312E-009   1.6462294685819472E-010
  -2.3107472975426528E-010   1.7862530909037010E-011
   0.0000000000000000        0.0000000000000000     
          38  -1.9180370187744596E-009   1.8636946112202991E-010
  -2.4050255600700958E-010   2.0704864407220331E-011
   0.0000000000000000        0.0000000000000000     
          39  -2.0323519359836658E-009   2.1720907853935432E-010
  -2.5171407190730761E-010   2.5306882375929394E-011
   0.0000000000000000        0.0000000000000000     
          40  -2.1637771677346871E-009   2.6711320221019171E-010
  -2.6508777639376570E-010   3.3888650651705640E-011
   0.0000000000000000        0.0000000000000000     
          41  -2.3039716230856617E-009   3.6202765348560894E-010
  -2.7845478235089233E-010   5.2325428887329115E-011
   0.0000000000000000        0.0000000000000000     
          42  -2.3689351791927788E-009   5.2437178381374009E-010
  -2.7224655249619653E-010   8.5739261509036169E-011
   0.0000000000000000        0.0000000000000000     
          43  -2.3063629082047681E-009   5.3731302315926786E-010
  -2.3383928717239809E-010   8.4373198306311184E-011
   0.0000000000000000        0.0000000000000000     
          44  -2.4237575722581489E-009   4.3046983899191429E-010
  -2.3319807929203525E-010   5.4538871946890075E-011
   0.0000000000000000        0.0000000000000000     
          45  -2.6385110649985151E-009   3.9829268010082993E-010
  -2.5093865874670607E-010   4.0653256565653324E-011
   0.0000000000000000        0.0000000000000000     
          46  -2.8805552730310818E-009   4.1307026591852730E-010
  -2.7015441065627098E-010   3.6142311327752359E-011
   0.0000000000000000        0.0000000000000000     
          47  -3.1484488049809064E-009   4.5331651962790216E-010
  -2.8943681434920290E-010   3.5680880958726865E-011
   0.0000000000000000        0.0000000000000000     
          48  -3.4513779984877781E-009   5.1337304620369759E-010
  -3.0951015225529206E-010   3.7399603291982864E-011
   0.0000000000000000        0.0000000000000000     
          49  -3.8010446461178583E-009   5.9428061808372983E-010
  -3.3123748077232843E-010   4.0719222359492719E-011
   0.0000000000000000        0.0000000000000000     
          50  -4.2120077573596649E-009   7.0110067015174657E-010
  -3.5550650553729898E-010   4.5600658884434508E-011
   0.0000000000000000        0.0000000000000000     
          51  -4.7034281920546134E-009   8.4304402534363963E-010
  -3.8333654206640629E-010   5.2339515861955203E-011
   0.0000000000000000        0.0000000000000000     
          52  -5.3017466610180875E-009   1.0353431883960989E-009
  -4.1602904793517228E-010   6.1573756879258014E-011
   0.0000000000000000        0.0000000000000000     
          53  -6.0448907729691955E-009   1.3034226371322939E-009
  -4.5537616821451202E-010   7.4443334911177769E-011
   0.0000000000000000        0.0000000000000000     
          54  -6.9892087480904504E-009   1.6915540697335516E-009
  -5.0398391530653837E-010   9.2973638809369627E-011
   0.0000000000000000        0.0000000000000000     
          55  -8.2211996806879073E-009   2.2817151340760783E-009
  -5.6583056222259834E-010   1.2093517072993614E-010
   0.0000000000000000        0.0000000000000000     
          56  -9.8765106405677952E-009   3.2382324349252325E-009
  -6.4696831634969058E-010   1.6588080460517048E-010
   0.0000000000000000        0.0000000000000000     
          57  -1.2164085463542118E-008   4.9249243956101841E-009
  -7.5695221685990578E-010   2.4451099877248095E-010
   0.0000000000000000        0.0000000000000000     
          58  -1.5333810579731791E-008   8.2477041442201065E-009
  -9.0658116768098843E-010   3.9826628566434272E-010
   0.0000000000000000        0.0000000000000000     
          59  -1.9021954947070247E-008   1.5684909093913225E-008
  -1.0781838588463208E-009   7.4002036232913634E-010
   0.0000000000000000        0.0000000000000000     
          60  -1.6864642633378410E-008   3.2162983396188722E-008
  -9.7920502206204103E-010   1.4913539915952939E-009
   0.0000000000000000        0.0000000000000000     
          61   8.9237632078746883E-009   4.1649994129877392E-008
   1.9394011986772043E-010   1.9121992574222046E-009
   0.0000000000000000        0.0000000000000000     
          62   2.3241052288101607E-008   2.2929772007307983E-008
   8.2964464737823748E-010   1.0521152215553610E-009
   0.0000000000000000        0.0000000000000000     
          63   2.0628361762269358E-008   1.0930084052059245E-008
   6.9569219407608636E-010   5.0702573129850105E-010
   0.0000000000000000        0.0000000000000000     
          64   1.6790853709087902E-008   5.8843746971666345E-009
   5.0876127003240923E-010   2.7983453091716434E-010
   0.0000000000000000        0.0000000000000000     
          65   1.3945472957385993E-008   3.5426471006220877E-009
   3.6784759769236264E-010   1.7559399059160348E-010
   0.0000000000000000        0.0000000000000000     
          66   1.1930748835879990E-008   2.3078407532367172E-009
   2.6472013481329311E-010   1.2154473181520389E-010
   0.0000000000000000        0.0000000000000000     
          67   1.0474491778892650E-008   1.5869291652386688E-009
   1.8660732253292572E-010   9.0782647507581914E-011
   0.0000000000000000        0.0000000000000000     
          68   9.3918388422209170E-009   1.1317876312672435E-009
   1.2493818623513758E-010   7.2093514412744921E-011
   0.0000000000000000        0.0000000000000000     
          69   8.5668103342792817E-009   8.2621732826855936E-010
   7.4170090573117258E-011   6.0253733380453194E-011
   0.0000000000000000        0.0000000000000000     
          70   7.9256623551961832E-009   6.1054118392912872E-010
   3.0832436672781731E-011   5.2596722581143616E-011
   0.0000000000000000        0.0000000000000000     
          71   7.4203053124728705E-009   4.5173147493699872E-010
  -7.2889148009391249E-012   4.7659238456836846E-011
   0.0000000000000000        0.0000000000000000     
          72   7.0183755570212333E-009   3.3035514777911869E-010
  -4.1797712761536391E-011   4.4597221258705078E-011
   0.0000000000000000        0.0000000000000000     
          73   6.6974474811554235E-009   2.3437416760069889E-010
  -7.3978333725880701E-011   4.2907484990065799E-011
   0.0000000000000000        0.0000000000000000     
          74   6.4417830397054050E-009   1.5598677605283466E-010
  -1.0457881286304101E-010   4.2274816409271953E-011
   0.0000000000000000        0.0000000000000000     
          75   6.2400441837832283E-009   8.9927810063804211E-011
  -1.3429452195762963E-010   4.2508401640048342E-011
   0.0000000000000000        0.0000000000000000     
          76   6.0839478662616934E-009   3.2501866724962455E-011
  -1.6376534562267702E-010   4.3498022673890869E-011
   0.0000000000000000        0.0000000000000000     
          77   5.9675225956797300E-009  -1.8993362214024065E-011
  -1.9348565742170305E-010   4.5186004283916563E-011
   0.0000000000000000        0.0000000000000000     
          78   5.8865553729838037E-009  -6.6624124873273844E-011
  -2.2386229157221785E-010   4.7554645952297063E-011
   0.0000000000000000        0.0000000000000000     
          79   5.8380432502136529E-009  -1.1205043340031455E-010
  -2.5537032836464924E-010   5.0623679379173524E-011
   0.0000000000000000        0.0000000000000000     
          80   5.8201167320999060E-009  -1.5668829709221582E-010
  -2.8844470396706737E-010   5.4443497455623196E-011
   0.0000000000000000        0.0000000000000000     
          81   5.8317093760546223E-009  -2.0182548233192179E-010
  -3.2361133342651205E-010   5.9099850232703069E-011
   0.0000000000000000        0.0000000000000000     
          82   5.8726861839315641E-009  -2.4872036365756907E-010
  -3.6138320062297023E-010   6.4713843770886943E-011
   0.0000000000000000        0.0000000000000000     
          83   5.9436741065230078E-009  -2.9868805644810126E-010
  -4.0236752152122639E-010   7.1452519742063931E-011
   0.0000000000000000        0.0000000000000000     
          84   6.0461233262671712E-009  -3.5319248529195061E-010
  -4.4727352143312666E-010   7.9540416969161640E-011
   0.0000000000000000        0.0000000000000000     
          85   6.1823524653004568E-009  -4.1395313379906864E-010
  -4.9696946028979990E-010   8.9278734146761415E-011
   0.0000000000000000        0.0000000000000000     
          86   6.3558687542255574E-009  -4.8308506444198021E-010
  -5.5241968575350279E-010   1.0106916625618288E-010
   0.0000000000000000        0.0000000000000000     
          87   6.5712157364776458E-009  -5.6328282509279882E-010
  -6.1501653961198488E-010   1.1546412532210155E-010
   0.0000000000000000        0.0000000000000000     
          88   6.8347696265769771E-009  -6.5810040678895641E-010
  -6.8628867896503816E-010   1.3321745547642650E-010
   0.0000000000000000        0.0000000000000000     
          89   7.1549024542653036E-009  -7.7235682636834743E-010
  -7.6831980347900123E-010   1.5539271721286126E-010
   0.0000000000000000        0.0000000000000000     
          90   7.5427371328566585E-009  -9.1277554332524560E-010
  -8.6397372955483490E-010   1.8352304545278424E-010
   0.0000000000000000        0.0000000000000000     
          91   8.0133771714811979E-009  -1.0890172142807877E-009
  -9.7673726359508832E-010   2.1986190415299273E-010
   0.0000000000000000        0.0000000000000000     
          92   8.5872547352459355E-009  -1.3153965556736037E-009
  -1.1117532666969658E-009   2.6785733940543776E-010
   0.0000000000000000        0.0000000000000000     
          93   9.2927180827502654E-009  -1.6138819216228151E-009
  -1.2760065656886375E-009   3.3296049822062207E-010
   0.0000000000000000        0.0000000000000000     
          94   1.0169396142015622E-008  -2.0195481436580715E-009
  -1.4793287304301571E-009   4.2419077310267510E-010
   0.0000000000000000        0.0000000000000000     
          95   1.1273825322871719E-008  -2.5910599095925422E-009
  -1.7361696811836254E-009   5.5730125511102505E-010
   0.0000000000000000        0.0000000000000000     
          96   1.2687788525582479E-008  -3.4320506759954670E-009
  -2.0676449366893095E-009   7.6162126420407436E-010
   0.0000000000000000        0.0000000000000000     
          97   1.4526094106488703E-008  -4.7377022028419223E-009
  -2.5028661124963053E-009   1.0960847342199076E-009
   0.0000000000000000        0.0000000000000000     
          98   1.6934053285211579E-008  -6.9037799869618042E-009
  -3.0720464948169265E-009   1.6896222113270619E-009
   0.0000000000000000        0.0000000000000000     
          99   1.9992950482633679E-008  -1.0794893793178151E-008
  -3.7371297485898149E-009   2.8425080261370410E-009
   0.0000000000000000        0.0000000000000000     
         100   2.3096496972368952E-008  -1.8353238594071655E-008
  -3.9740352279314526E-009   5.1522459102787169E-009
   0.0000000000000000        0.0000000000000000     
         101   2.1776331131611614E-008  -3.2708846520078768E-008
  -1.6932595878067970E-009   8.2390900064984855E-009
   0.0000000000000000        0.0000000000000000     
         102   3.2792032779561982E-009  -4.6888322316657642E-008
   2.7600507234822258E-009   8.0814347915807996E-009
   0.0000000000000000        0.0000000000000000     
         103  -1.9542891174579506E-008  -3.6838342633453264E-008
   4.9426515245915417E-009   5.2104788754881235E-009
   0.0000000000000000        0.0000000000000000     
         104  -2.3549485729073809E-008  -2.0626616460981379E-008
   4.8267312829545236E-009   2.8836582897358899E-009
   0.0000000000000000        0.0000000000000000     
         105  -2.0573943336038796E-008  -1.1623495003880336E-008
   4.1730187440218041E-009   1.6709020677460532E-009
   0.0000000000000000        0.0000000000000000     
         106  -1.7213473325953626E-008  -7.1071500423996100E-009
   3.5888407179537281E-009   1.0487867147311235E-009
   0.0000000000000000        0.0000000000000000     
         107  -1.4533455618224652E-008  -4.6807482733883348E-009
   3.1403148251959510E-009   7.0298443856285921E-010
   0.0000000000000000        0.0000000000000000     
         108  -1.2495923793987382E-008  -3.2645765358771025E-009
   2.8010604238540541E-009   4.9452958830606530E-010
   0.0000000000000000        0.0000000000000000     
         109  -1.0938387124313084E-008  -2.3772929348351993E-009
   2.5411787263306860E-009   3.6011561288191455E-010
   0.0000000000000000        0.0000000000000000     
         110  -9.7276228483049854E-009  -1.7884629368421895E-009
   2.3387141741664569E-009   2.6858230249406036E-010
   0.0000000000000000        0.0000000000000000     
         111  -8.7692673360000697E-009  -1.3790181580815570E-009
   2.1784835066620932E-009   2.0339492052056684E-010
   0.0000000000000000        0.0000000000000000     
         112  -7.9981937519948201E-009  -1.0831279617512133E-009
   2.0498659597853304E-009   1.5519531521839751E-010
   0.0000000000000000        0.0000000000000000     
         113  -7.3692555784709918E-009  -8.6223901719292091E-010
   1.9457740936355235E-009   1.1837763192166942E-010
   0.0000000000000000        0.0000000000000000     
         114  -6.8504083000244883E-009  -6.9265102582816640E-010
   1.8608577278718828E-009   8.9437519586720681E-011
   0.0000000000000000        0.0000000000000000     
         115  -6.4185863757929886E-009  -5.5917524711941358E-010
   1.7913540787090364E-009   6.6087551734183310E-011
   0.0000000000000000        0.0000000000000000     
         116  -6.0568349234264799E-009  -4.5172290803779959E-010
   1.7345827293684774E-009   4.6781058714451213E-011
   0.0000000000000000        0.0000000000000000     
         117  -5.7524981490028677E-009  -3.6337723971272322E-010
   1.6884605561070697E-009   3.0443275820882677E-011
   0.0000000000000000        0.0000000000000000     
         118  -5.4960394988096609E-009  -2.8925797473705915E-010
   1.6513251766241930E-009   1.6306813891645510E-011
   0.0000000000000000        0.0000000000000000     
         119  -5.2801490793542059E-009  -2.2582955029763447E-010
   1.6219815895067409E-009   3.8045279129757364E-012
   0.0000000000000000        0.0000000000000000     
         120  -5.0991389189657620E-009  -1.7046420622596156E-010
   1.5995898200898844E-009  -7.4951354963954067E-012
   0.0000000000000000        0.0000000000000000     
         121  -4.9486691092531622E-009  -1.2115512558427059E-010
   1.5834096542111778E-009  -1.7925169487815035E-011
   0.0000000000000000        0.0000000000000000     
         122  -4.8253402069871585E-009  -7.6327749447672302E-011
   1.5729453188537807E-009  -2.7755140659472104E-011
   0.0000000000000000        0.0000000000000000     
         123  -4.7266333009862744E-009  -3.4705544061735263E-011
   1.5677403592604972E-009  -3.7206265484884191E-011
   0.0000000000000000        0.0000000000000000     
         124  -4.6505880489252913E-009   4.7814386008931776E-012
   1.5675548205501227E-009  -4.6472736381340949E-011
   0.0000000000000000        0.0000000000000000     
         125  -4.5958197860489834E-009   4.3068854271454566E-011
   1.5722159308557449E-009  -5.5728918994112368E-011
   0.0000000000000000        0.0000000000000000     
         126  -4.5614544251891001E-009   8.1013447825097467E-011
   1.5816139996044392E-009  -6.5138801559987516E-011
   0.0000000000000000        0.0000000000000000     
         127  -4.5469512613681966E-009   1.1943772201281227E-010
   1.5958048440127202E-009  -7.4867614639691326E-011
   0.0000000000000000        0.0000000000000000     
         128  -4.5522831348313366E-009   1.5917572520147025E-010
   1.6148453491017991E-009  -8.5084244225116479E-011
   0.0000000000000000        0.0000000000000000     
         129  -4.5778013746728555E-009   2.0111408880016761E-010
   1.6389035271669548E-009  -9.5972774634334883E-011
   0.0000000000000000        0.0000000000000000     
         130  -4.6242884457669048E-009   2.4623992586284507E-010
   1.6682369647133230E-009  -1.0774067562582901E-010
   0.0000000000000000        0.0000000000000000     
         131  -4.6929987288596448E-009   2.9569730127574881E-010
   1.7032025498236059E-009  -1.2062980065259705E-010
   0.0000000000000000        0.0000000000000000     
         132  -4.7857245607533543E-009   3.5085884671520619E-010
   1.7442711767029291E-009  -1.3493047306008084E-010
   0.0000000000000000        0.0000000000000000     
         133  -4.9048935459243338E-009   4.1342101962091502E-010
   1.7920486733073331E-009  -1.5100030206331075E-010
   0.0000000000000000        0.0000000000000000     
         134  -5.0536728537375255E-009   4.8553508042355707E-010
   1.8473318818990811E-009  -1.6929105110719564E-010
   0.0000000000000000        0.0000000000000000     
         135  -5.2362954406793318E-009   5.6999615894174271E-010
   1.9110403531903800E-009  -1.9038205468329200E-010
   0.0000000000000000        0.0000000000000000     
         136  -5.4581255232016852E-009   6.7051368879372271E-010
   1.9844334920362982E-009  -2.1503937336840764E-010
   0.0000000000000000        0.0000000000000000     
         137  -5.7261635839678645E-009   7.9212368138066361E-010
   2.0690780290441218E-009  -2.4429293302982730E-010
   0.0000000000000000        0.0000000000000000     
         138  -6.0495609338925446E-009   9.4182094535895020E-010
   2.1669469636512997E-009  -2.7956037162159894E-010
   0.0000000000000000        0.0000000000000000     
