   262144.00000000000     
         256           1           3
   1.7567330116226543E-005   32.267967713312999        143.27462188630000     
   6.0401400154609997        12.000000000000000        5733.8999999999996     
           0   0.0000000000000000        0.0000000000000000     
   0.0000000000000000        0.0000000000000000     
   0.0000000000000000        0.0000000000000000     
           1  -3.2079640413002456E-009   1.5840144148305342E-009
  -7.3942610581358362E-009   2.7923595536128593E-009
   0.0000000000000000        0.0000000000000000     
           2  -5.7614402432457795E-010   4.8528635638583648E-009
  -2.8123286569091554E-009   8.4639662472966883E-009
   0.0000000000000000        0.0000000000000000     
           3   2.0920238168899891E-009   1.7345960908787857E-009
   1.8230683663011099E-009   3.0555387592040734E-009
   0.0000000000000000        0.0000000000000000     
           4   1.4407186072768558E-009   5.4163412185727046E-010
   6.9494414086181117E-010   9.8725654828051722E-010
   0.0000000000000000        0.0000000000000000     
           5   1.0471471192286243E-009   2.3151843553744933E-010
   1.0459121608295620E-011   4.5067680204137893E-010
   0.0000000000000000        0.0000000000000000     
           6   8.3605375701966124E-010   1.1859520381507367E-010
  -3.6029832756960697E-010   2.5631606137506801E-010
   0.0000000000000000        0.0000000000000000     
           7   7.1277354453604844E-010   6.7379107573571844E-011
  -5.8123386572199717E-010   1.6913075552622875E-010
   0.0000000000000000        0.0000000000000000     
           8   6.3529561637289542E-010   4.0582393292409686E-011
  -7.2505911096517434E-010   1.2443585370704580E-010
   0.0000000000000000        0.0000000000000000     
           9   5.8392648687100244E-010   2.5078939140686698E-011
  -8.2585186041532802E-010   9.9465183051434037E-011
   0.0000000000000000        0.0000000000000000     
          10   5.4857006093519712E-010   1.5401952754578549E-011
  -9.0109144134617931E-010   8.4742257851323947E-011
   0.0000000000000000        0.0000000000000000     
          11   5.2363637599078985E-010   8.9828646873523279E-012
  -9.6047510581233974E-010   7.5820283062993802E-011
   0.0000000000000000        0.0000000000000000     
          12   5.0583158733286329E-010   4.5002804603386729E-012
  -1.0097433470975691E-009   7.0417753086088734E-011
   0.0000000000000000        0.0000000000000000     
          13   4.9311500320165354E-010   1.2244202390447268E-012
  -1.0524844422904848E-009   6.7281167584704346E-011
   0.0000000000000000        0.0000000000000000     
          14   4.8417002763779440E-010  -1.2715926942169313E-012
  -1.0910496430263533E-009   6.5684248115711513E-011
   0.0000000000000000        0.0000000000000000     
          15   4.7811901075392491E-010  -3.2497386563430627E-012
  -1.1270465743583416E-009   6.5188665026150380E-011
   0.0000000000000000        0.0000000000000000     
          16   4.7436153202453561E-010  -4.8776111001789692E-012
  -1.1616193955323503E-009   6.5521916605453161E-011
   0.0000000000000000        0.0000000000000000     
          17   4.7247865963299633E-010  -6.2664915181951724E-012
  -1.1956151570905241E-009   6.6511532690235554E-011
   0.0000000000000000        0.0000000000000000     
          18   4.7217416915670953E-010  -7.4929005664770101E-012
  -1.2296865633250412E-009   6.8048004617794612E-011
   0.0000000000000000        0.0000000000000000     
          19   4.7323732807613962E-010  -8.6113068435497100E-012
  -1.2643577834256144E-009   7.0063124125439518E-011
   0.0000000000000000        0.0000000000000000     
          20   4.7551872528727169E-010  -9.6619025336863263E-012
  -1.3000680760914874E-009   7.2516962025305849E-011
   0.0000000000000000        0.0000000000000000     
          21   4.7891425207505687E-010  -1.0675528512139595E-011
  -1.3372017328643248E-009   7.5389891007731689E-011
   0.0000000000000000        0.0000000000000000     
          22   4.8335433407380284E-010  -1.1676904383476075E-011
  -1.3761094153403161E-009   7.8677671082667952E-011
   0.0000000000000000        0.0000000000000000     
          23   4.8879664878838459E-010  -1.2686829070513567E-011
  -1.4171240196687149E-009   8.2388473477085650E-011
   0.0000000000000000        0.0000000000000000     
          24   4.9522123136604233E-010  -1.3723749909853193E-011
  -1.4605730722518308E-009   8.6541193186808094E-011
   0.0000000000000000        0.0000000000000000     
          25   5.0262727817057947E-010  -1.4804948195477949E-011
  -1.5067889902981748E-009   9.1164674385248173E-011
   0.0000000000000000        0.0000000000000000     
          26   5.1103121386457516E-010  -1.5947504068266234E-011
  -1.5561181415573683E-009   9.6297639615652623E-011
   0.0000000000000000        0.0000000000000000     
          27   5.2046575667576998E-010  -1.7169156257507410E-011
  -1.6089294034940650E-009   1.0198922312322490E-010
   0.0000000000000000        0.0000000000000000     
          28   5.3097983469209778E-010  -1.8489148317083220E-011
  -1.6656227973420598E-009   1.0830008937155949E-010
   0.0000000000000000        0.0000000000000000     
          29   5.4263929707922617E-010  -1.9929145701482625E-011
  -1.7266387251993474E-009   1.1530418813017911E-010
   0.0000000000000000        0.0000000000000000     
          30   5.5552844363452969E-010  -2.1514314933131115E-011
  -1.7924683564804018E-009   1.2309127186946446E-010
   0.0000000000000000        0.0000000000000000     
          31   5.6975247749813331E-010  -2.3274678415437582E-011
  -1.8636657932565734E-009   1.3177039433022974E-010
   0.0000000000000000        0.0000000000000000     
          32   5.8544108256468450E-010  -2.5246901281848437E-011
  -1.9408628051460551E-009   1.4147474055272759E-010
   0.0000000000000000        0.0000000000000000     
          33   6.0275345627685729E-010  -2.7476740836931470E-011
  -2.0247871920435969E-009   1.5236833875751109E-010
   0.0000000000000000        0.0000000000000000     
          34   6.2188531529258467E-010  -3.0022515123540117E-011
  -2.1162862606791114E-009   1.6465552519698453E-010
   0.0000000000000000        0.0000000000000000     
          35   6.4307867705058633E-010  -3.2960163298831952E-011
  -2.2163575807479871E-009   1.7859456817323794E-010
   0.0000000000000000        0.0000000000000000     
          36   6.6663567415922649E-010  -3.6390850263011992E-011
  -2.3261902829491291E-009   1.9451778361031142E-010
   0.0000000000000000        0.0000000000000000     
          37   6.9293840475775852E-010  -4.0452756444171433E-011
  -2.4472219670462295E-009   2.1286213899790943E-010
   0.0000000000000000        0.0000000000000000     
          38   7.2247808715970150E-010  -4.5339989284789640E-011
  -2.5812193414115997E-009   2.3421745710008960E-010
   0.0000000000000000        0.0000000000000000     
          39   7.5589899714458931E-010  -5.1334098757822836E-011
  -2.7303960265900012E-009   2.5940542647673611E-010
   0.0000000000000000        0.0000000000000000     
          40   7.9406664213130918E-010  -5.8858935684098506E-011
  -2.8975904669398395E-009   2.8961517600132513E-010
   0.0000000000000000        0.0000000000000000     
          41   8.3817696549683054E-010  -6.8581083307417263E-011
  -3.0865443804729112E-009   3.2664855031824064E-010
   0.0000000000000000        0.0000000000000000     
          42   8.8993712557894675E-010  -8.1604939294621232E-011
  -3.3023548174815111E-009   3.7339208800228597E-010
   0.0000000000000000        0.0000000000000000     
          43   9.5187365824168297E-010  -9.9879299005481375E-011
  -3.5522326293101043E-009   4.3479373938650151E-010
   0.0000000000000000        0.0000000000000000     
          44   1.0278636916955446E-009  -1.2711962151185932E-010
  -3.8467937517740378E-009   5.2006705424093994E-010
   0.0000000000000000        0.0000000000000000     
          45   1.1239944847660044E-009  -1.7112486232110541E-010
  -4.2021289724321836E-009   6.4820866798915179E-010
   0.0000000000000000        0.0000000000000000     
          46   1.2493547069923071E-009  -2.5033462669328600E-010
  -4.6416946968039815E-009   8.6357558750135375E-010
   0.0000000000000000        0.0000000000000000     
          47   1.4109879264343980E-009  -4.1457851308308470E-010
  -5.1842776353950223E-009   1.2850810516669623E-009
   0.0000000000000000        0.0000000000000000     
          48   1.5471089059141291E-009  -8.0323039960764864E-010
  -5.6853270997248584E-009   2.2436559458794759E-009
   0.0000000000000000        0.0000000000000000     
          49   1.1317393399939879E-009  -1.4506038415249129E-009
  -4.9009960544858062E-009   3.8180535875066582E-009
   0.0000000000000000        0.0000000000000000     
          50   2.9520196982618553E-010  -1.1042199437060850E-009
  -3.1537268875215026E-009   3.0408071051561574E-009
   0.0000000000000000        0.0000000000000000     
          51   3.3289044242406961E-010  -5.4262694815758813E-010
  -3.5146837952205782E-009   1.7691172648684757E-009
   0.0000000000000000        0.0000000000000000     
          52   5.5308641707869532E-010  -3.2030757630054232E-010
  -4.3470324692318504E-009   1.3153165454804273E-009
   0.0000000000000000        0.0000000000000000     
          53   7.5153848809760450E-010  -2.3720371461853798E-010
  -5.1761887561059504E-009   1.2069567029143650E-009
   0.0000000000000000        0.0000000000000000     
          54   9.2865579612287665E-010  -2.0857364842763461E-010
  -6.0148696585225868E-009   1.2476892992768467E-009
   0.0000000000000000        0.0000000000000000     
          55   1.0993696989315474E-009  -2.0665567948325226E-010
  -6.9133653356280415E-009   1.3782042227803365E-009
   0.0000000000000000        0.0000000000000000     
          56   1.2761039911586792E-009  -2.2215776535535031E-010
  -7.9202695765151453E-009   1.5857196017398498E-009
   0.0000000000000000        0.0000000000000000     
          57   1.4693983489243585E-009  -2.5297337154049198E-010
  -9.0868741249868980E-009   1.8787540412479779E-009
   0.0000000000000000        0.0000000000000000     
          58   1.6905066523755841E-009  -3.0097816080465778E-010
  -1.0475088081575785E-008   2.2822355647374262E-009
   0.0000000000000000        0.0000000000000000     
          59   1.9527239746546636E-009  -3.7171236167739414E-010
  -1.2167410788353050E-008   2.8415137710832684E-009
   0.0000000000000000        0.0000000000000000     
          60   2.2737614898420259E-009  -4.7582050751176494E-010
  -1.4279639913215832E-008   3.6348284020801444E-009
   0.0000000000000000        0.0000000000000000     
          61   2.6799543537145118E-009  -6.3291322081954957E-010
  -1.6982992556511887E-008   4.8008073217827890E-009
   0.0000000000000000        0.0000000000000000     
          62   3.2107222242466681E-009  -8.8049636486000945E-010
  -2.0540185376232739E-008   6.5995752139674399E-009
   0.0000000000000000        0.0000000000000000     
          63   3.9284570068988110E-009  -1.2957014558229857E-009
  -2.5360104324240794E-008   9.5592875132438751E-009
   0.0000000000000000        0.0000000000000000     
          64   4.9270787956053163E-009  -2.0533832790422439E-009
  -3.2057462848262424E-008   1.4865317272569331E-008
   0.0000000000000000        0.0000000000000000     
          65   6.3066240272780706E-009  -3.5981317023986356E-009
  -4.1255674216464402E-008   2.5502688013564564E-008
   0.0000000000000000        0.0000000000000000     
          66   7.7819908687111888E-009  -7.1441625829615748E-009
  -5.0915656948705204E-008   4.9531796192987369E-008
   0.0000000000000000        0.0000000000000000     
          67   5.8061423912008967E-009  -1.4618006054822638E-008
  -3.7234279540864280E-008   9.9333314640658804E-008
   0.0000000000000000        0.0000000000000000     
          68  -5.9304008345191969E-009  -1.6751754412039542E-008
   4.0462723090244430E-008   1.1251636987297319E-007
   0.0000000000000000        0.0000000000000000     
          69  -1.0790861404846207E-008  -8.6524315008605695E-009
   7.0809010425656971E-008   5.8908537140354322E-008
   0.0000000000000000        0.0000000000000000     
          70  -9.8153775713860757E-009  -3.8221928967017766E-009
   6.2441520512031248E-008   2.8471766187251615E-008
   0.0000000000000000        0.0000000000000000     
          71  -8.5819474847361058E-009  -1.3871804770525921E-009
   5.2333427856639833E-008   1.5394391668645493E-008
   0.0000000000000000        0.0000000000000000     
          72  -7.6714429573275623E-009   4.9002583350649259E-010
   4.4991449296724208E-008   9.1017067680427259E-009
   0.0000000000000000        0.0000000000000000     
          73  -6.1755885544241653E-009   2.6435859609457377E-009
   3.9857575204203588E-008   5.6346982515396373E-009
   0.0000000000000000        0.0000000000000000     
          74  -3.0077960935536308E-009   3.2693974190007249E-009
   3.6183788346043313E-008   3.5669213431763559E-009
   0.0000000000000000        0.0000000000000000     
          75  -1.4556954327115065E-009   1.6502327667731634E-009
   3.3622001199689260E-008   2.2824284957369889E-009
   0.0000000000000000        0.0000000000000000     
          76  -1.3942793640189446E-009   6.3789243044579682E-010
   3.1869100311257938E-008   1.3628265828174787E-009
   0.0000000000000000        0.0000000000000000     
          77  -1.5303470646745843E-009   2.2347824536331262E-010
   3.0688846323035326E-008   6.4670761145267095E-010
   0.0000000000000000        0.0000000000000000     
          78  -1.6338536393696691E-009   5.3208851402964750E-011
   2.9956063858402403E-008   5.4444731348927820E-011
   0.0000000000000000        0.0000000000000000     
          79  -1.7001930073642670E-009  -1.7778838327155031E-011
   2.9597887544588447E-008  -4.6702886415485220E-010
   0.0000000000000000        0.0000000000000000     
          80  -1.7458324451965313E-009  -4.4461544099233033E-011
   2.9572787887262603E-008  -9.5635098551535343E-010
   0.0000000000000000        0.0000000000000000     
          81  -1.7837574444743008E-009  -4.9144049384809877E-011
   2.9861625899117509E-008  -1.4446514637407163E-009
   0.0000000000000000        0.0000000000000000     
          82  -1.8225734464412224E-009  -4.1355782194446666E-011
   3.0463343175644338E-008  -1.9605092149489632E-009
   0.0000000000000000        0.0000000000000000     
          83  -1.8680860177844074E-009  -2.5040017736064783E-011
   3.1394409094000300E-008  -2.5341378848672335E-009
   0.0000000000000000        0.0000000000000000     
          84  -1.9252751271034755E-009  -1.2910834885286459E-012
   3.2689106271270345E-008  -3.2017207084517090E-009
   0.0000000000000000        0.0000000000000000     
          85  -1.9991104441560239E-009   3.0664509761154306E-011
   3.4404415201711451E-008  -4.0111908990337661E-009
   0.0000000000000000        0.0000000000000000     
          86  -2.0950466964872368E-009   7.3354007258923794E-011
   3.6625689643605978E-008  -5.0309847288422111E-009
   0.0000000000000000        0.0000000000000000     
          87  -2.2196488994630265E-009   1.3164022887887937E-010
   3.9477700387002552E-008  -6.3649965507541761E-009
   0.0000000000000000        0.0000000000000000     
          88  -2.3830376457066759E-009   2.1431248996985080E-010
   4.3143563875014848E-008  -8.1800343051248807E-009
   0.0000000000000000        0.0000000000000000     
          89  -2.5977770692764888E-009   3.3755180567635686E-010
   4.7891886233577666E-008  -1.0759471893016833E-008
   0.0000000000000000        0.0000000000000000     
          90  -2.8833428118704328E-009   5.3305553919715670E-010
   5.4118173210477623E-008  -1.4615936868411143E-008
   0.0000000000000000        0.0000000000000000     
          91  -3.2608631003381808E-009   8.6745400900733520E-010
   6.2389560602314657E-008  -2.0746146733998574E-008
   0.0000000000000000        0.0000000000000000     
          92  -3.7308601138258637E-009   1.4905373875123714E-009
   7.3407896124232031E-008  -3.1252877506397575E-008
   0.0000000000000000        0.0000000000000000     
          93  -4.1227254056941758E-009   2.7261082499937391E-009
   8.7328385923216606E-008  -5.0931588398760748E-008
   0.0000000000000000        0.0000000000000000     
          94  -3.4846938398227737E-009   4.8385949819610821E-009
   9.9187595827987174E-008  -9.0656440009368538E-008
   0.0000000000000000        0.0000000000000000     
          95  -5.8354179463740245E-010   5.8339573718923068E-009
   7.7497249293112098E-008  -1.6209875843830768E-007
   0.0000000000000000        0.0000000000000000     
          96   1.4390100931154723E-009   4.0227586242807146E-009
  -2.8035677479214783E-008  -1.9657448278750027E-007
   0.0000000000000000        0.0000000000000000     
          97   1.4375409067347100E-009   2.2927484144414583E-009
  -9.8582832822116721E-008  -1.2683520334049944E-007
   0.0000000000000000        0.0000000000000000     
          98   8.6421456475298787E-010   1.3975141968081437E-009
  -9.7511583704762159E-008  -6.7926770728165435E-008
   0.0000000000000000        0.0000000000000000     
          99   2.4877748005438391E-010   9.7298237160077201E-010
  -8.2392302254006690E-008  -3.8702837441230212E-008
   0.0000000000000000        0.0000000000000000     
         100  -3.5951136975497037E-010   7.8678099532101901E-010
  -6.9056040699420958E-008  -2.4051049815590545E-008
   0.0000000000000000        0.0000000000000000     
         101  -1.0064270905317047E-009   7.4903772458813367E-010
  -5.8948197655303717E-008  -1.6014155089167231E-008
   0.0000000000000000        0.0000000000000000     
         102  -1.7700717965848598E-009   8.4489954974076998E-010
  -5.1393194437522036E-008  -1.1213249573241970E-008
   0.0000000000000000        0.0000000000000000     
         103  -2.7716689821006506E-009   1.1243160132995644E-009
  -4.5674480588565843E-008  -8.1355557109048426E-009
   0.0000000000000000        0.0000000000000000     
         104  -4.2256077080146017E-009   1.7618144361630637E-009
  -4.1274781783961872E-008  -6.0438031258349643E-009
   0.0000000000000000        0.0000000000000000     
         105  -6.5551953943693353E-009   3.3352058640059859E-009
  -3.7843397178609511E-008  -4.5486260990894038E-009
   0.0000000000000000        0.0000000000000000     
         106  -1.0275555824325019E-008   8.2620644070380833E-009
  -3.5143165864481100E-008  -3.4289194113580265E-009
   0.0000000000000000        0.0000000000000000     
         107  -6.5312882156344315E-009   2.4916078909021122E-008
  -3.3012940906313276E-008  -2.5497687391639187E-009
   0.0000000000000000        0.0000000000000000     
         108   1.6552614694509589E-008   1.6644044355903684E-008
  -3.1343055409244212E-008  -1.8213238260626165E-009
   0.0000000000000000        0.0000000000000000     
         109   1.3696071731161156E-008   5.4852831909347061E-009
  -3.0058892557794962E-008  -1.1750556609973029E-009
   0.0000000000000000        0.0000000000000000     
         110   1.0353852987592647E-008   2.6707000493001666E-009
  -2.9111745063584045E-008  -5.4526278025256969E-010
   0.0000000000000000        0.0000000000000000     
         111   8.3180852462189131E-009   1.9994966594287821E-009
  -2.8464439150366742E-008   1.5358583534783861E-010
   0.0000000000000000        0.0000000000000000     
         112   7.0452373760267747E-009   2.3245463803683425E-009
  -2.8051944534889505E-008   1.0638833659506456E-009
   0.0000000000000000        0.0000000000000000     
         113   6.6253074994237820E-009   3.6172717725019199E-009
  -2.7624334617052961E-008   2.4010769940594292E-009
   0.0000000000000000        0.0000000000000000     
         114   8.1874752024835817E-009   5.4418132174429106E-009
  -2.6435909489901847E-008   4.0207043491048319E-009
   0.0000000000000000        0.0000000000000000     
         115   1.1660450766473964E-008   5.0899569741602772E-009
  -2.4460367495366900E-008   4.4233020779650033E-009
   0.0000000000000000        0.0000000000000000     
         116   1.3618545061823267E-008   2.5916986175032212E-009
  -2.3657146498177781E-008   3.6393834766383191E-009
   0.0000000000000000        0.0000000000000000     
         117   1.4152480056769962E-008   5.0387481522746731E-010
  -2.4018252899679454E-008   3.1906144269448222E-009
   0.0000000000000000        0.0000000000000000     
         118   1.4523167801451230E-008  -9.5105285907408386E-010
  -2.4864828906649481E-008   3.2904693949785392E-009
   0.0000000000000000        0.0000000000000000     
         119   1.5161361029251762E-008  -2.1660077195627898E-009
  -2.6018418111711452E-008   3.8317624836266045E-009
   0.0000000000000000        0.0000000000000000     
         120   1.6188296887922296E-008  -3.4517157248788888E-009
  -2.7511687525886127E-008   4.8302736055843530E-009
   0.0000000000000000        0.0000000000000000     
         121   1.7675128444143538E-008  -5.0997539394874529E-009
  -2.9440476463918007E-008   6.4700158248421912E-009
   0.0000000000000000        0.0000000000000000     
         122   1.9674374264441874E-008  -7.5279073347611319E-009
  -3.1893882384395664E-008   9.1923432677917814E-009
   0.0000000000000000        0.0000000000000000     
         123   2.2090586056263730E-008  -1.1502323409593254E-008
  -3.4767112313522514E-008   1.3939722508188352E-008
   0.0000000000000000        0.0000000000000000     
         124   2.4038652573499561E-008  -1.8439918075734866E-008
  -3.6915940530588445E-008   2.2545760501106543E-008
   0.0000000000000000        0.0000000000000000     
         125   2.1661734794889900E-008  -2.9545515164932918E-008
  -3.3255070243672425E-008   3.6641874809431075E-008
   0.0000000000000000        0.0000000000000000     
         126   8.4438252205697980E-009  -3.8048746021215301E-008
  -1.4942253845013386E-008   4.7391323203645922E-008
   0.0000000000000000        0.0000000000000000     
         127  -5.2215819138321732E-009  -3.1793597433126573E-008
   4.7491057209999814E-009   3.8312536494565251E-008
   0.0000000000000000        0.0000000000000000     
         128  -6.9941163691080280E-009  -2.2152723509967023E-008
   9.3224000888618832E-009   2.3782595202849242E-008
   0.0000000000000000        0.0000000000000000     
         129  -3.2021346356172919E-009  -1.7676615285787967E-008
   6.9823837545063484E-009   1.4762965609899226E-008
   0.0000000000000000        0.0000000000000000     
         130   1.6936525691178589E-009  -1.7988258488286431E-008
   3.5790331051250534E-009   9.9165020971521103E-009
   0.0000000000000000        0.0000000000000000     
         131   6.0754078856879680E-009  -2.2925558573425219E-008
   4.3169275622702892E-010   7.2182289767319411E-009
   0.0000000000000000        0.0000000000000000     
         132   7.0234945489304438E-009  -3.3593036172735627E-008
  -2.4926319988078137E-009   5.6056373274134943E-009
   0.0000000000000000        0.0000000000000000     
         133  -2.9622147121182267E-009  -4.7433680552665854E-008
  -5.6926163511747241E-009   4.8651255256892002E-009
   0.0000000000000000        0.0000000000000000     
         134  -2.4527939251054590E-008  -4.9012758865413528E-008
  -9.1751715520690173E-009   5.9152178093961500E-009
   0.0000000000000000        0.0000000000000000     
         135  -3.7780748769159211E-008  -3.5800297086435300E-008
  -1.1247108837633578E-008   9.2575025330985845E-009
   0.0000000000000000        0.0000000000000000     
         136  -4.0112905711761034E-008  -2.3874238238946313E-008
  -9.8548440395693190E-009   1.3452971116269841E-008
   0.0000000000000000        0.0000000000000000     
         137  -3.9668216453409045E-008  -1.6040360502824737E-008
  -5.1010673224455703E-009   1.4236647160999091E-008
   0.0000000000000000        0.0000000000000000     
         138  -3.8315480716798419E-008  -1.0174255267797588E-008
  -2.5981316696474906E-009   1.0759636353954894E-008
   0.0000000000000000        0.0000000000000000     
