   262144.00000000000     
         256           1           3
   1.7567330116226543E-005  -9.2646085535570002        161.96561313430001     
   6.0401400154609997        12.000000000000000        5733.8999999999996     
           0   0.0000000000000000        0.0000000000000000     
   0.0000000000000000        0.0000000000000000     
   0.0000000000000000        0.0000000000000000     
           1  -1.0116339672710780E-010  -1.4083608763701079E-011
  -6.2337097587303939E-010   4.1965027422068588E-011
  -4.2858379960271979E-009   3.2525032457479493E-010
           2  -1.2934460193668852E-010  -5.2513736151217469E-011
  -5.6746119517783553E-010   1.0896179562093325E-010
  -3.8359419360223641E-009   8.7291605365686065E-010
           3  -1.6084940644325233E-010  -1.7157920028594687E-011
  -5.0938233039666339E-010   4.7638399286693462E-011
  -3.3645849189123360E-009   3.7144591847763645E-010
           4  -1.5388624752028157E-010  -2.9924902222197624E-012
  -5.1994163009042665E-010   2.3261683408849138E-011
  -3.4528319945770401E-009   1.7196004095986802E-010
           5  -1.4998971621188850E-010   9.0985486336374517E-013
  -5.2629268829552046E-010   1.6796109169598649E-011
  -3.5056141163027157E-009   1.1885478843631526E-010
           6  -1.4845542763886287E-010   2.4942904607308329E-012
  -5.2941177750120049E-010   1.4405748837177853E-011
  -3.5311710157129263E-009   9.9028664930834302E-011
           7  -1.4821116349083639E-010   3.3568228450163380E-012
  -5.3103991088314080E-010   1.3311006319160164E-011
  -3.5438675297563193E-009   8.9760872911359496E-011
           8  -1.4877603650447604E-010   3.9429964490134401E-012
  -5.3194756653589047E-010   1.2737033290446121E-011
  -3.5500750416921510E-009   8.4717252078123690E-011
           9  -1.4992751690399142E-010   4.4126256732905209E-012
  -5.3248795151569107E-010   1.2407676019421960E-011
  -3.5527214394097768E-009   8.1639203457811460E-011
          10  -1.5155715436384223E-010   4.8344130041216729E-012
  -5.3283598257316571E-010   1.2206372117981322E-011
  -3.5532573167106698E-009   7.9571893032394761E-011
          11  -1.5361210028959229E-010   5.2425693314519898E-012
  -5.3308394717686152E-010   1.2077466541127735E-011
  -3.5524443805936359E-009   7.8057665760962998E-011
          12  -1.5606959680803323E-010   5.6566243928685281E-012
  -5.3328268035369373E-010   1.1991708007474641E-011
  -3.5506955022752454E-009   7.6854028315241798E-011
          13  -1.5892500027126222E-010   6.0893897937449362E-012
  -5.3346072664926368E-010   1.1932432829614014E-011
  -3.5482332402550163E-009   7.5820689670955191E-011
          14  -1.6218585953576086E-010   6.5505417144037811E-012
  -5.3363386798196801E-010   1.1889421549596668E-011
  -3.5451687070468903E-009   7.4869283960430248E-011
          15  -1.6586893798466096E-010   7.0484070512835224E-012
  -5.3381011473951486E-010   1.1855925629668216E-011
  -3.5415427816085041E-009   7.3938972762400564E-011
          16  -1.6999879012018567E-010   7.5909557617625961E-012
  -5.3399241757112037E-010   1.1827119816530709E-011
  -3.5373482936838237E-009   7.2983667475757653E-011
          17  -1.7460723707757029E-010   8.1864278898684680E-012
  -5.3418016461492935E-010   1.1799239897556201E-011
  -3.5325419714756019E-009   7.1964816934626105E-011
          18  -1.7973342195564410E-010   8.8437955132241435E-012
  -5.3436999296074023E-010   1.1769066772350134E-011
  -3.5270505140087978E-009   7.0846982009012426E-011
          19  -1.8542429217020597E-010   9.5731629368234806E-012
  -5.3455618730834648E-010   1.1733590654987763E-011
  -3.5207730265459358E-009   6.9594829037355920E-011
          20  -1.9173544561760828E-010   1.0386165908102660E-011
  -5.3473080955902977E-010   1.1689768361047163E-011
  -3.5135809774628162E-009   6.8170817065942756E-011
          21  -1.9873233164749688E-010   1.1296412661054368E-011
  -5.3488363389907366E-010   1.1634324462439977E-011
  -3.5053162488051997E-009   6.6533158265015772E-011
          22  -2.0649183637023917E-010   1.2320004087899257E-011
  -5.3500192217555717E-010   1.1563565466865957E-011
  -3.4957875063161469E-009   6.4633774641312568E-011
          23  -2.1510431516892908E-010   1.3476172373008627E-011
  -5.3507004913348355E-010   1.1473184672813405E-011
  -3.4847648838646599E-009   6.2416034802798586E-011
          24  -2.2467616990563195E-010   1.4788085386686403E-011
  -5.3506896864958842E-010   1.1358038263170045E-011
  -3.4719727956081090E-009   5.9812066089849937E-011
          25  -2.3533310947389049E-010   1.6283878225231601E-011
  -5.3497549588298753E-010   1.1211872375739102E-011
  -3.4570805162692939E-009   5.6739413361176265E-011
          26  -2.4722428540004984E-010   1.7997995100853568E-011
  -5.3476136326075433E-010   1.1026976867704421E-011
  -3.4396899762374499E-009   5.3096758093013402E-011
          27  -2.6052756579560391E-010   1.9972957446427626E-011
  -5.3439198769079341E-010   1.0793733959667665E-011
  -3.4193199751293460E-009   4.8758313933072465E-011
          28  -2.7545631064503808E-010   2.2261722862476837E-011
  -5.3382485941236558E-010   1.0500017796053881E-011
  -3.3953856909405273E-009   4.3566362535488241E-011
          29  -2.9226815291523816E-010   2.4930872961513811E-011
  -5.3300742547645325E-010   1.0130382084731095E-011
  -3.3671719051947876E-009   3.7321159829979582E-011
          30  -3.1127649468986748E-010   2.8064980328692014E-011
  -5.3187428728347675E-010   9.6649437542226467E-012
  -3.3337977079547998E-009   2.9767083022320720E-011
          31  -3.3286572859634183E-010   3.1772679144005675E-011
  -5.3034345306700850E-010   9.0778248513471854E-012
  -3.2941694827835639E-009   2.0573327160516296E-011
          32  -3.5751164553271628E-010   3.6195240374366966E-011
  -5.2831126867269604E-010   8.3349421878123662E-012
  -3.2469175292316743E-009   9.3065682584813003E-012
          33  -3.8580917682769256E-010   4.1518900318746172E-011
  -5.2564547063337118E-010   7.3908161737237508E-012
  -3.1903094799012893E-009  -4.6084369832443936E-012
          34  -4.1851654917303611E-010   4.7993184709426234E-011
  -5.2215732206936698E-010   6.1830915696841086E-012
  -3.1221305507035056E-009  -2.1946736270554873E-011
          35  -4.5658559257490212E-010   5.5956992164707805E-011
  -5.1766079136752968E-010   4.6286049987713019E-012
  -3.0395130761062268E-009  -4.3770170019768747E-011
          36  -5.0127382184642732E-010   6.5881676390926340E-011
  -5.1184363721970115E-010   2.6078098080641122E-012
  -2.9386953512217015E-009  -7.1561026347523721E-011
          37  -5.5421407854806008E-010   7.8434875610330960E-011
  -5.0432592960090626E-010  -4.8690397026090069E-014
  -2.8146633091907034E-009  -1.0743356926856155E-010
          38  -6.1766513331470640E-010   9.4590936653863647E-011
  -4.9454044467093933E-010  -3.5915199785049020E-012
  -2.6606210173369746E-009  -1.5447872002035583E-010
          39  -6.9468246041379092E-010   1.1580783589467878E-010
  -4.8174670596060600E-010  -8.3966429965979974E-012
  -2.4671653135070033E-009  -2.1734730300396688E-010
          40  -7.8948698938583531E-010   1.4434368606063493E-010
  -4.6489257783638136E-010  -1.5050660781858940E-011
  -2.2209858826612154E-009  -3.0327775796008272E-010
          41  -9.0824781675226191E-010   1.8385014779656493E-010
  -4.4241382935370133E-010  -2.4507332812913426E-011
  -1.9027558339046382E-009  -4.2399760675234456E-010
          42  -1.0602274714080215E-009   2.4052706154417920E-010
  -4.1200254234846886E-010  -3.8389772403114672E-011
  -1.4835733758631102E-009  -5.9945224102081758E-010
          43  -1.2594388171962077E-009   3.2553487310864529E-010
  -3.6998594242943555E-010  -5.9635918496304370E-011
  -9.1878118082523145E-010  -8.6564174188739818E-010
          44  -1.5283300341988500E-009   4.6054730373962233E-010
  -3.1066939605525237E-010  -9.3953100424139743E-011
  -1.3715847584832950E-010  -1.2925298428800222E-009
          45  -1.9032462000291222E-009   6.9176802243360553E-010
  -2.2454838619721232E-010  -1.5353670428269557E-010
   9.7712281341387896E-010  -2.0293643238716080E-009
          46  -2.4405094333940441E-009   1.1299630140806417E-009
  -9.7048808102797806E-011  -2.6762887189803283E-010
   2.6034268991806865E-009  -3.4339551190862150E-009
          47  -3.1891603588657841E-009   2.0785896702631137E-009
   8.4299888515318835E-011  -5.1632697481045123E-010
   4.8956904929147351E-009  -6.4860763045338055E-009
          48  -3.7924077608117587E-009   4.4028594221628326E-009
   2.2441279220339377E-010  -1.1277026298347203E-009
   6.6915491025204134E-009  -1.3975097475196739E-008
          49  -1.0266959157345375E-009   8.4107231175973339E-009
  -5.2830092703385743E-010  -2.1804128588034210E-009
  -2.4219384542752259E-009  -2.6863300792786757E-008
          50   4.5502569648329790E-009   6.3967014233338329E-009
  -2.0208233683932537E-009  -1.6404707577092154E-009
  -2.0571939822280726E-008  -2.0277510627987045E-008
          51   4.8580219619722399E-009   2.8890745790810751E-009
  -2.1240524737483660E-009  -7.0961831099954778E-010
  -2.1718406467085443E-008  -8.9145717175114449E-009
          52   4.0424165120691321E-009   1.4145679337039321E-009
  -1.9357578899530263E-009  -3.1545151962019245E-010
  -1.9284844681568592E-008  -4.1189085248395242E-009
          53   3.4062579983327537E-009   7.8117606067035669E-010
  -1.7998038172345873E-009  -1.4194617202738322E-010
  -1.7472329642579991E-008  -2.0270900171294243E-009
          54   2.9785570893780613E-009   4.6392566468824570E-010
  -1.7243784512884036E-009  -5.0081728477455440E-011
  -1.6377224994660758E-008  -9.4067881031228775E-010
          55   2.6934023831636632E-009   2.8228278290118851E-010
  -1.6932564089667395E-009   8.3244401673996142E-012
  -1.5795489210963079E-008  -2.7280906133736272E-010
          56   2.5040169427560614E-009   1.6607475687231247E-010
  -1.6957919437073846E-009   5.2594836879042229E-011
  -1.5589678853209147E-008   2.0940633480582376E-010
          57   2.3822255372666503E-009   8.4090894119561141E-011
  -1.7269307683543863E-009   9.2195361619211179E-011
  -1.5687833575400136E-008   6.1663829914908843E-010
          58   2.3112455026023702E-009   2.0734158728556749E-011
  -1.7855994889753514E-009   1.3316156480129550E-010
  -1.6063034169974555E-008   1.0148856840754849E-009
          59   2.2810772896105715E-009  -3.2637051879336670E-011
  -1.8740574017392705E-009   1.8087218461384622E-010
  -1.6722734715489493E-008   1.4574280889668588E-009
          60   2.2861891106888201E-009  -8.1292145184368725E-011
  -1.9979346427037490E-009   2.4192384054195883E-010
  -1.7707305705203834E-008   2.0041057257078502E-009
          61   2.3237359300062563E-009  -1.2865752500595755E-010
  -2.1674692523348247E-009   3.2646487741205275E-010
  -1.9097055710518331E-008   2.7422005026727712E-009
          62   2.3930109007131369E-009  -1.7682094716642509E-010
  -2.3994710792891210E-009   4.5254176640698643E-010
  -2.1029326872975704E-008   3.8231017057207810E-009
          63   2.4945569335201729E-009  -2.2596456270404195E-010
  -2.7211030186933448E-009   6.5612680762926980E-010
  -2.3728551131950842E-008   5.5450400623110611E-009
          64   2.6304148987947806E-009  -2.7154066026042677E-010
  -3.1739441553751114E-009   1.0174999311769359E-009
  -2.7538902441734876E-008   8.5695522936633924E-009
          65   2.8067046063263018E-009  -2.9430624532759238E-010
  -3.8008256388159079E-009   1.7386374041655456E-009
  -3.2819126359769401E-008   1.4555383833331314E-008
          66   3.0622508352732351E-009  -2.2945768340455787E-010
  -4.4663918212063641E-009   3.3657181429239166E-009
  -3.8475470451731157E-008   2.7979447996339215E-008
          67   3.6657133426675501E-009   2.4647522050660028E-011
  -3.5646128166353369E-009   6.7443061407978968E-009
  -3.1398190577293884E-008   5.5774428063336072E-008
          68   5.0910510643637436E-009  -2.0871908127124910E-010
   1.6758882900414442E-009   7.6678574611781776E-009
   1.1037702659861670E-008   6.3589117155484096E-008
          69   6.2874186636716782E-009  -1.3722821925729027E-009
   3.7309711286129702E-009   4.0603712390577667E-009
   2.7278487596228041E-008   3.4525652252958445E-008
          70   7.4140094700683363E-009  -2.7899472502484505E-009
   3.1548889201710330E-009   2.0122353691941837E-009
   2.1794137777983474E-008   1.8531998318534746E-008
          71   8.8984050668017875E-009  -5.0804211656030600E-009
   2.4502794325026491E-009   1.1476251630202153E-009
   1.5013581886847761E-008   1.2915909225059588E-008
          72   1.0233211493757692E-008  -9.7352699147715457E-009
   1.9305970786083453E-009   7.6543243955305935E-010
   9.8821125009752193E-009   1.2865223569756227E-008
          73   7.2322342387105133E-009  -1.8330274525056693E-008
   1.5980096255512218E-009   6.1123423590407410E-010
   9.2200337920137367E-009   1.7288240686714743E-008
          74  -5.8876106602476489E-009  -2.0926835850302034E-008
   1.4538773540509462E-009   4.9581939501487244E-010
   1.6804904927736542E-008   1.7950356990729509E-008
          75  -1.2376744864400690E-008  -1.2101269536026669E-008
   1.3195802276222508E-009   3.3008579478214015E-010
   1.9956548022677765E-008   1.0645841531501665E-008
          76  -1.1575026091961632E-008  -6.1415680213431459E-009
   1.1706040041184389E-009   2.1737529709095150E-010
   1.8154980364492051E-008   5.7517171259412682E-009
          77  -9.9253976724658993E-009  -3.3612296025514012E-009
   1.0501047650873204E-009   1.4869085309906031E-010
   1.6050967961185601E-008   3.3471714889642697E-009
          78  -8.6468375223418662E-009  -1.9716101517262561E-009
   9.6019594429208899E-010   1.0209465565701234E-010
   1.4458126840281923E-008   2.0491512426820254E-009
          79  -7.7630217289037834E-009  -1.1894228216350434E-009
   8.9555115310522788E-010   6.6953412197276919E-011
   1.3341385816093256E-008   1.2480690140987190E-009
          80  -7.1755450618250768E-009  -6.9619433218501952E-010
   8.5181669108454959E-010   3.7979912893081797E-011
   1.2596014431457846E-008   6.8933973119435405E-010
          81  -6.8074975496973792E-009  -3.4960390392977194E-010
   8.2625590232683832E-010   1.2105571955041753E-011
   1.2145687342597308E-008   2.5410246381303940E-010
          82  -6.6103090347112367E-009  -7.8086265766799692E-011
   8.1731299174281581E-010  -1.2784999667728910E-011
   1.1944177360522548E-008  -1.2147036926682905E-010
          83  -6.5568514152079978E-009   1.5962327527835387E-010
   8.2461209501310392E-010  -3.8459187543466495E-011
   1.1968071999806605E-008  -4.7778249750469134E-010
          84  -6.6350583038575104E-009   3.9192739454035666E-010
   8.4876834318830429E-010  -6.6696101705006027E-011
   1.2211878162470923E-008  -8.4608443219694572E-010
          85  -6.8455474847916941E-009   6.4346296241962905E-010
   8.9135153848839491E-010  -9.9602740396950265E-011
   1.2686067696877256E-008  -1.2565571164636745E-009
          86  -7.2005693132168997E-009   9.4158830051086957E-010
   9.5539798534203365E-010  -1.4002498350345341E-010
   1.3417864166173840E-008  -1.7448554052452458E-009
          87  -7.7257942894375552E-009   1.3236413865488620E-009
   1.0453904670861623E-009  -1.9215469867475905E-010
   1.4454758374308195E-008  -2.3599924881536166E-009
          88  -8.4639122091125168E-009   1.8485209909714109E-009
   1.1683452208361706E-009  -2.6266269684468428E-010
   1.5871515914674374E-008  -3.1769238084264647E-009
          89  -9.4804038221367619E-009   2.6193603850047583E-009
   1.3347421441344750E-009  -3.6287091024333992E-010
   1.7782003518828589E-008  -4.3200158346875196E-009
          90  -1.0867667722609685E-008   3.8332956980944119E-009
   1.5601655660586410E-009  -5.1334657684586639E-010
   2.0357303827435664E-008  -6.0113834982263774E-009
          91  -1.2725459128824447E-008   5.8995415291388765E-009
   1.8669286055624127E-009  -7.5436048891720391E-010
   2.3847405871608326E-008  -8.6792272422759760E-009
          92  -1.4994842290954622E-008   9.7244270544131934E-009
   2.2820441975517797E-009  -1.1715301233395731E-009
   2.8574656525910540E-008  -1.3221521666534364E-008
          93  -1.6510800691079214E-008   1.7211262774353386E-008
   2.8048903973772154E-009  -1.9600542284293901E-009
   3.4690902516674141E-008  -2.1692441948603869E-008
          94  -1.1360935986403155E-008   2.9593223898602253E-008
   3.2081467859001665E-009  -3.5434093984226742E-009
   4.0366563208108468E-008  -3.8961783444586725E-008
          95   7.1157757219527128E-009   3.4153548037290524E-008
   2.2513011805952306E-009  -6.2771293021584066E-009
   3.1760586022970047E-008  -7.1349272786562544E-008
          96   1.8876007703442905E-008   2.2313319088478036E-008
  -1.8266685552812821E-009  -7.5128033933183189E-009
  -1.5805442410033043E-008  -8.8238772392630059E-008
          97   1.9132776991397624E-008   1.2196434230438372E-008
  -4.5289076480392750E-009  -4.8300362724875792E-009
  -4.8440297944537114E-008  -5.7138153600818407E-008
          98   1.6855942487450369E-008   6.9204014227955540E-009
  -4.5187745250190858E-009  -2.5709276954885967E-009
  -4.8376362620594311E-008  -3.0483170601543295E-008
          99   1.4784337645434732E-008   4.1619482064028266E-009
  -3.9767267662963510E-009  -1.4410682503529817E-009
  -4.1784359523866860E-008  -1.7237668610496825E-008
         100   1.3255061675659633E-008   2.5814558653034884E-009
  -3.5049742540714631E-009  -8.6649822231888513E-010
  -3.5940312305567337E-008  -1.0600106127522952E-008
         101   1.2192678469261764E-008   1.5801233069296023E-009
  -3.1602590662759086E-009  -5.4375197420582381E-010
  -3.1529801520269042E-008  -6.9653055298719880E-009
         102   1.1494185659209793E-008   8.7840182255500078E-010
  -2.9185894562207264E-009  -3.4296740003802834E-010
  -2.8256106081586950E-008  -4.8023564390073082E-009
         103   1.1085418044133903E-008   3.3219516587038345E-010
  -2.7543232908164426E-009  -2.0509908484857345E-010
  -2.5796916777268848E-008  -3.4279079472002056E-009
         104   1.0922390352672466E-008  -1.4321923480200582E-010
  -2.6498361237217049E-009  -1.0028124040887802E-010
  -2.3916419749577798E-008  -2.5119607991175574E-009
         105   1.0984901900785452E-008  -6.0769012465151970E-010
  -2.5944436817608841E-009  -1.1228047909955491E-011
  -2.2451174471231705E-008  -1.8847634342814494E-009
         106   1.1273706821233652E-008  -1.1153487475596922E-009
  -2.5828651303114499E-009   7.4171063041765926E-011
  -2.1285861075263276E-008  -1.4570311650221881E-009
         107   1.1809317835422710E-008  -1.7299280911077158E-009
  -2.6139305153434985E-009   1.6696821523339589E-010
  -2.0334893401546995E-008  -1.1860168902193292E-009
         108   1.2633714316876325E-008  -2.5443333353959061E-009
  -2.6905987960115355E-009   2.8068033916716480E-010
  -1.9529672535894709E-008  -1.0633659017029750E-009
         109   1.3811771074427688E-008  -3.7153396912914276E-009
  -2.8195892212934044E-009   4.3619399606833316E-010
  -1.8810321791020059E-008  -1.1179133298798970E-009
         110   1.5421129045050113E-008  -5.5358884388847646E-009
  -3.0099912864895555E-009   6.7122787216375496E-010
  -1.8124433131198187E-008  -1.4371908502900599E-009
         111   1.7478191871892131E-008  -8.5946825320144787E-009
  -3.2642069323961880E-009   1.0608834501813224E-009
  -1.7451006201128890E-008  -2.2244809105765324E-009
         112   1.9569575696842838E-008  -1.4092873821455080E-008
  -3.5314341874188403E-009   1.7586686129889840E-009
  -1.6936194679559491E-008  -3.9180581192153099E-009
         113   1.9296655136253257E-008  -2.3919908265985752E-008
  -3.5114454838152511E-009   3.0095727132162563E-009
  -1.7478629395802285E-008  -7.2276642032085856E-009
         114   9.3317759540274905E-009  -3.6175741684225101E-008
  -2.2705716453223251E-009   4.5888021654768185E-009
  -2.1869179163092121E-008  -1.1462770469846976E-008
         115  -1.0014423391959712E-008  -3.5634691302069801E-008
   1.8547033885487377E-010   4.5656649921421226E-009
  -3.0114531126613838E-008  -1.0852760149040964E-008
         116  -1.9199168788893753E-008  -2.3099394534709176E-008
   1.3772342125862562E-009   2.9996882712013102E-009
  -3.4879381614962063E-008  -5.5360261068782830E-009
         117  -1.9065191440618695E-008  -1.3484783119898943E-008
   1.3797893237940886E-009   1.7836292013643622E-009
  -3.6441209684267578E-008  -1.0856790821707183E-009
         118  -1.6804357675109112E-008  -8.1845772103595895E-009
   1.1020110091582084E-009   1.1100343782900307E-009
  -3.7581918707541794E-008   2.0137950969270913E-009
         119  -1.4641226525592817E-008  -5.2726523099059671E-009
   8.2990872068473377E-010   7.4004459609537465E-010
  -3.9263598702996276E-008   4.6175904295265731E-009
         120  -1.2928414295769707E-008  -3.5801187618190224E-009
   6.1088726558923980E-010   5.2719165866230354E-010
  -4.1778942844990295E-008   7.4122973453165887E-009
         121  -1.1625944111765870E-008  -2.5515670293589788E-009
   4.4115755404270814E-010   4.0297555351688324E-010
  -4.5309654582714201E-008   1.1063716653817752E-008
         122  -1.0645359702668811E-008  -1.9361922664150953E-009
   3.1051504238228762E-010   3.3978457941848223E-010
  -4.9999486763776576E-008   1.6558203065872389E-008
         123  -9.9288766667508660E-009  -1.6503186708054312E-009
   2.1539256316729524E-010   3.3660612709954031E-010
  -5.5643531545833919E-008   2.5747408891810520E-008
         124  -9.5209879070347285E-009  -1.7351130033121587E-009
   1.7854576437519465E-010   4.1841301973843419E-010
  -6.0127246411918262E-008   4.2128526940866867E-008
         125  -9.7801439936240308E-009  -2.2378728324503408E-009
   3.1339458669571844E-010   6.0735220510654477E-010
  -5.3993234521535769E-008   6.8867699045196326E-008
         126  -1.1350922310484960E-008  -2.4287866616821932E-009
   8.2143517666274989E-010   6.9277578952481961E-010
  -2.0649588324685421E-008   8.9666285458211041E-008
         127  -1.3244622382854317E-008  -1.0192390544348993E-009
   1.4238148901714658E-009   2.8313627734493138E-010
   1.5353558806205179E-008   7.3669282551383138E-008
         128  -1.4279015544674349E-008   1.0228319741286296E-009
   1.7685196936696471E-009  -3.5496822190326240E-010
   2.2985575265305726E-008   4.7566596353388474E-008
         129  -1.5105231419870327E-008   3.0950782181659536E-009
   2.0444084049516209E-009  -1.0659938090327909E-009
   1.7328951246059481E-008   3.2114683116606190E-008
         130  -1.6130261839258270E-008   5.6847514454478111E-009
   2.3577643879887491E-009  -2.0479529045779238E-009
   9.2676039164858653E-009   2.5264813534753534E-008
         131  -1.7127099650392273E-008   9.6579977444968961E-009
   2.5625223434896947E-009  -3.6690937256778953E-009
   1.4399771241387109E-009   2.3930682663733491E-008
         132  -1.6627597906357089E-008   1.6069140745346448E-008
   1.9013906840848060E-009  -6.3822771561883982E-009
  -5.2551651586256850E-009   2.7144986821354390E-008
         133  -1.0714445936494357E-008   2.3795095742703151E-008
  -1.6137460344696893E-009  -9.4900696003367204E-009
  -8.9955374839847988E-009   3.4368743243222145E-008
         134   9.0472737950056225E-010   2.4979539128861820E-008
  -8.0649930967852329E-009  -8.7333961016288610E-009
  -9.0192692657315031E-009   4.3069934493013396E-008
         135   7.9833307827557763E-009   1.8534550121036133E-008
  -1.1727724191835870E-008  -3.1033672592674972E-009
  -6.8514394586146252E-009   5.5121208499441027E-008
         136   9.3984327862316695E-009   1.2834874346155619E-008
  -1.0452899066790518E-008   2.8324034603713218E-009
   7.4462839456598277E-009   7.2161741618889237E-008
         137   9.4559291536467268E-009   9.1180870436613032E-009
  -6.0189109727730099E-009   5.3016648661508106E-009
   3.8544385970252601E-008   7.2978271051728432E-008
         138   8.8689001684227287E-009   6.1967858304221250E-009
  -2.9895147797379142E-009   4.0490158535662871E-009
   5.7522253062454189E-008   5.1205826244099887E-008
