   262144.00000000000     
         256           1           3
   1.7567330116226543E-005  -6.2812290861650002       -178.01823173560001     
   6.0401400154609997        12.000000000000000        5733.8999999999996     
           0   0.0000000000000000        0.0000000000000000     
   0.0000000000000000        0.0000000000000000     
   0.0000000000000000        0.0000000000000000     
           1   0.0000000000000000        0.0000000000000000     
   7.3439126545233807E-011  -3.4602658859364915E-012
   2.2384962043668201E-009  -1.0376681985000881E-010
           2   0.0000000000000000        0.0000000000000000     
   7.2698619117932215E-011  -1.9150769544458278E-012
   2.2160368239875346E-009  -5.8130404702912731E-011
           3   0.0000000000000000        0.0000000000000000     
   7.2351159033182561E-011  -1.5549747092324975E-012
   2.2055142496179247E-009  -4.7520013625407404E-011
           4   0.0000000000000000        0.0000000000000000     
   7.1938039025638086E-011  -1.4015784795098989E-012
   2.1932122130854485E-009  -4.3023370055300905E-011
           5   0.0000000000000000        0.0000000000000000     
   7.1467399882445393E-011  -1.2971295575028146E-012
   2.1793214716484883E-009  -3.9978122112543818E-011
           6   0.0000000000000000        0.0000000000000000     
   7.0941515181355968E-011  -1.2059385677628062E-012
   2.1638882842054907E-009  -3.7329548796508542E-011
           7   0.0000000000000000        0.0000000000000000     
   7.0356743305610566E-011  -1.1167349267265613E-012
   2.1467952203779693E-009  -3.4744800982226054E-011
           8   0.0000000000000000        0.0000000000000000     
   6.9707450332513978E-011  -1.0247932394606371E-012
   2.1278713778239061E-009  -3.2084635441721337E-011
           9   0.0000000000000000        0.0000000000000000     
   6.8987215204056229E-011  -9.2751191034515860E-013
   2.1069257239956387E-009  -2.9272720724488911E-011
          10   0.0000000000000000        0.0000000000000000     
   6.8189072741877592E-011  -8.2304309923086255E-013
   2.0837532537420842E-009  -2.6255139920898451E-011
          11   0.0000000000000000        0.0000000000000000     
   6.7305457594754085E-011  -7.0978319597898372E-013
   2.0581328458177172E-009  -2.2985337891539946E-011
          12   0.0000000000000000        0.0000000000000000     
   6.6328054835374386E-011  -5.8614676425802126E-013
   2.0298226248573121E-009  -1.9417455547853876E-011
          13   0.0000000000000000        0.0000000000000000     
   6.5247613357500500E-011  -4.5044412759856811E-013
   1.9985543724698163E-009  -1.5502735307438386E-011
          14   0.0000000000000000        0.0000000000000000     
   6.4053736981809529E-011  -3.0079746698127605E-013
   1.9640273748057001E-009  -1.1187072870315715E-011
          15   0.0000000000000000        0.0000000000000000     
   6.2734649132232034E-011  -1.3506884282575783E-013
   1.9259015598952029E-009  -6.4089305321197876E-012
          16   0.0000000000000000        0.0000000000000000     
   6.1276923828738098E-011   4.9213091166800168E-014
   1.8837897019771028E-009  -1.0972227685536848E-012
          17   0.0000000000000000        0.0000000000000000     
   5.9665171279914995E-011   2.5493573042198451E-013
   1.8372483451673788E-009   4.8310611484672615E-012
          18   0.0000000000000000        0.0000000000000000     
   5.7881664619622304E-011   4.8550117837888818E-013
   1.7857670555186957E-009   1.1473690653448596E-011
          19   0.0000000000000000        0.0000000000000000     
   5.5906073894183521E-011   7.4494380881186714E-013
   1.7290128622211046E-009   1.8941188926099813E-011
          20   0.0000000000000000        0.0000000000000000     
   5.3714181863795314E-011   1.0380985082983922E-012
   1.6657848301226376E-009   2.7383176180467307E-011
          21   0.0000000000000000        0.0000000000000000     
   5.1278312992537052E-011   1.3707713339953821E-012
   1.5955394660824786E-009   3.6960977391963097E-011
          22   0.0000000000000000        0.0000000000000000     
   4.8565758694376488E-011   1.7500053675073997E-012
   1.5173366256750917E-009   4.7876771206607839E-011
          23   0.0000000000000000        0.0000000000000000     
   4.5537910001662078E-011   2.1844025129706481E-012
   1.4300669168283508E-009   6.0377428781965322E-011
          24   0.0000000000000000        0.0000000000000000     
   4.2148927408061281E-011   2.6845523015802486E-012
   1.3324135623302541E-009   7.4766801282269657E-011
          25   0.0000000000000000        0.0000000000000000     
   3.8344042000179977E-011   3.2636028951294939E-012
   1.2228037004750505E-009   9.1422080374358685E-011
          26   0.0000000000000000        0.0000000000000000     
   3.4057363775328130E-011   3.9380307739275252E-012
   1.0993455689805274E-009   1.1081584943516674E-010
          27   0.0000000000000000        0.0000000000000000     
   2.9209023576751824E-011   4.7286920244697874E-012
   9.5974660058283071E-010   1.3354620004035682E-010
          28   0.0000000000000000        0.0000000000000000     
   2.3701402216221094E-011   5.6622790212105154E-012
   8.0120537236951120E-010   1.6037845888353392E-010
          29   0.0000000000000000        0.0000000000000000     
   1.7414091860067977E-011   6.7733708690598112E-012
   6.2026724437414512E-010   1.9230391935252881E-010
          30   0.0000000000000000        0.0000000000000000     
   1.0197069215541104E-011   8.1073701509968953E-012
   4.1262878191095027E-010   2.3062395513125267E-010
          31   0.0000000000000000        0.0000000000000000     
   1.8613038607639155E-012   9.7247907809977576E-012
   1.7286872041229745E-010   2.7707282578105674E-010
          32   0.0000000000000000        0.0000000000000000     
  -7.8343811810529849E-012   1.1707654212332662E-011
  -1.0592840148450338E-010   3.3400085847229924E-010
          33   0.0000000000000000        0.0000000000000000     
  -1.9202167035004050E-011   1.4169265563228224E-011
  -4.3301445904554142E-010   4.0466085024338806E-010
          34   0.0000000000000000        0.0000000000000000     
  -3.2651972448563056E-011   1.7269546979480013E-011
  -8.1953493786424100E-010   4.9362143798774140E-010
          35   0.0000000000000000        0.0000000000000000     
  -4.8732808260014101E-011   2.1239900062901831E-011
  -1.2815261582113405E-009   6.0751767528469279E-010
          36   0.0000000000000000        0.0000000000000000     
  -6.8194245825887988E-011   2.6424874245858121E-011
  -1.8404669423924667E-009   7.5621850258870178E-010
          37   0.0000000000000000        0.0000000000000000     
  -9.2083913745101210E-011   3.3355007539658062E-011
  -2.5260211855240364E-009   9.5491151883278685E-010
          38   0.0000000000000000        0.0000000000000000     
  -1.2190569472978044E-010   4.2880364883129553E-011
  -3.3819748092220786E-009   1.2279568102479191E-009
          39   0.0000000000000000        0.0000000000000000     
  -1.5988419617679464E-010   5.6429584089512547E-011
  -4.4716988226462350E-009   1.6162597437403832E-009
          40   0.0000000000000000        0.0000000000000000     
  -2.0942349058021907E-010   7.6547650066682064E-011
  -5.8930894152371944E-009   2.1927083292557002E-009
          41   0.0000000000000000        0.0000000000000000     
  -2.7591962065901777E-010   1.0810764290527622E-010
  -7.7994596793510856E-009   3.0968204542683882E-009
          42   0.0000000000000000        0.0000000000000000     
  -3.6816925973086944E-010   1.6132795016528203E-010
  -1.0444459396534131E-008   4.6212375878899014E-009
          43   0.0000000000000000        0.0000000000000000     
  -5.0028916496085806E-010   2.6024166544871234E-010
  -1.4230520286255085E-008   7.4541019785052564E-009
          44   0.0000000000000000        0.0000000000000000     
  -6.8898120088814972E-010   4.6968096365868097E-010
  -1.9637374668247724E-008   1.3451882466949096E-008
          45   0.0000000000000000        0.0000000000000000     
  -8.8847826900600597E-010   9.8154399692436147E-010
  -2.5354119506387849E-008   2.8109461478004384E-008
          46   0.0000000000000000        0.0000000000000000     
  -4.5269037069486455E-010   2.0513267437447551E-009
  -1.2880464089446116E-008   5.8742816320224313E-008
          47   0.0000000000000000        0.0000000000000000     
   1.1558643869178031E-009   1.8878125224994933E-009
   3.3174348956674991E-008   5.4061635891811811E-008
          48   0.0000000000000000        0.0000000000000000     
   1.4011724181753329E-009   8.5752062313186226E-010
   4.0192765366475339E-008   2.4560993264883894E-008
          49   0.0000000000000000        0.0000000000000000     
   1.1835462265787918E-009   4.0678515133571311E-010
   3.3954100098515073E-008   1.1655762368535551E-008
          50   0.0000000000000000        0.0000000000000000     
   1.0023004032482312E-009   2.2032673309907240E-010
   2.8756659479967849E-008   6.3181420333653066E-009
          51   0.0000000000000000        0.0000000000000000     
   8.7952594287593325E-010   1.3023691338195442E-010
   2.5232465000387335E-008   3.7402378719340849E-009
          52   0.0000000000000000        0.0000000000000000     
   7.9680793416448468E-010   8.0288412614318699E-011
   2.2854384959975368E-008   2.3120698341486538E-009
          53   0.0000000000000000        0.0000000000000000     
   7.4047889862377182E-010   4.9359787479130991E-011
   2.1230134631612304E-008   1.4289294671189050E-009
          54   0.0000000000000000        0.0000000000000000     
   7.0227505741038308E-010   2.8325207773223553E-011
   2.0123160196135944E-008   8.2959459949595568E-010
          55   0.0000000000000000        0.0000000000000000     
   6.7726822169819995E-010   1.2736933570680779E-011
   1.9392001990841019E-008   3.8683475730405549E-010
          56   0.0000000000000000        0.0000000000000000     
   6.6250354248081990E-010   1.8221939758273681E-013
   1.8951617110652354E-008   3.1731995157222986E-011
          57   0.0000000000000000        0.0000000000000000     
   6.5624268664408999E-010  -1.0797531137126708E-011
   1.8751283653106730E-008  -2.7724284318731250E-010
          58   0.0000000000000000        0.0000000000000000     
   6.5755594775833537E-010  -2.1203270560745921E-011
   1.8764463691995644E-008  -5.6845515554397428E-010
          59   0.0000000000000000        0.0000000000000000     
   6.6611197714950399E-010  -3.1838699427480700E-011
   1.8980349860935918E-008  -8.6447230301018369E-010
          60   0.0000000000000000        0.0000000000000000     
   6.8208782952283561E-010  -4.3475924234998601E-011
   1.9402788575985908E-008  -1.1867776183070209E-009
          61   0.0000000000000000        0.0000000000000000     
   7.0616630431386736E-010  -5.6996015608980006E-011
   2.0050116509630655E-008  -1.5596924175208696E-009
          62   0.0000000000000000        0.0000000000000000     
   7.3961481127236934E-010  -7.3553891007976630E-011
   2.0955494702740263E-008  -2.0148843770839729E-009
          63   0.0000000000000000        0.0000000000000000     
   7.8445951569609762E-010  -9.4826013800256765E-011
   2.2173740663724870E-008  -2.5981941796135401E-009
          64   0.0000000000000000        0.0000000000000000     
   8.4379733826107803E-010  -1.2344293118870276E-010
   2.3789901172611869E-008  -3.3814436706785928E-009
          65   0.0000000000000000        0.0000000000000000     
   9.2232292710939626E-010  -1.6382199545102509E-010
   2.5931733434079922E-008  -4.4850998447213069E-009
          66   0.0000000000000000        0.0000000000000000     
   1.0271799809264546E-009  -2.2390663528904261E-010
   2.8792375564815239E-008  -6.1256657765355858E-009
          67   0.0000000000000000        0.0000000000000000     
   1.1691842710040708E-009  -3.1911340803438595E-010
   3.2668323993413686E-008  -8.7233388731046280E-009
          68   0.0000000000000000        0.0000000000000000     
   1.3637257080391797E-009  -4.8212122284651816E-010
   3.7977220611944287E-008  -1.3168615740234694E-008
          69   0.0000000000000000        0.0000000000000000     
   1.6251027969602276E-009  -7.8916187968651663E-010
   4.5110199896215279E-008  -2.1538826046077642E-008
          70   0.0000000000000000        0.0000000000000000     
   1.9112062473771647E-009  -1.4286587472118501E-009
   5.2918807223648092E-008  -3.8968336255203215E-008
          71   0.0000000000000000        0.0000000000000000     
   1.7734444752752175E-009  -2.7377118175069743E-009
   4.9179954822900224E-008  -7.4642815078821782E-008
          72   0.0000000000000000        0.0000000000000000     
  -1.0397373476790946E-010  -3.8377148025003588E-009
  -1.9589391068840894E-009  -1.0462138864489119E-007
          73   0.0000000000000000        0.0000000000000000     
  -1.8150411647052062E-009  -2.5723016297878905E-009
  -4.8563247488071646E-008  -7.0145681255934822E-008
          74   0.0000000000000000        0.0000000000000000     
  -1.8561185726727749E-009  -1.3148227645448776E-009
  -4.9658844805273129E-008  -3.5886865590648769E-008
          75   0.0000000000000000        0.0000000000000000     
  -1.5566602921076377E-009  -7.1436596958726595E-010
  -4.1471476467260419E-008  -1.9531980329145829E-008
          76   0.0000000000000000        0.0000000000000000     
  -1.2996399770548331E-009  -4.2470999089634814E-010
  -3.4436470045680000E-008  -1.1647099725248984E-008
          77   0.0000000000000000        0.0000000000000000     
  -1.1137633990808337E-009  -2.6877707635498334E-010
  -2.9335405459408487E-008  -7.4073189813054184E-009
          78   0.0000000000000000        0.0000000000000000     
  -9.8263290272962596E-010  -1.7544734959955011E-010
  -2.5720284402936285E-008  -4.8750434811666596E-009
          79   0.0000000000000000        0.0000000000000000     
  -8.9083968828941258E-010  -1.1407149055692860E-010
  -2.3171161260013387E-008  -3.2155278832133535E-009
          80   0.0000000000000000        0.0000000000000000     
  -8.2800839189093104E-010  -6.9990810703144955E-011
  -2.1403697278795965E-008  -2.0299235646416207E-009
          81   0.0000000000000000        0.0000000000000000     
  -7.8763206479888881E-010  -3.5417042668097118E-011
  -2.0239526437241917E-008  -1.1067781860610172E-009
          82   0.0000000000000000        0.0000000000000000     
  -7.6583636612695847E-010  -5.7140049119244189E-012
  -1.9570195995984454E-008  -3.2085795355578888E-010
          83   0.0000000000000000        0.0000000000000000     
  -7.6059142719370211E-010   2.2296581394156167E-011
  -1.9338286559901496E-008   4.1292804558013616E-010
          84   0.0000000000000000        0.0000000000000000     
  -7.7129420838011160E-010   5.1231003531057396E-011
  -1.9523485265441816E-008   1.1636513390496087E-009
          85   0.0000000000000000        0.0000000000000000     
  -7.9861251251103404E-010   8.3747307616963502E-011
  -2.0140331794662604E-008   2.0004634590120755E-009
          86   0.0000000000000000        0.0000000000000000     
  -8.4454904685586163E-010   1.2312724656672573E-010
  -2.1237076179844909E-008   3.0077003484807479E-009
          87   0.0000000000000000        0.0000000000000000     
  -9.1271852906098622E-010   1.7407426872543441E-010
  -2.2902470949034418E-008   4.3053439775198018E-009
          88   0.0000000000000000        0.0000000000000000     
  -1.0088662244086512E-009   2.4409131519515093E-010
  -2.5280617860480039E-008   6.0841371127696569E-009
          89   0.0000000000000000        0.0000000000000000     
  -1.1416329322427136E-009   3.4619475024511521E-010
  -2.8590493742531486E-008   8.6745025331578973E-009
          90   0.0000000000000000        0.0000000000000000     
  -1.3232507911416531E-009   5.0476109473039345E-010
  -3.3139580105887539E-008   1.2694808571640510E-008
          91   0.0000000000000000        0.0000000000000000     
  -1.5679969371914689E-009   7.6904810017135042E-010
  -3.9289836821851502E-008   1.9394483049958893E-008
          92   0.0000000000000000        0.0000000000000000     
  -1.8769671983553709E-009   1.2454899992484795E-009
  -4.7066868374011175E-008   3.1473143514900710E-008
          93   0.0000000000000000        0.0000000000000000     
  -2.1501107283584732E-009   2.1627335084108369E-009
  -5.3931416606747225E-008   5.4730405195954747E-008
          94   0.0000000000000000        0.0000000000000000     
  -1.8004267616438455E-009   3.8121462592552626E-009
  -4.4992455414103231E-008   9.6556675759712487E-008
          95   0.0000000000000000        0.0000000000000000     
   4.5885930609647847E-010   5.1581890787610844E-009
   1.2397655373994701E-008   1.3068195087376135E-007
          96   0.0000000000000000        0.0000000000000000     
   2.8490192050507622E-009   3.9024371559590525E-009
   7.3116408173686914E-008   9.8799922505670722E-008
          97   0.0000000000000000        0.0000000000000000     
   3.2867138187441340E-009   2.1669849805588814E-009
   8.4320499519208856E-008   5.4739415990586061E-008
          98   0.0000000000000000        0.0000000000000000     
   3.0357514076398588E-009   1.1779223613157881E-009
   7.8074990966994034E-008   2.9598648133823532E-008
          99   0.0000000000000000        0.0000000000000000     
   2.7506964808936587E-009   6.5166614233945998E-010
   7.0989714534816415E-008   1.6177202817904776E-008
         100   0.0000000000000000        0.0000000000000000     
   2.5476312448530612E-009   3.4086284413170981E-010
   6.6019936084219478E-008   8.1892474767121684E-009
         101   0.0000000000000000        0.0000000000000000     
   2.4296729542727986E-009   1.2665511725996808E-010
   6.3257979395789842E-008   2.6004374175272683E-009
         102   0.0000000000000000        0.0000000000000000     
   2.3865125230202258E-009  -5.2133002772657551E-011
   6.2458866857892870E-008  -2.1761404879059946E-009
         103   0.0000000000000000        0.0000000000000000     
   2.4111375428063341E-009  -2.3810114078131112E-010
   6.3467769477952970E-008  -7.2888688273169369E-009
         104   0.0000000000000000        0.0000000000000000     
   2.4980571308815626E-009  -4.7904422516121516E-010
   6.6153449280560828E-008  -1.4088502009778087E-008
         105   0.0000000000000000        0.0000000000000000     
   2.6238234740505865E-009  -8.5347496808722379E-010
   6.9842049709147435E-008  -2.4855661900365797E-008
         106   0.0000000000000000        0.0000000000000000     
   2.6624990859758802E-009  -1.4885019190324711E-009
   7.0817488699254075E-008  -4.3315904371619775E-008
         107   0.0000000000000000        0.0000000000000000     
   2.1801895165776883E-009  -2.3477662341463876E-009
   5.6253506290315914E-008  -6.8366267358036189E-008
         108   0.0000000000000000        0.0000000000000000     
   1.0158010999646954E-009  -2.5289099767270395E-009
   2.1374647435710993E-008  -7.3311603378925646E-008
         109   0.0000000000000000        0.0000000000000000     
   4.2321530433006051E-010  -1.8339207852566451E-009
   3.1985858982666076E-009  -5.2254156472159951E-008
         110   0.0000000000000000        0.0000000000000000     
   5.3250719736761164E-010  -1.2954737708015863E-009
   5.5229749814298469E-009  -3.5631824204817207E-008
         111   0.0000000000000000        0.0000000000000000     
   8.5526737386252913E-010  -1.0942966493640621E-009
   1.3852906490020013E-008  -2.8659297956008746E-008
         112   0.0000000000000000        0.0000000000000000     
   1.2354301347016991E-009  -1.1385734426497111E-009
   2.3498161738568256E-008  -2.8396085861422130E-008
         113   0.0000000000000000        0.0000000000000000     
   1.6539887451482834E-009  -1.4137824136101473E-009
   3.3837735951993697E-008  -3.3972532631701296E-008
         114   0.0000000000000000        0.0000000000000000     
   2.0907323368594578E-009  -2.0149481607966304E-009
   4.4418088626506751E-008  -4.7311790572992933E-008
         115   0.0000000000000000        0.0000000000000000     
   2.3773249506132673E-009  -3.1721310830404352E-009
   5.1413281080140585E-008  -7.3569926954149461E-008
         116   0.0000000000000000        0.0000000000000000     
   1.8062700235739061E-009  -5.0601986040507001E-009
   3.8613246219161869E-008  -1.1669658208778746E-007
         117   0.0000000000000000        0.0000000000000000     
  -7.4329882828387740E-010  -6.4292960643878482E-009
  -1.9688482214655022E-008  -1.4796239840664884E-007
         118   0.0000000000000000        0.0000000000000000     
  -3.4602781303769149E-009  -5.1635959484070662E-009
  -8.1902514720622994E-008  -1.1877181816896096E-007
         119   0.0000000000000000        0.0000000000000000     
  -4.1954055541634225E-009  -3.1430005719004084E-009
  -9.8675484970803066E-008  -7.2268535940981690E-008
         120   0.0000000000000000        0.0000000000000000     
  -3.9930514945626635E-009  -1.8350847950126321E-009
  -9.3975632678430426E-008  -4.2134054859112341E-008
         121   0.0000000000000000        0.0000000000000000     
  -3.6486101191735225E-009  -1.0932773023042366E-009
  -8.6062045116523197E-008  -2.4994750343798976E-008
         122   0.0000000000000000        0.0000000000000000     
  -3.3638931080613687E-009  -6.5028016631948146E-010
  -7.9568852288533034E-008  -1.4705407877899234E-008
         123   0.0000000000000000        0.0000000000000000     
  -3.1668094093598894E-009  -3.5855680532660367E-010
  -7.5140632528040868E-008  -7.8686211352963948E-009
         124   0.0000000000000000        0.0000000000000000     
  -3.0506420386203005E-009  -1.4291448249426843E-010
  -7.2631317506547350E-008  -2.7441512684802049E-009
         125   0.0000000000000000        0.0000000000000000     
  -3.0062124249853891E-009   3.8371851275961845E-011
  -7.1841401330380344E-008   1.6467332117246842E-009
         126   0.0000000000000000        0.0000000000000000     
  -3.0283262874229976E-009   2.1303598948845403E-010
  -7.2669228675626242E-008   5.9741070190742394E-009
         127   0.0000000000000000        0.0000000000000000     
  -3.1165405763755623E-009   4.0541653938476537E-010
  -7.5129339739696624E-008   1.0853435270751896E-008
         128   0.0000000000000000        0.0000000000000000     
  -3.2743786609527688E-009   6.4475641765948887E-010
  -7.9327604004968431E-008   1.7057598115657625E-008
         129   0.0000000000000000        0.0000000000000000     
  -3.5060133527550948E-009   9.7589139968470818E-010
  -8.5372732693334862E-008   2.5806773339590584E-008
         130   0.0000000000000000        0.0000000000000000     
  -3.8031084509061690E-009   1.4773106722511334E-009
  -9.2994495341756394E-008   3.9270772766947532E-008
         131   0.0000000000000000        0.0000000000000000     
  -4.0940750146788842E-009   2.2857117240041607E-009
  -1.0009287297684552E-007   6.1252974015181607E-008
         132   0.0000000000000000        0.0000000000000000     
  -4.0850370005245790E-009   3.5518767080544294E-009
  -9.8180080805991894E-008   9.5894587760957443E-008
         133   0.0000000000000000        0.0000000000000000     
  -3.1443017200624246E-009   4.9470991163266160E-009
  -6.9082118422088893E-008   1.3348066452656454E-007
         134   0.0000000000000000        0.0000000000000000     
  -1.5662137592669423E-009   5.2277671243111343E-009
  -2.1182290160857893E-008   1.3785142316648436E-007
         135   0.0000000000000000        0.0000000000000000     
  -9.4325290235543000E-010   4.7159321101332104E-009
  -2.6956924376954012E-010   1.1720016168335551E-007
         136   0.0000000000000000        0.0000000000000000     
  -1.1196706651480026E-009   4.8711805742012623E-009
  -3.0658560991551971E-009   1.1151396536531681E-007
         137   0.0000000000000000        0.0000000000000000     
  -9.6093294655818855E-010   6.1196778788314922E-009
  -1.5293094575730718E-009   1.3115641516564786E-007
         138   0.0000000000000000        0.0000000000000000     
   8.5193301830427146E-010   7.7127080176765855E-009
   3.2845266216449938E-008   1.5988737305809321E-007
