   262144.00000000000     
         256           1           3
   1.7567330116226543E-005  -3.8553127350719998        56.028443713300000     
   6.0401400154609997        12.000000000000000        5733.8999999999996     
           0   0.0000000000000000        0.0000000000000000     
   0.0000000000000000        0.0000000000000000     
   0.0000000000000000        0.0000000000000000     
           1  -1.2457818341777681E-010   7.7977861534813067E-011
  -1.0511187984087996E-008  -7.4588192221517922E-011
   0.0000000000000000        0.0000000000000000     
           2  -1.3372619053858590E-010   2.2960131575129295E-011
  -1.0509242471057627E-008  -1.5930242647778703E-011
   0.0000000000000000        0.0000000000000000     
           3  -1.5260835697353149E-010   1.4547206947934232E-011
  -1.0502399782890853E-008  -3.9214495970118660E-012
   0.0000000000000000        0.0000000000000000     
           4  -1.7096198435451604E-010   1.4428428284936701E-011
  -1.0501004025756284E-008  -1.6469045169851089E-013
   0.0000000000000000        0.0000000000000000     
           5  -1.9161143030388686E-010   1.6553664634452935E-011
  -1.0502316808415931E-008   1.4216150888895664E-012
   0.0000000000000000        0.0000000000000000     
           6  -2.1603846481554942E-010   1.9641473219003997E-011
  -1.0504974227641309E-008   2.1439015165766900E-012
   0.0000000000000000        0.0000000000000000     
           7  -2.4516834442292847E-010   2.3372221896363287E-011
  -1.0508202374127948E-008   2.3476390176275417E-012
   0.0000000000000000        0.0000000000000000     
           8  -2.7978819635497617E-010   2.7696312989848306E-011
  -1.0511402151092162E-008   2.1111265388492682E-012
   0.0000000000000000        0.0000000000000000     
           9  -3.2071861616722731E-010   3.2668513703081875E-011
  -1.0513982534301744E-008   1.4124744953704718E-012
   0.0000000000000000        0.0000000000000000     
          10  -3.6890314399814907E-010   3.8402671644372969E-011
  -1.0515277662757089E-008   1.7629470171550505E-013
   0.0000000000000000        0.0000000000000000     
          11  -4.2547476475095438E-010   4.5062128412876002E-011
  -1.0514488993269446E-008  -1.7149413781125417E-012
   0.0000000000000000        0.0000000000000000     
          12  -4.9182292851217938E-010   5.2864505680638861E-011
  -1.0510629666661332E-008  -4.4233274548134917E-012
   0.0000000000000000        0.0000000000000000     
          13  -5.6967397988292520E-010   6.2095518825180705E-011
  -1.0502459161393513E-008  -8.1660963561396750E-012
   0.0000000000000000        0.0000000000000000     
          14  -6.6119603152027623E-010   7.3131811594105921E-011
  -1.0488398625095817E-008  -1.3233905889387716E-011
   0.0000000000000000        0.0000000000000000     
          15  -7.6914159810954777E-010   8.6475705492838323E-011
  -1.0466415700972562E-008  -2.0019055968283727E-011
   0.0000000000000000        0.0000000000000000     
          16  -8.9704698817237975E-010   1.0280771025536136E-010
  -1.0433863106931992E-008  -2.9058393194409055E-011
   0.0000000000000000        0.0000000000000000     
          17  -1.0495176447183393E-009   1.2306707195581275E-010
  -1.0387246864287263E-008  -4.1099362632812283E-011
   0.0000000000000000        0.0000000000000000     
          18  -1.2326462534837883E-009   1.4857834750487271E-010
  -1.0321885530118420E-008  -5.7204066770213590E-011
   0.0000000000000000        0.0000000000000000     
          19  -1.4546414104660043E-009   1.8125635009346138E-010
  -1.0231396182879804E-008  -7.8918086823501265E-011
   0.0000000000000000        0.0000000000000000     
          20  -1.7268008395336427E-009   2.2394991322786973E-010
  -1.0106896408648108E-008  -1.0855410351293200E-010
   0.0000000000000000        0.0000000000000000     
          21  -2.0650693213511123E-009   2.8104285383682673E-010
  -9.9357236344807707E-009  -1.4968835409056410E-010
   0.0000000000000000        0.0000000000000000     
          22  -2.4926317877244458E-009   3.5955715424301816E-010
  -9.6992989816749723E-009  -2.0807290298987194E-010
   0.0000000000000000        0.0000000000000000     
          23  -3.0444320651510605E-009   4.7129994991341166E-010
  -9.3693982587143707E-009  -2.9341248414259667E-010
   0.0000000000000000        0.0000000000000000     
          24  -3.7754890174287007E-009   6.3735019037604137E-010
  -8.9012796000200355E-009  -4.2307983546027611E-010
   0.0000000000000000        0.0000000000000000     
          25  -4.7772201439552505E-009   8.9830321272525904E-010
  -8.2202520894641057E-009  -6.3060260024223692E-010
   0.0000000000000000        0.0000000000000000     
          26  -6.2124548742783630E-009   1.3404700855969813E-009
  -7.1925237024841448E-009  -9.8737360305754242E-010
   0.0000000000000000        0.0000000000000000     
          27  -8.3950853899910410E-009   2.1737299878865633E-009
  -5.5588272194879921E-009  -1.6671744767406677E-009
   0.0000000000000000        0.0000000000000000     
          28  -1.1997349959640879E-008   4.0161113649058403E-009
  -2.7649264979523132E-009  -3.1820556533781199E-009
   0.0000000000000000        0.0000000000000000     
          29  -1.8493786627943916E-008   9.2889426964928365E-009
   2.4110322087240390E-009  -7.5387758897193397E-009
   0.0000000000000000        0.0000000000000000     
          30  -2.6459785166804194E-008   3.1239100885656033E-008
   8.7838064104330328E-009  -2.5717428073562454E-008
   0.0000000000000000        0.0000000000000000     
          31   2.4613578056806919E-008   5.1013998715640543E-008
  -3.3802968504421082E-008  -4.2090332326176011E-008
   0.0000000000000000        0.0000000000000000     
          32   2.9297191631581543E-008   1.4263002643061829E-008
  -3.7966984824322121E-008  -1.1604850673166162E-008
   0.0000000000000000        0.0000000000000000     
          33   2.1208959433749494E-008   5.3601546616751177E-009
  -3.1576261004730168E-008  -4.1986429466041651E-009
   0.0000000000000000        0.0000000000000000     
          34   1.6778678777949093E-008   2.6470086526511266E-009
  -2.8257725316441142E-008  -1.9173108683284208E-009
   0.0000000000000000        0.0000000000000000     
          35   1.4261256051869214E-008   1.5060819223771817E-009
  -2.6572790525767550E-008  -9.3124491022294465E-010
   0.0000000000000000        0.0000000000000000     
          36   1.2733402949745752E-008   9.1668414586372229E-010
  -2.5769077854861056E-008  -3.9116363710607761E-010
   0.0000000000000000        0.0000000000000000     
          37   1.1780798860616429E-008   5.6378793328953729E-010
  -2.5521593523688411E-008  -3.0852841200525797E-011
   0.0000000000000000        0.0000000000000000     
          38   1.1203062523704547E-008   3.2455354066265292E-010
  -2.5690363101904096E-008   2.5993876866885519E-010
   0.0000000000000000        0.0000000000000000     
          39   1.0898528263023677E-008   1.4129742351139134E-010
  -2.6231639205484370E-008   5.4384360075637237E-010
   0.0000000000000000        0.0000000000000000     
          40   1.0818631007316299E-008  -1.9230240096213064E-011
  -2.7171176521045265E-008   8.7645865449995081E-010
   0.0000000000000000        0.0000000000000000     
          41   1.0950558242344434E-008  -1.8324916268535614E-010
  -2.8613146779469136E-008   1.3378001271445124E-009
   0.0000000000000000        0.0000000000000000     
          42   1.1315560962502238E-008  -3.8351422092203500E-010
  -3.0793555681627978E-008   2.0923768904828305E-009
   0.0000000000000000        0.0000000000000000     
          43   1.1984629864218217E-008  -6.8653674285403424E-010
  -3.4226554632572083E-008   3.5811381423923022E-009
   0.0000000000000000        0.0000000000000000     
          44   1.3126876923255392E-008  -1.3006196686903379E-009
  -4.0071048245194549E-008   7.3804332594930950E-009
   0.0000000000000000        0.0000000000000000     
          45   1.4916918011008726E-008  -3.2362067669384476E-009
  -4.9297108008970293E-008   2.1608040849035955E-008
   0.0000000000000000        0.0000000000000000     
          46   1.2222081263274967E-008  -7.6966536562044078E-009
  -1.8518883545286897E-008   5.5745824967304458E-008
   0.0000000000000000        0.0000000000000000     
          47   1.1377130567448291E-008  -3.8186778741222832E-009
   1.5372926227297887E-009   1.8799886854438344E-008
   0.0000000000000000        0.0000000000000000     
          48   1.5140677204557238E-008  -3.6330382590889774E-009
  -8.3339268460011089E-009   7.4799590898603903E-009
   0.0000000000000000        0.0000000000000000     
          49   2.0521088889508414E-008  -6.2635801885032541E-009
  -1.5252157569782487E-008   4.8296745990061968E-009
   0.0000000000000000        0.0000000000000000     
          50   2.9374608349443834E-008  -1.6556368297840423E-008
  -2.0925457586724374E-008   4.8291691584011514E-009
   0.0000000000000000        0.0000000000000000     
          51   1.6837321904525607E-008  -5.6136006508809875E-008
  -2.5155278760373624E-008   7.7980269121307063E-009
   0.0000000000000000        0.0000000000000000     
          52  -2.7772758140230320E-008  -2.6438253034630230E-008
  -2.8472343497069055E-008   7.5928925005370844E-009
   0.0000000000000000        0.0000000000000000     
          53  -1.9619350304906219E-008  -7.2852825873589054E-009
  -3.8270846628506980E-008   1.1250835038626638E-008
   0.0000000000000000        0.0000000000000000     
          54  -1.5039617455989118E-008  -3.2868413877005024E-010
  -5.3703514880283033E-008   2.8516180416938859E-008
   0.0000000000000000        0.0000000000000000     
          55  -7.9520020500727279E-009   9.8153144979968149E-009
  -2.9786235708065716E-008   9.2208212601897446E-008
   0.0000000000000000        0.0000000000000000     
          56   3.1735739810006588E-009   3.7816623603327501E-009
   3.4524768946344588E-008   4.0953305627740211E-008
   0.0000000000000000        0.0000000000000000     
          57   3.0385918317230499E-009   5.2925560918632733E-010
   1.9236386604759688E-008   1.3420769565086592E-008
   0.0000000000000000        0.0000000000000000     
          58   3.1732113281528771E-009  -1.7458706906166846E-010
   8.8864724485132439E-009   6.4224062481527469E-009
   0.0000000000000000        0.0000000000000000     
          59   3.6411839660385147E-009  -3.9005187471650250E-010
   2.7080584843094841E-009   3.8452365592067626E-009
   0.0000000000000000        0.0000000000000000     
          60   4.2591737733992118E-009  -4.8459150207220225E-010
  -1.4196884126093560E-009   2.6453027449497770E-009
   0.0000000000000000        0.0000000000000000     
          61   4.9681909140050808E-009  -5.4929376229391894E-010
  -4.4563448302568269E-009   2.0026626816636978E-009
   0.0000000000000000        0.0000000000000000     
          62   5.7589744908871793E-009  -6.1452473270629099E-010
  -6.8641568743090075E-009   1.6286083498951709E-009
   0.0000000000000000        0.0000000000000000     
          63   6.6447696878120871E-009  -6.9461397039858168E-010
  -8.8910983285060037E-009   1.4016596177400589E-009
   0.0000000000000000        0.0000000000000000     
          64   7.6534402440677713E-009  -8.0048306618368606E-010
  -1.0683998708866547E-008   1.2641734494247884E-009
   0.0000000000000000        0.0000000000000000     
          65   8.8273326618021828E-009  -9.4497526852458813E-010
  -1.2337684696998405E-008   1.1866788969151860E-009
   0.0000000000000000        0.0000000000000000     
          66   1.0229126800705028E-008  -1.1472119905604550E-009
  -1.3919992115006776E-008   1.1538230478392928E-009
   0.0000000000000000        0.0000000000000000     
          67   1.1952956595746547E-008  -1.4391259456264032E-009
  -1.5484399172455345E-008   1.1584671915880804E-009
   0.0000000000000000        0.0000000000000000     
          68   1.4147254300292002E-008  -1.8785526437483492E-009
  -1.7079380866581428E-008   1.1995472598697294E-009
   0.0000000000000000        0.0000000000000000     
          69   1.7060805602615169E-008  -2.5796312646392577E-009
  -1.8755464661790988E-008   1.2826149139042420E-009
   0.0000000000000000        0.0000000000000000     
          70   2.1143064054159214E-008  -3.7934994712535903E-009
  -2.0575412184778387E-008   1.4244895411145784E-009
   0.0000000000000000        0.0000000000000000     
          71   2.7283959396758287E-008  -6.1613214152543731E-009
  -2.2632961896041892E-008   1.6697437887449852E-009
   0.0000000000000000        0.0000000000000000     
          72   3.7425643419461392E-008  -1.1712979639415276E-008
  -2.5095693379049186E-008   2.1566553240309302E-009
   0.0000000000000000        0.0000000000000000     
          73   5.5477324320604748E-008  -2.9299437607352835E-008
  -2.8268674835234462E-008   3.4753888460965380E-009
   0.0000000000000000        0.0000000000000000     
          74   5.7151722502733693E-008  -1.0450217134877381E-007
  -3.0612709090816961E-008   8.6377651812763240E-009
   0.0000000000000000        0.0000000000000000     
          75  -6.6042022749965702E-008  -8.1516600122691511E-008
  -2.5069411952938962E-008   7.4074409460548701E-009
   0.0000000000000000        0.0000000000000000     
          76  -5.0624192903542504E-008  -2.3819990716845797E-008
  -2.9088087801712747E-008   3.9907901583036394E-009
   0.0000000000000000        0.0000000000000000     
          77  -3.4267059524764910E-008  -1.0331360343469905E-008
  -3.3765112123550688E-008   3.6282038528771260E-009
   0.0000000000000000        0.0000000000000000     
          78  -2.4843890399261290E-008  -5.8302680660587241E-009
  -3.8817678918379426E-008   4.0799647520021157E-009
   0.0000000000000000        0.0000000000000000     
          79  -1.8746883127093580E-008  -3.9179817328423657E-009
  -4.4851088932421919E-008   5.0659917117710600E-009
   0.0000000000000000        0.0000000000000000     
          80  -1.4258348738248004E-008  -3.0433398955513589E-009
  -5.2591543593054779E-008   6.7584269344016844E-009
   0.0000000000000000        0.0000000000000000     
          81  -1.0489883898496167E-008  -2.7461288446860577E-009
  -6.3190428000932467E-008   9.7172042042364857E-009
   0.0000000000000000        0.0000000000000000     
          82  -6.8115489652694772E-009  -2.9728254418178488E-009
  -7.8820967815196633E-008   1.5398685653324959E-008
   0.0000000000000000        0.0000000000000000     
          83  -2.5031943260253566E-009  -4.1034531503028979E-009
  -1.0412059135361660E-007   2.8236283086965577E-008
   0.0000000000000000        0.0000000000000000     
          84   3.6481494897989472E-009  -8.0328911590237322E-009
  -1.4905332090530836E-007   6.6287630229897221E-008
   0.0000000000000000        0.0000000000000000     
          85   9.2305718477453522E-009  -2.5410392072862922E-008
  -1.9040911816869783E-007   2.2870154839631394E-007
   0.0000000000000000        0.0000000000000000     
          86  -2.6822395833806826E-008  -3.1701605473867981E-008
   1.5377211665297614E-007   2.8775983904100908E-007
   0.0000000000000000        0.0000000000000000     
          87  -2.5180355667893164E-008  -9.3603728304426177E-009
   1.4731446677579249E-007   8.0577390611869555E-008
   0.0000000000000000        0.0000000000000000     
          88  -1.8901888552392355E-008  -4.1553498011471164E-009
   9.7555994622519673E-008   3.2234479975833922E-008
   0.0000000000000000        0.0000000000000000     
          89  -1.4952378790310322E-008  -2.5456107851292482E-009
   6.9644755282414956E-008   1.6952553203678455E-008
   0.0000000000000000        0.0000000000000000     
          90  -1.2114227248121579E-008  -1.9228357591458509E-009
   5.2751308196183921E-008   1.0434280126420189E-008
   0.0000000000000000        0.0000000000000000     
          91  -9.7459075272932697E-009  -1.7014452684673402E-009
   4.1525781446549546E-008   7.0902118215156773E-009
   0.0000000000000000        0.0000000000000000     
          92  -7.4897340050161332E-009  -1.7218361432423944E-009
   3.3523373533137497E-008   5.1484783940013080E-009
   0.0000000000000000        0.0000000000000000     
          93  -5.0628920672499723E-009  -1.9699138170988583E-009
   2.7525502238594545E-008   3.9079890833875167E-009
   0.0000000000000000        0.0000000000000000     
          94  -2.1381022203216197E-009  -2.5403823615542435E-009
   2.2881114161820782E-008   3.0363737787556451E-009
   0.0000000000000000        0.0000000000000000     
          95   1.8100966252212565E-009  -3.7246165682920550E-009
   1.9245790638689863E-008   2.3321402771358790E-009
   0.0000000000000000        0.0000000000000000     
          96   7.8209276238522024E-009  -6.3989994504916685E-009
   1.6497365600746315E-008   1.5861573177444423E-009
   0.0000000000000000        0.0000000000000000     
          97   1.8158683588035404E-008  -1.3891897193186995E-008
   1.4768890182130850E-008   2.8764839261447586E-010
   0.0000000000000000        0.0000000000000000     
          98   3.3075771688769990E-008  -4.4031215558126683E-008
   1.3967680198470088E-008  -4.0573183396553786E-009
   0.0000000000000000        0.0000000000000000     
          99  -3.9194253187204371E-008  -9.3201917464001068E-008
   1.3152831389181923E-009  -1.0967636493484266E-008
   0.0000000000000000        0.0000000000000000     
         100  -6.0562993732619997E-008  -2.7403147184808515E-008
  -4.1839658955313969E-009  -1.9377166551544912E-009
   0.0000000000000000        0.0000000000000000     
         101  -4.6284542526775931E-008  -9.8813181755313306E-009
  -4.7069484284799100E-009   4.6969243379961147E-010
   0.0000000000000000        0.0000000000000000     
         102  -3.8310377039532730E-008  -4.7715277155458236E-009
  -6.1148699870258247E-009   1.2096044733481313E-009
   0.0000000000000000        0.0000000000000000     
         103  -3.3826144749925233E-008  -2.6690402197437161E-009
  -8.0836531546854811E-009   1.5850867598285805E-009
   0.0000000000000000        0.0000000000000000     
         104  -3.1150635515319292E-008  -1.5863329804336301E-009
  -1.0454710995054458E-008   1.8793691489921384E-009
   0.0000000000000000        0.0000000000000000     
         105  -2.9536434431026294E-008  -9.2876194550664056E-010
  -1.3213846213615721E-008   2.1901624352348606E-009
   0.0000000000000000        0.0000000000000000     
         106  -2.8631146215521436E-008  -4.6751887417379423E-010
  -1.6428146676465281E-008   2.5753097085916187E-009
   0.0000000000000000        0.0000000000000000     
         107  -2.8266281163922842E-008  -9.3686945836624342E-011
  -2.0234534429166073E-008   3.0940230066719889E-009
   0.0000000000000000        0.0000000000000000     
         108  -2.8376091178083590E-008   2.5967371156955156E-010
  -2.4859260705181112E-008   3.8322276523239745E-009
   0.0000000000000000        0.0000000000000000     
         109  -2.8971790809323367E-008   6.5190087531503800E-010
  -3.0669971756539670E-008   4.9385944227294254E-009
   0.0000000000000000        0.0000000000000000     
         110  -3.0146845159028886E-008   1.1629720007881989E-009
  -3.8290052499808226E-008   6.7019319982664785E-009
   0.0000000000000000        0.0000000000000000     
         111  -3.2122194378772147E-008   1.9436199040450202E-009
  -4.8848751197107670E-008   9.7528065678777571E-009
   0.0000000000000000        0.0000000000000000     
         112  -3.5378980652159315E-008   3.3578446190096766E-009
  -6.4584977955732449E-008   1.5689771847126280E-008
   0.0000000000000000        0.0000000000000000     
         113  -4.0996671994280954E-008   6.5308282850378923E-009
  -9.0370731667595568E-008   2.9524875838036079E-008
   0.0000000000000000        0.0000000000000000     
         114  -5.1204341490116695E-008   1.6282164711837935E-008
  -1.3620895149936598E-007   7.2806641955247792E-008
   0.0000000000000000        0.0000000000000000     
         115  -5.4285356819802235E-008   5.7989052297077094E-008
  -1.4965786993836010E-007   2.5908713443951714E-007
   0.0000000000000000        0.0000000000000000     
         116   1.7983887656551302E-008   4.9869007518635898E-008
   1.7466066855543716E-007   2.2230704431093045E-007
   0.0000000000000000        0.0000000000000000     
         117   9.8511973012624629E-009   1.4605799655712643E-008
   1.3978014386354232E-007   6.3920992745602120E-008
   0.0000000000000000        0.0000000000000000     
         118  -2.3786558183224914E-010   6.5333858978169184E-009
   9.7029317024532073E-008   2.6950217083377582E-008
   0.0000000000000000        0.0000000000000000     
         119  -6.4357256600762071E-009   4.1042897573287727E-009
   7.3040267547450787E-008   1.4527540788075525E-008
   0.0000000000000000        0.0000000000000000     
         120  -1.1091954970263896E-008   3.7022686418614798E-009
   5.8439446055972110E-008   8.8932044184432967E-009
   0.0000000000000000        0.0000000000000000     
         121  -1.5431151098804470E-008   6.1583431153915058E-009
   4.8994558538646907E-008   5.5390903825868256E-009
   0.0000000000000000        0.0000000000000000     
         122  -9.1689683818836336E-009   1.5958661692204948E-008
   4.3048203185370928E-008   2.1546842982684231E-009
   0.0000000000000000        0.0000000000000000     
         123   2.9121081330308910E-010  -4.6960396486697320E-009
   3.7317408464362136E-008  -6.5803044959628055E-009
   0.0000000000000000        0.0000000000000000     
         124  -2.1765818357126802E-008  -7.5430258584053719E-009
   1.8320275197711178E-008  -5.5638326727553241E-009
   0.0000000000000000        0.0000000000000000     
         125  -2.4193378867667482E-008  -3.0302199887669289E-010
   1.4871945408381472E-008   8.9563749839384081E-010
   0.0000000000000000        0.0000000000000000     
         126  -2.5821645420631470E-008   1.5687300549951237E-009
   1.1827649804088078E-008   2.5883396088576717E-009
   0.0000000000000000        0.0000000000000000     
         127  -2.8759463569180940E-008   2.7828736342479775E-009
   7.5732000455594441E-009   3.7735186775110486E-009
   0.0000000000000000        0.0000000000000000     
         128  -3.3318638690296124E-008   4.6841998147590536E-009
   1.6676549445357767E-009   5.8821345579275841E-009
   0.0000000000000000        0.0000000000000000     
         129  -4.0627435577792586E-008   9.7995601520867877E-009
  -7.3191993218254275E-009   1.2048025202146146E-008
   0.0000000000000000        0.0000000000000000     
         130  -4.6537779013007576E-008   3.0935041434221556E-008
  -1.4098826892837472E-008   3.8442095608215139E-008
   0.0000000000000000        0.0000000000000000     
         131  -8.5989658421583142E-009   3.3081266482951534E-008
   3.5131916861170079E-008   4.0722376356341314E-008
   0.0000000000000000        0.0000000000000000     
         132  -1.4675373263284661E-008   1.1558371925755169E-008
   2.9327241815094659E-008   1.2908639255586538E-008
   0.0000000000000000        0.0000000000000000     
         133  -2.4623774535107744E-008   7.2931367342650719E-009
   1.9526540205851114E-008   6.6927138075215745E-009
   0.0000000000000000        0.0000000000000000     
         134  -3.3524488962707062E-008   6.9672268862501812E-009
   1.2367217769169401E-008   5.0304285629392219E-009
   0.0000000000000000        0.0000000000000000     
         135  -4.3413626804125283E-008   8.4826918732948941E-009
   6.0148122352141558E-009   4.8643370998400668E-009
   0.0000000000000000        0.0000000000000000     
         136  -5.6439148646214062E-008   1.2269417721403121E-008
  -7.9778355173703028E-010   5.7625870601778693E-009
   0.0000000000000000        0.0000000000000000     
         137  -7.6178771355324074E-008   2.1127041163785968E-008
  -9.4769697546303624E-009   8.4090299370636164E-009
   0.0000000000000000        0.0000000000000000     
         138  -1.1004900483484017E-007   4.6555334285702720E-008
  -2.2502320039668867E-008   1.6262475432240502E-008
   0.0000000000000000        0.0000000000000000     
