   262144.00000000000     
         256           1           3
   1.7567330116226543E-005   51.164887766128999        59.692950296100001     
   6.0401400154609997        12.000000000000000        5733.8999999999996     
           0   0.0000000000000000        0.0000000000000000     
   0.0000000000000000        0.0000000000000000     
   0.0000000000000000        0.0000000000000000     
           1   0.0000000000000000        0.0000000000000000     
  -1.0416383567474804E-008   1.6622382108311438E-011
   7.7652720637030131E-009   3.8125319279938142E-012
           2   0.0000000000000000        0.0000000000000000     
  -1.0419235592678899E-008   5.7609650519698355E-012
   7.7674868305634028E-009  -1.2130229496393588E-012
           3   0.0000000000000000        0.0000000000000000     
  -1.0424863396271156E-008   4.5160673793298679E-012
   7.7709087306943494E-009  -3.1582461238060472E-012
           4   0.0000000000000000        0.0000000000000000     
  -1.0431048672870254E-008   4.9661014304953583E-012
   7.7762683186905719E-009  -4.5743388366425063E-012
           5   0.0000000000000000        0.0000000000000000     
  -1.0438339485062934E-008   5.8511024643580276E-012
   7.7834143990919334E-009  -5.8717158373409418E-012
           6   0.0000000000000000        0.0000000000000000     
  -1.0446996828335437E-008   6.8967478051798971E-012
   7.7922956522193375E-009  -7.1442641876466990E-012
           7   0.0000000000000000        0.0000000000000000     
  -1.0457152668621186E-008   8.0254171480354585E-012
   7.8029102252557481E-009  -8.4229714552376830E-012
           8   0.0000000000000000        0.0000000000000000     
  -1.0468893011771199E-008   9.2124899788608171E-012
   7.8152795205238256E-009  -9.7221903459683661E-012
           9   0.0000000000000000        0.0000000000000000     
  -1.0482289022504703E-008   1.0451209952603408E-011
   7.8294387957994787E-009  -1.1051021428707434E-011
          10   0.0000000000000000        0.0000000000000000     
  -1.0497409761233126E-008   1.1742090561694944E-011
   7.8454338036860221E-009  -1.2416821526571568E-011
          11   0.0000000000000000        0.0000000000000000     
  -1.0514328223420672E-008   1.3089228454955995E-011
   7.8633197345002475E-009  -1.3826508334459770E-011
          12   0.0000000000000000        0.0000000000000000     
  -1.0533124790869398E-008   1.4498914516695720E-011
   7.8831611665703826E-009  -1.5287146915941674E-011
          13   0.0000000000000000        0.0000000000000000     
  -1.0553889676266836E-008   1.5979123552844085E-011
   7.9050325465816860E-009  -1.6806279278146892E-011
          14   0.0000000000000000        0.0000000000000000     
  -1.0576725039861125E-008   1.7539389139115695E-011
   7.9290190203314184E-009  -1.8392162036182445E-011
          15   0.0000000000000000        0.0000000000000000     
  -1.0601747111578715E-008   1.9190877591677471E-011
   7.9552175551709341E-009  -2.0053980129656307E-011
          16   0.0000000000000000        0.0000000000000000     
  -1.0629088516453877E-008   2.0946589545002062E-011
   7.9837383513160186E-009  -2.1802070062952126E-011
          17   0.0000000000000000        0.0000000000000000     
  -1.0658900949626664E-008   2.2821665950256144E-011
   8.0147065719677789E-009  -2.3648173702812317E-011
          18   0.0000000000000000        0.0000000000000000     
  -1.0691358336967853E-008   2.4833798998497962E-011
   8.0482644464576911E-009  -2.5605740218838430E-011
          19   0.0000000000000000        0.0000000000000000     
  -1.0726660631123556E-008   2.7003763140245401E-011
   8.0845738234152174E-009  -2.7690294692143263E-011
          20   0.0000000000000000        0.0000000000000000     
  -1.0765038420519338E-008   2.9356093946522279E-011
   8.1238192786070141E-009  -2.9919895632519555E-011
          21   0.0000000000000000        0.0000000000000000     
  -1.0806758575709118E-008   3.1919955894077389E-011
   8.1662119156329491E-009  -3.2315710098386629E-011
          22   0.0000000000000000        0.0000000000000000     
  -1.0852131224019069E-008   3.4730257000716143E-011
   8.2119940414843228E-009  -3.4902744735929173E-011
          23   0.0000000000000000        0.0000000000000000     
  -1.0901518131728315E-008   3.7829091312465537E-011
   8.2615022917396999E-009  -3.7710786845986919E-011
          24   0.0000000000000000        0.0000000000000000     
  -1.0955344820377408E-008   4.1267622746887794E-011
   8.3149455400909226E-009  -4.0775616561331119E-011
          25   0.0000000000000000        0.0000000000000000     
  -1.1014112569078415E-008   4.5108570407234478E-011
   8.3727580001106211E-009  -4.4140619995759450E-011
          26   0.0000000000000000        0.0000000000000000     
  -1.1078417302632788E-008   4.9429525161804458E-011
   8.4353815048126956E-009  -4.7858911546518045E-011
          27   0.0000000000000000        0.0000000000000000     
  -1.1148972141825410E-008   5.4327430467413441E-011
   8.5033377547012043E-009  -5.1996203597798311E-011
          28   0.0000000000000000        0.0000000000000000     
  -1.1226637285158076E-008   5.9924719078115682E-011
   8.5772477293627983E-009  -5.6634722981316434E-011
          29   0.0000000000000000        0.0000000000000000     
  -1.1312459571770647E-008   6.6377843572473527E-011
   8.6578572708044747E-009  -6.1878641531578516E-011
          30   0.0000000000000000        0.0000000000000000     
  -1.1407725585163836E-008   7.3889330241773704E-011
   8.7460712783274136E-009  -6.7861732825039976E-011
          31   0.0000000000000000        0.0000000000000000     
  -1.1514034017976083E-008   8.2725122618873228E-011
   8.8430001284835841E-009  -7.4758367980006408E-011
          32   0.0000000000000000        0.0000000000000000     
  -1.1633395951913110E-008   9.3240042398882975E-011
   8.9500237804174106E-009  -8.2799631531383890E-011
          33   0.0000000000000000        0.0000000000000000     
  -1.1768376442105305E-008   1.0591601575336529E-010
   9.0688820101463434E-009  -9.2297483810183287E-011
          34   0.0000000000000000        0.0000000000000000     
  -1.1922298650502397E-008   1.2142093305523715E-010
   9.2018041618340659E-009  -1.0368192237030908E-010
          35   0.0000000000000000        0.0000000000000000     
  -1.2099545199475987E-008   1.4070191059727710E-010
   9.3517002549955186E-009  -1.1755980737205349E-010
          36   0.0000000000000000        0.0000000000000000     
  -1.2306015158061916E-008   1.6513797543969141E-010
   9.5224502268790392E-009  -1.3481109494760254E-010
          37   0.0000000000000000        0.0000000000000000     
  -1.2549839277861245E-008   1.9679965587866480E-010
   9.7194092769212232E-009  -1.5675235546759731E-010
          38   0.0000000000000000        0.0000000000000000     
  -1.2842535736195206E-008   2.3891022557165348E-010
   9.9499237681705204E-009  -1.8542716656509188E-010
          39   0.0000000000000000        0.0000000000000000     
  -1.3200969894924281E-008   2.9670915033175339E-010
   1.0224887005978378E-008  -2.2414958400156987E-010
          40   0.0000000000000000        0.0000000000000000     
  -1.3650823631173485E-008   3.7917313417217936E-010
   1.0560699723889184E-008  -2.7858710257396389E-010
          41   0.0000000000000000        0.0000000000000000     
  -1.4233119780331929E-008   5.0272091598510215E-010
   1.0983477813487582E-008  -3.5909154875999110E-010
          42   0.0000000000000000        0.0000000000000000     
  -1.5017400497857548E-008   6.9999740078531355E-010
   1.1537197637579678E-008  -4.8622509988853728E-010
          43   0.0000000000000000        0.0000000000000000     
  -1.6130617533337069E-008   1.0434746654024632E-009
   1.2302163027651777E-008  -7.0560667302313572E-010
          44   0.0000000000000000        0.0000000000000000     
  -1.7826726191782940E-008   1.7204573764982872E-009
   1.3438613443062136E-008  -1.1350932171579668E-009
          45   0.0000000000000000        0.0000000000000000     
  -2.0663978099323869E-008   3.3346362180647862E-009
   1.5298276540276562E-008  -2.1544660614359563E-009
          46   0.0000000000000000        0.0000000000000000     
  -2.5722703882754288E-008   8.5852466954241341E-009
   1.8560521261292869E-008  -5.4616685875089067E-009
          47   0.0000000000000000        0.0000000000000000     
  -2.4125589187031534E-008   3.0617464818496762E-008
   1.7643104857298273E-008  -1.9325433304969013E-008
          48   0.0000000000000000        0.0000000000000000     
   8.2384437631158923E-009   2.0304858271183018E-008
  -2.6212878893889150E-009  -1.2843974554876719E-008
          49   0.0000000000000000        0.0000000000000000     
   3.4430359239688024E-009   6.0239544871573074E-009
   4.9707947067653688E-010  -3.8669832942123476E-009
          50   0.0000000000000000        0.0000000000000000     
  -7.6721418839193507E-010   2.6221848998568064E-009
   3.2559049170344557E-009  -1.7339998982796246E-009
          51   0.0000000000000000        0.0000000000000000     
  -3.1416921188503601E-009   1.4447631109907726E-009
   4.8698151900660734E-009  -1.0010550449499258E-009
          52   0.0000000000000000        0.0000000000000000     
  -4.6142042998130603E-009   9.1464193084097620E-010
   5.9274833117099609E-009  -6.7629744314657985E-010
          53   0.0000000000000000        0.0000000000000000     
  -5.6118760210462659E-009   6.3386915427113731E-010
   6.6990862342667480E-009  -5.0959479282310791E-010
          54   0.0000000000000000        0.0000000000000000     
  -6.3346296085079823E-009   4.6832689487348448E-010
   7.3121715284889337E-009  -4.1682086678547689E-010
          55   0.0000000000000000        0.0000000000000000     
  -6.8857699274239943E-009   3.6314950807816255E-010
   7.8338719300718051E-009  -3.6376322459622583E-010
          56   0.0000000000000000        0.0000000000000000     
  -7.3235340917791593E-009   2.9264006776032628E-010
   8.3034160093191742E-009  -3.3463993743096875E-010
          57   0.0000000000000000        0.0000000000000000     
  -7.6831731889485302E-009   2.4351540975231470E-010
   8.7461935488629714E-009  -3.2158939002552141E-010
          58   0.0000000000000000        0.0000000000000000     
  -7.9873365988559732E-009   2.0838574604660610E-010
   9.1803931653254024E-009  -3.2061065585136284E-010
          59   0.0000000000000000        0.0000000000000000     
  -8.2513576818167855E-009   1.8291327183447844E-010
   9.6206164410163586E-009  -3.2983764929944021E-010
          60   0.0000000000000000        0.0000000000000000     
  -8.4861505442835217E-009   1.6446339070095236E-010
   1.0080030911124739E-008  -3.4878296621962067E-010
          61   0.0000000000000000        0.0000000000000000     
  -8.6999065899134723E-009   1.5142446961004484E-010
   1.0571851379395331E-008  -3.7805202681548554E-010
          62   0.0000000000000000        0.0000000000000000     
  -8.8991636215914505E-009   1.4285579156400787E-010
   1.1111057557321095E-008  -4.1934672770424780E-010
          63   0.0000000000000000        0.0000000000000000     
  -9.0895561849050769E-009   1.3831565234057543E-010
   1.1715494022656667E-008  -4.7572580930528308E-010
          64   0.0000000000000000        0.0000000000000000     
  -9.2764193618158138E-009   1.3780868227995288E-010
   1.2408218424740962E-008  -5.5219852008484323E-010
          65   0.0000000000000000        0.0000000000000000     
  -9.4653969058420936E-009   1.4184222590577312E-010
   1.3220898287941692E-008  -6.5687429484396120E-010
          66   0.0000000000000000        0.0000000000000000     
  -9.6631913391465806E-009   1.5163078628155700E-010
   1.4198576858690648E-008  -8.0317842710596454E-010
          67   0.0000000000000000        0.0000000000000000     
  -9.8787231386427744E-009   1.6957230620125435E-010
   1.5409024891528131E-008  -1.0143153443248261E-009
          68   0.0000000000000000        0.0000000000000000     
  -1.0125139848851930E-008   2.0032441021103578E-010
   1.6959912808371544E-008  -1.3329185437190705E-009
          69   0.0000000000000000        0.0000000000000000     
  -1.0423790764320182E-008   2.5339829928537359E-010
   1.9032793645842309E-008  -1.8439885541098824E-009
          70   0.0000000000000000        0.0000000000000000     
  -1.0812837561753152E-008   3.5017324665774674E-010
   2.1958766638057468E-008  -2.7366642528260514E-009
          71   0.0000000000000000        0.0000000000000000     
  -1.1367962098473972E-008   5.4627793771803133E-010
   2.6400413430928129E-008  -4.5010889475242644E-009
          72   0.0000000000000000        0.0000000000000000     
  -1.2255040532952684E-008   1.0219525843008978E-009
   3.3815077260148597E-008  -8.7230064458819634E-009
          73   0.0000000000000000        0.0000000000000000     
  -1.3791575757312108E-008   2.5877177455106074E-009
   4.6993526501734968E-008  -2.2530079686232960E-008
          74   0.0000000000000000        0.0000000000000000     
  -1.3219303075344876E-008   9.1328757043791023E-009
   4.1684481148071691E-008  -8.0121251686158882E-008
          75   0.0000000000000000        0.0000000000000000     
  -3.8619192832250957E-009   5.8637679269492657E-009
  -4.0815581901707728E-008  -5.1418917915409704E-008
          76   0.0000000000000000        0.0000000000000000     
  -5.3246827398274638E-009   1.7575289492626122E-009
  -2.8115280253880653E-008  -1.5358709946515688E-008
          77   0.0000000000000000        0.0000000000000000     
  -6.5667376974287795E-009   7.7173252896147121E-010
  -1.7291689562122957E-008  -6.7401088686668751E-009
          78   0.0000000000000000        0.0000000000000000     
  -7.2680813355152821E-009   4.2511473374418157E-010
  -1.1151925231665194E-008  -3.7470059771213645E-009
          79   0.0000000000000000        0.0000000000000000     
  -7.6993923853683787E-009   2.6491068170882274E-010
  -7.3079594399814088E-009  -2.3998478593089677E-009
          80   0.0000000000000000        0.0000000000000000     
  -7.9835843006006774E-009   1.7616683133585775E-010
  -4.6684923893769990E-009  -1.6897602192105848E-009
          81   0.0000000000000000        0.0000000000000000     
  -8.1774700674437580E-009   1.1984694759474294E-010
  -2.7206423948591703E-009  -1.2758841643789586E-009
          82   0.0000000000000000        0.0000000000000000     
  -8.3094910925175669E-009   7.9746699907593357E-011
  -1.1974352555195356E-009  -1.0187903936441525E-009
          83   0.0000000000000000        0.0000000000000000     
  -8.3945521027603906E-009   4.8019324386981628E-011
   5.3971714698067532E-011  -8.5347680981133664E-010
          84   0.0000000000000000        0.0000000000000000     
  -8.4402808364095855E-009   2.0292594051373396E-011
   1.1284191840491419E-009  -7.4682841575075943E-010
          85   0.0000000000000000        0.0000000000000000     
  -8.4498428250997691E-009  -6.2768356327597333E-012
   2.0899061520271871E-009  -6.8110817717783046E-010
          86   0.0000000000000000        0.0000000000000000     
  -8.4231818430040766E-009  -3.3915540875571106E-011
   2.9855781897179487E-009  -6.4686821075676092E-010
          87   0.0000000000000000        0.0000000000000000     
  -8.3574279269309087E-009  -6.4765579157605411E-011
   3.8538723114884104E-009  -6.3976395614482946E-010
          88   0.0000000000000000        0.0000000000000000     
  -8.2467059862492009E-009  -1.0131528188183674E-010
   4.7302817974548394E-009  -6.5924937874846043E-010
          89   0.0000000000000000        0.0000000000000000     
  -8.0813855058269863E-009  -1.4690417750594373E-010
   5.6515742877429352E-009  -7.0843430180123637E-010
          90   0.0000000000000000        0.0000000000000000     
  -7.8465327510661595E-009  -2.0650198544539802E-010
   6.6617508441772320E-009  -7.9503285395217174E-010
          91   0.0000000000000000        0.0000000000000000     
  -7.5190560034778915E-009  -2.8812066800307761E-010
   7.8184433509557253E-009  -9.3392002125006688E-010
          92   0.0000000000000000        0.0000000000000000     
  -7.0623982718172197E-009  -4.0566329204706300E-010
   9.2056318666253600E-009  -1.1528652522097409E-009
          93   0.0000000000000000        0.0000000000000000     
  -6.4161419936634176E-009  -5.8526099582199356E-010
   1.0955538820536325E-008  -1.5056901452905264E-009
          94   0.0000000000000000        0.0000000000000000     
  -5.4742651546694222E-009  -8.8103450645730676E-010
   1.3295186680422975E-008  -2.1052940803566491E-009
          95   0.0000000000000000        0.0000000000000000     
  -4.0354324228212546E-009  -1.4202991616526098E-009
   1.6650939746043490E-008  -3.2186111558945063E-009
          96   0.0000000000000000        0.0000000000000000     
  -1.6788586638541200E-009  -2.5609051410528163E-009
   2.1909654098941129E-008  -5.5973237734002681E-009
          97   0.0000000000000000        0.0000000000000000     
   2.5344073326445928E-009  -5.6113212318189122E-009
   3.1045219891415308E-008  -1.1991612144691827E-008
          98   0.0000000000000000        0.0000000000000000     
   9.2205908796848352E-009  -1.7402622989257339E-008
   4.5355432091974183E-008  -3.6761546213557887E-008
          99   0.0000000000000000        0.0000000000000000     
  -1.8095183134420214E-008  -4.3311394110839168E-008
  -1.1838915137808393E-008  -9.1209510426225103E-008
         100   0.0000000000000000        0.0000000000000000     
  -3.2953359627119731E-008  -1.3574710718536404E-008
  -4.2871717301253833E-008  -2.8676475909976158E-008
         101   0.0000000000000000        0.0000000000000000     
  -2.6408937723554805E-008  -4.7405691383880221E-009
  -2.8937458355805844E-008  -1.0084262860641832E-008
         102   0.0000000000000000        0.0000000000000000     
  -2.2643690101507827E-008  -2.2762536379611499E-009
  -2.0874962542372876E-008  -4.8809559995021184E-009
         103   0.0000000000000000        0.0000000000000000     
  -2.0490084603890694E-008  -1.3073347103393820E-009
  -1.6233429659667501E-008  -2.8185729924721674E-009
         104   0.0000000000000000        0.0000000000000000     
  -1.9138170921253157E-008  -8.3777648724509457E-010
  -1.3313920282167426E-008  -1.8022829101423477E-009
         105   0.0000000000000000        0.0000000000000000     
  -1.8223211446541504E-008  -5.7902781913872385E-010
  -1.1355633303526924E-008  -1.2243195526381623E-009
         106   0.0000000000000000        0.0000000000000000     
  -1.7565798321855270E-008  -4.2470795192268134E-010
  -9.9888899033925429E-009  -8.5954541172958598E-010
         107   0.0000000000000000        0.0000000000000000     
  -1.7067927995764810E-008  -3.2880567415119517E-010
  -9.0174655107989654E-009  -6.0925362950630809E-010
         108   0.0000000000000000        0.0000000000000000     
  -1.6670566838701304E-008  -2.6924318864280722E-010
  -8.3300332919031275E-009  -4.2435667675606122E-010
         109   0.0000000000000000        0.0000000000000000     
  -1.6334487095121121E-008  -2.3486920548518544E-010
  -7.8614272358431262E-009  -2.7771422922133026E-010
         110   0.0000000000000000        0.0000000000000000     
  -1.6030588716404400E-008  -2.2024128393334209E-010
  -7.5732034443250105E-009  -1.5264455972736825E-010
         111   0.0000000000000000        0.0000000000000000     
  -1.5734307633495705E-008  -2.2344800944203058E-010
  -7.4452727941792474E-009  -3.7494622168447555E-011
         112   0.0000000000000000        0.0000000000000000     
  -1.5421702527654587E-008  -2.4536195135388809E-010
  -7.4709047917651281E-009   7.7379182739003135E-011
         113   0.0000000000000000        0.0000000000000000     
  -1.5065837550445269E-008  -2.8982343542888357E-010
  -7.6559369597909479E-009   2.0180248201181570E-010
         114   0.0000000000000000        0.0000000000000000     
  -1.4632379269027780E-008  -3.6482481860728438E-010
  -8.0205464702663416E-009   3.4812692797996553E-010
         115   0.0000000000000000        0.0000000000000000     
  -1.4072815033663111E-008  -4.8537763104547112E-010
  -8.6038800144436028E-009   5.3485725280326123E-010
         116   0.0000000000000000        0.0000000000000000     
  -1.3312442861248432E-008  -6.8002192157275445E-010
  -9.4756389024108434E-009   7.9380410892690376E-010
         117   0.0000000000000000        0.0000000000000000     
  -1.2226577841403803E-008  -1.0065326807620577E-009
  -1.0760137156427688E-008   1.1866364494939729E-009
         118   0.0000000000000000        0.0000000000000000     
  -1.0588595238740125E-008  -1.5944659586347214E-009
  -1.2689749743249287E-008   1.8492025887601232E-009
         119   0.0000000000000000        0.0000000000000000     
  -7.9447574242469482E-009  -2.7813239533051487E-009
  -1.5734597911437348E-008   3.1329574684255101E-009
         120   0.0000000000000000        0.0000000000000000     
  -3.2957760317135500E-009  -5.6648090419356823E-009
  -2.0931015364254467E-008   6.1781748948406002E-009
         121   0.0000000000000000        0.0000000000000000     
   5.2496755867264815E-009  -1.5211046831180111E-008
  -3.0244829441773626E-008   1.6139723029292281E-008
         122   0.0000000000000000        0.0000000000000000     
   1.2797323631318281E-010  -5.4797824111701480E-008
  -2.5449578419502471E-008   5.7280068178990790E-008
         123   0.0000000000000000        0.0000000000000000     
  -5.5506015165870878E-008  -3.3662612962073664E-008
   3.1686793879087772E-008   3.5407103573354243E-008
         124   0.0000000000000000        0.0000000000000000     
  -4.7271132414456307E-008  -9.7978159494229931E-009
   2.2452973863726885E-008   1.0706462043042548E-008
         125   0.0000000000000000        0.0000000000000000     
  -4.0632715872043603E-008  -4.0387414215850342E-009
   1.4782747512502811E-008   4.8023804371999833E-009
         126   0.0000000000000000        0.0000000000000000     
  -3.7185417094465841E-008  -2.0000299746990508E-009
   1.0319376763419849E-008   2.7673969873463175E-009
         127   0.0000000000000000        0.0000000000000000     
  -3.5334272749536813E-008  -1.0525076871091156E-009
   7.3965221577179771E-009   1.8749496803876076E-009
         128   0.0000000000000000        0.0000000000000000     
  -3.4356507372592065E-008  -5.2512213048853485E-010
   5.2483977606767249E-009   1.4310933938526052E-009
         129   0.0000000000000000        0.0000000000000000     
  -3.3916868204768775E-008  -1.8949104425390355E-010
   3.5081314484349755E-009   1.2019484601576910E-009
         130   0.0000000000000000        0.0000000000000000     
  -3.3846125726715266E-008   4.8959875351527905E-011
   1.9763905354819858E-009   1.0934238387976025E-009
         131   0.0000000000000000        0.0000000000000000     
  -3.4053685544435956E-008   2.3547660243428666E-010
   5.2887821633174657E-010   1.0639258010685641E-009
         132   0.0000000000000000        0.0000000000000000     
  -3.4490300399806939E-008   3.9444343763189580E-010
  -9.2384549862477489E-010   1.0953914571361243E-009
         133   0.0000000000000000        0.0000000000000000     
  -3.5130794217200912E-008   5.4057228270785881E-010
  -2.4576556061794079E-009   1.1825747487918180E-009
         134   0.0000000000000000        0.0000000000000000     
  -3.5965643436936991E-008   6.8387750887994978E-010
  -4.1482896406081606E-009   1.3293330185323911E-009
         135   0.0000000000000000        0.0000000000000000     
  -3.6996820723073725E-008   8.3214570626268662E-010
  -6.0819274773436218E-009   1.5484989169673585E-009
         136   0.0000000000000000        0.0000000000000000     
  -3.8235961743917509E-008   9.9229978907135976E-010
  -8.3692642642454342E-009   1.8647540373750623E-009
         137   0.0000000000000000        0.0000000000000000     
  -3.9703895430312814E-008   1.1712078756892192E-009
  -1.1163288178731426E-008   2.3217824225735804E-009
         138   0.0000000000000000        0.0000000000000000     
  -4.1431012637773808E-008   1.3760627423337661E-009
  -1.4692299326202736E-008   2.9978325808713158E-009
