   262144.00000000000     
         256           1           3
   1.7567330116226543E-005   51.164887766128999        59.692950296100001     
   6.0401400154609997        12.000000000000000        6321.0000000000000     
           0   0.0000000000000000        0.0000000000000000     
   0.0000000000000000        0.0000000000000000     
   0.0000000000000000        0.0000000000000000     
           1   2.4297360868983524E-009  -8.8255118369599898E-011
   1.5000426273231632E-008  -3.2704366964190431E-010
  -8.2069401956704170E-009   1.5422616441376624E-010
           2   2.4480081471759098E-009  -1.1547765438364524E-010
   1.4892607622831269E-008  -3.4063607748803336E-010
  -8.0963243911589739E-009   1.3023515917715315E-010
           3   2.5151722578539447E-009  -1.5330685659608701E-010
   1.4865810799596791E-008  -3.6214947597675350E-010
  -7.9887007942275980E-009   9.9437493831474315E-011
           4   2.6396076990529140E-009  -2.1150889205268922E-010
   1.4894489224705494E-008  -3.9666556359570770E-010
  -7.8543355932889363E-009   5.3448760903902637E-011
           5   2.8457629491461714E-009  -3.1224298359309777E-010
   1.4984848785438918E-008  -4.5733888353051978E-010
  -7.6658283747576345E-009  -2.5045349282891359E-011
           6   3.1896476194319153E-009  -5.1430932656175572E-010
   1.5166513646207758E-008  -5.7974171401103237E-010
  -7.3768544087037081E-009  -1.8154173643933413E-010
           7   3.7838704167791927E-009  -1.0150073910880667E-009
   1.5505492965797651E-008  -8.8353987411207713E-010
  -6.8988955713215597E-009  -5.6836717944618585E-010
           8   4.6320053212010839E-009  -2.6853127213391763E-009
   1.6002656384135414E-008  -1.8972309276799882E-009
  -6.2281797900165337E-009  -1.8577479395298664E-009
           9   1.6103186876751322E-009  -6.5838274049133097E-009
   1.4154959514797150E-008  -4.2634279910109024E-009
  -8.5464015028589858E-009  -4.8670134261521637E-009
          10  -1.8796261095248409E-009  -2.8212976652488685E-009
   1.2025561034561319E-008  -1.9808651303830624E-009
  -1.1228464237846776E-008  -1.9637669535089680E-009
          11  -9.9915715385875828E-010  -1.0146701932245649E-009
   1.2550865682811957E-008  -8.8504274580273122E-010
  -1.0538925202157147E-008  -5.6963285802165772E-010
          12  -3.5774515868320604E-010  -4.9469291313976079E-010
   1.2933451600670541E-008  -5.7011874835255163E-010
  -1.0035042592914854E-008  -1.6847859388031255E-010
          13   2.0649770512045512E-011  -2.9303669440817147E-010
   1.3158347955890059E-008  -4.4849807932836546E-010
  -9.7353153333324773E-009  -1.3002186045920108E-011
          14   2.5890993940118449E-010  -1.9638583835946405E-010
   1.3300223970446455E-008  -3.9072108170144049E-010
  -9.5445009862211994E-009   6.1435702319521153E-011
          15   4.1942649274090462E-010  -1.4308854208660909E-010
   1.3396532907882233E-008  -3.5939035594616777E-010
  -9.4146958436009739E-009   1.0239658098876591E-010
          16   5.3278233479645531E-010  -1.1065739393451678E-010
   1.3465998158590821E-008  -3.4085772349084661E-010
  -9.3218651519388467E-009   1.2724106274205589E-010
          17   6.1600078875507699E-010  -8.9384310793048981E-011
   1.3518789547979767E-008  -3.2924540179443140E-010
  -9.2530108369476073E-009   1.4344362940098107E-010
          18   6.7857293580197302E-010  -7.4563173772213700E-011
   1.3560729711652639E-008  -3.2170753740290033E-010
  -9.2005850203970919E-009   1.5463165248902045E-010
          19   7.2648458180667350E-010  -6.3679838188932217E-011
   1.3595381620701263E-008  -3.1673759575987290E-010
  -9.1599379967938520E-009   1.6273199867285915E-010
          20   7.6333593638986656E-010  -5.5301302416499030E-011
   1.3625151446467097E-008  -3.1347580738684017E-010
  -9.1280648150137267E-009   1.6884332233238811E-010
          21   7.9170188935554576E-010  -4.8545806930833864E-011
   1.3651576760924179E-008  -3.1141307906263860E-010
  -9.1029469055849797E-009   1.7362909016584690E-010
          22   8.1350768190281808E-010  -4.2836863647763906E-011
   1.3675757802796117E-008  -3.1023203048550949E-010
  -9.0831856186467808E-009   1.7750981285348921E-010
          23   8.2940885759816231E-010  -3.7807768989376353E-011
   1.3698516162370142E-008  -3.0972883965576913E-010
  -9.0677879916752369E-009   1.8076358624439503E-010
          24   8.4042433690993466E-010  -3.3170273331242689E-011
   1.3720454891420503E-008  -3.0977242095202841E-010
  -9.0560363765667493E-009   1.8358171544997593E-010
          25   8.4705991420112520E-010  -2.8710288610270409E-011
   1.3742052654802031E-008  -3.1027807893966278E-010
  -9.0474062371155564E-009   1.8610104035775902E-010
          26   8.4977716811990113E-010  -2.4244723228367808E-011
   1.3763730914301723E-008  -3.1119160916955593E-010
  -9.0415130104768987E-009   1.8842357964341868E-010
          27   8.4838917846517182E-010  -1.9628948318475833E-011
   1.3785761436091614E-008  -3.1248757600826893E-010
  -9.0380770409253607E-009   1.9062901881487571E-010
          28   8.4304731110435582E-010  -1.4704737891923244E-011
   1.3808472376092128E-008  -3.1415389442667515E-010
  -9.0369003437192745E-009   1.9278305162404151E-010
          29   8.3360809032157551E-010  -9.3146127987726191E-012
   1.3832142723516624E-008  -3.1619614072524097E-010
  -9.0378512705241999E-009   1.9494331816389461E-010
          30   8.1971104291776798E-010  -3.2878863909425948E-012
   1.3857085211960486E-008  -3.1863283599383975E-010
  -9.0408548987589029E-009   1.9716399890278527E-010
          31   8.0109842843639185E-010   3.5844294375001369E-012
   1.3883507721483337E-008  -3.2150472193092137E-010
  -9.0458877975563540E-009   1.9949978312552770E-010
          32   7.7710082544976311E-010   1.1544197793697974E-011
   1.3911754104463114E-008  -3.2486408699082159E-010
  -9.0529764421498095E-009   2.0200977286019619E-010
          33   7.4693459685154808E-010   2.0898258128851891E-011
   1.3942167314844676E-008  -3.2878737693435090E-010
  -9.0621991622972774E-009   2.0476184815243337E-010
          34   7.0957194698864119E-010   3.2041259942349657E-011
   1.3975145073004932E-008  -3.3337949748540634E-010
  -9.0736918494781906E-009   2.0783811566606861E-010
          35   6.6342923106811510E-010   4.5483497184197151E-011
   1.4011170104743671E-008  -3.3878334278975821E-010
  -9.0876582335323075E-009   2.1134229310851569E-010
          36   6.0723843072096204E-010   6.1946100044742006E-011
   1.4050810788492707E-008  -3.4519682128184075E-010
  -9.1043862888920437E-009   2.1541033653363773E-010
          37   5.3844612805642527E-010   8.2388351392864725E-011
   1.4094808788886620E-008  -3.5289421694007858E-010
  -9.1242731737349449E-009   2.2022647742746285E-010
          38   4.5396985605350613E-010   1.0818319613753664E-010
   1.4144110867089492E-008  -3.6226607354569775E-010
  -9.1478631739816588E-009   2.2604839923838280E-010
          39   3.4963195876477042E-010   1.4133130304116725E-010
   1.4199968317076816E-008  -3.7388162337146889E-010
  -9.1759056623020859E-009   2.3324835002305082E-010
          40   2.1965876786873019E-010   1.8484296100289689E-010
   1.4264078185339588E-008  -3.8859612496636300E-010
  -9.2094454065332409E-009   2.4238308751864036E-010
          41   5.5721721735069121E-011   2.4341287145191224E-010
   1.4338776678717809E-008  -4.0774409433744397E-010
  -9.2499667704007474E-009   2.5431845662657364E-010
          42  -1.5372560168111777E-010   3.2472709811812655E-010
   1.4427526821657433E-008  -4.3349219508393244E-010
  -9.2996307121674400E-009   2.7046329205933907E-010
          43  -4.2663158205559900E-010   4.4198501745802185E-010
   1.4535354873181689E-008  -4.6956872709941187E-010
  -9.3616758270699692E-009   2.9323675956498324E-010
          44  -7.9054171448787101E-010   6.1944229296050273E-010
   1.4670042058502394E-008  -5.2280458856564263E-010
  -9.4411131816646149E-009   3.2707420217722083E-010
          45  -1.2893872752668718E-009   9.0540545226842018E-010
   1.4843936593652744E-008  -6.0678008012202454E-010
  -9.5459228813204686E-009   3.8079572740564533E-010
          46  -1.9934943297467859E-009   1.4063741916933994E-009
   1.5076720577041649E-008  -7.5138925319768358E-010
  -9.6888515047992826E-009   4.7382112738658457E-010
          47  -3.0011248161126391E-009   2.3883554985563461E-009
   1.5395738103378502E-008  -1.0311915197372487E-009
  -9.8876249180680715E-009   6.5459276942776177E-010
          48  -4.2950609669926209E-009   4.6032223996294741E-009
   1.5795513655137297E-008  -1.6565865167586942E-009
  -1.0138667689388117E-008   1.0598196795168186E-009
          49  -4.2408890339310984E-009   9.8936551434809326E-009
   1.5816983213115455E-008  -3.1415305001840632E-009
  -1.0143588226599974E-008   2.0234654512832740E-009
          50   4.1627456049231687E-009   1.4442307534638724E-008
   1.3505134372662325E-008  -4.4106591245663347E-009
  -8.6320005174360600E-009   2.8467466112513041E-009
          51   1.0049175870746477E-008   7.9240964813551601E-009
   1.1911523811106721E-008  -2.5861020096261376E-009
  -7.5867670121475399E-009   1.6596103030631802E-009
          52   9.1329046845096492E-009   3.5242118350676797E-009
   1.2221888198546406E-008  -1.3618043007004172E-009
  -7.7783396617154799E-009   8.6237432117575225E-010
          53   7.7659477071784187E-009   1.7698108251839833E-009
   1.2658504664365060E-008  -8.7876841469130894E-010
  -8.0515139223790113E-009   5.4665113664462423E-010
          54   6.7907286561189682E-009   9.8746716989719997E-010
   1.2987643822933689E-008  -6.6794068157191541E-010
  -8.2543774002183659E-009   4.0763895503537510E-010
          55   6.1235122171844737E-009   5.8584849762900882E-010
   1.3233651560466229E-008  -5.6402910222453919E-010
  -8.4027221849631022E-009   3.3792274796685892E-010
          56   5.6568101266792917E-009   3.5593253140523953E-010
   1.3427229177180863E-008  -5.0875885029446953E-010
  -8.5164871245189235E-009   2.9963180516464679E-010
          57   5.3209019811703851E-009   2.1316071579339871E-010
   1.3588255615145155E-008  -4.7867058229858330E-010
  -8.6085832060385531E-009   2.7752868573300745E-010
          58   5.0736998566140492E-009   1.1895825283954117E-010
   1.3729072023415334E-008  -4.6316306882226144E-010
  -8.6870712033571636E-009   2.6474742064544709E-010
          59   4.8886651567636738E-009   5.3958768510573123E-011
   1.3857664195677734E-008  -4.5702701160521133E-010
  -8.7572298147500935E-009   2.5795711407982534E-010
          60   4.7484693551558462E-009   7.7201524878634019E-012
   1.3979519869645507E-008  -4.5757720228761510E-010
  -8.8228013805433871E-009   2.5552335468586122E-010
          61   4.6412845703312133E-009  -2.5675154745636029E-011
   1.4098685094529216E-008  -4.6342879959771720E-010
  -8.8867344884767092E-009   2.5675979201202026E-010
          62   4.5586493343382156E-009  -4.9666689348992499E-011
   1.4218375405977402E-008  -4.7392372306366821E-010
  -8.9516764050243653E-009   2.6164486160258605E-010
          63   4.4941924104763646E-009  -6.6237745322056212E-011
   1.4341337850667062E-008  -4.8882342152583308E-010
  -9.0203732531480010E-009   2.7080023359618475E-010
          64   4.4428369861439652E-009  -7.6469884070098458E-011
   1.4470057104330433E-008  -5.0807901566690467E-010
  -9.0960948828278360E-009   2.8571368979412404E-010
          65   4.4002885667036550E-009  -8.0915724327987870E-011
   1.4606835475906338E-008  -5.3150857425500280E-010
  -9.1832052637343467E-009   3.0935528109248263E-010
          66   4.3627046335465298E-009  -8.0044673855138831E-011
   1.4753738040025004E-008  -5.5805086614131153E-010
  -9.2880301800994290E-009   3.4766310990861574E-010
          67   4.3266084536778863E-009  -7.5273370185765723E-011
   1.4912490359646363E-008  -5.8364925419853792E-010
  -9.4201169063021305E-009   4.1330287978927240E-010
          68   4.2875138284419914E-009  -7.2253695529939311E-011
   1.5085107207512325E-008  -5.9466029110099284E-010
  -9.5929072213567170E-009   5.3614015953174687E-010
          69   4.2350702955940270E-009  -9.1898141733647443E-011
   1.5284292532622004E-008  -5.4626180905388491E-010
  -9.8132583694552222E-009   7.9487580927906019E-010
          70   4.1040103702595217E-009  -1.9808378752943666E-010
   1.5622409563892518E-008  -3.0999830527339298E-010
  -9.9719746861210675E-009   1.3927298426502647E-009
          71   3.5485621484425404E-009  -3.4641502144848339E-010
   1.6721249587714573E-008   4.6020430995231423E-011
  -9.3276373930545427E-009   2.3218067841341304E-009
          72   2.6088663087072220E-009   2.7312692003944297E-010
   1.8463165679240274E-008  -9.1823388045342377E-010
  -8.0949537809678025E-009   1.9205049857965186E-009
          73   2.0124739879981699E-009   1.5082644549289957E-009
   1.9499581320605989E-008  -2.7656300033359877E-009
  -8.0211876748280881E-009   1.1463128346493576E-009
          74   1.6332963977297346E-009   3.5652879619451076E-009
   2.0192860927996224E-008  -5.5658360795387759E-009
  -8.2576318097327464E-009   8.7902770964204208E-010
          75   3.0211398287996708E-009   7.2301024924131528E-009
   1.8615664593599814E-008  -1.0363699794686081E-008
  -8.3659739768834570E-009   9.2382138560852750E-010
          76   8.8218974915595945E-009   8.5551607981720643E-009
   1.1429359647948007E-008  -1.2059899935981944E-008
  -8.1674473852154733E-009   9.1209440249843199E-010
          77   1.2028476999059924E-008   4.7241218671686388E-009
   7.7098217350986716E-009  -7.1526043770691506E-009
  -8.0962842331454859E-009   6.3241478719691789E-010
          78   1.1934656495502216E-008   2.0324760913180823E-009
   8.2651091625126411E-009  -3.7719430485647497E-009
  -8.2009205098774046E-009   4.4314244146106534E-010
          79   1.1455262214009753E-008   7.5873625401077830E-010
   9.3378183112019733E-009  -2.2324922587360028E-009
  -8.3138083806120505E-009   3.5005290622214468E-010
          80   1.1163009013680341E-008   1.0061126890749062E-010
   1.0206029489327451E-008  -1.4940015266765167E-009
  -8.4059058281215905E-009   3.0036068196692948E-010
          81   1.1073997377583524E-008  -2.9589003934032596E-010
   1.0860892649332664E-008  -1.1031104886056451E-009
  -8.4797190914591487E-009   2.7057287827232104E-010
          82   1.1147515880830514E-008  -5.7428149537583049E-010
   1.1364367670012693E-008  -8.7912978075074881E-010
  -8.5400354256730132E-009   2.5086395034877726E-010
          83   1.1353286311576918E-008  -7.9913363444234892E-010
   1.1765660748316199E-008  -7.4379308771841521E-010
  -8.5904055823630135E-009   2.3668741525137414E-010
          84   1.1674869212606898E-008  -1.0039255346185636E-009
   1.2098045994258640E-008  -6.5997950158897557E-010
  -8.6332044401324435E-009   2.2568776596591772E-010
          85   1.2106504172038525E-008  -1.2093411439534010E-009
   1.2383948939148942E-008  -6.0879813512617986E-010
  -8.6699908173868944E-009   2.1650229453682483E-010
          86   1.2650790121354330E-008  -1.4312392080703375E-009
   1.2639091898557418E-008  -5.8026402318209365E-010
  -8.7017706281990491E-009   2.0824432649468857E-010
          87   1.3317785367185925E-008  -1.6849242092516135E-009
   1.2875206845756525E-008  -5.6922518778604074E-010
  -8.7291584008326904E-009   2.0025121778078126E-010
          88   1.4125355633998556E-008  -1.9883326586877873E-009
   1.3101809186601065E-008  -5.7354479446734741E-010
  -8.7524690659154341E-009   1.9193974111298404E-010
          89   1.5100814921746853E-008  -2.3655447280174733E-009
   1.3327421885526720E-008  -5.9340915636689702E-010
  -8.7717633203499398E-009   1.8270028170076216E-010
          90   1.6283463022419248E-008  -2.8519886043701335E-009
   1.3560745396439609E-008  -6.3136530453859424E-010
  -8.7868602633692939E-009   1.7179143943683914E-010
          91   1.7730260799701078E-008  -3.5033921126219441E-009
   1.3811660073661548E-008  -6.9313449975990674E-010
  -8.7973261284140849E-009   1.5820296827941578E-010
          92   1.9523936924105236E-008  -4.4128546794390904E-009
   1.4092195186172388E-008  -7.8967242863118100E-010
  -8.8024486733970385E-009   1.4044939967915921E-010
          93   2.1780023078746179E-008  -5.7460784398582454E-009
   1.4418581369396899E-008  -9.4173558862568397E-010
  -8.8012119089093376E-009   1.1625184930029479E-010
          94   2.4660192943300960E-008  -7.8184039476452979E-009
   1.4811688046472152E-008  -1.1905853126747529E-009
  -8.7922425347758424E-009   8.2113674968123674E-011
          95   2.8342233655302042E-008  -1.1276884426465148E-008
   1.5291283444946684E-008  -1.6240653203536272E-009
  -8.7730367605590030E-009   3.2992917204185584E-011
          96   3.2794071828805435E-008  -1.7538744189982506E-008
   1.5829373875670237E-008  -2.4359523364020188E-009
  -8.7325788253367614E-009  -4.0298620878734622E-011
          97   3.6452681868231869E-008  -2.9631416865475852E-008
   1.6128359747695500E-008  -3.9603254780361130E-009
  -8.6360610624041084E-009  -2.0504247222149108E-010
          98   3.0683861912956817E-008  -5.0581880788988867E-008
   1.5203065835043148E-008  -6.2844345881949190E-009
  -8.6780144984918360E-009  -6.6753065970906477E-010
          99   1.1453814935134671E-009  -6.2873481885210093E-008
   1.1743331159519213E-008  -7.4314764952009952E-009
  -9.3255139891464019E-009  -9.9322422291696743E-010
         100  -2.2424169587878188E-008  -4.4120229392823637E-008
   9.1402064154198451E-009  -5.1254983811290519E-009
  -9.8698048006302279E-009  -6.1135247098601780E-010
         101  -2.3528079879159728E-008  -2.5057749198870880E-008
   9.0862538769272867E-009  -2.8998843192415225E-009
  -9.9281092247800743E-009  -2.1506357745330810E-010
         102  -1.8614515766635024E-008  -1.5051067702070470E-008
   9.6698675863315674E-009  -1.7371647684794700E-009
  -9.8604026689234775E-009  -1.0507905331838245E-011
         103  -1.3720869838776469E-008  -1.0027974857099787E-008
   1.0219336390857876E-008  -1.1447529537601516E-009
  -9.7957915265833997E-009   9.0584464473578146E-011
         104  -9.6682226083566889E-009  -7.3602988037306486E-009
   1.0650395590353128E-008  -8.1711847140249897E-010
  -9.7509736130060393E-009   1.4406648961199799E-010
         105  -6.3257669580871910E-009  -5.8775611665547052E-009
   1.0981309903157913E-008  -6.1915467050115440E-010
  -9.7228177271524024E-009   1.7438507055125404E-010
         106  -3.4698867157591895E-009  -5.0521664678693822E-009
   1.1237847627788079E-008  -4.8955147109602678E-010
  -9.7066371572241106E-009   1.9240919693837926E-010
         107  -9.1791979596182585E-010  -4.6330831799465612E-009
   1.1439165421503763E-008  -3.9824211702011565E-010
  -9.6987931387647638E-009   2.0329154888371538E-010
         108   1.4705109367968626E-009  -4.4976904566763970E-009
   1.1598654658507384E-008  -3.2917238123725371E-010
  -9.6966813708032062E-009   2.0960564269291841E-010
         109   3.8078566075051659E-009  -4.5902346681204828E-009
   1.1725090355913902E-008  -2.7301978652731246E-010
  -9.6984057490376197E-009   2.1264853182430605E-010
         110   6.1932059136663082E-009  -4.8960625645608749E-009
   1.1824189868884963E-008  -2.2380441169918838E-010
  -9.7025026703075028E-009   2.1300575392507379E-010
         111   8.7243867322585749E-009  -5.4328616866798150E-009
   1.1899490293966029E-008  -1.7715905772271094E-010
  -9.7077396959559137E-009   2.1078936306952637E-010
         112   1.1506541321459933E-008  -6.2527421265430805E-009
   1.1952620604098492E-008  -1.2930542427792220E-010
  -9.7129623649827980E-009   2.0570265374342850E-010
         113   1.4668609547567034E-008  -7.4546316267632943E-009
   1.1984160296691104E-008  -7.6188413599407014E-011
  -9.7169644466479479E-009   1.9697447645301318E-010
         114   1.8370495615880697E-008  -9.2135898469195295E-009
   1.1992864521913358E-008  -1.2586819084896437E-011
  -9.7183668329414497E-009   1.8313532029436304E-010
         115   2.2822027290163381E-008  -1.1841041526751987E-008
   1.1976237300454844E-008   6.9423253233454527E-011
  -9.7155201513858907E-009   1.6151872270686288E-010
         116   2.8284050992709081E-008  -1.5913243838240007E-008
   1.1930914290644682E-008   1.8333944251347537E-010
  -9.7065449193542539E-009   1.2719662149836111E-010
         117   3.5006055057113688E-008  -2.2553354410083051E-008
   1.1853610465817955E-008   3.5413506428547701E-010
  -9.6900294892261534E-009   7.0668561681077901E-011
         118   4.2841686090078294E-008  -3.4050002300514992E-008
   1.1751727812055609E-008   6.3099067122594101E-010
  -9.6686147549720628E-009  -2.7060430520686357E-011
         119   4.9438379232753021E-008  -5.4919698530463993E-008
   1.1681608044341913E-008   1.1068870231864561E-009
  -9.6647417868701452E-009  -2.0221964103946949E-010
         120   4.3502236610785873E-008  -9.0441451657476837E-008
   1.1890947505508707E-008   1.8773086289358833E-009
  -9.7759731873694706E-009  -4.9184633437967247E-010
         121   2.2767373622094474E-010  -1.2386271401190399E-007
   1.2877912468860794E-008   2.5498982735372170E-009
  -1.0198976299943950E-008  -7.4067412840100051E-010
         122  -5.7135071489577713E-008  -1.0627173343788607E-007
   1.4071027131182103E-008   2.1280829351326433E-009
  -1.0709155789605822E-008  -5.5501923088912175E-010
         123  -7.4774734159908472E-008  -6.5660824968995135E-008
   1.4371637212341202E-008   1.2957703252017811E-009
  -1.0874810131593808E-008  -2.0228871552467489E-010
         124  -7.0132194634334502E-008  -3.8885005584562661E-008
   1.4206013935195467E-008   8.1634720386552958E-010
  -1.0864553403172037E-008   2.0370343030764140E-011
         125  -6.1689860259956132E-008  -2.4351092964551725E-008
   1.3963614015025102E-008   6.4584669012816971E-010
  -1.0831859626050373E-008   1.3697959877978385E-010
         126  -5.4147657840136547E-008  -1.6274686158775963E-008
   1.3748144588102382E-008   6.9175147922698771E-010
  -1.0813191147912712E-008   1.9711550587361703E-010
         127  -4.8081915502384005E-008  -1.1507288993283506E-008
   1.3637854939448842E-008   9.4743863882152253E-010
  -1.0814909137233112E-008   2.2471541316621229E-010
         128  -4.3267158178475815E-008  -8.5308100540758914E-009
   1.3858700216820978E-008   1.3522780743338121E-009
  -1.0845299885477313E-008   2.3378704331375768E-010
         129  -3.9401481999695774E-008  -6.5773583789428073E-009
   1.4501786613831181E-008   1.3864386730941990E-009
  -1.0906298505644414E-008   2.5405639197904936E-010
         130  -3.6213181834556750E-008  -5.2494606268971879E-009
   1.4830539016598258E-008   8.9354502120614579E-010
  -1.0962088981628424E-008   2.9579392382543939E-010
         131  -3.3512337230389475E-008  -4.3516573409607107E-009
   1.4741609715300471E-008   5.0261590723187797E-010
  -1.1006920898706187E-008   3.3155749349643649E-010
         132  -3.1166910869627943E-008  -3.7675104835364891E-009
   1.4554018344769524E-008   3.1786054438686992E-010
  -1.1055201983769481E-008   3.5772816219291038E-010
         133  -2.9066538044293798E-008  -3.4312349117115861E-009
   1.4369929438038357E-008   2.5209031940173199E-010
  -1.1111698042556042E-008   3.7933626770829512E-010
         134  -2.7120696844411533E-008  -3.3174146721535353E-009
   1.4198873726442143E-008   2.5374317749240445E-010
  -1.1177238207555656E-008   3.9970626309009907E-010
         135  -2.5240949447006217E-008  -3.4351554105281680E-009
   1.4032129013918038E-008   3.0308105835484144E-010
  -1.1252184430890618E-008   4.2078370045621359E-010
         136  -2.3342947721282398E-008  -3.8337675102576692E-009
   1.3859060976766257E-008   3.9753816244665335E-010
  -1.1337212613862231E-008   4.4397506810442423E-010
         137  -2.1338626013917793E-008  -4.6219913257911057E-009
   1.3669388669867382E-008   5.4673530550556968E-010
  -1.1433511002093377E-008   4.7058873420128017E-010
         138  -1.9137049153157649E-008  -6.0125262392973212E-009
   1.3455176668454004E-008   7.7443195212758359E-010
  -1.1542948651302420E-008   5.0207803997641568E-010
