   262144.00000000000     
         256           1           3
   1.7567330116226543E-005  -6.2812290861650002       -178.01823173560001     
   6.0401400154609997        12.000000000000000        6321.0000000000000     
           0   0.0000000000000000        0.0000000000000000     
   0.0000000000000000        0.0000000000000000     
   0.0000000000000000        0.0000000000000000     
           1   0.0000000000000000        0.0000000000000000     
   1.5535794540792390E-010  -8.7066939559699638E-012
   7.5286316232667405E-007  -1.6515881174450441E-008
           2   0.0000000000000000        0.0000000000000000     
   1.5016858264039964E-010  -2.3290910602503230E-011
   7.4558997374195984E-007  -1.6715247760175784E-008
           3   0.0000000000000000        0.0000000000000000     
   1.2824177870903318E-010  -1.5836937362126233E-011
   7.4082427611491869E-007  -1.6361604485301685E-008
           4   0.0000000000000000        0.0000000000000000     
   1.3023943245442084E-010  -6.6521819133732878E-012
   7.3798242457644441E-007  -1.5996474148225775E-008
           5   0.0000000000000000        0.0000000000000000     
   1.3218666369933117E-010  -4.4256986149061464E-012
   7.3580164862691159E-007  -1.5858475827535924E-008
           6   0.0000000000000000        0.0000000000000000     
   1.3309639626301913E-010  -3.6626681025815555E-012
   7.3400729300578436E-007  -1.5777255286278953E-008
           7   0.0000000000000000        0.0000000000000000     
   1.3351339957748197E-010  -3.3232774733099930E-012
   7.3248508760871735E-007  -1.5717846371127541E-008
           8   0.0000000000000000        0.0000000000000000     
   1.3368708211240161E-010  -3.1438846104798112E-012
   7.3116486747283022E-007  -1.5669938683263813E-008
           9   0.0000000000000000        0.0000000000000000     
   1.3372963699225175E-010  -3.0363507650123249E-012
   7.3000008988283343E-007  -1.5629308775740394E-008
          10   0.0000000000000000        0.0000000000000000     
   1.3369569525238417E-010  -2.9650956424810331E-012
   7.2895841709890980E-007  -1.5593803692282579E-008
          11   0.0000000000000000        0.0000000000000000     
   1.3361378149407552E-010  -2.9136882190187007E-012
   7.2801653233444429E-007  -1.5562154649307803E-008
          12   0.0000000000000000        0.0000000000000000     
   1.3349955670984233E-010  -2.8737240181727347E-012
   7.2715709737918924E-007  -1.5533536609772543E-008
          13   0.0000000000000000        0.0000000000000000     
   1.3336186874585489E-010  -2.8405315219787122E-012
   7.2636688130716525E-007  -1.5507374727980535E-008
          14   0.0000000000000000        0.0000000000000000     
   1.3320572171967878E-010  -2.8113173925791227E-012
   7.2563556258225757E-007  -1.5483247750306503E-008
          15   0.0000000000000000        0.0000000000000000     
   1.3303382045610733E-010  -2.7842903894527467E-012
   7.2495493518332096E-007  -1.5460834854405918E-008
          16   0.0000000000000000        0.0000000000000000     
   1.3284741018225565E-010  -2.7582155983211879E-012
   7.2431836633861298E-007  -1.5439884065634311E-008
          17   0.0000000000000000        0.0000000000000000     
   1.3264674644667052E-010  -2.7321720607337332E-012
   7.2372041615582547E-007  -1.5420192303366078E-008
          18   0.0000000000000000        0.0000000000000000     
   1.3243136003985732E-010  -2.7054121071152920E-012
   7.2315656446728129E-007  -1.5401592114375656E-008
          19   0.0000000000000000        0.0000000000000000     
   1.3220020167392904E-010  -2.6772735589446937E-012
   7.2262301046852474E-007  -1.5383942450063458E-008
          20   0.0000000000000000        0.0000000000000000     
   1.3195171135519074E-010  -2.6471197843541534E-012
   7.2211652289465350E-007  -1.5367121981765178E-008
          21   0.0000000000000000        0.0000000000000000     
   1.3168383644116501E-010  -2.6142938620833186E-012
   7.2163432591610743E-007  -1.5351024044498125E-008
          22   0.0000000000000000        0.0000000000000000     
   1.3139401062784986E-010  -2.5780785884489024E-012
   7.2117401070226965E-007  -1.5335552627086733E-008
          23   0.0000000000000000        0.0000000000000000     
   1.3107909897187119E-010  -2.5376566534306359E-012
   7.2073346561122659E-007  -1.5320619009326213E-008
          24   0.0000000000000000        0.0000000000000000     
   1.3073530909504259E-010  -2.4920663239245737E-012
   7.2031081999995540E-007  -1.5306138747220665E-008
          25   0.0000000000000000        0.0000000000000000     
   1.3035806464918571E-010  -2.4401479509879088E-012
   7.1990439794131581E-007  -1.5292028754388750E-008
          26   0.0000000000000000        0.0000000000000000     
   1.2994183301250398E-010  -2.3804757312291401E-012
   7.1951267903923710E-007  -1.5278204234905224E-008
          27   0.0000000000000000        0.0000000000000000     
   1.2947989431211627E-010  -2.3112673079811500E-012
   7.1913426404620408E-007  -1.5264575193016222E-008
          28   0.0000000000000000        0.0000000000000000     
   1.2896403236824242E-010  -2.2302606448294380E-012
   7.1876784331660062E-007  -1.5251042170237508E-008
          29   0.0000000000000000        0.0000000000000000     
   1.2838411888983759E-010  -2.1345424550253938E-012
   7.1841216620052939E-007  -1.5237490725195434E-008
          30   0.0000000000000000        0.0000000000000000     
   1.2772754847677562E-010  -2.0203040710480268E-012
   7.1806600934507857E-007  -1.5223783938900895E-008
          31   0.0000000000000000        0.0000000000000000     
   1.2697846086608555E-010  -1.8824867506881304E-012
   7.1772814145584935E-007  -1.5209751836449971E-008
          32   0.0000000000000000        0.0000000000000000     
   1.2611665367881085E-010  -1.7142549354084455E-012
   7.1739728126210713E-007  -1.5195175949127322E-008
          33   0.0000000000000000        0.0000000000000000     
   1.2511603545210391E-010  -1.5061952656536974E-012
   7.1707204399703168E-007  -1.5179766077593564E-008
          34   0.0000000000000000        0.0000000000000000     
   1.2394238041294114E-010  -1.2450665028002851E-012
   7.1675086926300853E-007  -1.5163124239842774E-008
          35   0.0000000000000000        0.0000000000000000     
   1.2254999645218317E-010  -9.1179198409930140E-013
   7.1643191891348426E-007  -1.5144686965710297E-008
          36   0.0000000000000000        0.0000000000000000     
   1.2087665471337162E-010  -4.7813395966044685E-013
   7.1611292610103546E-007  -1.5123629877548343E-008
          37   0.0000000000000000        0.0000000000000000     
   1.1883564542093064E-010   9.8995454463174246E-014
   7.1579096282266701E-007  -1.5098704621526022E-008
          38   0.0000000000000000        0.0000000000000000     
   1.1630283108301735E-010   8.8754555975976475E-013
   7.1546206487704121E-007  -1.5067952054407008E-008
          39   0.0000000000000000        0.0000000000000000     
   1.1309368870034263E-010   1.9982340081948342E-012
   7.1512057071780676E-007  -1.5028189359909198E-008
          40   0.0000000000000000        0.0000000000000000     
   1.0891018195161696E-010   3.6218142199822440E-012
   7.1475759687647882E-007  -1.4973942803299611E-008
          41   0.0000000000000000        0.0000000000000000     
   1.0324432410597629E-010   6.2027013030070315E-012
   7.1435827364248564E-007  -1.4892475959225433E-008
          42   0.0000000000000000        0.0000000000000000     
   9.5490233631893684E-011   1.0632964460087484E-011
   7.1390495113873724E-007  -1.4758234766127332E-008
          43   0.0000000000000000        0.0000000000000000     
   8.4479359208545661E-011   1.8725178242195415E-011
   7.1336388850589106E-007  -1.4519307643969111E-008
          44   0.0000000000000000        0.0000000000000000     
   6.8711124833989747E-011   3.5631417165890614E-011
   7.1269185622781128E-007  -1.4028159067233915E-008
          45   0.0000000000000000        0.0000000000000000     
   5.1104256209149734E-011   7.6583750649646859E-011
   7.1197218542571741E-007  -1.2848619791313167E-008
          46   0.0000000000000000        0.0000000000000000     
   8.0166852612276438E-011   1.6602828922610577E-010
   7.1259364435555901E-007  -1.0280682777561769E-008
          47   0.0000000000000000        0.0000000000000000     
   2.1837726710334658E-010   1.6550617075670568E-010
   7.1634504397320893E-007  -1.0289018896517009E-008
          48   0.0000000000000000        0.0000000000000000     
   2.4681391573371103E-010   7.4916522611234806E-011
   7.1695750353604234E-007  -1.2876508186279766E-008
          49   0.0000000000000000        0.0000000000000000     
   2.2859355346341386E-010   3.3769329096243050E-011
   7.1623813713395538E-007  -1.4048364670161921E-008
          50   0.0000000000000000        0.0000000000000000     
   2.1271787074874783E-010   1.6895591682940530E-011
   7.1558989262223850E-007  -1.4525277476040939E-008
          51   0.0000000000000000        0.0000000000000000     
   2.0192489999164545E-010   8.8276287419521947E-012
   7.1509099626243251E-007  -1.4750144363919258E-008
          52   0.0000000000000000        0.0000000000000000     
   1.9465855204917583E-010   4.3909561019000079E-012
   7.1469672168397919E-007  -1.4871123334668055E-008
          53   0.0000000000000000        0.0000000000000000     
   1.8971434675457002E-010   1.6609451121780697E-012
   7.1437241588327811E-007  -1.4943313769390182E-008
          54   0.0000000000000000        0.0000000000000000     
   1.8636099609161211E-010  -1.8652045672394537E-013
   7.1409697904065337E-007  -1.4990300968473689E-008
          55   0.0000000000000000        0.0000000000000000     
   1.8416277712164873E-010  -1.5500767846678353E-012
   7.1385777637904967E-007  -1.5023484569215184E-008
          56   0.0000000000000000        0.0000000000000000     
   1.8285877699716798E-010  -2.6445046721346982E-012
   7.1364717810498674E-007  -1.5048996325698088E-008
          57   0.0000000000000000        0.0000000000000000     
   1.8229548828745484E-010  -3.5987184242855730E-012
   7.1346062638267194E-007  -1.5070504532411338E-008
          58   0.0000000000000000        0.0000000000000000     
   1.8239044338458119E-010  -4.5003727697294347E-012
   7.1329559017414956E-007  -1.5090489216955970E-008
          59   0.0000000000000000        0.0000000000000000     
   1.8311334399134497E-010  -5.4189030534257532E-012
   7.1315101964000496E-007  -1.5110898744944483E-008
          60   0.0000000000000000        0.0000000000000000     
   1.8447782037964592E-010  -6.4196508166955429E-012
   7.1302710276212684E-007  -1.5133549573278655E-008
          61   0.0000000000000000        0.0000000000000000     
   1.8654091016126579E-010  -7.5747801965765057E-012
   7.1292523943862644E-007  -1.5160431814661783E-008
          62   0.0000000000000000        0.0000000000000000     
   1.8941068307316752E-010  -8.9736793834785797E-012
   7.1284824174325654E-007  -1.5193997312015815E-008
          63   0.0000000000000000        0.0000000000000000     
   1.9327142114482263E-010  -1.0734347221305627E-011
   7.1280101508958872E-007  -1.5237472691627519E-008
          64   0.0000000000000000        0.0000000000000000     
   1.9847082703645336E-010  -1.3052809953403213E-011
   7.1279293119930988E-007  -1.5296207645679064E-008
          65   0.0000000000000000        0.0000000000000000     
   2.0550787182231277E-010  -1.6507098733250404E-011
   7.1283749464922856E-007  -1.5385959087422300E-008
          66   0.0000000000000000        0.0000000000000000     
   2.1467098476274313E-010  -2.1822574802100685E-011
   7.1294248236171169E-007  -1.5526497301572878E-008
          67   0.0000000000000000        0.0000000000000000     
   2.2692674691126195E-010  -3.0047089712972744E-011
   7.1313415834121899E-007  -1.5746379400082006E-008
          68   0.0000000000000000        0.0000000000000000     
   2.4371437325454166E-010  -4.3924105154416157E-011
   7.1345167280165628E-007  -1.6120365640266668E-008
          69   0.0000000000000000        0.0000000000000000     
   2.6638521149666783E-010  -6.9802732150791673E-011
   7.1393178869481844E-007  -1.6821466093612677E-008
          70   0.0000000000000000        0.0000000000000000     
   2.9207139064891243E-010  -1.2331036370439128E-010
   7.1449630700729533E-007  -1.8275513533344100E-008
          71   0.0000000000000000        0.0000000000000000     
   2.8623274360528553E-010  -2.3436836845750468E-010
   7.1420400264264706E-007  -2.1297835508865962E-008
          72   0.0000000000000000        0.0000000000000000     
   1.3237611272404044E-010  -3.4315224895327158E-010
   7.0988053478280718E-007  -2.4258291285263334E-008
          73   0.0000000000000000        0.0000000000000000     
  -3.2310644551172000E-011  -2.4204450073125249E-010
   7.0526407948146928E-007  -2.1499555888033628E-008
          74   0.0000000000000000        0.0000000000000000     
  -4.2452407578259128E-011  -1.2532789270762279E-010
   7.0486089062204345E-007  -1.8315616448601612E-008
          75   0.0000000000000000        0.0000000000000000     
  -1.6272400034860524E-011  -6.8780089644212281E-011
   7.0544950953688545E-007  -1.6771337961332083E-008
          76   0.0000000000000000        0.0000000000000000     
   6.9584946597891442E-012  -4.1682610492930588E-011
   7.0595984643822502E-007  -1.6029694161271321E-008
          77   0.0000000000000000        0.0000000000000000     
   2.3820007479043850E-011  -2.7212777345904943E-011
   7.0629871094463973E-007  -1.5632307824690083E-008
          78   0.0000000000000000        0.0000000000000000     
   3.5699754063355524E-011  -1.8612326897283801E-011
   7.0650393677441821E-007  -1.5395051573362412E-008
          79   0.0000000000000000        0.0000000000000000     
   4.3995503742144027E-011  -1.2990187666116569E-011
   7.0661365275895593E-007  -1.5239183127441021E-008
          80   0.0000000000000000        0.0000000000000000     
   4.9658242999045518E-011  -8.9749273813335290E-012
   7.0665383674075137E-007  -1.5127380484438216E-008
          81   0.0000000000000000        0.0000000000000000     
   5.3286410169225198E-011  -5.8446451091921792E-012
   7.0664089016283227E-007  -1.5040037057485525E-008
          82   0.0000000000000000        0.0000000000000000     
   5.5238121131655109E-011  -3.1757002178046701E-012
   7.0658470583297690E-007  -1.4965696265803272E-008
          83   0.0000000000000000        0.0000000000000000     
   5.5703326427529075E-011  -6.8607990915616094E-013
   7.0649064899017865E-007  -1.4896791697968582E-008
          84   0.0000000000000000        0.0000000000000000     
   5.4739706602490836E-011   1.8414344562910118E-012
   7.0636056215372950E-007  -1.4827562533089170E-008
          85   0.0000000000000000        0.0000000000000000     
   5.2268113302201797E-011   4.6016212821405771E-012
   7.0619270820961601E-007  -1.4752910707019348E-008
          86   0.0000000000000000        0.0000000000000000     
   4.7983777115892600E-011   7.8451328738378756E-012
   7.0597955534338700E-007  -1.4666377879228840E-008
          87   0.0000000000000000        0.0000000000000000     
   4.1380275550177575E-011   1.2262008729845430E-011
   7.0570840957866653E-007  -1.4550396641338760E-008
          88   0.0000000000000000        0.0000000000000000     
   3.2409224247135355E-011   1.8760987365248963E-011
   7.0537816612982818E-007  -1.4381877449890793E-008
          89   0.0000000000000000        0.0000000000000000     
   2.0448649421750020E-011   2.8033016981230935E-011
   7.0497315215992378E-007  -1.4143274973038830E-008
          90   0.0000000000000000        0.0000000000000000     
   4.1827012822059345E-012   4.2100382023863795E-011
   7.0446008511618151E-007  -1.3783288247472985E-008
          91   0.0000000000000000        0.0000000000000000     
  -1.7775696198322487E-011   6.5239996049071220E-011
   7.0380387607105698E-007  -1.3193438979416278E-008
          92   0.0000000000000000        0.0000000000000000     
  -4.5817293482564889E-011   1.0655108151712063E-010
   7.0299471889181313E-007  -1.2142938692354506E-008
          93   0.0000000000000000        0.0000000000000000     
  -7.2520188156086220E-011   1.8569690186976561E-010
   7.0222101068236530E-007  -1.0133041795970087E-008
          94   0.0000000000000000        0.0000000000000000     
  -5.1195233317376880E-011   3.3116460164504380E-010
   7.0266727808749793E-007  -6.4411970778519144E-009
          95   0.0000000000000000        0.0000000000000000     
   1.3836152554814987E-010   4.7067257754571160E-010
   7.0738295722952222E-007  -2.9011198328503290E-009
          96   0.0000000000000000        0.0000000000000000     
   3.7423545464379851E-010   3.7573953965751383E-010
   7.1327568093891918E-007  -5.3089437837681985E-009
          97   0.0000000000000000        0.0000000000000000     
   4.2854515248192838E-010   2.1004935284990885E-010
   7.1456509940642328E-007  -9.5127849596110089E-009
          98   0.0000000000000000        0.0000000000000000     
   4.0782972757856153E-010   1.1236356944328526E-010
   7.1395431535208676E-007  -1.1993156140546202E-008
          99   0.0000000000000000        0.0000000000000000     
   3.8128454703717336E-010   6.0395186710929857E-011
   7.1319933229464774E-007  -1.3316247096514541E-008
         100   0.0000000000000000        0.0000000000000000     
   3.6212529412822784E-010   2.9714147146956284E-011
   7.1263640016803384E-007  -1.4103208789638938E-008
         101   0.0000000000000000        0.0000000000000000     
   3.5109522473556037E-010   8.2765740679829332E-012
   7.1228576007056129E-007  -1.4662145024040131E-008
         102   0.0000000000000000        0.0000000000000000     
   3.4728205167120112E-010  -1.0352645541074920E-011
   7.1212598333906152E-007  -1.5161248981984826E-008
         103   0.0000000000000000        0.0000000000000000     
   3.4980972685026124E-010  -3.1178307425294680E-011
   7.1213598670121265E-007  -1.5737543998958181E-008
         104   0.0000000000000000        0.0000000000000000     
   3.5685172405263314E-010  -6.0673182641889774E-011
   7.1226495692797211E-007  -1.6576357555421593E-008
         105   0.0000000000000000        0.0000000000000000     
   3.5999051308118989E-010  -1.0904487170690356E-010
   7.1226589204638266E-007  -1.7975666709577563E-008
         106   0.0000000000000000        0.0000000000000000     
   3.2789733794222860E-010  -1.7844188902592359E-010
   7.1121355503566422E-007  -1.9996427633266451E-008
         107   0.0000000000000000        0.0000000000000000     
   2.3531997254603302E-010  -2.0516442028653028E-010
   7.0836063074724313E-007  -2.0754348110030007E-008
         108   0.0000000000000000        0.0000000000000000     
   1.7677230056550775E-010  -1.5221756102699426E-010
   7.0649615359111163E-007  -1.9152440291786723E-008
         109   0.0000000000000000        0.0000000000000000     
   1.8034953654986422E-010  -1.0449194759069892E-010
   7.0644836636064136E-007  -1.7690602804623935E-008
         110   0.0000000000000000        0.0000000000000000     
   2.0383978185599435E-010  -8.3998184900978674E-011
   7.0697066811889195E-007  -1.7013757486107624E-008
         111   0.0000000000000000        0.0000000000000000     
   2.3197425293680903E-010  -8.1919770376908151E-011
   7.0760510289110491E-007  -1.6853645255195323E-008
         112   0.0000000000000000        0.0000000000000000     
   2.6322228687775215E-010  -9.4167301162766121E-011
   7.0829726219377655E-007  -1.7069335327159200E-008
         113   0.0000000000000000        0.0000000000000000     
   2.9864915843961629E-010  -1.2323605120147409E-010
   7.0907175040354982E-007  -1.7695336271520079E-008
         114   0.0000000000000000        0.0000000000000000     
   3.3732753362458413E-010  -1.7928141275584971E-010
   7.0991027074322499E-007  -1.8953816592021151E-008
         115   0.0000000000000000        0.0000000000000000     
   3.6618223765075575E-010  -2.8387831212144983E-010
   7.1051530457635991E-007  -2.1334468580292605E-008
         116   0.0000000000000000        0.0000000000000000     
   3.2668564806882914E-010  -4.5891968390310758E-010
   7.0954512344784510E-007  -2.5336812324398687E-008
         117   0.0000000000000000        0.0000000000000000     
   1.0456395535961156E-010  -6.1279892494675321E-010
   7.0437758134058228E-007  -2.8855962880049489E-008
         118   0.0000000000000000        0.0000000000000000     
  -1.7519314519828467E-010  -5.2169115702872100E-010
   6.9788292883550867E-007  -2.6752284004604807E-008
         119   0.0000000000000000        0.0000000000000000     
  -2.6840582948136038E-010  -3.2399577435971238E-010
   6.9566734956847399E-007  -2.2202192923407500E-008
         120   0.0000000000000000        0.0000000000000000     
  -2.5559626968408448E-010  -1.8936952914020574E-010
   6.9588240716628877E-007  -1.9099822515627060E-008
         121   0.0000000000000000        0.0000000000000000     
  -2.2356952439369624E-010  -1.1278702945377856E-010
   6.9653515230454832E-007  -1.7329040908976542E-008
         122   0.0000000000000000        0.0000000000000000     
  -1.9620525384662252E-010  -6.7346382117386956E-011
   6.9707695762387388E-007  -1.6271336285752833E-008
         123   0.0000000000000000        0.0000000000000000     
  -1.7727409115708921E-010  -3.7552399965749215E-011
   6.9742052270603721E-007  -1.5569732140954287E-008
         124   0.0000000000000000        0.0000000000000000     
  -1.6636863573271378E-010  -1.5456137473394079E-011
   6.9757406651831973E-007  -1.5039873193126285E-008
         125   0.0000000000000000        0.0000000000000000     
  -1.6267313961166232E-010   3.4053340477299102E-012
   6.9755469389329013E-007  -1.4576302089400947E-008
         126   0.0000000000000000        0.0000000000000000     
  -1.6573584836175306E-010   2.2126274826426350E-011
   6.9737062410148857E-007  -1.4102877707705730E-008
         127   0.0000000000000000        0.0000000000000000     
  -1.7554925079938450E-010   4.3670878791006821E-011
   6.9701964421728561E-007  -1.3542402866870233E-008
         128   0.0000000000000000        0.0000000000000000     
  -1.9234631252109000E-010   7.2037920645551104E-011
   6.9649549691022647E-007  -1.2786006508093171E-008
         129   0.0000000000000000        0.0000000000000000     
  -2.1556117110104917E-010   1.1414119210758232E-010
   6.9581850316756987E-007  -1.1642867817189979E-008
         130   0.0000000000000000        0.0000000000000000     
  -2.3887126718821529E-010   1.8239203921970423E-010
   6.9517273473523467E-007  -9.7712676638805328E-009
         131   0.0000000000000000        0.0000000000000000     
  -2.3567746969794053E-010   2.8968622777542783E-010
   6.9531642811353632E-007  -6.8133261661105204E-009
         132   0.0000000000000000        0.0000000000000000     
  -1.5040556980748751E-010   4.0581330064056720E-010
   6.9784649647758991E-007  -3.6436777562922224E-009
         133   0.0000000000000000        0.0000000000000000     
  -9.2633258611330169E-012   4.1929455511682378E-010
   7.0202420291628639E-007  -3.4804190884962023E-009
         134   0.0000000000000000        0.0000000000000000     
   4.5516247311304060E-011   3.5397890214348073E-010
   7.0378427526284551E-007  -5.6913317224207729E-009
         135   0.0000000000000000        0.0000000000000000     
   1.7699038295296707E-011   3.3008455741873395E-010
   7.0322213235529541E-007  -6.9279848008684960E-009
         136   0.0000000000000000        0.0000000000000000     
  -2.7591717455927663E-011   3.8514466919029967E-010
   7.0210900369450483E-007  -6.2835074820700715E-009
         137   0.0000000000000000        0.0000000000000000     
  -2.5984454070409620E-011   5.2954766401527316E-010
   7.0191661027583756E-007  -3.6635457679089885E-009
         138   0.0000000000000000        0.0000000000000000     
   1.3000322552334372E-010   7.1567825168847830E-010
   7.0483471561388199E-007  -1.0618000934162088E-010
