   262144.00000000000     
         256           1           3
   1.7567330116226543E-005  -9.2646085535570002        161.96561313430001     
   6.0401400154609997        12.000000000000000        600.00000000000000     
           0   0.0000000000000000        0.0000000000000000     
   0.0000000000000000        0.0000000000000000     
   0.0000000000000000        0.0000000000000000     
           1  -2.7830929252234482E-007   2.5604704889535666E-008
  -1.6260622998500109E-007   1.4894714529396879E-008
   0.0000000000000000        0.0000000000000000     
           2  -3.1239641345669552E-007   5.7727518344624398E-008
  -1.8242755200554480E-007   3.3574810487464967E-008
   0.0000000000000000        0.0000000000000000     
           3  -3.8901366959967919E-007   1.3828177146998196E-007
  -2.2698414110753226E-007   8.0419715037788972E-008
   0.0000000000000000        0.0000000000000000     
           4  -4.7734141078341256E-007   4.3687222508405610E-007
  -2.7835557190573528E-007   2.5406463153669024E-007
   0.0000000000000000        0.0000000000000000     
           5   1.8655807985092328E-007   7.4298962106777509E-007
   1.0773502766266298E-007   4.3210212285789247E-007
   0.0000000000000000        0.0000000000000000     
           6   3.1972632879426135E-007   2.2740347805734890E-007
   1.8519253724155161E-007   1.3226236011738988E-007
   0.0000000000000000        0.0000000000000000     
           7   2.0827335069326653E-007   8.4648752745019137E-008
   1.2038176284077571E-007   4.9239915869536560E-008
   0.0000000000000000        0.0000000000000000     
           8   1.4354281217450939E-007   4.1447510687523340E-008
   8.2740889253290718E-008   2.4114306609263942E-008
   0.0000000000000000        0.0000000000000000     
           9   1.0592794454507163E-007   2.3829935275294891E-008
   6.0869015120793319E-008   1.3867551810145196E-008
   0.0000000000000000        0.0000000000000000     
          10   8.2214716176710026E-008   1.5146008423113393E-008
   4.7081810130247863E-008   8.8164644330232637E-009
   0.0000000000000000        0.0000000000000000     
          11   6.6232249526224668E-008   1.0300875306104261E-008
   3.7790696689282391E-008   5.9979728052454291E-009
   0.0000000000000000        0.0000000000000000     
          12   5.4899752928195600E-008   7.3535687499945339E-009
   3.1204091642460222E-008   4.2832294658215346E-009
   0.0000000000000000        0.0000000000000000     
          13   4.6545410242020391E-008   5.4430140898953956E-009
   2.6349789580650518E-008   3.1714330064540455E-009
   0.0000000000000000        0.0000000000000000     
          14   4.0195565806840078E-008   4.1425649370168681E-009
   2.2661597938657469E-008   2.4144400831923954E-009
   0.0000000000000000        0.0000000000000000     
          15   3.5249711754697758E-008   3.2223954889943650E-009
   1.9790329357654080E-008   1.8785766061640834E-009
   0.0000000000000000        0.0000000000000000     
          16   3.1319809862653936E-008   2.5503398905877030E-009
   1.7510360919659271E-008   1.4869669489276511E-009
   0.0000000000000000        0.0000000000000000     
          17   2.8145312370204447E-008   2.0462943957423965E-009
   1.5670215472694300E-008   1.1930144460150499E-009
   0.0000000000000000        0.0000000000000000     
          18   2.5545589112763197E-008   1.6595674856861374E-009
   1.4164896377854110E-008   9.6722815690103241E-010
   0.0000000000000000        0.0000000000000000     
          19   2.3391987748135003E-008   1.3568989643453258E-009
   1.2919639825460851E-008   7.9025462106284100E-010
   0.0000000000000000        0.0000000000000000     
          20   2.1590742800540167E-008   1.1157828326338504E-009
   1.1879976286834992E-008   6.4899426035337177E-010
   0.0000000000000000        0.0000000000000000     
          21   2.0072149966222329E-008   9.2057831218558836E-010
   1.1005435657140427E-008   5.3433935173653121E-010
   0.0000000000000000        0.0000000000000000     
          22   1.8783498865402376E-008   7.6015763110338075E-010
   1.0265438078938328E-008   4.3980576658861713E-010
   0.0000000000000000        0.0000000000000000     
          23   1.7684336885854796E-008   6.2643593508627964E-010
   9.6365406625186412E-009   3.6067773046772179E-010
   0.0000000000000000        0.0000000000000000     
          24   1.6743221255135552E-008   5.1342569456638697E-010
   9.1005497609289695E-009   2.9345760152308022E-010
   0.0000000000000000        0.0000000000000000     
          25   1.5935446315051049E-008   4.1661269869659238E-010
   8.6432005589631623E-009   2.3550264505255462E-010
   0.0000000000000000        0.0000000000000000     
          26   1.5241424745873126E-008   3.3253461484391492E-010
   8.2532171724034574E-009   1.8477957060546385E-010
   0.0000000000000000        0.0000000000000000     
          27   1.4645516639012262E-008   2.5849019448003230E-010
   7.9216334401057895E-009   1.3969499030345838E-010
   0.0000000000000000        0.0000000000000000     
          28   1.4135171277368408E-008   1.9233448648408836E-010
   7.6412958673581746E-009   9.8975820241039507E-011
   0.0000000000000000        0.0000000000000000     
          29   1.3700291297740965E-008   1.3233165674587581E-010
   7.4064962524628406E-009   6.1583086835649785E-011
   0.0000000000000000        0.0000000000000000     
          30   1.3332757857260706E-008   7.7046911852316759E-011
   7.2126983773503717E-009   2.6648351910071148E-011
   0.0000000000000000        0.0000000000000000     
          31   1.3026074528784455E-008   2.5265181851596151E-011
   7.0563342709242064E-009  -6.5744557659964369E-012
   0.0000000000000000        0.0000000000000000     
          32   1.2775100527319581E-008  -2.4071894724979723E-011
   6.9346530665806302E-009  -3.8746762927511036E-011
   0.0000000000000000        0.0000000000000000     
          33   1.2575852749836503E-008  -7.1916667754412284E-011
   6.8456106709675790E-009  -7.0476163572683401E-011
   0.0000000000000000        0.0000000000000000     
          34   1.2425362402149814E-008  -1.1915827963714029E-010
   6.7877921609125224E-009  -1.0234296642707706E-010
   0.0000000000000000        0.0000000000000000     
          35   1.2321576604460044E-008  -1.6666106208212022E-010
   6.7603615656362994E-009  -1.3492460237995850E-010
   0.0000000000000000        0.0000000000000000     
          36   1.2263298931600982E-008  -2.1530152357156027E-010
   6.7630358374363951E-009  -1.6881976691766631E-010
   0.0000000000000000        0.0000000000000000     
          37   1.2250165801624295E-008  -2.6600681037616209E-010
   6.7960816331503116E-009  -2.0467415413316975E-010
   0.0000000000000000        0.0000000000000000     
          38   1.2282658331611351E-008  -3.1979776891489218E-010
   6.8603352378581666E-009  -2.4320985103740721E-010
   0.0000000000000000        0.0000000000000000     
          39   1.2362152057925862E-008  -3.7784039669115604E-010
   6.9572477666178437E-009  -2.8526094610150780E-010
   0.0000000000000000        0.0000000000000000     
          40   1.2491010122206754E-008  -4.4151067977723487E-010
   7.0889599088203165E-009  -3.3181876095216223E-010
   0.0000000000000000        0.0000000000000000     
          41   1.2672729602395040E-008  -5.1247983556573246E-010
   7.2584132303855730E-009  -3.8409151725618216E-010
   0.0000000000000000        0.0000000000000000     
          42   1.2912156256462601E-008  -5.9283026810018955E-010
   7.4695088491276121E-009  -4.4358551464432422E-010
   0.0000000000000000        0.0000000000000000     
          43   1.3215791019925325E-008  -6.8521790423339291E-010
   7.7273298061062104E-009  -5.1221856665979087E-010
   0.0000000000000000        0.0000000000000000     
          44   1.3592223721207712E-008  -7.9310544489935667E-010
   8.0384517284887610E-009  -5.9248249102372507E-010
   0.0000000000000000        0.0000000000000000     
          45   1.4052748251038618E-008  -9.2110604929133847E-010
   8.4113791737697009E-009  -6.8768164474552702E-010
   0.0000000000000000        0.0000000000000000     
          46   1.4612243282852010E-008  -1.0755029759775428E-009
   8.8571653581397369E-009  -8.0229214628039842E-010
   0.0000000000000000        0.0000000000000000     
          47   1.5290451373814395E-008  -1.2650572638341089E-009
   9.3903060493488211E-009  -9.4251796340457674E-010
   0.0000000000000000        0.0000000000000000     
          48   1.6113870851625384E-008  -1.5023018881414575E-009
   1.0030053650159068E-008  -1.1171784295911957E-009
   0.0000000000000000        0.0000000000000000     
          49   1.7118614952359805E-008  -1.8056875466797690E-009
   1.0802392145904923E-008  -1.3391742922033309E-009
   0.0000000000000000        0.0000000000000000     
          50   1.8354839072289457E-008  -2.2032821789253076E-009
   1.1743079752310179E-008  -1.6280065260865038E-009
   0.0000000000000000        0.0000000000000000     
          51   1.9893779325320167E-008  -2.7394439275939815E-009
   1.2902463804287152E-008  -2.0143052809739588E-009
   0.0000000000000000        0.0000000000000000     
          52   2.1839245973684721E-008  -3.4875105695324878E-009
   1.4353310050811649E-008  -2.5484181008571283E-009
   0.0000000000000000        0.0000000000000000     
          53   2.4346822504145721E-008  -4.5754858885422133E-009
   1.6203831612864928E-008  -3.3177523314493291E-009
   0.0000000000000000        0.0000000000000000     
          54   2.7656118979290608E-008  -6.2420549971464617E-009
   1.8619503151770772E-008  -4.4845169987048329E-009
   0.0000000000000000        0.0000000000000000     
          55   3.2141885337935842E-008  -8.9700727286484280E-009
   2.1857524061751183E-008  -6.3755122983310270E-009
   0.0000000000000000        0.0000000000000000     
          56   3.8367381700375434E-008  -1.3839043014963920E-008
   2.6302659669607319E-008  -9.7188910135622805E-009
   0.0000000000000000        0.0000000000000000     
          57   4.6912441554836003E-008  -2.3553995481852561E-008
   3.2351325234402859E-008  -1.6334407580972877E-008
   0.0000000000000000        0.0000000000000000     
          58   5.6023806988299590E-008  -4.5388484652539258E-008
   3.8833067418957781E-008  -3.1104731413009682E-008
   0.0000000000000000        0.0000000000000000     
          59   4.4759781680171412E-008  -9.0950035078648649E-008
   3.1709075078531770E-008  -6.1797083821500480E-008
   0.0000000000000000        0.0000000000000000     
          60  -2.6093408865762002E-008  -1.0610820563573329E-007
  -1.5217293161894175E-008  -7.2075247674492929E-008
   0.0000000000000000        0.0000000000000000     
          61  -5.6793549809623529E-008  -5.6959110866705032E-008
  -3.4970257539491921E-008  -3.9362921723685479E-008
   0.0000000000000000        0.0000000000000000     
          62  -4.9762272296943414E-008  -2.7764739173976223E-008
  -2.9224487048437993E-008  -2.0211774756936951E-008
   0.0000000000000000        0.0000000000000000     
          63  -4.0533454629370555E-008  -1.5036716497637871E-008
  -2.1711349065849361E-008  -1.2320800912814127E-008
   0.0000000000000000        0.0000000000000000     
          64  -3.3888370570128636E-008  -8.7593691601072457E-009
  -1.5477834340146880E-008  -9.1348779520878754E-009
   0.0000000000000000        0.0000000000000000     
          65  -2.9497256009934669E-008  -5.0276540058767776E-009
  -1.0071853512610868E-008  -8.3970154651330359E-009
   0.0000000000000000        0.0000000000000000     
          66  -2.6801029543402727E-008  -2.1334409525355773E-009
  -4.8208727796781689E-009  -9.8310697975073421E-009
   0.0000000000000000        0.0000000000000000     
          67  -2.5336459162677819E-008   1.2317095641416015E-009
   4.9441445693737233E-010  -1.4873446754015361E-008
   0.0000000000000000        0.0000000000000000     
          68  -2.3511316675609565E-008   6.9920704360444762E-009
   2.4265447185688441E-009  -2.7637304629383718E-008
   0.0000000000000000        0.0000000000000000     
          69  -1.4974210520457333E-008   1.3240326961372131E-008
  -1.5444041702538006E-008  -4.2039700172120888E-008
   0.0000000000000000        0.0000000000000000     
          70  -5.9714933189032362E-009   8.7719068749276155E-009
  -3.5098891148556632E-008  -2.7912409821344327E-008
   0.0000000000000000        0.0000000000000000     
          71  -4.8520432239757390E-009   3.9319774249916859E-009
  -3.4380750783049304E-008  -1.3584756636064379E-008
   0.0000000000000000        0.0000000000000000     
          72  -5.3238921663625455E-009   1.9205383659528576E-009
  -3.0331779808786851E-008  -7.1761784790888409E-009
   0.0000000000000000        0.0000000000000000     
          73  -5.7602345086200428E-009   1.1325646082776600E-009
  -2.7136667897655643E-008  -4.1505745833485502E-009
   0.0000000000000000        0.0000000000000000     
          74  -6.0820101125017342E-009   8.5491697104151823E-010
  -2.4906862767044455E-008  -2.4906657344561798E-009
   0.0000000000000000        0.0000000000000000     
          75  -6.3726105675028797E-009   8.3993502512531927E-010
  -2.3392660437028972E-008  -1.4348378737712577E-009
   0.0000000000000000        0.0000000000000000     
          76  -6.7140029772595782E-009   1.0152129156892196E-009
  -2.2410450867133050E-008  -6.5260242432924663E-010
   0.0000000000000000        0.0000000000000000     
          77  -7.1833145385169645E-009   1.3999372553326396E-009
  -2.1855799035958153E-008   3.8571661809602002E-011
   0.0000000000000000        0.0000000000000000     
          78  -7.8625675210268221E-009   2.1089005420343861E-009
  -2.1681005734965448E-008   7.9146831730969310E-010
   0.0000000000000000        0.0000000000000000     
          79  -8.8225641005743171E-009   3.4388229928768591E-009
  -2.1864704127762048E-008   1.8233046034620531E-009
   0.0000000000000000        0.0000000000000000     
          80  -9.9375737333899056E-009   6.1138945004641481E-009
  -2.2292625381491876E-008   3.5739662918515723E-009
   0.0000000000000000        0.0000000000000000     
          81  -9.7527642678218162E-009   1.1541108015826402E-008
  -2.2104555609421143E-008   6.8548396268773705E-009
   0.0000000000000000        0.0000000000000000     
          82  -2.8400005916597578E-009   1.7971274247997070E-008
  -1.8204412503358776E-008   1.0656209044545736E-008
   0.0000000000000000        0.0000000000000000     
          83   7.2252995997422006E-009   1.4464173480398852E-008
  -1.2670579351504005E-008   8.7800869850260055E-009
   0.0000000000000000        0.0000000000000000     
          84   9.2359262027134986E-009   7.7331152452990284E-009
  -1.1841726846255306E-008   5.1082872929508230E-009
   0.0000000000000000        0.0000000000000000     
          85   8.2533423722984106E-009   4.1104806658282419E-009
  -1.2806395361734302E-008   3.2249009896704843E-009
   0.0000000000000000        0.0000000000000000     
          86   7.1738971100012676E-009   2.3446749409421033E-009
  -1.3926029974024523E-008   2.4094865650608714E-009
   0.0000000000000000        0.0000000000000000     
          87   6.4061830816569970E-009   1.4047610765368380E-009
  -1.4980056729793347E-008   2.0796978121022631E-009
   0.0000000000000000        0.0000000000000000     
          88   5.9175489182194394E-009   8.4996250743199664E-010
  -1.5999926006645037E-008   1.9919819164278832E-009
   0.0000000000000000        0.0000000000000000     
          89   5.6387717230272087E-009   4.8947981004913415E-010
  -1.7041103045132847E-008   2.0466630908140958E-009
   0.0000000000000000        0.0000000000000000     
          90   5.5185531026481098E-009   2.3284339527410762E-010
  -1.8153732748629648E-008   2.2033444099361284E-009
   0.0000000000000000        0.0000000000000000     
          91   5.5243959905498462E-009   3.2534965244490400E-011
  -1.9383850161017140E-008   2.4494046007555381E-009
   0.0000000000000000        0.0000000000000000     
          92   5.6377191127618008E-009  -1.3942303551467720E-010
  -2.0778392053838356E-008   2.7884144212631864E-009
   0.0000000000000000        0.0000000000000000     
          93   5.8501819837791532E-009  -3.0207624412511193E-010
  -2.2390467960920369E-008   3.2367868684211788E-009
   0.0000000000000000        0.0000000000000000     
          94   6.1617290949913086E-009  -4.7115511092052710E-010
  -2.4285161809595392E-008   3.8249134979189840E-009
   0.0000000000000000        0.0000000000000000     
          95   6.5800590437023016E-009  -6.6298355250520108E-010
  -2.6546902698625944E-008   4.6022238394145240E-009
   0.0000000000000000        0.0000000000000000     
          96   7.1212720253737549E-009  -8.9859012779066041E-010
  -2.9289970690471976E-008   5.6476366297652336E-009
   0.0000000000000000        0.0000000000000000     
          97   7.8112580184679346E-009  -1.2100609345351509E-009
  -3.2674767310891765E-008   7.0895340988266845E-009
   0.0000000000000000        0.0000000000000000     
          98   8.6853156352679615E-009  -1.6522572801847397E-009
  -3.6935279055882151E-008   9.1453099103497563E-009
   0.0000000000000000        0.0000000000000000     
          99   9.7745236965925554E-009  -2.3182560020598425E-009
  -4.2430022815998379E-008   1.2211535451621001E-008
   0.0000000000000000        0.0000000000000000     
         100   1.1089072021990280E-008  -3.3066870601925519E-009
  -4.9699008217928259E-008   1.7119085830720866E-008
   0.0000000000000000        0.0000000000000000     
         101   1.2817757662163928E-008  -4.7598083946941602E-009
  -5.9287217626275991E-008   2.5640344314726970E-008
   0.0000000000000000        0.0000000000000000     
         102   1.5192333308285842E-008  -7.4495002157689030E-009
  -7.1366993113438921E-008   4.1420551596149441E-008
   0.0000000000000000        0.0000000000000000     
         103   1.7619807424099341E-008  -1.3039894794664603E-008
  -8.2843601156188474E-008   7.2966600684525771E-008
   0.0000000000000000        0.0000000000000000     
         104   1.6054260276383475E-008  -2.3771606619306160E-008
  -7.1274456944860878E-008   1.3219133007737482E-007
   0.0000000000000000        0.0000000000000000     
         105   1.3553770652439674E-009  -3.1764140327079447E-008
   1.2799108274302925E-008   1.7423024004606897E-007
   0.0000000000000000        0.0000000000000000     
         106  -1.1674448401627491E-008  -2.2382751034245012E-008
   8.5317312022137129E-008   1.2019477339830236E-007
   0.0000000000000000        0.0000000000000000     
         107  -1.2272987546201756E-008  -1.2425746478000680E-008
   8.9138790520173171E-008   6.4683119075143475E-008
   0.0000000000000000        0.0000000000000000     
         108  -9.6692999840154461E-009  -7.3358090306840702E-009
   7.6230517083179838E-008   3.6504639145130019E-008
   0.0000000000000000        0.0000000000000000     
         109  -7.0794488877145275E-009  -4.8227636268552833E-009
   6.4164778049657447E-008   2.2489150666286243E-008
   0.0000000000000000        0.0000000000000000     
         110  -4.8749253660196810E-009  -3.5039875773557612E-009
   5.4923155281723815E-008   1.4884701990812816E-008
   0.0000000000000000        0.0000000000000000     
         111  -2.9475170995002899E-009  -2.7919181312181613E-009
   4.7998650985046404E-008   1.0384358174310401E-008
   0.0000000000000000        0.0000000000000000     
         112  -1.1403006429227977E-009  -2.4387899672602745E-009
   4.2751692259467049E-008   7.5211139754565006E-009
   0.0000000000000000        0.0000000000000000     
         113   7.0484117625201766E-010  -2.3512004527715704E-009
   3.8708972044802693E-008   5.5873447173150422E-009
   0.0000000000000000        0.0000000000000000     
         114   2.7702220054405218E-009  -2.5328608665481478E-009
   3.5547087655655017E-008   4.2125309708212374E-009
   0.0000000000000000        0.0000000000000000     
         115   5.3145012643296350E-009  -3.1015865468261357E-009
   3.3045561550195531E-008   3.1870933896513070E-009
   0.0000000000000000        0.0000000000000000     
         116   8.7735624155877413E-009  -4.4158046266399226E-009
   3.1047825887814356E-008   2.3833173356178562E-009
   0.0000000000000000        0.0000000000000000     
         117   1.3990788189248228E-008  -7.5559786708038676E-009
   2.9430299708635753E-008   1.7280055931125329E-009
   0.0000000000000000        0.0000000000000000     
         118   2.2466974715787644E-008  -1.6964786249882066E-008
   2.8117032131077055E-008   1.2091538066527060E-009
   0.0000000000000000        0.0000000000000000     
         119   2.0413265920553829E-008  -5.2388810159288813E-008
   2.7107733665446336E-008   7.9438528344121274E-010
   0.0000000000000000        0.0000000000000000     
         120  -3.5803407992522166E-008  -4.1890271711098622E-008
   2.6369539731803521E-008   4.1675173110537933E-010
   0.0000000000000000        0.0000000000000000     
         121  -3.0552343678790745E-008  -1.3451475970076985E-008
   2.5860638658563269E-008   4.8440996126803973E-011
   0.0000000000000000        0.0000000000000000     
         122  -2.2693398086197025E-008  -6.0193373933676262E-009
   2.5562677775646680E-008  -3.2575606148007370E-010
   0.0000000000000000        0.0000000000000000     
         123  -1.8033386594360810E-008  -3.4065977605647188E-009
   2.5472705140724073E-008  -7.2349389570425137E-010
   0.0000000000000000        0.0000000000000000     
         124  -1.5090854278150716E-008  -2.2185019113105777E-009
   2.5599255343893155E-008  -1.1678303995834116E-009
   0.0000000000000000        0.0000000000000000     
         125  -1.3077729107307875E-008  -1.5824686558846313E-009
   2.5962781516814829E-008  -1.6905141697795129E-009
   0.0000000000000000        0.0000000000000000     
         126  -1.1611515195671955E-008  -1.2035459562365481E-009
   2.6598307765214808E-008  -2.3381633253141371E-009
   0.0000000000000000        0.0000000000000000     
         127  -1.0491428367704503E-008  -9.6124096825304734E-010
   2.7559975866459286E-008  -3.1837997409155874E-009
   0.0000000000000000        0.0000000000000000     
         128  -9.6031884695567381E-009  -7.9961820105424802E-010
   2.8927318620165148E-008  -4.3491872888932895E-009
   0.0000000000000000        0.0000000000000000     
         129  -8.8771662444940872E-009  -6.9074342637076731E-010
   3.0810903141451414E-008  -6.0505534756906059E-009
   0.0000000000000000        0.0000000000000000     
         130  -8.2686895283266360E-009  -6.2097233113117074E-010
   3.3344060161710921E-008  -8.6975720647933490E-009
   0.0000000000000000        0.0000000000000000     
         131  -7.7488249039578285E-009  -5.8602919970899418E-010
   3.6597673694393600E-008  -1.3115345793351084E-008
   0.0000000000000000        0.0000000000000000     
         132  -7.3028077262056327E-009  -5.9035506125378954E-010
   4.0128853580100855E-008  -2.1008715095147110E-008
   0.0000000000000000        0.0000000000000000     
         133  -6.9417036211297142E-009  -6.4420058947972950E-010
   4.0979606217302822E-008  -3.5341248710775851E-008
   0.0000000000000000        0.0000000000000000     
         134  -6.7257817384639027E-009  -7.1605933792387961E-010
   2.8655203492096429E-008  -5.5381065746328481E-008
   0.0000000000000000        0.0000000000000000     
         135  -6.6245345901959157E-009  -6.3604313126714195E-010
  -1.7762459634045887E-009  -5.9215210409259743E-008
   0.0000000000000000        0.0000000000000000     
         136  -6.3936623931032617E-009  -4.4624950791013457E-010
  -1.9685799054869719E-008  -4.0058061974796906E-008
   0.0000000000000000        0.0000000000000000     
         137  -6.0836102613914168E-009  -3.3801645017570313E-010
  -2.0498914919971182E-008  -2.3498797835022188E-008
   0.0000000000000000        0.0000000000000000     
         138  -5.7874871781126610E-009  -2.9315403586314746E-010
  -1.6807684685678153E-008  -1.4289883259254637E-008
   0.0000000000000000        0.0000000000000000     
