   262144.00000000000     
         256           1           3
   1.7567330116226543E-005   7.4134639136039997        32.166201293400000     
   6.0401400154609997        12.000000000000000        5733.8999999999996     
           0   0.0000000000000000        0.0000000000000000     
   0.0000000000000000        0.0000000000000000     
   0.0000000000000000        0.0000000000000000     
           1  -3.4258732819057239E-008   1.0604465903011249E-009
  -5.1445775433813695E-008   1.3984373483073705E-009
   0.0000000000000000        0.0000000000000000     
           2  -3.3930499184440799E-008   9.6936290520315769E-010
  -5.0814266500721740E-008   1.4197389143643509E-009
   0.0000000000000000        0.0000000000000000     
           3  -3.3809303859587249E-008   9.7265164343443799E-010
  -5.0450987734399302E-008   1.4180524225534415E-009
   0.0000000000000000        0.0000000000000000     
           4  -3.3781856604633245E-008   9.9509432109254153E-010
  -5.0202758927912376E-008   1.4145989820688677E-009
   0.0000000000000000        0.0000000000000000     
           5  -3.3824163884073686E-008   1.0252039458436417E-009
  -5.0018155270977074E-008   1.4117284745031343E-009
   0.0000000000000000        0.0000000000000000     
           6  -3.3926748534147846E-008   1.0607588148222242E-009
  -4.9874294145934084E-008   1.4095228697605751E-009
   0.0000000000000000        0.0000000000000000     
           7  -3.4085820902816023E-008   1.1015259614197294E-009
  -4.9758932270561415E-008   1.4077694919437638E-009
   0.0000000000000000        0.0000000000000000     
           8  -3.4300733882025316E-008   1.1479473756382978E-009
  -4.9664618101370235E-008   1.4062267832121534E-009
   0.0000000000000000        0.0000000000000000     
           9  -3.4573010463082115E-008   1.2008431882555537E-009
  -4.9586329414240431E-008   1.4046529409660299E-009
   0.0000000000000000        0.0000000000000000     
          10  -3.4905982978260992E-008   1.2613629796551278E-009
  -4.9520357984668172E-008   1.4027946387851948E-009
   0.0000000000000000        0.0000000000000000     
          11  -3.5304745206967345E-008   1.3310278010589004E-009
  -4.9463710692483612E-008   1.4003673181192374E-009
   0.0000000000000000        0.0000000000000000     
          12  -3.5776315085462977E-008   1.4118297832501187E-009
  -4.9413744372196011E-008   1.3970308036235790E-009
   0.0000000000000000        0.0000000000000000     
          13  -3.6329986623827402E-008   1.5063924658050437E-009
  -4.9367908054764511E-008   1.3923579666314991E-009
   0.0000000000000000        0.0000000000000000     
          14  -3.6977897213071938E-008   1.6182143322880593E-009
  -4.9323526506326716E-008   1.3857915730198379E-009
   0.0000000000000000        0.0000000000000000     
          15  -3.7735879806611800E-008   1.7520390215134459E-009
  -4.9277582023200562E-008   1.3765814302669998E-009
   0.0000000000000000        0.0000000000000000     
          16  -3.8624725532857255E-008   1.9144287009762658E-009
  -4.9226456700506273E-008   1.3636887543199322E-009
   0.0000000000000000        0.0000000000000000     
          17  -3.9672069845660712E-008   2.1146761956986335E-009
  -4.9165590414110543E-008   1.3456350421219358E-009
   0.0000000000000000        0.0000000000000000     
          18  -4.0915264797792008E-008   2.3663040189604268E-009
  -4.9088989197503735E-008   1.3202541728998250E-009
   0.0000000000000000        0.0000000000000000     
          19  -4.2405869365371967E-008   2.6896239870906216E-009
  -4.8988476700084200E-008   1.2842691318350363E-009
   0.0000000000000000        0.0000000000000000     
          20  -4.4216897130182428E-008   3.1163082633688023E-009
  -4.8852499369439425E-008   1.2325356993523060E-009
   0.0000000000000000        0.0000000000000000     
          21  -4.6454958837291944E-008   3.6979970547876140E-009
  -4.8664132801586752E-008   1.1566174532452662E-009
   0.0000000000000000        0.0000000000000000     
          22  -4.9281488526530615E-008   4.5235709456981308E-009
  -4.8397600345617109E-008   1.0419253505233811E-009
   0.0000000000000000        0.0000000000000000     
          23  -5.2951550490939958E-008   5.7565998556511727E-009
  -4.8011947634744970E-008   8.6151620172261786E-010
   0.0000000000000000        0.0000000000000000     
          24  -5.7888649600682587E-008   7.7246903577468602E-009
  -4.7438790192129027E-008   5.6129900695779602E-010
   0.0000000000000000        0.0000000000000000     
          25  -6.4831614206142167E-008   1.1160155800092923E-008
  -4.6558047521767734E-008   2.0202451461890970E-011
   0.0000000000000000        0.0000000000000000     
          26  -7.5097420136680600E-008   1.7955810327451328E-008
  -4.5155172297165421E-008  -1.0748034138224452E-009
   0.0000000000000000        0.0000000000000000     
          27  -9.0563418145230518E-008   3.4008470324532528E-008
  -4.2924975113834846E-008  -3.6983355295195148E-009
   0.0000000000000000        0.0000000000000000     
          28  -1.0535103054207639E-007   8.0311987994805525E-008
  -4.0856703392965803E-008  -1.1313164194533811E-008
   0.0000000000000000        0.0000000000000000     
          29  -3.1228353392707129E-008   1.5772885348969991E-007
  -5.3528519411082312E-008  -2.4003853944119930E-008
   0.0000000000000000        0.0000000000000000     
          30   5.0463154434499562E-008   8.3049162980857069E-008
  -6.7385172810971386E-008  -1.1562969910869717E-008
   0.0000000000000000        0.0000000000000000     
          31   3.5263563609554741E-008   3.3796926960656783E-008
  -6.5297604081928044E-008  -3.3760079842381197E-009
   0.0000000000000000        0.0000000000000000     
          32   1.8570996751432517E-008   1.7328471108313497E-008
  -6.3036485971723392E-008  -5.9405307410066295E-010
   0.0000000000000000        0.0000000000000000     
          33   7.4104510653127589E-009   1.0679097485640820E-008
  -6.1752377405921045E-008   5.8329179499804371E-010
   0.0000000000000000        0.0000000000000000     
          34  -3.0324010685579463E-010   7.5009414275418288E-009
  -6.1108626416703339E-008   1.2077186861940845E-009
   0.0000000000000000        0.0000000000000000     
          35  -6.0215994460995504E-009   5.8154205887284916E-009
  -6.0880019009074439E-008   1.6121056793978759E-009
   0.0000000000000000        0.0000000000000000     
          36  -1.0557461683391442E-008   4.8787449789565484E-009
  -6.0953975268581065E-008   1.9300209696943666E-009
   0.0000000000000000        0.0000000000000000     
          37  -1.4385138950243305E-008   4.3691291104275496E-009
  -6.1283958374006287E-008   2.2334021622825655E-009
   0.0000000000000000        0.0000000000000000     
          38  -1.7804485175955859E-008   4.1326009586502089E-009
  -6.1868880534645685E-008   2.5824674855566801E-009
   0.0000000000000000        0.0000000000000000     
          39  -2.1023818609943749E-008   4.0866833368663327E-009
  -6.2750401314089943E-008   3.0612339676180671E-009
   0.0000000000000000        0.0000000000000000     
          40  -2.4205163881973245E-008   4.1671906032667866E-009
  -6.4023060925953385E-008   3.8410673431144355E-009
   0.0000000000000000        0.0000000000000000     
          41  -2.7506759081653134E-008   4.2527815716385923E-009
  -6.5826307382389965E-008   5.3691351065202454E-009
   0.0000000000000000        0.0000000000000000     
          42  -3.1278222562251724E-008   3.9431671193270556E-009
  -6.7956010982491449E-008   9.0017298826700898E-009
   0.0000000000000000        0.0000000000000000     
          43  -3.7600090739316040E-008   2.6517382024820551E-009
  -6.6062485138487225E-008   1.7025489852348081E-008
   0.0000000000000000        0.0000000000000000     
          44  -4.8934687773669317E-008   5.9503153475218884E-009
  -5.4902160921973448E-008   1.6686568441450028E-008
   0.0000000000000000        0.0000000000000000     
          45  -5.8572333642455479E-008   1.4341309888438376E-008
  -5.3969513440434408E-008   9.3568256306888851E-009
   0.0000000000000000        0.0000000000000000     
          46  -7.0387727612573867E-008   2.6679278105621590E-008
  -5.6815319105732835E-008   6.5620387728533619E-009
   0.0000000000000000        0.0000000000000000     
          47  -8.5212868849109006E-008   5.3662453101640721E-008
  -5.9697253742197836E-008   6.0760734489307470E-009
   0.0000000000000000        0.0000000000000000     
          48  -7.6866774213133656E-008   1.1743955918920111E-007
  -6.2286006371454720E-008   7.1042140616284528E-009
   0.0000000000000000        0.0000000000000000     
          49   2.5005868859146005E-008   1.4039529049183132E-007
  -6.3913003332571349E-008   8.6735453118590149E-009
   0.0000000000000000        0.0000000000000000     
          50   5.8511650353327501E-008   6.8723726445617931E-008
  -6.6875515063130620E-008   1.0688537774349045E-008
   0.0000000000000000        0.0000000000000000     
          51   4.3207175217684043E-008   3.5339789837785988E-008
  -7.0275415281239392E-008   1.7497462355794551E-008
   0.0000000000000000        0.0000000000000000     
          52   3.1333433550471462E-008   2.5669352356827329E-008
  -6.3976107641588277E-008   3.1448110047487162E-008
   0.0000000000000000        0.0000000000000000     
          53   2.7763397858143620E-008   1.8375561641801153E-008
  -4.4060931587296032E-008   2.7299387478636322E-008
   0.0000000000000000        0.0000000000000000     
          54   2.1649416760203151E-008   1.1156747693113962E-008
  -4.2551860224155508E-008   1.3955308121917878E-008
   0.0000000000000000        0.0000000000000000     
          55   1.5608821745346990E-008   7.5237471386688661E-009
  -4.6434093543337262E-008   8.2242625826994438E-009
   0.0000000000000000        0.0000000000000000     
          56   1.0817518621639760E-008   5.6312236612311741E-009
  -4.9791099980357350E-008   5.8762111919491250E-009
   0.0000000000000000        0.0000000000000000     
          57   6.9805449567022387E-009   4.5454797043947496E-009
  -5.2409460372550829E-008   4.7900366762622089E-009
   0.0000000000000000        0.0000000000000000     
          58   3.7841475167395433E-009   3.8960680987431024E-009
  -5.4549323461149626E-008   4.2477354459770959E-009
   0.0000000000000000        0.0000000000000000     
          59   1.0057267131991971E-009   3.5201438052828330E-009
  -5.6405955184979209E-008   3.9786530748104311E-009
   0.0000000000000000        0.0000000000000000     
          60  -1.5152409924840173E-009   3.3427088074902660E-009
  -5.8105328438378330E-008   3.8682141456203052E-009
   0.0000000000000000        0.0000000000000000     
          61  -3.9060943343827910E-009   3.3346407055770144E-009
  -5.9732468385769653E-008   3.8650074826631887E-009
   0.0000000000000000        0.0000000000000000     
          62  -6.2817530332755870E-009   3.4987644299680887E-009
  -6.1351286952357507E-008   3.9478736478356946E-009
   0.0000000000000000        0.0000000000000000     
          63  -8.7621153448943490E-009   3.8701525507340673E-009
  -6.3016891131775711E-008   4.1141159072924369E-009
   0.0000000000000000        0.0000000000000000     
          64  -1.1491093699332014E-008   4.5297388109463161E-009
  -6.4784893835606436E-008   4.3774434799273722E-009
   0.0000000000000000        0.0000000000000000     
          65  -1.4661549855971816E-008   5.6404542012303166E-009
  -6.6719774529636261E-008   4.7737709049764145E-009
   0.0000000000000000        0.0000000000000000     
          66  -1.8551967590861718E-008   7.5350560708744336E-009
  -6.8906090160140410E-008   5.3799677547188947E-009
   0.0000000000000000        0.0000000000000000     
          67  -2.3562836465407995E-008   1.0942152432721131E-008
  -7.1458323448012915E-008   6.3643240320172794E-009
   0.0000000000000000        0.0000000000000000     
          68  -3.0132031748740287E-008   1.7619798050086842E-008
  -7.4505502790471011E-008   8.1293066413316490E-009
   0.0000000000000000        0.0000000000000000     
          69  -3.7525014773016288E-008   3.2146854483062674E-008
  -7.7924996729307243E-008   1.1716916263500943E-008
   0.0000000000000000        0.0000000000000000     
          70  -3.4931620613162541E-008   6.3596574035610655E-008
  -7.9355370208666888E-008   1.9205053339909424E-008
   0.0000000000000000        0.0000000000000000     
          71   1.2402319282969142E-008   8.9111689662141822E-008
  -7.1009969597306239E-008   2.5571733965803864E-008
   0.0000000000000000        0.0000000000000000     
          72   5.0928852165013835E-008   5.4929380672889892E-008
  -6.4852835868658521E-008   1.8691311698368376E-008
   0.0000000000000000        0.0000000000000000     
          73   4.9607497810744671E-008   2.5923876303606633E-008
  -6.8089090402094631E-008   1.3118504291072209E-008
   0.0000000000000000        0.0000000000000000     
          74   4.2735361630880897E-008   1.2576145631999846E-008
  -7.3197123864055874E-008   1.1395605713643264E-008
   0.0000000000000000        0.0000000000000000     
          75   3.7866734872365710E-008   5.7173920007510693E-009
  -7.8674023338684679E-008   1.1688420206563601E-008
   0.0000000000000000        0.0000000000000000     
          76   3.5317923322559627E-008   1.1999085854329143E-009
  -8.4757927056375360E-008   1.3448495162293685E-008
   0.0000000000000000        0.0000000000000000     
          77   3.4805980369487201E-008  -2.8743469664054305E-009
  -9.1972019303545242E-008   1.7010157885865605E-008
   0.0000000000000000        0.0000000000000000     
          78   3.6222405315225705E-008  -7.9874651435777243E-009
  -1.0093203057574837E-007   2.3701064675855879E-008
   0.0000000000000000        0.0000000000000000     
          79   3.9364137679620738E-008  -1.6453807771150016E-008
  -1.1183704854504622E-007   3.6958376551207948E-008
   0.0000000000000000        0.0000000000000000     
          80   4.1681264433052807E-008  -3.3167082584158073E-008
  -1.2066904873590857E-007   6.5011438370063202E-008
   0.0000000000000000        0.0000000000000000     
          81   2.7785671992114186E-008  -6.1800862358905622E-008
  -1.0100747465979775E-007   1.1428557967548834E-007
   0.0000000000000000        0.0000000000000000     
          82  -1.6684201474148669E-008  -6.6168273701966417E-008
  -2.7624295653629734E-008   1.2212354131113949E-007
   0.0000000000000000        0.0000000000000000     
          83  -3.5814439255155027E-008  -3.7090661014168074E-008
   2.4815140822044285E-009   7.1791016288699364E-008
   0.0000000000000000        0.0000000000000000     
          84  -3.3206324396574953E-008  -1.8551663494126399E-008
  -5.1302933670388845E-009   3.9612413489185092E-008
   0.0000000000000000        0.0000000000000000     
          85  -2.8309149891133870E-008  -9.8793866773409318E-009
  -1.6836889397340096E-008   2.4697808377776505E-008
   0.0000000000000000        0.0000000000000000     
          86  -2.4628257445610729E-008  -5.4791821902940703E-009
  -2.6587224008346587E-008   1.7426445438422718E-008
   0.0000000000000000        0.0000000000000000     
          87  -2.2218949420484382E-008  -2.8978534831314399E-009
  -3.4371697928139328E-008   1.3619314250413477E-008
   0.0000000000000000        0.0000000000000000     
          88  -2.0807166753425459E-008  -1.0842322403176141E-009
  -4.0807907152460813E-008   1.1594668684217711E-008
   0.0000000000000000        0.0000000000000000     
          89  -2.0211888759942743E-008   5.2169580479650229E-010
  -4.6416208819669207E-008   1.0660647191052580E-008
   0.0000000000000000        0.0000000000000000     
          90  -2.0364858178843617E-008   2.3804161015225375E-009
  -5.1587393432289201E-008   1.0593823430019318E-008
   0.0000000000000000        0.0000000000000000     
          91  -2.1243939913073713E-008   5.1455930301247031E-009
  -5.6604022195961313E-008   1.1524590579914818E-008
   0.0000000000000000        0.0000000000000000     
          92  -2.2540720828138815E-008   1.0126996359980621E-008
  -6.1492454759614553E-008   1.4094487796825959E-008
   0.0000000000000000        0.0000000000000000     
          93  -2.1867177170156260E-008   1.9776335121452493E-008
  -6.4985549123661148E-008   1.9700018082926925E-008
   0.0000000000000000        0.0000000000000000     
          94  -1.0054863361743867E-008   3.2243872358693412E-008
  -6.1709140079494762E-008   2.7230632385366797E-008
   0.0000000000000000        0.0000000000000000     
          95   1.0385710964831528E-008   2.8125327261164432E-008
  -5.3180843106664422E-008   2.5046753281487130E-008
   0.0000000000000000        0.0000000000000000     
          96   1.6723316078958626E-008   1.4784104000664231E-008
  -5.3121060459766885E-008   1.7450951607670270E-008
   0.0000000000000000        0.0000000000000000     
          97   1.5982113265320683E-008   6.8051830336746584E-009
  -5.7481959164039453E-008   1.3211840632180084E-008
   0.0000000000000000        0.0000000000000000     
          98   1.4770120555431227E-008   2.6440940312170636E-009
  -6.2398636131521603E-008   1.1464078047484349E-008
   0.0000000000000000        0.0000000000000000     
          99   1.4283042630559973E-008   1.5200762010169270E-010
  -6.7258585667742592E-008   1.0978918278961778E-008
   0.0000000000000000        0.0000000000000000     
         100   1.4585713104685295E-008  -1.6689632068645899E-009
  -7.2154678899191181E-008   1.1242561561440610E-008
   0.0000000000000000        0.0000000000000000     
         101   1.5632161366897346E-008  -3.3022085770769693E-009
  -7.7287557022485857E-008   1.2097841659222412E-008
   0.0000000000000000        0.0000000000000000     
         102   1.7429130179146024E-008  -5.0536368572648537E-009
  -8.2884435385551470E-008   1.3576599264050040E-008
   0.0000000000000000        0.0000000000000000     
         103   2.0059746125074510E-008  -7.2106524816147008E-009
  -8.9211663636676987E-008   1.5868835615681656E-008
   0.0000000000000000        0.0000000000000000     
         104   2.3692670161385823E-008  -1.0161035512151070E-008
  -9.6599815320231495E-008   1.9381363392056932E-008
   0.0000000000000000        0.0000000000000000     
         105   2.8578944772147816E-008  -1.4560805869911672E-008
  -1.0546036108753689E-007   2.4915574092352174E-008
   0.0000000000000000        0.0000000000000000     
         106   3.4982138853634086E-008  -2.1673572162183475E-008
  -1.1620378407667812E-007   3.4092345837737236E-008
   0.0000000000000000        0.0000000000000000     
         107   4.2727691000913586E-008  -3.4122447422025622E-008
  -1.2866182139539874E-007   5.0328953657174200E-008
   0.0000000000000000        0.0000000000000000     
         108   4.8945572722362445E-008  -5.7202224951540141E-008
  -1.3913842848086505E-007   8.0562131516262468E-008
   0.0000000000000000        0.0000000000000000     
         109   3.9417377728423657E-008  -9.6478065627525043E-008
  -1.2907526413239158E-007   1.3214050566783259E-007
   0.0000000000000000        0.0000000000000000     
         110  -1.3018267864627458E-008  -1.2694199065750831E-007
  -6.2846012020682926E-008   1.7245327677941133E-007
   0.0000000000000000        0.0000000000000000     
         111  -6.8479792299388641E-008  -9.9140655532330105E-008
   7.4977945060319625E-009   1.3660786779753038E-007
   0.0000000000000000        0.0000000000000000     
         112  -7.9780460441146000E-008  -5.8189072223403533E-008
   1.9945285243930857E-008   8.3507636188476331E-008
   0.0000000000000000        0.0000000000000000     
         113  -7.3309446425967285E-008  -3.3835690542635339E-008
   8.8595537333573978E-009   5.2301026772982946E-008
   0.0000000000000000        0.0000000000000000     
         114  -6.5044349264328032E-008  -2.0807175099009121E-008
  -4.8938066305754222E-009   3.6328717466298824E-008
   0.0000000000000000        0.0000000000000000     
         115  -5.8232565341835002E-008  -1.3288027326452864E-008
  -1.7034507960546736E-008   2.8350452268378129E-008
   0.0000000000000000        0.0000000000000000     
         116  -5.2956907170308636E-008  -8.2703728323673643E-009
  -2.7056924479242034E-008   2.5121437101426204E-008
   0.0000000000000000        0.0000000000000000     
         117  -4.8447638673104428E-008  -4.2725576225539472E-009
  -3.4101816387134619E-008   2.5237674472410752E-008
   0.0000000000000000        0.0000000000000000     
         118  -4.3761736710325939E-008  -1.5092449528592410E-009
  -3.6688488652300682E-008   2.5374867725335665E-008
   0.0000000000000000        0.0000000000000000     
         119  -4.0347729245083697E-008  -6.8420826607089706E-010
  -3.9036990301438278E-008   2.1751167688720489E-008
   0.0000000000000000        0.0000000000000000     
         120  -3.9577513444444771E-008   6.9890376466314130E-010
  -4.4438162113705024E-008   1.8130264045795613E-008
   0.0000000000000000        0.0000000000000000     
         121  -3.9962199888033066E-008   7.1883673568324019E-009
  -5.0939564723505968E-008   1.6377435038832505E-008
   0.0000000000000000        0.0000000000000000     
         122  -2.4146866750986453E-008   1.5163536383482914E-008
  -5.7617436661098481E-008   1.6058818261818175E-008
   0.0000000000000000        0.0000000000000000     
         123  -1.9445347259805338E-008   4.1286643295891627E-009
  -6.4455404101588394E-008   1.6911540075071533E-008
   0.0000000000000000        0.0000000000000000     
         124  -2.1202208682502826E-008   2.7493045701043545E-009
  -7.1602897458177359E-008   1.9167911165757533E-008
   0.0000000000000000        0.0000000000000000     
         125  -2.1097630580116705E-008   6.4890144340379543E-009
  -7.8789827353710795E-008   2.3736478942326740E-008
   0.0000000000000000        0.0000000000000000     
         126  -1.4107154235064709E-008   1.4871143127798490E-008
  -8.3429595030387386E-008   3.1496450288739176E-008
   0.0000000000000000        0.0000000000000000     
         127   6.0673272775070193E-009   1.5024187704982110E-008
  -8.2592973100355364E-008   3.6309973063731143E-008
   0.0000000000000000        0.0000000000000000     
         128   1.9821630923403425E-008  -4.0835785823977455E-010
  -8.7052410385776506E-008   3.5662447023191450E-008
   0.0000000000000000        0.0000000000000000     
         129   2.5448246259073504E-008  -1.5643303649404802E-008
  -9.7723356170133902E-008   3.9838438753045844E-008
   0.0000000000000000        0.0000000000000000     
         130   3.0502875766529528E-008  -3.1860642321267793E-008
  -1.1007497295480648E-007   5.1841522803978675E-008
   0.0000000000000000        0.0000000000000000     
         131   3.4106988520797683E-008  -5.5435998431950904E-008
  -1.2033378853651630E-007   7.5131628352083897E-008
   0.0000000000000000        0.0000000000000000     
         132   2.5627457305746381E-008  -9.1629216046015497E-008
  -1.1672589229010779E-007   1.1381472228260352E-007
   0.0000000000000000        0.0000000000000000     
         133  -1.6774207206357900E-008  -1.2613370787392691E-007
  -7.5553236913143403E-008   1.5149463796749414E-007
   0.0000000000000000        0.0000000000000000     
         134  -7.6998235419587952E-008  -1.1520752626780378E-007
  -1.4843575972917017E-008   1.3991938182033590E-007
   0.0000000000000000        0.0000000000000000     
         135  -1.0329272871382561E-007  -7.5101169817246051E-008
   8.3193807888531098E-009   9.7018615204998500E-008
   0.0000000000000000        0.0000000000000000     
         136  -1.0385924462062549E-007  -4.4233705412552274E-008
   2.7313886905865097E-009   6.5201053163008919E-008
   0.0000000000000000        0.0000000000000000     
         137  -9.8116183254899523E-008  -2.5461002823505415E-008
  -1.0567385153759378E-008   4.8103841517275302E-008
   0.0000000000000000        0.0000000000000000     
         138  -9.2639490101629770E-008  -1.3075424139645830E-008
  -2.4578545066854641E-008   4.0594047588480194E-008
   0.0000000000000000        0.0000000000000000     
