   262144.00000000000     
         256           1           3
   1.7567330116226543E-005  -3.8553127350719998        56.028443713300000     
   6.0401400154609997        12.000000000000000        5733.8999999999996     
           0   0.0000000000000000        0.0000000000000000     
   0.0000000000000000        0.0000000000000000     
   0.0000000000000000        0.0000000000000000     
           1   0.0000000000000000        0.0000000000000000     
   5.1197959264950491E-009  -1.1560794458487410E-010
   2.6452183807752502E-008  -5.6458691776942160E-010
           2   0.0000000000000000        0.0000000000000000     
   5.0725015987838254E-009  -1.1187740548833623E-010
   2.6205204305678574E-008  -5.6899857497327220E-010
           3   0.0000000000000000        0.0000000000000000     
   5.0468944461195749E-009  -1.1112754306003918E-010
   2.6066693748811496E-008  -5.6910760185665090E-010
           4   0.0000000000000000        0.0000000000000000     
   5.0302315023097393E-009  -1.1108560984117977E-010
   2.5975362573150319E-008  -5.6936972047049657E-010
           5   0.0000000000000000        0.0000000000000000     
   5.0188488780580614E-009  -1.1133241794419399E-010
   2.5911174287168447E-008  -5.7019259373870224E-010
           6   0.0000000000000000        0.0000000000000000     
   5.0111318858432828E-009  -1.1175121552432459E-010
   2.5865262513672465E-008  -5.7153027281014839E-010
           7   0.0000000000000000        0.0000000000000000     
   5.0062259818224624E-009  -1.1229767353494141E-010
   2.5832950094392932E-008  -5.7330776605298844E-010
           8   0.0000000000000000        0.0000000000000000     
   5.0036300187461056E-009  -1.1295205851557416E-010
   2.5811478509340713E-008  -5.7546763084952759E-010
           9   0.0000000000000000        0.0000000000000000     
   5.0030314767583195E-009  -1.1370539862376639E-010
   2.5799093130337650E-008  -5.7797013480350914E-010
          10   0.0000000000000000        0.0000000000000000     
   5.0042290361765496E-009  -1.1455444608516479E-010
   2.5794617025308760E-008  -5.8078863063394410E-010
          11   0.0000000000000000        0.0000000000000000     
   5.0070923634937298E-009  -1.1549954322531263E-010
   2.5797230509571967E-008  -5.8390575225876007E-010
          12   0.0000000000000000        0.0000000000000000     
   5.0115397035758209E-009  -1.1654364334550815E-010
   2.5806347801621934E-008  -5.8731080751161417E-010
          13   0.0000000000000000        0.0000000000000000     
   5.0175247874210120E-009  -1.1769186802788346E-010
   2.5821543668732212E-008  -5.9099805456411267E-010
          14   0.0000000000000000        0.0000000000000000     
   5.0250289902844482E-009  -1.1895135333239417E-010
   2.5842507637248403E-008  -5.9496556597031042E-010
          15   0.0000000000000000        0.0000000000000000     
   5.0340566572131047E-009  -1.2033127871770857E-010
   2.5869014277606343E-008  -5.9921447753346792E-010
          16   0.0000000000000000        0.0000000000000000     
   5.0446324779867438E-009  -1.2184303412462634E-010
   2.5900903309845483E-008  -6.0374849280128892E-010
          17   0.0000000000000000        0.0000000000000000     
   5.0568002965570545E-009  -1.2350051195985780E-010
   2.5938065952680579E-008  -6.0857356177734772E-010
          18   0.0000000000000000        0.0000000000000000     
   5.0706230215609566E-009  -1.2532053011321936E-010
   2.5980435387095193E-008  -6.1369768223220382E-010
          19   0.0000000000000000        0.0000000000000000     
   5.0861834777107654E-009  -1.2732340731920402E-010
   2.6027980015107925E-008  -6.1913079118107651E-010
          20   0.0000000000000000        0.0000000000000000     
   5.1035861540188745E-009  -1.2953372779411971E-010
   2.6080698679026513E-008  -6.2488472578633958E-010
          21   0.0000000000000000        0.0000000000000000     
   5.1229598977823431E-009  -1.3198135079333159E-010
   2.6138617296262122E-008  -6.3097324104690295E-010
          22   0.0000000000000000        0.0000000000000000     
   5.1444618391235258E-009  -1.3470274906694110E-010
   2.6201664927465479E-008  -6.3740948406846792E-010
          23   0.0000000000000000        0.0000000000000000     
   5.1682818862332406E-009  -1.3774277372434156E-010
   2.6270158824449971E-008  -6.4421648163383392E-010
          24   0.0000000000000000        0.0000000000000000     
   5.1946503723921867E-009  -1.4115706184674696E-010
   2.6344073656547232E-008  -6.5141173658958275E-010
          25   0.0000000000000000        0.0000000000000000     
   5.2238463953889040E-009  -1.4501527084478093E-010
   2.6423527893798679E-008  -6.5901781570296306E-010
          26   0.0000000000000000        0.0000000000000000     
   5.2562098200519904E-009  -1.4940555508895126E-010
   2.6508662290019142E-008  -6.6706002077804397E-010
          27   0.0000000000000000        0.0000000000000000     
   5.2921571273859681E-009  -1.5444082271325340E-010
   2.6599640501019549E-008  -6.7556672147009221E-010
          28   0.0000000000000000        0.0000000000000000     
   5.3322028355360310E-009  -1.6026763548505100E-010
   2.6696650141716707E-008  -6.8456977064247082E-010
          29   0.0000000000000000        0.0000000000000000     
   5.3769888397297169E-009  -1.6707910826197845E-010
   2.6799904302475284E-008  -6.9410502609450332E-010
          30   0.0000000000000000        0.0000000000000000     
   5.4273252295255889E-009  -1.7513400136829203E-010
   2.6909643574064450E-008  -7.0421301486648941E-010
          31   0.0000000000000000        0.0000000000000000     
   5.4842480910030305E-009  -1.8478565022394204E-010
   2.7026138669829781E-008  -7.1493979667183338E-010
          32   0.0000000000000000        0.0000000000000000     
   5.5491030188998250E-009  -1.9652697499478024E-010
   2.7149693785165922E-008  -7.2633811801885859E-010
          33   0.0000000000000000        0.0000000000000000     
   5.6236685196977353E-009  -2.1106263859221376E-010
   2.7280650916597644E-008  -7.3846901182154763E-010
          34   0.0000000000000000        0.0000000000000000     
   5.7103430095490413E-009  -2.2942875846617376E-010
   2.7419395496320668E-008  -7.5140411707177759E-010
          35   0.0000000000000000        0.0000000000000000     
   5.8124361609520056E-009  -2.5319950911708799E-010
   2.7566214496631443E-008  -7.6522605087567029E-010
          36   0.0000000000000000        0.0000000000000000     
   5.9346378074768634E-009  -2.8486048339760094E-010
   2.7721904628210311E-008  -7.8004694565979880E-010
          37   0.0000000000000000        0.0000000000000000     
   6.0837964821436667E-009  -3.2852094282024166E-010
   2.7886890733072547E-008  -7.9599959011919060E-010
          38   0.0000000000000000        0.0000000000000000     
   6.2702604471399523E-009  -3.9136339064683537E-010
   2.8061761626352290E-008  -8.1326798182829955E-010
          39   0.0000000000000000        0.0000000000000000     
   6.5102563852087342E-009  -4.8683341104784485E-010
   2.8247497943778186E-008  -8.3213286989088533E-010
          40   0.0000000000000000        0.0000000000000000     
   6.8301196511810583E-009  -6.4236082403893524E-010
   2.8445074222437146E-008  -8.5305983400817595E-010
          41   0.0000000000000000        0.0000000000000000     
   7.2730238960220415E-009  -9.2034649367298292E-010
   2.8655874244814758E-008  -8.7696824114408233E-010
          42   0.0000000000000000        0.0000000000000000     
   7.9008468512600301E-009  -1.4832642348637051E-009
   2.8881564356192121E-008  -9.0603489492617828E-010
          43   0.0000000000000000        0.0000000000000000     
   8.6934171807162009E-009  -2.8133571937585189E-009
   2.9122265215624462E-008  -9.4639652010984686E-010
          44   0.0000000000000000        0.0000000000000000     
   8.4265145284324169E-009  -6.0404530346874528E-009
   2.9363672580384572E-008  -1.0122202432868070E-009
          45   0.0000000000000000        0.0000000000000000     
   3.2232792171688584E-009  -7.6514277292556999E-009
   2.9561002217303169E-008  -1.0604822076721195E-009
          46   0.0000000000000000        0.0000000000000000     
   1.0669320301791159E-009  -3.8588095850877423E-009
   2.9813140667135096E-008  -1.0447669969787579E-009
          47   0.0000000000000000        0.0000000000000000     
   1.7875088117974801E-009  -1.8652642496869559E-009
   3.0119559150605181E-008  -1.0543272268606873E-009
          48   0.0000000000000000        0.0000000000000000     
   2.5366134983976741E-009  -1.0802972493463665E-009
   3.0447161717829655E-008  -1.0823621061069719E-009
          49   0.0000000000000000        0.0000000000000000     
   3.0749769879274887E-009  -7.2498084293964380E-010
   3.0795297803710538E-008  -1.1198512570884674E-009
          50   0.0000000000000000        0.0000000000000000     
   3.4646691519405524E-009  -5.4130058855294039E-010
   3.1167398623929662E-008  -1.1643369789870887E-009
          51   0.0000000000000000        0.0000000000000000     
   3.7605342170444454E-009  -4.3707888037088445E-010
   3.1567299028604144E-008  -1.2155860450483959E-009
          52   0.0000000000000000        0.0000000000000000     
   3.9965859770762590E-009  -3.7436176673386770E-010
   3.1999193300542529E-008  -1.2742699912008054E-009
          53   0.0000000000000000        0.0000000000000000     
   4.1936847528373492E-009  -3.3557671275919920E-010
   3.2467808559564386E-008  -1.3416259188546240E-009
          54   0.0000000000000000        0.0000000000000000     
   4.3651712663223974E-009  -3.1185132865006465E-010
   3.2979032721005255E-008  -1.4194337496336095E-009
          55   0.0000000000000000        0.0000000000000000     
   4.5200751293105081E-009  -2.9845200446267043E-010
   3.3539743528045754E-008  -1.5101149132358743E-009
          56   0.0000000000000000        0.0000000000000000     
   4.6649307922885560E-009  -2.9282137645860800E-010
   3.4158582872184586E-008  -1.6169614328798824E-009
          57   0.0000000000000000        0.0000000000000000     
   4.8048539954294802E-009  -2.9368014197914420E-010
   3.4846466252417581E-008  -1.7444970958802442E-009
          58   0.0000000000000000        0.0000000000000000     
   4.9442370366825193E-009  -3.0061888682439615E-010
   3.5617476296823704E-008  -1.8990576021363874E-009
          59   0.0000000000000000        0.0000000000000000     
   5.0872629628530514E-009  -3.1395494706351587E-010
   3.6489887513842206E-008  -2.0897246370673197E-009
          60   0.0000000000000000        0.0000000000000000     
   5.2383568611310625E-009  -3.3477835879788875E-010
   3.7488309994082764E-008  -2.3298994929061667E-009
          61   0.0000000000000000        0.0000000000000000     
   5.4026811602672013E-009  -3.6519915132382024E-010
   3.8646488073132974E-008  -2.6400213611226839E-009
          62   0.0000000000000000        0.0000000000000000     
   5.5867776113371754E-009  -4.0890031895115926E-010
   4.0011034117895714E-008  -3.0524878324282653E-009
          63   0.0000000000000000        0.0000000000000000     
   5.7995022565235897E-009  -4.7226465088763864E-010
   4.1649846773943152E-008  -3.6211320917371954E-009
          64   0.0000000000000000        0.0000000000000000     
   6.0534723506046174E-009  -5.6671848718896067E-010
   4.3661863881116822E-008  -4.4404463706799276E-009
          65   0.0000000000000000        0.0000000000000000     
   6.3672723800245850E-009  -7.1390724937043503E-010
   4.6196433854566744E-008  -5.6878658563887142E-009
          66   0.0000000000000000        0.0000000000000000     
   6.7681705058371443E-009  -9.5807860556043798E-010
   4.9473761538772680E-008  -7.7246105460918467E-009
          67   0.0000000000000000        0.0000000000000000     
   7.2908926597707859E-009  -1.3984352451395259E-009
   5.3775842095248478E-008  -1.1359085808342737E-008
          68   0.0000000000000000        0.0000000000000000     
   7.9386080183041569E-009  -2.2782612228537541E-009
   5.9128470367440440E-008  -1.8572303700191858E-008
          69   0.0000000000000000        0.0000000000000000     
   8.3784506913197573E-009  -4.1720795049571120E-009
   6.2824596023399919E-008  -3.4041185078775503E-008
          70   0.0000000000000000        0.0000000000000000     
   6.6112004565944268E-009  -7.2409167540979579E-009
   4.8593626908233160E-008  -5.9077342593057811E-008
          71   0.0000000000000000        0.0000000000000000     
   2.0568807233195316E-009  -6.8075945745727528E-009
   1.1715459181001466E-008  -5.5615713191268481E-008
          72   0.0000000000000000        0.0000000000000000     
   8.6804768736158870E-010  -3.7416604295771016E-009
   2.2691662529937176E-009  -3.0734721330182109E-008
          73   0.0000000000000000        0.0000000000000000     
   1.4331312343625300E-009  -2.0500807299057562E-009
   7.1413285752578282E-009  -1.7047524870286131E-008
          74   0.0000000000000000        0.0000000000000000     
   2.0864615336649116E-009  -1.2716439842661260E-009
   1.2780413998315073E-008  -1.0802416524879105E-008
          75   0.0000000000000000        0.0000000000000000     
   2.6000304131788738E-009  -8.8133596512173658E-010
   1.7336302760864472E-008  -7.7288606286835162E-009
          76   0.0000000000000000        0.0000000000000000     
   2.9928398578421273E-009  -6.6537155982523139E-010
   2.0970811603982196E-008  -6.0899456660688539E-009
          77   0.0000000000000000        0.0000000000000000     
   3.3010922286287418E-009  -5.3631565058437821E-010
   2.3987522962122460E-008  -5.1779277701896360E-009
          78   0.0000000000000000        0.0000000000000000     
   3.5515060435691553E-009  -4.5488235448139661E-010
   2.6615278156450036E-008  -4.6781030539958609E-009
          79   0.0000000000000000        0.0000000000000000     
   3.7620039643324415E-009  -4.0175236001802928E-010
   2.9013692325023921E-008  -4.4398913293879045E-009
          80   0.0000000000000000        0.0000000000000000     
   3.9446751772377918E-009  -3.6672127301587133E-010
   3.1299307921750031E-008  -4.3892449149274560E-009
          81   0.0000000000000000        0.0000000000000000     
   4.1079628397934631E-009  -3.4413762833081544E-010
   3.3563953655383945E-008  -4.4925830206819046E-009
          82   0.0000000000000000        0.0000000000000000     
   4.2580656023988579E-009  -3.3083802679693088E-010
   3.5888433594803045E-008  -4.7416978608603463E-009
          83   0.0000000000000000        0.0000000000000000     
   4.3998381801686726E-009  -3.2517519551420789E-010
   3.8351677058071134E-008  -5.1485972407577730E-009
          84   0.0000000000000000        0.0000000000000000     
   4.5374106231939398E-009  -3.2658637581304393E-010
   4.1041302526219166E-008  -5.7467007499031883E-009
          85   0.0000000000000000        0.0000000000000000     
   4.6746634571117564E-009  -3.3549152574116150E-010
   4.4062146822394553E-008  -6.5981981060740386E-009
          86   0.0000000000000000        0.0000000000000000     
   4.8156688232356269E-009  -3.5348674198531639E-010
   4.7549892979217691E-008  -7.8107615580664260E-009
          87   0.0000000000000000        0.0000000000000000     
   4.9651572286672178E-009  -3.8395297990773994E-010
   5.1688214942580773E-008  -9.5718310026251093E-009
          88   0.0000000000000000        0.0000000000000000     
   5.1290587608200556E-009  -4.3346188266878520E-010
   5.6730589977096423E-008  -1.2220487746503420E-008
          89   0.0000000000000000        0.0000000000000000     
   5.3149179393674422E-009  -5.1497197762912744E-010
   6.3019303317577630E-008  -1.6406531911892264E-008
          90   0.0000000000000000        0.0000000000000000     
   5.5309036359976867E-009  -6.5539286993261995E-010
   7.0934279764933417E-008  -2.3463909074137970E-008
          91   0.0000000000000000        0.0000000000000000     
   5.7763393230161687E-009  -9.1377081046200170E-010
   8.0425321067202476E-008  -3.6306502164672319E-008
          92   0.0000000000000000        0.0000000000000000     
   5.9873630812769894E-009  -1.4159661256460130E-009
   8.8336991569828974E-008  -6.1135339174264122E-008
          93   0.0000000000000000        0.0000000000000000     
   5.8110377255688504E-009  -2.2911604746768275E-009
   7.7289614056496305E-008  -1.0431433177572490E-007
          94   0.0000000000000000        0.0000000000000000     
   4.6394516051862688E-009  -2.8401392638423847E-009
   1.7363681416979858E-008  -1.3143903132908437E-007
          95   0.0000000000000000        0.0000000000000000     
   3.6526612435784224E-009  -2.0856564044542540E-009
  -3.3367349732284645E-008  -9.4422266907735440E-008
          96   0.0000000000000000        0.0000000000000000     
   3.6115230601345334E-009  -1.2673139925504344E-009
  -3.7459069303221533E-008  -5.4276499040402889E-008
          97   0.0000000000000000        0.0000000000000000     
   3.8434250312298102E-009  -8.2432965431701558E-010
  -2.8002648361735184E-008  -3.2625687641520890E-008
          98   0.0000000000000000        0.0000000000000000     
   4.0789540387723110E-009  -5.9544919399641462E-010
  -1.8249097663904458E-008  -2.1543995821965672E-008
          99   0.0000000000000000        0.0000000000000000     
   4.2769374146317389E-009  -4.6824523273053257E-010
  -1.0206517000897238E-008  -1.5511128144195848E-008
         100   0.0000000000000000        0.0000000000000000     
   4.4404948587636007E-009  -3.9135239391151718E-010
  -3.6992268752219641E-009  -1.2015368379055554E-008
         101   0.0000000000000000        0.0000000000000000     
   4.5775576581321873E-009  -3.4101385718315644E-010
   1.6944663998190980E-009  -9.9088087996155280E-009
         102   0.0000000000000000        0.0000000000000000     
   4.6944369439630109E-009  -3.0533021693716859E-010
   6.3270331099980071E-009  -8.6343853924629157E-009
         103   0.0000000000000000        0.0000000000000000     
   4.7953670893632205E-009  -2.7773127602885782E-010
   1.0462435469483871E-008  -7.9079626060364813E-009
         104   0.0000000000000000        0.0000000000000000     
   4.8829213753746110E-009  -2.5413205420604840E-010
   1.4302005073569989E-008  -7.5836083306328815E-009
         105   0.0000000000000000        0.0000000000000000     
   4.9583810889432599E-009  -2.3155966350150189E-010
   1.8008953633943712E-008  -7.5943617117711469E-009
         106   0.0000000000000000        0.0000000000000000     
   5.0219379525292754E-009  -2.0736691602832200E-010
   2.1728783069676638E-008  -7.9273478055716062E-009
         107   0.0000000000000000        0.0000000000000000     
   5.0727439575208424E-009  -1.7862967912364213E-010
   2.5605055232041309E-008  -8.6177462369691914E-009
         108   0.0000000000000000        0.0000000000000000     
   5.1088092283046515E-009  -1.4147166618960047E-010
   2.9796308689935106E-008  -9.7577895817206530E-009
         109   0.0000000000000000        0.0000000000000000     
   5.1267777291640115E-009  -9.0032764721158965E-011
   3.4489968382178264E-008  -1.1524727301117732E-008
         110   0.0000000000000000        0.0000000000000000     
   5.1216413432033226E-009  -1.4581928791030472E-011
   3.9920197093463531E-008  -1.4242654204130524E-008
         111   0.0000000000000000        0.0000000000000000     
   5.0867649897677558E-009   1.0229632185228012E-010
   4.6369361244809399E-008  -1.8514453582361414E-008
         112   0.0000000000000000        0.0000000000000000     
   5.0158714813285165E-009   2.9387522049751820E-010
   5.4100556603469404E-008  -2.5509350089144625E-008
         113   0.0000000000000000        0.0000000000000000     
   4.9141792283605170E-009   6.2682363213055871E-010
   6.2965365004290945E-008  -3.7582858988832894E-008
         114   0.0000000000000000        0.0000000000000000     
   4.8489214854241428E-009   1.2307610665855353E-009
   7.0614162296974521E-008  -5.9322778109812279E-008
         115   0.0000000000000000        0.0000000000000000     
   5.1333784507355094E-009   2.2616081881430039E-009
   6.5981633667933701E-008  -9.6250584742967028E-008
         116   0.0000000000000000        0.0000000000000000     
   6.4833431342304768E-009   3.3001543654512203E-009
   2.3747030629723214E-008  -1.3351826459851462E-007
         117   0.0000000000000000        0.0000000000000000     
   8.3985601366685692E-009   2.9109250423760492E-009
  -3.8340013707264079E-008  -1.2028298790096748E-007
         118   0.0000000000000000        0.0000000000000000     
   9.2174468845776800E-009   1.6825694606504702E-009
  -6.1394967337854127E-008  -7.7398162701223473E-008
         119   0.0000000000000000        0.0000000000000000     
   9.2988000876830923E-009   8.0341072310589458E-010
  -5.8098357485171803E-008  -4.6958978597435919E-008
         120   0.0000000000000000        0.0000000000000000     
   9.2315555133466520E-009   3.0144163731909172E-010
  -4.9271606606731572E-008  -2.9962947833208392E-008
         121   0.0000000000000000        0.0000000000000000     
   9.1879120927858826E-009   6.3010899399264589E-012
  -4.0980648869809466E-008  -2.0382902066356756E-008
         122   0.0000000000000000        0.0000000000000000     
   9.1961124185282447E-009  -1.8283509878762418E-010
  -3.4186122851386999E-008  -1.4655903836086232E-008
         123   0.0000000000000000        0.0000000000000000     
   9.2533311452899963E-009  -3.1595652620693736E-010
  -2.8745430048868320E-008  -1.1020533318822735E-008
         124   0.0000000000000000        0.0000000000000000     
   9.3525777395275341E-009  -4.1831750248652538E-010
  -2.4364329394139328E-008  -8.5920527650967058E-009
         125   0.0000000000000000        0.0000000000000000     
   9.4880946967165801E-009  -5.0338468135288443E-010
  -2.0787943268568140E-008  -6.9029393219308067E-009
         126   0.0000000000000000        0.0000000000000000     
   9.6559810098190188E-009  -5.7869468175329943E-010
  -1.7822517767498150E-008  -5.6937011530773868E-009
         127   0.0000000000000000        0.0000000000000000     
   9.8538774986370933E-009  -6.4850404848036430E-010
  -1.5323064969196858E-008  -4.8156995527505833E-009
         128   0.0000000000000000        0.0000000000000000     
   1.0080561219928834E-008  -7.1491779080571685E-010
  -1.3181038106598725E-008  -4.1846250757154839E-009
         129   0.0000000000000000        0.0000000000000000     
   1.0335608839518175E-008  -7.7813963792903237E-010
  -1.1310006233152250E-008  -3.7589079826625495E-009
         130   0.0000000000000000        0.0000000000000000     
   1.0619171193866973E-008  -8.3595597285007904E-010
  -9.6394134061227501E-009  -3.5324386543829532E-009
         131   0.0000000000000000        0.0000000000000000     
   1.0931987486905917E-008  -8.8213522741067194E-010
  -8.1064213639733994E-009  -3.5392873660125992E-009
         132   0.0000000000000000        0.0000000000000000     
   1.1276135122566440E-008  -9.0278456407945978E-010
  -6.6568201049098110E-009  -3.8739765657846340E-009
         133   0.0000000000000000        0.0000000000000000     
   1.1658397327800078E-008  -8.6845943382118282E-010
  -5.2595162067741924E-009  -4.7398886399295474E-009
         134   0.0000000000000000        0.0000000000000000     
   1.2103110232878459E-008  -7.1767607219824769E-010
  -3.9761849410008711E-009  -6.5519472572451007E-009
         135   0.0000000000000000        0.0000000000000000     
   1.2699503674698392E-008  -3.2810089402569853E-010
  -3.2317986616771589E-009  -1.0117856547820839E-008
         136   0.0000000000000000        0.0000000000000000     
   1.3763500565121059E-008   4.8576903789330398E-010
  -4.7484054260778837E-009  -1.6678223377056972E-008
         137   0.0000000000000000        0.0000000000000000     
   1.6191840936995882E-008   1.6133144669344800E-009
  -1.3609053102160363E-008  -2.5870014331411822E-008
         138   0.0000000000000000        0.0000000000000000     
   2.0876949002082165E-008   1.3008678411732566E-009
  -3.4889282152345770E-008  -2.8000623077375698E-008
