   262144.00000000000     
         256           1           3
   1.7567330116226543E-005   20.860845378598000        104.28469363400001     
   6.0401400154609997        12.000000000000000        5733.8999999999996     
           0   0.0000000000000000        0.0000000000000000     
   0.0000000000000000        0.0000000000000000     
   0.0000000000000000        0.0000000000000000     
           1   4.4173818071205453E-009  -1.2854255188784271E-010
  -4.7289504458080327E-009  -1.5951625315271972E-011
   0.0000000000000000        0.0000000000000000     
           2   4.3893781831011470E-009  -1.3943705736259342E-010
  -4.6706516200494592E-009   1.0094404578223160E-010
   0.0000000000000000        0.0000000000000000     
           3   4.3983347418308783E-009  -1.5197871995925465E-010
  -4.6344497665281074E-009   1.2615788039384933E-010
   0.0000000000000000        0.0000000000000000     
           4   4.4318763814098444E-009  -1.6601620891909482E-010
  -4.6232254942633322E-009   1.3650481093978542E-010
   0.0000000000000000        0.0000000000000000     
           5   4.4867622017976614E-009  -1.8170478988365117E-010
  -4.6271475556831433E-009   1.4361624544216378E-010
   0.0000000000000000        0.0000000000000000     
           6   4.5622845589710288E-009  -1.9931257275644239E-010
  -4.6421024407366350E-009   1.4999417493775704E-010
   0.0000000000000000        0.0000000000000000     
           7   4.6589129720003434E-009  -2.1919456207218943E-010
  -4.6662819710349192E-009   1.5638063404715291E-010
   0.0000000000000000        0.0000000000000000     
           8   4.7779015497345758E-009  -2.4179986181368612E-010
  -4.6988517766637265E-009   1.6306384974746692E-010
   0.0000000000000000        0.0000000000000000     
           9   4.9211858087187876E-009  -2.6769329997242904E-010
  -4.7394550373007003E-009   1.7019094097907169E-010
   0.0000000000000000        0.0000000000000000     
          10   5.0914044390952637E-009  -2.9758934901454867E-010
  -4.7880070601728998E-009   1.7786117715765845E-010
   0.0000000000000000        0.0000000000000000     
          11   5.2920001021780745E-009  -3.3240111324603482E-010
  -4.8446021995944766E-009   1.8615905769473767E-010
   0.0000000000000000        0.0000000000000000     
          12   5.5273923029811107E-009  -3.7331046106035094E-010
  -4.9094695663443753E-009   1.9516812707705394E-010
   0.0000000000000000        0.0000000000000000     
          13   5.8032347200301457E-009  -4.2186949986307060E-010
  -4.9829524560153513E-009   2.0497796183554036E-010
   0.0000000000000000        0.0000000000000000     
          14   6.1267855563677649E-009  -4.8015004798528670E-010
  -5.0655007235140310E-009   2.1568866505419378E-010
   0.0000000000000000        0.0000000000000000     
          15   6.5074398052720641E-009  -5.5096869809734346E-010
  -5.1576712092363318E-009   2.2741459084305570E-010
   0.0000000000000000        0.0000000000000000     
          16   6.9575033629559974E-009  -6.3823442548516805E-010
  -5.2601339876394808E-009   2.4028810278248025E-010
   0.0000000000000000        0.0000000000000000     
          17   7.4933404672550255E-009  -7.4750129403440863E-010
  -5.3736835548021316E-009   2.5446384196814440E-010
   0.0000000000000000        0.0000000000000000     
          18   8.1371157905097097E-009  -8.8687702337203020E-010
  -5.4992548546655893E-009   2.7012388639812335E-010
   0.0000000000000000        0.0000000000000000     
          19   8.9195155155879598E-009  -1.0685750688761761E-009
  -5.6379445949581401E-009   2.8748420466455540E-010
   0.0000000000000000        0.0000000000000000     
          20   9.8841394748167253E-009  -1.3116875955323341E-009
  -5.7910387965239740E-009   3.0680290950311039E-010
   0.0000000000000000        0.0000000000000000     
          21   1.1094862364517284E-008  -1.6474091613037189E-009
  -5.9600480605688219E-009   3.2839101033328853E-010
   0.0000000000000000        0.0000000000000000     
          22   1.2648707505065984E-008  -2.1295215693427281E-009
  -6.1467527335301559E-009   3.5262670085934955E-010
   0.0000000000000000        0.0000000000000000     
          23   1.4699494452221813E-008  -2.8571274586265877E-009
  -6.3532605705000289E-009   3.7997483708092112E-010
   0.0000000000000000        0.0000000000000000     
          24   1.7502806191113714E-008  -4.0289193995705229E-009
  -6.5821385923355398E-009   4.1101526960199679E-010
   0.0000000000000000        0.0000000000000000     
          25   2.1505921491552931E-008  -6.0893102886153391E-009
  -6.8362240418541109E-009   4.4648073684602007E-010
   0.0000000000000000        0.0000000000000000     
          26   2.7506226495906703E-008  -1.0187442262954998E-008
  -7.1193498634592011E-009   4.8734084868644055E-010
   0.0000000000000000        0.0000000000000000     
          27   3.6642480547568392E-008  -1.9904085062760951E-008
  -7.4359194499689199E-009   5.3496529283891382E-010
   0.0000000000000000        0.0000000000000000     
          28   4.5343131312041892E-008  -4.7988650610849875E-008
  -7.7910750281659242E-009   5.9164070627782600E-010
   0.0000000000000000        0.0000000000000000     
          29   1.6276441612354503E-011  -9.4964116698504264E-008
  -8.1882413269197223E-009   6.5935927391832358E-010
   0.0000000000000000        0.0000000000000000     
          30  -4.9937108637291569E-008  -4.9562913830681275E-008
  -8.6394610280908404E-009   7.3383170049903017E-010
   0.0000000000000000        0.0000000000000000     
          31  -4.1085847404579658E-008  -1.9597439063478007E-008
  -9.1583940777506315E-009   8.2544464748956653E-010
   0.0000000000000000        0.0000000000000000     
          32  -3.1368963928081830E-008  -9.5340268655292777E-009
  -9.7566217691943939E-009   9.3967433927426856E-010
   0.0000000000000000        0.0000000000000000     
          33  -2.5059270665646939E-008  -5.4239995596507362E-009
  -1.0452530953438383E-008   1.0831623933107074E-009
   0.0000000000000000        0.0000000000000000     
          34  -2.0899642628177557E-008  -3.4098878773926471E-009
  -1.1271474461126951E-008   1.2669910883648917E-009
   0.0000000000000000        0.0000000000000000     
          35  -1.8018392015442438E-008  -2.2871797046745543E-009
  -1.2250050618293124E-008   1.5089079411003262E-009
   0.0000000000000000        0.0000000000000000     
          36  -1.5934352988799795E-008  -1.6005358029014123E-009
  -1.3439987222461108E-008   1.8382477533160724E-009
   0.0000000000000000        0.0000000000000000     
          37  -1.4375495108061521E-008  -1.1501717979658056E-009
  -1.4919415711990494E-008   2.3064922549897469E-009
   0.0000000000000000        0.0000000000000000     
          38  -1.3179506317376427E-008  -8.3800115489218205E-010
  -1.6810459197392876E-008   3.0109455915904531E-009
   0.0000000000000000        0.0000000000000000     
          39  -1.2244876904849332E-008  -6.1150286378672379E-010
  -1.9310794156520271E-008   4.1537336267354409E-009
   0.0000000000000000        0.0000000000000000     
          40  -1.1505444493760466E-008  -4.4054440688592071E-010
  -2.2742939773196312E-008   6.2083596172741340E-009
   0.0000000000000000        0.0000000000000000     
          41  -1.0915984311655627E-008  -3.0682622353077389E-010
  -2.7541600544754130E-008   1.0459855445708666E-008
   0.0000000000000000        0.0000000000000000     
          42  -1.0445685408753475E-008  -1.9864887203720886E-010
  -3.3125644665308329E-008   2.0844587014781406E-008
   0.0000000000000000        0.0000000000000000     
          43  -1.0072428562952084E-008  -1.0817216992374301E-010
  -2.6820121485332257E-008   4.4007013059160122E-008
   0.0000000000000000        0.0000000000000000     
          44  -9.7792562080249937E-009  -3.0394133580715221E-011
   6.6711258849672226E-009   4.2760374008881306E-008
   0.0000000000000000        0.0000000000000000     
          45  -9.5561724644770711E-009   3.8798728764680158E-011
   1.0587039337126807E-008   2.1042505786423296E-008
   0.0000000000000000        0.0000000000000000     
          46  -9.3940179488445159E-009   1.0314549131731186E-010
   3.7783330792532501E-009   1.2280232919199447E-008
   0.0000000000000000        0.0000000000000000     
          47  -9.2865952788921366E-009   1.6643547988196161E-010
  -2.8405639151511467E-009   9.5146034198486211E-009
   0.0000000000000000        0.0000000000000000     
          48  -9.2247829141571947E-009   2.3409016482315998E-010
  -9.4724290242489070E-009   9.2683380989606849E-009
   0.0000000000000000        0.0000000000000000     
          49  -9.1947638575270960E-009   2.9462308774629935E-010
  -1.7920291599425164E-008   1.2152578034563480E-008
   0.0000000000000000        0.0000000000000000     
          50  -9.2226518694939041E-009   3.4041347761803231E-010
  -2.7310403476886511E-008   2.1216207742201356E-008
   0.0000000000000000        0.0000000000000000     
          51  -9.3035917692204414E-009   3.9505625389672857E-010
  -3.5356901206797636E-008   4.2665486617587076E-008
   0.0000000000000000        0.0000000000000000     
          52  -9.4316867716406577E-009   4.5750738624851440E-010
  -1.4971413806726161E-008   8.3865409556466677E-008
   0.0000000000000000        0.0000000000000000     
          53  -9.6084935768114698E-009   5.2778010498450077E-010
   4.5022742546493570E-008   7.1933948778987995E-008
   0.0000000000000000        0.0000000000000000     
          54  -9.8373858604245937E-009   6.0705623151477225E-010
   5.1378801812587981E-008   3.3035902293327246E-008
   0.0000000000000000        0.0000000000000000     
          55  -1.0123207043412189E-008   6.9724574032886229E-010
   4.2082200352280722E-008   1.6222087755359040E-008
   0.0000000000000000        0.0000000000000000     
          56  -1.0473594603236063E-008   8.0168367527921999E-010
   3.4401450212749083E-008   9.1998124551623154E-009
   0.0000000000000000        0.0000000000000000     
          57  -1.0898636156565469E-008   9.2478643790976219E-010
   2.8989644762115260E-008   5.8007885854759738E-009
   0.0000000000000000        0.0000000000000000     
          58  -1.1410514213232504E-008   1.0725330313130244E-009
   2.5120107646157668E-008   3.9349442766832341E-009
   0.0000000000000000        0.0000000000000000     
          59  -1.2026807840717358E-008   1.2533057483181683E-009
   2.2255713359368388E-008   2.8093432227298073E-009
   0.0000000000000000        0.0000000000000000     
          60  -1.2770307055044031E-008   1.4791925757407151E-009
   2.0065509214716987E-008   2.0802072800646811E-009
   0.0000000000000000        0.0000000000000000     
          61  -1.3672813814901586E-008   1.7682185811033818E-009
   1.8344938903900893E-008   1.5811344620123593E-009
   0.0000000000000000        0.0000000000000000     
          62  -1.4778691520290643E-008   2.1482931229759482E-009
   1.6963412724897027E-008   1.2242098432760480E-009
   0.0000000000000000        0.0000000000000000     
          63  -1.6151470245495193E-008   2.6645660873194883E-009
   1.5834462146141234E-008   9.5961745938761927E-010
   0.0000000000000000        0.0000000000000000     
          64  -1.7884401808384431E-008   3.3939811899699250E-009
   1.4898854336256990E-008   7.5747938093284237E-010
   0.0000000000000000        0.0000000000000000     
          65  -2.0118341783017802E-008   4.4761630966353921E-009
   1.4114769781237786E-008   5.9901765982279318E-010
   0.0000000000000000        0.0000000000000000     
          66  -2.3068306699688757E-008   6.1846586441861578E-009
   1.3451812002025090E-008   4.7196617257428540E-010
   0.0000000000000000        0.0000000000000000     
          67  -2.7052889613001577E-008   9.1077218944783298E-009
   1.2887685863041082E-008   3.6804812789784592E-010
   0.0000000000000000        0.0000000000000000     
          68  -3.2425886794804987E-008   1.4653073051024667E-008
   1.2405417102647173E-008   2.8156640442210805E-010
   0.0000000000000000        0.0000000000000000     
          69  -3.8616020045882517E-008   2.6473290826335953E-008
   1.1991797423800406E-008   2.0862458962274531E-010
   0.0000000000000000        0.0000000000000000     
          70  -3.7052021089667447E-008   5.1798091595652201E-008
   1.1637002607988744E-008   1.4666819238296954E-010
   0.0000000000000000        0.0000000000000000     
          71  -1.3227356678795845E-010   7.2478302618798483E-008
   1.1335467044422870E-008   9.2329827122633290E-011
   0.0000000000000000        0.0000000000000000     
          72   2.9525212079469392E-008   4.5805302760019234E-008
   1.1077045948467962E-008   4.1311010728932803E-011
   0.0000000000000000        0.0000000000000000     
          73   2.7176998701433412E-008   2.3407835400833091E-008
   1.0855938944724438E-008  -4.5680186119453130E-012
   0.0000000000000000        0.0000000000000000     
          74   1.9988896952873077E-008   1.3704457178328943E-008
   1.0669399005074552E-008  -4.5778034956268673E-011
   0.0000000000000000        0.0000000000000000     
          75   1.3821197975708138E-008   9.5543208655402616E-009
   1.0513782877422660E-008  -8.3532039347618286E-011
   0.0000000000000000        0.0000000000000000     
          76   8.7067022649870585E-009   7.9340138227978963E-009
   1.0386779715163817E-008  -1.1868344477278604E-010
   0.0000000000000000        0.0000000000000000     
          77   4.0989148612384722E-009   7.8809092169013683E-009
   1.0285724897924235E-008  -1.5184771548453108E-010
   0.0000000000000000        0.0000000000000000     
          78  -4.9804048489582328E-010   9.4074567082617471E-009
   1.0208871554117103E-008  -1.8364191450712443E-010
   0.0000000000000000        0.0000000000000000     
          79  -5.3271478488718418E-009   1.3505190824173485E-008
   1.0153654165031575E-008  -2.1492502281162831E-010
   0.0000000000000000        0.0000000000000000     
          80  -9.0784393176009241E-009   2.2935233950018636E-008
   1.0117454050687803E-008  -2.4746774017902695E-010
   0.0000000000000000        0.0000000000000000     
          81  -2.5607729399184527E-009   3.9813354774173517E-008
   1.0092176749458072E-008  -2.8232900119154684E-010
   0.0000000000000000        0.0000000000000000     
          82   2.2837101002026970E-008   4.2096708363506442E-008
   1.0069671367943297E-008  -3.0424213763931400E-010
   0.0000000000000000        0.0000000000000000     
          83   3.3072802586713058E-008   2.4172626186150479E-008
   1.0069533466978995E-008  -3.0791407606272756E-010
   0.0000000000000000        0.0000000000000000     
          84   3.0282165940983654E-008   1.2731277839839856E-008
   1.0086632016608997E-008  -3.0851649175455458E-010
   0.0000000000000000        0.0000000000000000     
          85   2.6220194936372882E-008   7.3552208275500415E-009
   1.0109122690943445E-008  -3.0186530791387118E-010
   0.0000000000000000        0.0000000000000000     
          86   2.2973361390809457E-008   4.6477085591797636E-009
   1.0128163981177769E-008  -2.7894168532403625E-010
   0.0000000000000000        0.0000000000000000     
          87   2.0533012217708325E-008   3.1325615808837951E-009
   1.0132584473758284E-008  -2.2692458399781905E-010
   0.0000000000000000        0.0000000000000000     
          88   1.8683248692072735E-008   2.2047491355085914E-009
   1.0106557431815769E-008  -1.2392346904782234E-010
   0.0000000000000000        0.0000000000000000     
          89   1.7254441833676500E-008   1.5939984757645548E-009
   1.0026484217406048E-008   7.1462499377299779E-011
   0.0000000000000000        0.0000000000000000     
          90   1.6129941605869281E-008   1.1676552371305758E-009
   9.8586722192605371E-009   4.4390227848147828E-010
   0.0000000000000000        0.0000000000000000     
          91   1.5232684896592928E-008   8.5487683741939267E-010
   9.5744519080935606E-009   1.1802100491102709E-009
   0.0000000000000000        0.0000000000000000     
          92   1.4509262563891978E-008   6.1479479293533141E-010
   9.2582743592797967E-009   2.7135539991307052E-009
   0.0000000000000000        0.0000000000000000     
          93   1.3921802656734423E-008   4.2185156354584765E-010
   9.7271288825286829E-009   5.8892238992078224E-009
   0.0000000000000000        0.0000000000000000     
          94   1.3439362692931340E-008   2.6159360136494751E-010
   1.4182657548898420E-008   1.0072107086426461E-008
   0.0000000000000000        0.0000000000000000     
          95   1.3044017945020018E-008   1.3389903623711966E-010
   2.1801436905449585E-008   8.4705593531911399E-009
   0.0000000000000000        0.0000000000000000     
          96   1.2734557007196225E-008   2.7816197787245931E-011
   2.4638965360912188E-008   3.5850261835671319E-009
   0.0000000000000000        0.0000000000000000     
          97   1.2496277201367325E-008  -6.9361300269548042E-011
   2.5123916550471569E-008   5.1079290621196411E-010
   0.0000000000000000        0.0000000000000000     
          98   1.2318542921063488E-008  -1.6071975346501273E-010
   2.5590019256720995E-008  -1.2926396333175913E-009
   0.0000000000000000        0.0000000000000000     
          99   1.2195266669687602E-008  -2.4823377193458150E-010
   2.6491427797055624E-008  -2.5974647059206285E-009
   0.0000000000000000        0.0000000000000000     
         100   1.2122483492754468E-008  -3.3400532678642353E-010
   2.7897192395675913E-008  -3.7883838882735391E-009
   0.0000000000000000        0.0000000000000000     
         101   1.2098248492280267E-008  -4.2018016564034750E-010
   2.9853585811928289E-008  -5.0897677410508091E-009
   0.0000000000000000        0.0000000000000000     
         102   1.2121542983357110E-008  -5.0895879100377577E-010
   3.2448519380442099E-008  -6.6965351042976039E-009
   0.0000000000000000        0.0000000000000000     
         103   1.2191772064983090E-008  -6.0270351822266903E-010
   3.5832343633679284E-008  -8.8556857768744892E-009
   0.0000000000000000        0.0000000000000000     
         104   1.2311300812949104E-008  -7.0418382892590075E-010
   4.0231736834617834E-008  -1.1960166832503933E-008
   0.0000000000000000        0.0000000000000000     
         105   1.2481529032304464E-008  -8.1674064497704015E-010
   4.5955068880954875E-008  -1.6719707509273427E-008
   0.0000000000000000        0.0000000000000000     
         106   1.2708063912986877E-008  -9.4483275629254343E-010
   5.3320841009458397E-008  -2.4532732269029389E-008
   0.0000000000000000        0.0000000000000000     
         107   1.2995177184359183E-008  -1.0945408939211768E-009
   6.2156472354689841E-008  -3.8324875940683607E-008
   0.0000000000000000        0.0000000000000000     
         108   1.3352151548867403E-008  -1.2748710827682569E-009
   6.9281112374433064E-008  -6.4022835814076881E-008
   0.0000000000000000        0.0000000000000000     
         109   1.3787842258003433E-008  -1.4987390514192327E-009
   5.8820336279158086E-008  -1.0790045088007013E-007
   0.0000000000000000        0.0000000000000000     
         110   1.4314953424310262E-008  -1.7806607335732030E-009
   3.1354841105997862E-010  -1.4209426993555273E-007
   0.0000000000000000        0.0000000000000000     
         111   1.4959232523935323E-008  -2.1428647167510874E-009
  -6.1811601061591782E-008  -1.1115942249184397E-007
   0.0000000000000000        0.0000000000000000     
         112   1.5761407773852889E-008  -2.6462638386439533E-009
  -7.4619237517490134E-008  -6.5379637171132234E-008
   0.0000000000000000        0.0000000000000000     
         113   1.6752629888316098E-008  -3.3942726148113353E-009
  -6.7497040207348198E-008  -3.8140615025217782E-008
   0.0000000000000000        0.0000000000000000     
         114   1.7956066423972727E-008  -4.5801435845626630E-009
  -5.8311368229130118E-008  -2.3651142446913089E-008
   0.0000000000000000        0.0000000000000000     
         115   1.9306941062813237E-008  -6.6038212041342380E-009
  -5.0723577152575442E-008  -1.5518782760377690E-008
   0.0000000000000000        0.0000000000000000     
         116   2.0256148670945204E-008  -1.0235741783839442E-008
  -4.4949709785093510E-008  -1.0575431729992779E-008
   0.0000000000000000        0.0000000000000000     
         117   1.8451516744886706E-008  -1.6009154840845415E-008
  -4.0654895979870628E-008  -7.3186631751870973E-009
   0.0000000000000000        0.0000000000000000     
         118   1.0434236426573613E-008  -1.9446967607211402E-008
  -3.7519041156946698E-008  -4.9868446732296382E-009
   0.0000000000000000        0.0000000000000000     
         119   2.9089351566817038E-009  -1.4466829435967436E-008
  -3.5319511322988321E-008  -3.1504977987016436E-009
   0.0000000000000000        0.0000000000000000     
         120   7.8913281305855134E-010  -7.4063177864733254E-009
  -3.3927588090907333E-008  -1.5255787314332312E-009
   0.0000000000000000        0.0000000000000000     
         121   7.6592940366683207E-010   1.9378821332523783E-009
  -3.3299249235583251E-008   1.3726129722756175E-010
   0.0000000000000000        0.0000000000000000     
         122   1.7743527213935176E-008   1.0738208279929052E-008
  -3.3465966977159151E-008   2.1537223246773932E-009
   0.0000000000000000        0.0000000000000000     
         123   2.3963569035966667E-008  -9.2344743549401832E-010
  -3.4511058478480173E-008   5.0766878518325875E-009
   0.0000000000000000        0.0000000000000000     
         124   2.4025611930103660E-008  -4.6876097354437057E-009
  -3.6381058643562986E-008   1.0096106001632521E-008
   0.0000000000000000        0.0000000000000000     
         125   2.5408338593774791E-008  -6.5942939862350682E-009
  -3.7664663934613383E-008   1.9848402605960646E-008
   0.0000000000000000        0.0000000000000000     
         126   2.7836577163799897E-008  -8.5034638893064844E-009
  -3.0124071291323302E-008   3.6447662127730955E-008
   0.0000000000000000        0.0000000000000000     
         127   3.1184152131533363E-008  -1.1045030238795911E-008
  -4.4250658535468175E-009   4.1005396838302886E-008
   0.0000000000000000        0.0000000000000000     
         128   3.5511262671651120E-008  -1.4814590364158961E-008
   8.9233688470020584E-009   2.4246569219336949E-008
   0.0000000000000000        0.0000000000000000     
         129   4.0895751211206211E-008  -2.0787802668170456E-008
   7.9195573042384936E-009   1.2375808885568888E-008
   0.0000000000000000        0.0000000000000000     
         130   4.7047889422983180E-008  -3.0807915994631201E-008
   4.8073395390806323E-009   6.7900523801067398E-009
   0.0000000000000000        0.0000000000000000     
         131   5.1863710831294143E-008  -4.8231030565544523E-008
   2.2476587003849976E-009   4.0902547011154761E-009
   0.0000000000000000        0.0000000000000000     
         132   4.6824564924299733E-008  -7.6432576378205641E-008
   3.6656561400634062E-010   2.6872496525455041E-009
   0.0000000000000000        0.0000000000000000     
         133   1.4687169811989762E-008  -1.0372311950790846E-007
  -1.0206117992279255E-009   1.9220233780973966E-009
   0.0000000000000000        0.0000000000000000     
         134  -3.1615775371604234E-008  -9.5223400870060729E-008
  -2.0825761809096170E-009   1.4982597284326745E-009
   0.0000000000000000        0.0000000000000000     
         135  -5.0822772449332858E-008  -6.3866534665428795E-008
  -2.9508049697301846E-009   1.2900840148968660E-009
   0.0000000000000000        0.0000000000000000     
         136  -4.9320779579008973E-008  -4.0320971482103620E-008
  -3.7068819117488777E-009   1.2535598867980900E-009
   0.0000000000000000        0.0000000000000000     
         137  -4.2404504809688279E-008  -2.7154601290648003E-008
  -4.4046732334896144E-009   1.3866485688119046E-009
   0.0000000000000000        0.0000000000000000     
         138  -3.5210520263162062E-008  -2.0476194617688443E-008
  -5.0709769313459444E-009   1.7370226382702010E-009
   0.0000000000000000        0.0000000000000000     
