   262144.00000000000     
         256           1           3
   1.7567330116226543E-005  -80.975516620684004       -160.04670018210001     
   6.0401400154609997        12.000000000000000        5733.8999999999996     
           0   0.0000000000000000        0.0000000000000000     
   0.0000000000000000        0.0000000000000000     
   0.0000000000000000        0.0000000000000000     
           1   0.0000000000000000        0.0000000000000000     
   4.6610735936794656E-009  -1.1937755428962944E-010
  -1.3694270432692996E-010   3.1192338928534669E-012
           2   0.0000000000000000        0.0000000000000000     
   4.6165571916234178E-009  -1.0329315114563809E-010
  -1.3571230654967410E-010   3.0307388409601496E-012
           3   0.0000000000000000        0.0000000000000000     
   4.5916944752018714E-009  -9.9186941072127132E-011
  -1.3508551595552358E-010   3.0288451413219638E-012
           4   0.0000000000000000        0.0000000000000000     
   4.5727099455308399E-009  -9.7289774820518092E-011
  -1.3472050584033832E-010   3.0482819114441313E-012
           5   0.0000000000000000        0.0000000000000000     
   4.5567575339583254E-009  -9.5983338839577739E-011
  -1.3452024329598475E-010   3.0773435301393672E-012
           6   0.0000000000000000        0.0000000000000000     
   4.5425631280133121E-009  -9.4880424906335644E-011
  -1.3444261715938021E-010   3.1130198255176049E-012
           7   0.0000000000000000        0.0000000000000000     
   4.5294031557527077E-009  -9.3849677438270395E-011
  -1.3446605908711260E-010   3.1543831309987161E-012
           8   0.0000000000000000        0.0000000000000000     
   4.5168138054901559E-009  -9.2832178244920717E-011
  -1.3457873018475763E-010   3.2012324332073885E-012
           9   0.0000000000000000        0.0000000000000000     
   4.5044699240329463E-009  -9.1794360773463875E-011
  -1.3477415784130005E-010   3.2537115951419355E-012
          10   0.0000000000000000        0.0000000000000000     
   4.4921252638552984E-009  -9.0712735825551298E-011
  -1.3504920650941492E-010   3.3121784651879873E-012
          11   0.0000000000000000        0.0000000000000000     
   4.4795797183489160E-009  -8.9567917473170588E-011
  -1.3540304925805754E-010   3.3771574172297552E-012
          12   0.0000000000000000        0.0000000000000000     
   4.4666597966575827E-009  -8.8341857322797096E-011
  -1.3583662473473572E-010   3.4493264421409119E-012
          13   0.0000000000000000        0.0000000000000000     
   4.4532060639079168E-009  -8.7016320180972121E-011
  -1.3635235524825923E-010   3.5295221226244521E-012
          14   0.0000000000000000        0.0000000000000000     
   4.4390644028522179E-009  -8.5571866585646316E-011
  -1.3695402015869442E-010   3.6187564521344699E-012
          15   0.0000000000000000        0.0000000000000000     
   4.4240793908446203E-009  -8.3987027958450475E-011
  -1.3764673234482178E-010   3.7182436624398450E-012
          16   0.0000000000000000        0.0000000000000000     
   4.4080887975523360E-009  -8.2237516706051753E-011
  -1.3843699225152472E-010   3.8294372784377727E-012
          17   0.0000000000000000        0.0000000000000000     
   4.3909185694965940E-009  -8.0295374399659540E-011
  -1.3933280871106758E-010   3.9540789518386471E-012
          18   0.0000000000000000        0.0000000000000000     
   4.3723778461036094E-009  -7.8127981840076304E-011
  -1.4034388495230000E-010   4.0942618090344733E-012
          19   0.0000000000000000        0.0000000000000000     
   4.3522536435559277E-009  -7.5696854358432857E-011
  -1.4148187512223924E-010   4.2525123699003719E-012
          20   0.0000000000000000        0.0000000000000000     
   4.3303048582587517E-009  -7.2956132809716648E-011
  -1.4276072282845762E-010   4.4318968005766975E-012
          21   0.0000000000000000        0.0000000000000000     
   4.3062552193611152E-009  -6.9850654490192297E-011
  -1.4419709993868755E-010   4.6361595988122850E-012
          22   0.0000000000000000        0.0000000000000000     
   4.2797856331968255E-009  -6.6313465784397143E-011
  -1.4581199417411186E-010   4.8699279261062059E-012
          23   0.0000000000000000        0.0000000000000000     
   4.2505200779097781E-009  -6.2262444641818991E-011
  -1.4762734954790694E-010   5.1388670815407108E-012
          24   0.0000000000000000        0.0000000000000000     
   4.2180175225442566E-009  -5.7596001175665289E-011
  -1.4967314618855120E-010   5.4501375124571847E-012
          25   0.0000000000000000        0.0000000000000000     
   4.1817512491885316E-009  -5.2187024665208797E-011
  -1.5198454510398041E-010   5.8127516387253214E-012
          26   0.0000000000000000        0.0000000000000000     
   4.1410873832847877E-009  -4.5874682425416682E-011
  -1.5460453940644192E-010   6.2382084837417601E-012
          27   0.0000000000000000        0.0000000000000000     
   4.0952553418294647E-009  -3.8452935721384808E-011
  -1.5758612631252460E-010   6.7413523946584088E-012
          28   0.0000000000000000        0.0000000000000000     
   4.0433081636167461E-009  -2.9654214996944633E-011
  -1.6099524153870884E-010   7.3415967345478201E-012
          29   0.0000000000000000        0.0000000000000000     
   3.9840684000231856E-009  -1.9125767704223008E-011
  -1.6491478148677321E-010   8.0647004947384851E-012
          30   0.0000000000000000        0.0000000000000000     
   3.9160530308857243E-009  -6.3946587281720101E-012
  -1.6945020625787952E-010   8.9454018204943517E-012
          31   0.0000000000000000        0.0000000000000000     
   3.8373672991562099E-009   9.1852553084094692E-012
  -1.7473748664803688E-010   1.0031413699234092E-011
          32   0.0000000000000000        0.0000000000000000     
   3.7455514665427125E-009   2.8515818077939098E-011
  -1.8095460428306844E-010   1.1389647525008170E-011
          33   0.0000000000000000        0.0000000000000000     
   3.6373544959509106E-009   5.2886814612558037E-011
  -1.8833857067451301E-010   1.3116199738438527E-011
          34   0.0000000000000000        0.0000000000000000     
   3.5083912164939691E-009   8.4195353683602586E-011
  -1.9721125189381726E-010   1.5352932247471718E-011
          35   0.0000000000000000        0.0000000000000000     
   3.3526082448679869E-009   1.2532447527111748E-010
  -2.0801662236521104E-010   1.8316039695839707E-011
          36   0.0000000000000000        0.0000000000000000     
   3.1614247547947622E-009   1.8082733085462864E-010
  -2.2139777451135768E-010   2.2348072165001731E-011
          37   0.0000000000000000        0.0000000000000000     
   2.9223054454403995E-009   2.5823236600070774E-010
  -2.3828657499915757E-010   2.8016330223751068E-011
          38   0.0000000000000000        0.0000000000000000     
   2.6163014164322855E-009   3.7069962435085234E-010
  -2.6010216578113316E-010   3.6314221062303168E-011
          39   0.0000000000000000        0.0000000000000000     
   2.2136982608172739E-009   5.4286577242958723E-010
  -2.8907557975423110E-010   4.9103712738206663E-011
          40   0.0000000000000000        0.0000000000000000     
   1.6662533505961904E-009   8.2499278159900799E-010
  -3.2884317362984516E-010   7.0186824150244324E-011
          41   0.0000000000000000        0.0000000000000000     
   8.9487279940518838E-010   1.3314244171622169E-009
  -3.8536119595231443E-010   1.0821739010523314E-010
          42   0.0000000000000000        0.0000000000000000     
  -2.1381470543832087E-010   2.3598803260766736E-009
  -4.6719820228092184E-010   1.8573567414041124E-010
          43   0.0000000000000000        0.0000000000000000     
  -1.6228247700376367E-009   4.7940312327163157E-009
  -5.7151634009193372E-010   3.6965415987667671E-010
          44   0.0000000000000000        0.0000000000000000     
  -1.0888699179281957E-009   1.0704193623682063E-008
  -5.2839917287660503E-010   8.1674803034523511E-010
          45   0.0000000000000000        0.0000000000000000     
   8.4920924693504161E-009   1.3652863378039320E-008
   2.0019122690098059E-010   1.0394985581723303E-009
          46   0.0000000000000000        0.0000000000000000     
   1.2491485224139026E-008   6.6998189343496913E-009
   5.0647263891827398E-010   5.1231499143979508E-010
          47   0.0000000000000000        0.0000000000000000     
   1.1220763252074015E-008   3.0433499659633544E-009
   4.1410702454725392E-010   2.3467976544449904E-010
          48   0.0000000000000000        0.0000000000000000     
   9.8993710188077286E-009   1.6014336830584014E-009
   3.1841709098661795E-010   1.2463340292058577E-010
          49   0.0000000000000000        0.0000000000000000     
   8.9657445627241731E-009   9.4676263225617594E-010
   2.5269112037718475E-010   7.4063421035047117E-011
          50   0.0000000000000000        0.0000000000000000     
   8.3061289008343620E-009   6.0656454918314490E-010
   2.0841255866869131E-010   4.7137940219652821E-011
          51   0.0000000000000000        0.0000000000000000     
   7.8199952227312409E-009   4.1195613481291236E-010
   1.7808668763674317E-010   3.1030753772368837E-011
          52   0.0000000000000000        0.0000000000000000     
   7.4449655432668652E-009   2.9342373880962648E-010
   1.5713349757450416E-010   2.0430692542206461E-011
          53   0.0000000000000000        0.0000000000000000     
   7.1427367723575177E-009   2.1881391107597572E-010
   1.4282842845044039E-010   1.2842162258786680E-011
          54   0.0000000000000000        0.0000000000000000     
   6.8887548921301393E-009   1.7193348202377237E-010
   1.3353157738155614E-010   6.9594561008750356E-012
          55   0.0000000000000000        0.0000000000000000     
   6.6663121105500826E-009   1.4419909530051544E-010
   1.2825134814873493E-010   2.0270750870207582E-012
          56   0.0000000000000000        0.0000000000000000     
   6.4632081315005447E-009   1.3105231890054960E-010
   1.2641137629384878E-010  -2.4427275591723492E-012
          57   0.0000000000000000        0.0000000000000000     
   6.2697497630014682E-009   1.3033138254690914E-010
   1.2772429192066970E-010  -6.8099059986558349E-012
          58   0.0000000000000000        0.0000000000000000     
   6.0774386385740678E-009   1.4155084967911279E-010
   1.3212576499563206E-010  -1.1387153355146660E-011
          59   0.0000000000000000        0.0000000000000000     
   5.8779734423779463E-009   1.6568402545701388E-010
   1.3976724196026547E-010  -1.6498673129425946E-011
          60   0.0000000000000000        0.0000000000000000     
   5.6623361136346704E-009   2.0532205862830084E-010
   1.5100721810815034E-010  -2.2537724363880731E-011
          61   0.0000000000000000        0.0000000000000000     
   5.4197535233202628E-009   2.6525735096216078E-010
   1.6647446159117038E-010  -3.0044310375062418E-011
          62   0.0000000000000000        0.0000000000000000     
   5.1363086016570376E-009   3.5373406470078627E-010
   1.8714633975099522E-010  -3.9830853557532355E-011
          63   0.0000000000000000        0.0000000000000000     
   4.7928935284242397E-009   4.8496787261480172E-010
   2.1452766670874835E-010  -5.3214381232055981E-011
          64   0.0000000000000000        0.0000000000000000     
   4.3620147368213496E-009   6.8436943646904842E-010
   2.5089634893586606E-010  -7.2482138069578799E-011
          65   0.0000000000000000        0.0000000000000000     
   3.8028975802647335E-009   1.0000677259582204E-009
   2.9973817372975299E-010  -1.0190982840283541E-010
          66   0.0000000000000000        0.0000000000000000     
   3.0554631779346522E-009   1.5304735700095303E-009
   3.6627820419834780E-010  -1.5018899006730580E-010
          67   0.0000000000000000        0.0000000000000000     
   2.0430618235369685E-009   2.4962902663899452E-009
   4.5721755361526539E-010  -2.3676164116650538E-010
          68   0.0000000000000000        0.0000000000000000     
   7.5934313515324802E-010   4.4388891994600921E-009
   5.7307331886576443E-010  -4.0926696081301776E-010
          69   0.0000000000000000        0.0000000000000000     
  -5.4018155111381814E-011   8.6368831060994750E-009
   6.4865980633293204E-010  -7.8017810025237477E-010
          70   0.0000000000000000        0.0000000000000000     
   4.0537510698541647E-009   1.5448478536163707E-008
   2.9256022000017368E-010  -1.3810276082246924E-009
          71   0.0000000000000000        0.0000000000000000     
   1.4374528058820358E-008   1.4462896689389826E-008
  -6.0875267674751046E-010  -1.2963293457430054E-009
          72   0.0000000000000000        0.0000000000000000     
   1.7215041600301738E-008   7.6152663903310887E-009
  -8.5105573523425226E-010  -6.9629822782026363E-010
          73   0.0000000000000000        0.0000000000000000     
   1.6163632962082091E-008   3.8239448243928009E-009
  -7.4981081895335850E-010  -3.6526107242184959E-010
          74   0.0000000000000000        0.0000000000000000     
   1.4929332225046021E-008   2.0618611302212411E-009
  -6.3105838702492318E-010  -2.1295471658930728E-010
          75   0.0000000000000000        0.0000000000000000     
   1.4021473031544479E-008   1.1597988896045829E-009
  -5.3944110692096796E-010  -1.3662860120211433E-010
          76   0.0000000000000000        0.0000000000000000     
   1.3399961125495222E-008   6.4110218887431940E-010
  -4.7123675170291395E-010  -9.4454111658660912E-011
          77   0.0000000000000000        0.0000000000000000     
   1.2986886427278722E-008   3.1010724487476393E-010
  -4.1934522353151487E-010  -6.9337981693632568E-011
          78   0.0000000000000000        0.0000000000000000     
   1.2726055768586012E-008   7.7992533187838282E-011
  -3.7850685644567107E-010  -5.3617368677619020E-011
          79   0.0000000000000000        0.0000000000000000     
   1.2581647256595396E-008  -1.0008210767578614E-010
  -3.4517511371331228E-010  -4.3545882018422645E-011
          80   0.0000000000000000        0.0000000000000000     
   1.2531881427849386E-008  -2.4932682904419389E-010
  -3.1691615307796112E-010  -3.7173798431928372E-011
          81   0.0000000000000000        0.0000000000000000     
   1.2564517446054823E-008  -3.8577954834528557E-010
  -2.9198438040499345E-010  -3.3460932639427708E-011
          82   0.0000000000000000        0.0000000000000000     
   1.2674260113123910E-008  -5.2138186852921018E-010
  -2.6903265990300440E-010  -3.1882125836543925E-011
          83   0.0000000000000000        0.0000000000000000     
   1.2861527729519043E-008  -6.6692480705643522E-010
  -2.4693222469661996E-010  -3.2252319978706471E-011
          84   0.0000000000000000        0.0000000000000000     
   1.3132207115629620E-008  -8.3433021029517233E-010
  -2.2461756853473325E-010  -3.4668603714855770E-011
          85   0.0000000000000000        0.0000000000000000     
   1.3498309234398492E-008  -1.0391991188024632E-009
  -2.0095116487023703E-010  -3.9536700242937131E-011
          86   0.0000000000000000        0.0000000000000000     
   1.3979573381795895E-008  -1.3046551162487894E-009
  -1.7461377245610582E-010  -4.7693393771483452E-011
          87   0.0000000000000000        0.0000000000000000     
   1.4606225329389571E-008  -1.6682834935456423E-009
  -1.4391470707745464E-010  -6.0691537200957288E-011
          88   0.0000000000000000        0.0000000000000000     
   1.5422896892506403E-008  -2.1960974252696620E-009
  -1.0658824889515203E-010  -8.1416128590811480E-011
          89   0.0000000000000000        0.0000000000000000     
   1.6491770027209235E-008  -3.0130533624150457E-009
  -5.9656432252081753E-011  -1.1546019917049291E-010
          90   0.0000000000000000        0.0000000000000000     
   1.7882721009972611E-008  -4.3744344007964322E-009
   1.8426556386905565E-013  -1.7436697139862933E-010
          91   0.0000000000000000        0.0000000000000000     
   1.9583901668229973E-008  -6.8369079633798109E-009
   7.2460215551050162E-011  -2.8341039402714601E-010
          92   0.0000000000000000        0.0000000000000000     
   2.0991090927174915E-008  -1.1584448403551906E-008
   1.2967522266382289E-010  -4.9642838820212829E-010
          93   0.0000000000000000        0.0000000000000000     
   1.8785414565784285E-008  -1.9831996976973251E-008
   2.0752290275549065E-011  -8.6867118016763150E-010
          94   0.0000000000000000        0.0000000000000000     
   7.2536194938885186E-009  -2.5012334613670662E-008
  -5.1446792531171065E-010  -1.1010944070341728E-009
          95   0.0000000000000000        0.0000000000000000     
  -2.5205423273921058E-009  -1.7946327287416129E-008
  -9.7146140065088020E-010  -7.7573826872518150E-010
          96   0.0000000000000000        0.0000000000000000     
  -3.3907221841494066E-009  -1.0280092699962386E-008
  -1.0249841052188661E-009  -4.2272775341373851E-010
          97   0.0000000000000000        0.0000000000000000     
  -1.6758672590686632E-009  -6.1409586188157370E-009
  -9.6286745956906378E-010  -2.2987233125063548E-010
          98   0.0000000000000000        0.0000000000000000     
   9.3416983428458357E-011  -4.0155381784058299E-009
  -9.0052496868641798E-010  -1.2816184876483821E-010
          99   0.0000000000000000        0.0000000000000000     
   1.5313974497867532E-009  -2.8493974033626891E-009
  -8.5577187201841198E-010  -6.9453362304662167E-011
         100   0.0000000000000000        0.0000000000000000     
   2.6693736555559958E-009  -2.1621330546299574E-009
  -8.2751363933461431E-010  -3.1699058402857835E-011
         101   0.0000000000000000        0.0000000000000000     
   3.5849332111998176E-009  -1.7332999171530737E-009
  -8.1263001710140125E-010  -4.6324878206776074E-012
         102   0.0000000000000000        0.0000000000000000     
   4.3418257488480476E-009  -1.4547228317632832E-009
  -8.0875194775857114E-010   1.6978217314424573E-011
         103   0.0000000000000000        0.0000000000000000     
   4.9860979981733732E-009  -1.2695890380858183E-009
  -8.1445088217723647E-010   3.6137192871842031E-011
         104   0.0000000000000000        0.0000000000000000     
   5.5505471811737787E-009  -1.1463777181304437E-009
  -8.2911474009400759E-010   5.4861762452583007E-011
         105   0.0000000000000000        0.0000000000000000     
   6.0590457400377274E-009  -1.0669935256063707E-009
  -8.5280369200147132E-010   7.4807625024388274E-011
         106   0.0000000000000000        0.0000000000000000     
   6.5296673453038072E-009  -1.0210830318840314E-009
  -8.8621161536138357E-010   9.7668533891300730E-011
         107   0.0000000000000000        0.0000000000000000     
   6.9768829690199951E-009  -1.0032896394448688E-009
  -9.3071115987206957E-010   1.2554243302235648E-010
         108   0.0000000000000000        0.0000000000000000     
   7.4131296513135230E-009  -1.0121138489903548E-009
  -9.8851292631153832E-010   1.6141395824485072E-010
         109   0.0000000000000000        0.0000000000000000     
   7.8500272458613693E-009  -1.0499341767608795E-009
  -1.0628540252555601E-009   2.0995561064071798E-010
         110   0.0000000000000000        0.0000000000000000     
   8.2993550812299379E-009  -1.1243445458387472E-009
  -1.1582771487314685E-009   2.7904289618418429E-010
         111   0.0000000000000000        0.0000000000000000     
   8.7734714534389628E-009  -1.2517331625701567E-009
  -1.2806091254777112E-009   3.8284703345614251E-010
         112   0.0000000000000000        0.0000000000000000     
   9.2835923022988620E-009  -1.4655310411366333E-009
  -1.4354090203895565E-009   5.4848633618027356E-010
         113   0.0000000000000000        0.0000000000000000     
   9.8284900253536014E-009  -1.8342709261713628E-009
  -1.6188661007338149E-009   8.3030792621658101E-010
         114   0.0000000000000000        0.0000000000000000     
   1.0342170193576822E-008  -2.4921771190205921E-009
  -1.7766130516386110E-009   1.3339614947033294E-009
         115   0.0000000000000000        0.0000000000000000     
   1.0502981338484661E-008  -3.6010497514965389E-009
  -1.6539448636881458E-009   2.1865436973177570E-009
         116   0.0000000000000000        0.0000000000000000     
   9.5712349915035306E-009  -4.7257295976584844E-009
  -6.6815081207305906E-010   3.0466268157357360E-009
         117   0.0000000000000000        0.0000000000000000     
   8.0699497184383416E-009  -4.3760278844077550E-009
   7.7262649453068000E-010   2.7448890087469069E-009
         118   0.0000000000000000        0.0000000000000000     
   7.7281262792802013E-009  -3.1637004339979908E-009
   1.3142474556218407E-009   1.7610079816039781E-009
         119   0.0000000000000000        0.0000000000000000     
   8.1771121705808107E-009  -2.3233726561343611E-009
   1.2483601467496236E-009   1.0632161422541517E-009
         120   0.0000000000000000        0.0000000000000000     
   8.8095928907304272E-009  -1.8850493660436180E-009
   1.0540575434056268E-009   6.7448338558377136E-010
         121   0.0000000000000000        0.0000000000000000     
   9.4513537352175123E-009  -1.6729932602584417E-009
   8.7089158619158253E-010   4.5620497347373785E-010
         122   0.0000000000000000        0.0000000000000000     
   1.0078160880138286E-008  -1.5839017647357410E-009
   7.2103300429126264E-010   3.2644098574533684E-010
         123   0.0000000000000000        0.0000000000000000     
   1.0698634491858595E-008  -1.5674929605011930E-009
   6.0126499937403995E-010   2.4467183175302239E-010
         124   0.0000000000000000        0.0000000000000000     
   1.1326434010954058E-008  -1.5993922030194542E-009
   5.0488763518145066E-010   1.9052058609635268E-010
         125   0.0000000000000000        0.0000000000000000     
   1.1974795811164759E-008  -1.6676312059737418E-009
   4.2610601117045359E-010   1.5317475203016053E-010
         126   0.0000000000000000        0.0000000000000000     
   1.2656013285347323E-008  -1.7664160601573912E-009
   3.6055092201242535E-010   1.2655630465307617E-010
         127   0.0000000000000000        0.0000000000000000     
   1.3381913748696837E-008  -1.8930369297506196E-009
   3.0500734544282688E-010   1.0705451119791827E-010
         128   0.0000000000000000        0.0000000000000000     
   1.4164442787495153E-008  -2.0459717732683287E-009
   2.5713946485387384E-010   9.2399315536596236E-011
         129   0.0000000000000000        0.0000000000000000     
   1.5016255919245483E-008  -2.2231099962918173E-009
   2.1523226065151826E-010   8.1060668205695675E-011
         130   0.0000000000000000        0.0000000000000000     
   1.5951425199235591E-008  -2.4191156297890747E-009
   1.7800143287462498E-010   7.1889542884655232E-011
         131   0.0000000000000000        0.0000000000000000     
   1.6986853215346031E-008  -2.6203824767619778E-009
   1.4451219932962965E-010   6.3849804228102002E-011
         132   0.0000000000000000        0.0000000000000000     
   1.8146198795237759E-008  -2.7944118875489042E-009
   1.1399933381218471E-010   5.5734591644050772E-011
         133   0.0000000000000000        0.0000000000000000     
   1.9472656172667201E-008  -2.8667720861908829E-009
   8.5710650839700813E-011   4.5728207056571314E-011
         134   0.0000000000000000        0.0000000000000000     
   2.1073154828003061E-008  -2.6723436770618683E-009
   5.8349529404732058E-011   3.0599808798962085E-011
         135   0.0000000000000000        0.0000000000000000     
   2.3275976116850596E-008  -1.8706935474911730E-009
   2.7920406042106573E-011   4.3414524483164318E-012
         136   0.0000000000000000        0.0000000000000000     
   2.7163263281930077E-008   4.2706735215989275E-011
  -1.9298159582702304E-011  -4.2105260541074362E-011
         137   0.0000000000000000        0.0000000000000000     
   3.5729313981683200E-008   2.5203352832864284E-009
  -1.2216921591183595E-010  -1.0551598262231948E-010
         138   0.0000000000000000        0.0000000000000000     
   5.1934255682437080E-008  -5.3207884291226387E-010
  -3.1959614461604536E-010  -1.1233226551646164E-010
