   262144.00000000000     
         256           1           3
   1.7567330116226543E-005  -6.2812290861650002       -178.01823173560001     
   6.0401400154609997        12.000000000000000        5733.8999999999996     
           0   0.0000000000000000        0.0000000000000000     
   0.0000000000000000        0.0000000000000000     
   0.0000000000000000        0.0000000000000000     
           1  -6.1872460842826652E-009   5.2202689408394565E-011
  -1.1024282160293073E-009   7.6090566105279412E-012
   0.0000000000000000        0.0000000000000000     
           2  -6.1349850267752146E-009   1.8213062557253028E-010
  -1.0914404888249957E-009   2.9329693942669839E-011
   0.0000000000000000        0.0000000000000000     
           3  -6.1334797866933996E-009   2.2344117626783693E-010
  -1.0878933417382529E-009   3.5373745130372725E-011
   0.0000000000000000        0.0000000000000000     
           4  -6.1804795305628252E-009   2.5201968736635065E-010
  -1.0913764351825529E-009   3.9037579656744842E-011
   0.0000000000000000        0.0000000000000000     
           5  -6.2657341032909026E-009   2.7972539662251331E-010
  -1.0999922732858344E-009   4.2364244468774617E-011
   0.0000000000000000        0.0000000000000000     
           6  -6.3861565142713689E-009   3.0953604751447356E-010
  -1.1130455706240041E-009   4.5828828694580859E-011
   0.0000000000000000        0.0000000000000000     
           7  -6.5418934762738303E-009   3.4281796059890453E-010
  -1.1303523605576543E-009   4.9612817476098544E-011
   0.0000000000000000        0.0000000000000000     
           8  -6.7349115421939217E-009   3.8064441038121910E-010
  -1.1519835575605128E-009   5.3832089007297349E-011
   0.0000000000000000        0.0000000000000000     
           9  -6.9685689219329794E-009   4.2415099940869985E-010
  -1.1781765279198331E-009   5.8594543644938746E-011
   0.0000000000000000        0.0000000000000000     
          10  -7.2475706187757180E-009   4.7469390006622930E-010
  -1.2093084080488546E-009   6.4021347692983571E-011
   0.0000000000000000        0.0000000000000000     
          11  -7.5781239802647245E-009   5.3397549083445186E-010
  -1.2458974525637438E-009   7.0259868139514298E-011
   0.0000000000000000        0.0000000000000000     
          12  -7.9682496802449889E-009   6.0419013425011377E-010
  -1.2886218659278689E-009   7.7496303908093167E-011
   0.0000000000000000        0.0000000000000000     
          13  -8.4282603172521682E-009   6.8822211233698967E-010
  -1.3383541875797918E-009   8.5971662904537643E-011
   0.0000000000000000        0.0000000000000000     
          14  -8.9714566128544840E-009   7.8993184874084722E-010
  -1.3962137668274113E-009   9.6004256969946680E-011
   0.0000000000000000        0.0000000000000000     
          15  -9.6151325335551139E-009   9.1458473763229484E-010
  -1.4636436506276866E-009   1.0802301315538025E-010
   0.0000000000000000        0.0000000000000000     
          16  -1.0382040892162834E-008   1.0695128753685359E-009
  -1.5425230492561548E-009   1.2261853844138904E-010
   0.0000000000000000        0.0000000000000000     
          17  -1.1302569783039900E-008   1.2651675730061750E-009
  -1.6353341319625538E-009   1.4062396327403925E-010
   0.0000000000000000        0.0000000000000000     
          18  -1.2418051906256783E-008   1.5168506170104889E-009
  -1.7454148987898174E-009   1.6324742810517293E-010
   0.0000000000000000        0.0000000000000000     
          19  -1.3785940132283600E-008   1.8476736002578361E-009
  -1.8773533143970597E-009   1.9229784963990810E-010
   0.0000000000000000        0.0000000000000000     
          20  -1.5488170367438248E-008   2.2938479771093987E-009
  -2.0376220459379750E-009   2.3058744229921652E-010
   0.0000000000000000        0.0000000000000000     
          21  -1.7645189989309933E-008   2.9146546571018384E-009
  -2.2356399742254276E-009   2.8268863096992632E-010
   0.0000000000000000        0.0000000000000000     
          22  -2.0440508851036630E-008   3.8124611394389428E-009
  -2.4856249130657267E-009   3.5645096445160231E-010
   0.0000000000000000        0.0000000000000000     
          23  -2.4165595966951087E-008   5.1761410505231336E-009
  -2.8100430666373894E-009   4.6628629098800475E-010
   0.0000000000000000        0.0000000000000000     
          24  -2.9306725390435305E-008   7.3846853918680133E-009
  -3.2458408917696756E-009   6.4099756611743784E-010
   0.0000000000000000        0.0000000000000000     
          25  -3.6714682117471511E-008   1.1286376287901301E-008
  -3.8575976729800953E-009   9.4484590661840612E-010
   0.0000000000000000        0.0000000000000000     
          26  -4.7910147523989094E-008   1.9075501393128536E-008
  -4.7601333620048023E-009   1.5436380723287717E-009
   0.0000000000000000        0.0000000000000000     
          27  -6.5062552305488277E-008   3.7591013812611225E-008
  -6.1152583120320990E-009   2.9529604178621913E-009
   0.0000000000000000        0.0000000000000000     
          28  -8.1346196329943237E-008   9.1185468051447282E-008
  -7.4045277100962423E-009   7.0039566333813712E-009
   0.0000000000000000        0.0000000000000000     
          29   5.6159850373211557E-009   1.8085634023504831E-007
  -9.2337610499466467E-010   1.3742023810116549E-008
   0.0000000000000000        0.0000000000000000     
          30   1.0146744661971778E-007   9.4060068327890747E-008
   6.1623380836204990E-009   7.1996060496534114E-009
   0.0000000000000000        0.0000000000000000     
          31   8.5048381842418498E-008   3.6735968015713740E-008
   4.7915791773703922E-009   2.9120281310531557E-009
   0.0000000000000000        0.0000000000000000     
          32   6.7047179146473549E-008   1.7412378320551783E-008
   3.2945379049682273E-009   1.4897090036944776E-009
   0.0000000000000000        0.0000000000000000     
          33   5.5638744533305229E-008   9.4407783146278260E-009
   2.2740095825468418E-009   9.2632633246749686E-010
   0.0000000000000000        0.0000000000000000     
          34   4.8437744400787183E-008   5.4474994156986045E-009
   1.5425113861968900E-009   6.7002432076829056E-010
   0.0000000000000000        0.0000000000000000     
          35   4.3801871106200745E-008   3.1248679844841646E-009
   9.6788282640207180E-010   5.5124342961702771E-010
   0.0000000000000000        0.0000000000000000     
          36   4.0838697504405942E-008   1.5941933741262658E-009
   4.7117305186108553E-010   5.0994122202039873E-010
   0.0000000000000000        0.0000000000000000     
          37   3.9064680215601751E-008   4.6239170306255409E-010
  -1.8818289182203881E-013   5.2652856659227435E-010
   0.0000000000000000        0.0000000000000000     
          38   3.8215328933112082E-008  -4.7175277278209572E-010
  -4.9121530642654054E-010   6.0396768692570352E-010
   0.0000000000000000        0.0000000000000000     
          39   3.8157001378709581E-008  -1.3220213332684502E-009
  -1.0512185015251301E-009   7.6994765540981982E-010
   0.0000000000000000        0.0000000000000000     
          40   3.8844651718823882E-008  -2.1456102540276773E-009
  -1.7460924471192034E-009   1.1024449943805205E-009
   0.0000000000000000        0.0000000000000000     
          41   4.0317987355034035E-008  -2.9069016472509910E-009
  -2.6590891371356457E-009   1.8218156900382460E-009
   0.0000000000000000        0.0000000000000000     
          42   4.2891810309465357E-008  -3.2731021835465410E-009
  -3.6950611345882932E-009   3.6085625454470856E-009
   0.0000000000000000        0.0000000000000000     
          43   4.8763582919551274E-008  -2.7417699336048957E-009
  -2.6683693486691100E-009   7.6134278594273840E-009
   0.0000000000000000        0.0000000000000000     
          44   6.0612432917175090E-008  -7.3493662176295311E-009
   3.0621767062043208E-009   7.4057530683695284E-009
   0.0000000000000000        0.0000000000000000     
          45   7.1628969799131559E-008  -1.8037865039495372E-008
   3.6634980275696926E-009   3.6769968055086877E-009
   0.0000000000000000        0.0000000000000000     
          46   8.6218454967034676E-008  -3.4672647880017607E-008
   2.3841553064663644E-009   2.2391684863701234E-009
   0.0000000000000000        0.0000000000000000     
          47   1.0500643256152371E-007  -7.1643261599959150E-008
   1.1086526130045085E-009   1.9774352608240619E-009
   0.0000000000000000        0.0000000000000000     
          48   9.1932827593730551E-008  -1.5923758037492166E-007
   2.6172167480344049E-011   2.5103637929545495E-009
   0.0000000000000000        0.0000000000000000     
          49  -4.9784885386512031E-008  -1.9064222483741749E-007
  -4.6494318064296341E-010   3.2875911731956004E-009
   0.0000000000000000        0.0000000000000000     
          50  -9.7539401276567437E-008  -9.1759881730936852E-008
  -1.6529852357501646E-009   4.2029869014123584E-009
   0.0000000000000000        0.0000000000000000     
          51  -7.8180510295391001E-008  -4.5093293979267598E-008
  -3.0758751653605629E-009   7.5591761908437575E-009
   0.0000000000000000        0.0000000000000000     
          52  -6.2643332493239673E-008  -3.0314132391067209E-008
   4.2035433981017901E-010   1.4529912598730958E-008
   0.0000000000000000        0.0000000000000000     
          53  -5.7180158579546663E-008  -2.0478483178524600E-008
   1.0814455141903064E-008   1.2378628933667987E-008
   0.0000000000000000        0.0000000000000000     
          54  -5.0022740994130364E-008  -1.1679678525961720E-008
   1.1965188875626633E-008   5.5891209515385428E-009
   0.0000000000000000        0.0000000000000000     
          55  -4.3603361651808280E-008  -7.0595370241760149E-009
   1.0439337543776946E-008   2.6319998938101719E-009
   0.0000000000000000        0.0000000000000000     
          56  -3.8980329078816520E-008  -4.4528933804317358E-009
   9.2217386813733576E-009   1.3727755427667989E-009
   0.0000000000000000        0.0000000000000000     
          57  -3.5760081705581046E-008  -2.7643285709716164E-009
   8.4242797781976777E-009   7.3994824183107692E-010
   0.0000000000000000        0.0000000000000000     
          58  -3.3582880024466618E-008  -1.5337453569599737E-009
   7.9229899873182551E-009   3.6882019194751977E-010
   0.0000000000000000        0.0000000000000000     
          59  -3.2225090591731851E-008  -5.3408199124111446E-010
   7.6281079170075268E-009   1.1938599987557658E-010
   0.0000000000000000        0.0000000000000000     
          60  -3.1562774148130826E-008   3.7042536135637633E-010
   7.4872092787337142E-009  -7.1002785220949001E-011
   0.0000000000000000        0.0000000000000000     
          61  -3.1546138487570913E-008   1.2815760985334450E-009
   7.4718813096764937E-009  -2.3525753323950675E-010
   0.0000000000000000        0.0000000000000000     
          62  -3.2187509951823664E-008   2.2985714041315313E-009
   7.5693769167563987E-009  -3.9448476110096103E-010
   0.0000000000000000        0.0000000000000000     
          63  -3.3563923755148481E-008   3.5453567287593912E-009
   7.7786545031976127E-009  -5.6637342007983587E-010
   0.0000000000000000        0.0000000000000000     
          64  -3.5833222108061127E-008   5.2091199037217510E-009
   8.1095013032792477E-009  -7.7101201307089269E-010
   0.0000000000000000        0.0000000000000000     
          65  -3.9269462542734291E-008   7.6134024894921139E-009
   8.5840994522372543E-009  -1.0380070950767545E-009
   0.0000000000000000        0.0000000000000000     
          66  -4.4319648611004228E-008   1.1381691913116656E-008
   9.2412520117622162E-009  -1.4200779832110436E-009
   0.0000000000000000        0.0000000000000000     
          67  -5.1666503822919176E-008   1.7849599661007435E-008
   1.0141728653684269E-008  -2.0258630327093341E-009
   0.0000000000000000        0.0000000000000000     
          68  -6.2070867633155084E-008   3.0214254885394173E-008
   1.1356670970090626E-008  -3.1104723724198357E-009
   0.0000000000000000        0.0000000000000000     
          69  -7.4180805648539142E-008   5.6779987843552914E-008
   1.2799939571830969E-008  -5.3315327967692808E-009
   0.0000000000000000        0.0000000000000000     
          70  -6.8410655151524965E-008   1.1399074091080540E-007
   1.2971927271492494E-008  -9.9992682660141366E-009
   0.0000000000000000        0.0000000000000000     
          71   1.8191054016816222E-008   1.6046545214817806E-007
   6.9483760154560777E-009  -1.3942461752665016E-008
   0.0000000000000000        0.0000000000000000     
          72   8.8646369936449742E-008   9.8856895954341671E-008
   2.2701242885533801E-009  -9.5057634037265147E-009
   0.0000000000000000        0.0000000000000000     
          73   8.6725114621026631E-008   4.6678478667114179E-008
   3.4687265175441997E-009  -5.8669220645146289E-009
   0.0000000000000000        0.0000000000000000     
          74   7.4502941137424240E-008   2.2951685261342746E-008
   5.7798389507200221E-009  -4.6191867267388348E-009
   0.0000000000000000        0.0000000000000000     
          75   6.5607759209261938E-008   1.1140104413163401E-008
   8.2342865458291691E-009  -4.5861472994215570E-009
   0.0000000000000000        0.0000000000000000     
          76   6.0526318479963329E-008   3.8579000384550626E-009
   1.0948534217818350E-008  -5.3865042998234065E-009
   0.0000000000000000        0.0000000000000000     
          77   5.8610468552917151E-008  -2.0812819709618534E-009
   1.4204805547810445E-008  -7.1613109067142062E-009
   0.0000000000000000        0.0000000000000000     
          78   5.9492184339689004E-008  -8.8129121182291344E-009
   1.8334001584831951E-008  -1.0596635685369230E-008
   0.0000000000000000        0.0000000000000000     
          79   6.2786057305946036E-008  -1.9219994426949965E-008
   2.3441153678359713E-008  -1.7500998020133346E-008
   0.0000000000000000        0.0000000000000000     
          80   6.5445561855378735E-008  -3.9086084671904839E-008
   2.7401656303915559E-008  -3.2219089213859657E-008
   0.0000000000000000        0.0000000000000000     
          81   4.9564013014670121E-008  -7.2738216371427457E-008
   1.6243693602186901E-008  -5.8142698605072953E-008
   0.0000000000000000        0.0000000000000000     
          82  -1.5300345222714855E-009  -7.8244784817405211E-008
  -2.3381433190408634E-008  -6.2144392563789242E-008
   0.0000000000000000        0.0000000000000000     
          83  -2.2960612704239777E-008  -4.5001704639525942E-008
  -4.0204268175752329E-008  -3.5371909864035765E-008
   0.0000000000000000        0.0000000000000000     
          84  -1.8886088569064477E-008  -2.4082858444155618E-008
  -3.7177896249942453E-008  -1.8163844777707638E-008
   0.0000000000000000        0.0000000000000000     
          85  -1.1795356680123186E-008  -1.4774533323684289E-008
  -3.2092901566918377E-008  -1.0037653210312059E-008
   0.0000000000000000        0.0000000000000000     
          86  -5.6642593226783644E-009  -1.0683370309374991E-008
  -2.8177122884911318E-008  -5.8887542021286691E-009
   0.0000000000000000        0.0000000000000000     
          87  -4.1614383844939438E-010  -9.1203523138884764E-009
  -2.5469075819643385E-008  -3.4778576489488494E-009
   0.0000000000000000        0.0000000000000000     
          88   4.4846301802176925E-009  -9.1386428414113865E-009
  -2.3692653366028835E-008  -1.8639602515558117E-009
   0.0000000000000000        0.0000000000000000     
          89   9.5686424410487698E-009  -1.0596403875351646E-008
  -2.2642187278912539E-008  -5.8570743053750730E-010
   0.0000000000000000        0.0000000000000000     
          90   1.5351552202753946E-008  -1.3980817191963053E-008
  -2.2204754491548956E-008   6.6541699495875348E-010
   0.0000000000000000        0.0000000000000000     
          91   2.2246785869413197E-008  -2.0760105982758673E-008
  -2.2319151990672303E-008   2.2326730991936714E-009
   0.0000000000000000        0.0000000000000000     
          92   2.9670129793917151E-008  -3.4531817707787314E-008
  -2.2823617365254775E-008   4.7214294223951716E-009
   0.0000000000000000        0.0000000000000000     
          93   3.0832574929098388E-008  -6.2354561418607071E-008
  -2.2672720327034866E-008   9.2273632451822582E-009
   0.0000000000000000        0.0000000000000000     
          94  -1.0282315382244420E-009  -9.8709941441508644E-008
  -1.7878645716529903E-008   1.4996615775361984E-008
   0.0000000000000000        0.0000000000000000     
          95  -5.8408973879257447E-008  -8.6543046422634055E-008
  -9.4710463636484569E-009   1.3622770389924345E-008
   0.0000000000000000        0.0000000000000000     
          96  -7.4422456704012125E-008  -4.7463832108085474E-008
  -7.3448602644711541E-009   8.2456264353167177E-009
   0.0000000000000000        0.0000000000000000     
          97  -6.9602959893560773E-008  -2.4317761129644623E-008
  -8.5221016742406224E-009   5.2347381963045271E-009
   0.0000000000000000        0.0000000000000000     
          98  -6.3270279036709762E-008  -1.2581781204221711E-008
  -1.0163705396525441E-008   3.9690011701491199E-009
   0.0000000000000000        0.0000000000000000     
          99  -5.8834710367450420E-008  -5.9777427213507150E-009
  -1.1791751706071935E-008   3.5586023370602057E-009
   0.0000000000000000        0.0000000000000000     
         100  -5.6368465280869923E-008  -1.6361533878217861E-009
  -1.3440692213186628E-008   3.6266292894294173E-009
   0.0000000000000000        0.0000000000000000     
         101  -5.5589785971468173E-008   1.7596020295046354E-009
  -1.5222576393953734E-008   4.0479310002570063E-009
   0.0000000000000000        0.0000000000000000     
         102  -5.6326858155069180E-008   4.9365841491334568E-009
  -1.7262547332796696E-008   4.8242368131562052E-009
   0.0000000000000000        0.0000000000000000     
         103  -5.8569464069220554E-008   8.4473667498425492E-009
  -1.9706432341296775E-008   6.0551622287418039E-009
   0.0000000000000000        0.0000000000000000     
         104  -6.2464324170924691E-008   1.2913323825579942E-008
  -2.2736558631519150E-008   7.9669456688931637E-009
   0.0000000000000000        0.0000000000000000     
         105  -6.8302307228452595E-008   1.9290829490957792E-008
  -2.6577964367616994E-008   1.1011339452356504E-008
   0.0000000000000000        0.0000000000000000     
         106  -7.6411920329850998E-008   2.9355020949636566E-008
  -3.1454388825454786E-008   1.6106326496602288E-008
   0.0000000000000000        0.0000000000000000     
         107  -8.6534642765271225E-008   4.6743325544929572E-008
  -3.7258183857187592E-008   2.5191104050193532E-008
   0.0000000000000000        0.0000000000000000     
         108  -9.4722146696012498E-008   7.8766616535074223E-008
  -4.1874255754606367E-008   4.2205711878544828E-008
   0.0000000000000000        0.0000000000000000     
         109  -8.1422285407543974E-008   1.3311299113400411E-007
  -3.4724835683904598E-008   7.1321096251443105E-008
   0.0000000000000000        0.0000000000000000     
         110  -9.3087607226243847E-009   1.7544320051923538E-007
   4.4874196092613595E-009   9.3963542840052641E-008
   0.0000000000000000        0.0000000000000000     
         111   6.6719732879289760E-008   1.3783191903459622E-007
   4.6170963616641562E-008   7.3179327051767760E-008
   0.0000000000000000        0.0000000000000000     
         112   8.1718147750416963E-008   8.2454321845303337E-008
   5.5073524138938412E-008   4.2441281322468159E-008
   0.0000000000000000        0.0000000000000000     
         113   7.1882403311244785E-008   5.0471938151452261E-008
   5.0789343320561716E-008   2.3942889820206576E-008
   0.0000000000000000        0.0000000000000000     
         114   5.9085213598658291E-008   3.5136756458718700E-008
   4.5234119959979922E-008   1.3730745403000825E-008
   0.0000000000000000        0.0000000000000000     
         115   4.7928876118839396E-008   2.9494625154434769E-008
   4.0816670154864008E-008   7.3487126093522657E-009
   0.0000000000000000        0.0000000000000000     
         116   3.9844342069090736E-008   3.1426671075922328E-008
   3.7418244196076272E-008   2.3037731855785200E-009
   0.0000000000000000        0.0000000000000000     
         117   3.9605542549109718E-008   4.0376051850945416E-008
   3.3668953256969941E-008  -2.6804564377180928E-009
   0.0000000000000000        0.0000000000000000     
         118   5.4371808217968739E-008   4.5503608881576899E-008
   2.7664556868386960E-008  -5.9372583742015529E-009
   0.0000000000000000        0.0000000000000000     
         119   6.8129176699911785E-008   3.3178768746909511E-008
   2.2605600095508767E-008  -4.8075127018468115E-009
   0.0000000000000000        0.0000000000000000     
         120   6.8406604538285776E-008   1.9807439404499294E-008
   2.0998399816536577E-008  -2.9052300689451917E-009
   0.0000000000000000        0.0000000000000000     
         121   6.4520048227285754E-008   1.6484215320417939E-008
   2.0856551326360562E-008  -2.0117834545203383E-009
   0.0000000000000000        0.0000000000000000     
         122   7.7944448766140054E-008   1.7385402938450813E-008
   2.1133750506975178E-008  -1.7642941972714881E-009
   0.0000000000000000        0.0000000000000000     
         123   8.2292662756211731E-008  -3.7320275481271114E-010
   2.1600314751053466E-008  -1.7703025128034210E-009
   0.0000000000000000        0.0000000000000000     
         124   8.2237223797261369E-008  -1.0577300580341880E-008
   2.2272380214030186E-008  -1.7233087919010278E-009
   0.0000000000000000        0.0000000000000000     
         125   8.4268738721657659E-008  -2.1815388556829433E-008
   2.3458605943001696E-008  -1.1872554663560876E-009
   0.0000000000000000        0.0000000000000000     
         126   8.2504625454277136E-008  -3.8055286243879861E-008
   2.6685195461007680E-008   8.9271049316374080E-011
   0.0000000000000000        0.0000000000000000     
         127   7.0134108161084126E-008  -4.7733529015325375E-008
   3.3696396401568010E-008  -1.3943879720917363E-009
   0.0000000000000000        0.0000000000000000     
         128   6.7966335264165686E-008  -4.5241383015438573E-008
   3.9370332562252756E-008  -7.6769777823586010E-009
   0.0000000000000000        0.0000000000000000     
         129   7.8034703902033991E-008  -5.0636738270633976E-008
   4.3475051014704998E-008  -1.5048013346206120E-008
   0.0000000000000000        0.0000000000000000     
         130   9.1295510751215755E-008  -6.9305585995450221E-008
   4.7897778838023374E-008  -2.4866287381747550E-008
   0.0000000000000000        0.0000000000000000     
         131   1.0100546878172090E-007  -1.0660548465027103E-007
   5.1274379629777809E-008  -4.0646282239662502E-008
   0.0000000000000000        0.0000000000000000     
         132   8.7551798288404194E-008  -1.6910005219446561E-007
   4.6204437574108355E-008  -6.5604714109370382E-008
   0.0000000000000000        0.0000000000000000     
         133   1.1660634555511494E-008  -2.2963351220999845E-007
   1.7646193104037699E-008  -8.9658017190549065E-008
   0.0000000000000000        0.0000000000000000     
         134  -9.7256087867602327E-008  -2.0842172245348340E-007
  -2.3103886450303722E-008  -8.2479982789276281E-008
   0.0000000000000000        0.0000000000000000     
         135  -1.4531772023550927E-007  -1.3460438076327190E-007
  -4.0085418434605285E-008  -5.5452884268107093E-008
   0.0000000000000000        0.0000000000000000     
         136  -1.4727496017557089E-007  -7.7587927995631901E-008
  -3.8888897503172599E-008  -3.5391739150775137E-008
   0.0000000000000000        0.0000000000000000     
         137  -1.3822265293216549E-007  -4.2424736721534408E-008
  -3.2839403911568447E-008  -2.4658632381715816E-008
   0.0000000000000000        0.0000000000000000     
         138  -1.2999315963604828E-007  -1.8687119027698218E-008
  -2.6440426270909281E-008  -2.0125893391408475E-008
   0.0000000000000000        0.0000000000000000     
