   262144.00000000000     
         256           1           3
   1.7567330116226543E-005  -3.8553127350719998        56.028443713300000     
   6.0401400154609997        12.000000000000000        1200.0000000000000     
           0   0.0000000000000000        0.0000000000000000     
   0.0000000000000000        0.0000000000000000     
   0.0000000000000000        0.0000000000000000     
           1   1.4269988622197750E-008  -3.1210590627831881E-009
   7.9928618428027666E-009  -2.9869488847483011E-009
  -5.3239115053045986E-008   2.0711637525097463E-008
           2   9.1995598113096451E-009  -9.7563935532186710E-009
   2.9691087870003971E-009  -9.6229104201612891E-009
  -1.8386838641843086E-008   6.6778664533683886E-008
           3   3.7244947982021346E-009  -3.7089991309176696E-009
  -2.4893775539263236E-009  -3.5689877195962112E-009
   1.9482618953030988E-008   2.4761178565813750E-008
           4   4.9575807766038987E-009  -1.3087174680967795E-009
  -1.2518083778635538E-009  -1.1633091272676891E-009
   1.0869258917132745E-008   8.0675888125125306E-009
           5   5.7355224764496758E-009  -6.7680366482266144E-010
  -4.8055160011043828E-010  -5.2639590054063894E-010
   5.4884353427963015E-009   3.6518958994219134E-009
           6   6.1703140104402907E-009  -4.4696281520139491E-010
  -6.1681107623748853E-011  -2.9132023319297328E-010
   2.5488193834063484E-009   2.0258681242345812E-009
           7   6.4423832282654932E-009  -3.4490900764709373E-010
   1.8624140075395678E-010  -1.8366086670994672E-010
   7.9059243458191060E-010   1.2847145438023007E-009
           8   6.6330183589559927E-009  -2.9431109094294458E-010
   3.4500657794979976E-010  -1.2703169935200198E-010
  -3.5434266410427059E-010   8.9827265058358281E-010
           9   6.7806031193847987E-009  -2.6805900736622688E-010
   4.5322038406981066E-010  -9.4281109445688026E-011
  -1.1543316587695631E-009   6.7813698388202922E-010
          10   6.9049710997927436E-009  -2.5478770747150785E-010
   5.3076296236705569E-010  -7.4001641105384400E-011
  -1.7477681125113451E-009   5.4519379158308316E-010
          11   7.0172482965258247E-009  -2.4914182181343563E-010
   5.8868236312585954E-010  -6.0790581689045699E-011
  -2.2117833315864846E-009   4.6201817407651577E-010
          12   7.1241463276765171E-009  -2.4837599623066134E-010
   6.3351387445359645E-010  -5.1848527261436226E-011
  -2.5922395510390398E-009   4.0926531011318852E-010
          13   7.2299956141102829E-009  -2.5099671781385432E-010
   6.6932620162539133E-010  -4.5619939019941977E-011
  -2.9179435537148982E-009   3.7623598668838020E-010
          14   7.3377809275606974E-009  -2.5616120110293574E-010
   6.9876238801785281E-010  -4.1190738272479098E-011
  -3.2078827496138906E-009   3.5669726508189516E-010
          15   7.4497033536689880E-009  -2.6338925999713007E-010
   7.2360219302396614E-010  -3.7998673047872685E-011
  -3.4751405738861445E-009   3.4687458360930070E-010
          16   7.5675031944774171E-009  -2.7241635251533925E-010
   7.4508176481711386E-010  -3.5684536621445531E-011
  -3.7291288302353799E-009   3.4442206014641579E-010
          17   7.6926559871265229E-009  -2.8311508862542227E-010
   7.6408338388341381E-010  -3.4011434568047611E-011
  -3.9769203647346113E-009   3.4786577950145760E-010
          18   7.8264985390333579E-009  -2.9545211541262365E-010
   7.8125235574628071E-010  -3.2818907439220425E-011
  -4.2240788882725582E-009   3.5628983470723520E-010
          19   7.9703154270072427E-009  -3.0946441889053907E-010
   7.9707139280912760E-010  -3.1995812899883292E-011
  -4.4751972708953561E-009   3.6915361370956478E-010
          20   8.1254031262173235E-009  -3.2524699445888749E-010
   8.1190931359669263E-010  -3.1463742465242581E-011
  -4.7342620045838871E-009   3.8618352643155727E-010
          21   8.2931220153571269E-009  -3.4294772379409608E-010
   8.2605374761976071E-010  -3.1166576600424061E-011
  -5.0049121959628409E-009   4.0730903338411038E-010
          22   8.4749428229045068E-009  -3.6276732707877974E-010
   8.3973360961210203E-010  -3.1063734584995911E-011
  -5.2906345174450896E-009   4.3262651522202264E-010
          23   8.6724921404970683E-009  -3.8496340587872291E-010
   8.5313487381101279E-010  -3.1125713431481655E-011
  -5.5949204609293407E-009   4.6238189917366910E-010
          24   8.8876006963200422E-009  -4.0985831577464085E-010
   8.6641186835000780E-010  -3.1331082261034072E-011
  -5.9214037052062295E-009   4.9696717054203284E-010
          25   9.1223577920956412E-009  -4.3785114813329980E-010
   8.7969551921473798E-010  -3.1664424252572703E-011
  -6.2739906906343575E-009   5.3692849953152240E-010
          26   9.3791754999760784E-009  -4.6943459870425199E-010
   8.9309948423880165E-010  -3.2114909130082219E-011
  -6.6569951624293422E-009   5.8298552737671881E-010
          27   9.6608668494948501E-009  -5.0521806205369268E-010
   9.0672480835801616E-010  -3.2675293884773962E-011
  -7.0752867763357342E-009   6.3606286237889523E-010
          28   9.9707433614725042E-009  -5.4595901979875287E-010
   9.2066353169387276E-010  -3.3341219964042334E-011
  -7.5344645612896487E-009   6.9733637295426610E-010
          29   1.0312739045769039E-008  -5.9260582079724203E-010
   9.3500155060835500E-010  -3.4110719320993505E-011
  -8.0410681020997525E-009   7.6829873874594797E-010
          30   1.0691570631875044E-008  -6.4635648177145295E-010
   9.4982094366929026E-010  -3.4983869661090096E-011
  -8.6028430140812914E-009   8.5085130227656319E-010
          31   1.1112947773042721E-008  -7.0874048648340725E-010
   9.6520191389313834E-010  -3.5962556781861804E-011
  -9.2290832213119705E-009   9.4743309026277421E-010
          32   1.1583852956756724E-008  -7.8173426646926997E-010
   9.8122445567499442E-010  -3.7050312338553945E-011
  -9.9310817718733670E-009   1.0612038132856791E-009
          33   1.2112920020965587E-008  -8.6792703603412595E-010
   9.9796982254676114E-010  -3.8252200236488773E-011
  -1.0722736208734534E-008   1.1963071875621756E-009
          34   1.2710954599490654E-008  -9.7076359343230689E-010
   1.0155218040529106E-009  -3.9574723407485188E-011
  -1.1621376822646526E-008   1.3582566868768611E-009
          35   1.3391661451665271E-008  -1.0949076215097387E-009
   1.0339680807192526E-009  -4.1025721585495858E-011
  -1.2648922151311040E-008   1.5545126849007812E-009
          36   1.4172683671067077E-008  -1.2467988839519197E-009
   1.0534010330870506E-009  -4.2614193655659703E-011
  -1.3833522826914902E-008   1.7953670736976733E-009
          37   1.5077114984271932E-008  -1.4355317896386917E-009
   1.0739187691196483E-009  -4.4349971686748580E-011
  -1.5211953568879860E-008   2.0953372065783212E-009
          38   1.6135756872747036E-008  -1.6742853349290641E-009
   1.0956256235659239E-009  -4.6243066516483024E-011
  -1.6833176499504490E-008   2.4754328873360072E-009
          39   1.7390574535057058E-008  -1.9827365075630462E-009
   1.1186321082461120E-009  -4.8302368391211117E-011
  -1.8763791520400414E-008   2.9669795888698865E-009
          40   1.8900143075212446E-008  -2.3913084982830357E-009
   1.1430537562195841E-009  -5.0533051531593820E-011
  -2.1096617151898336E-008   3.6183432966707308E-009
          41   2.0748501874684757E-008  -2.9490256811183758E-009
   1.1690078699774423E-009  -5.2931301896093992E-011
  -2.3964628624799140E-008   4.5073559688700747E-009
          42   2.3060024673194950E-008  -3.7389077625649438E-009
   1.1966062702146161E-009  -5.5473259117898535E-011
  -2.7564344385884221E-008   5.7656503633299440E-009
          43   2.6025147495764897E-008  -4.9103153302725028E-009
   1.2259404079890590E-009  -5.8090658130524753E-011
  -3.2196247547108813E-008   7.6297577740218668E-009
          44   2.9945528246614692E-008  -6.7528850840708298E-009
   1.2570523059863024E-009  -6.0613381652028379E-011
  -3.8335637050507483E-008   1.0557830324183952E-008
          45   3.5309451441003261E-008  -9.8836968590299067E-009
   1.2898832133645697E-009  -6.2621197277199376E-011
  -4.6750610719552749E-008   1.5524919709620022E-008
          46   4.2872217728404502E-008  -1.5781553381340220E-008
   1.3242215721929120E-009  -6.3015994712318668E-011
  -5.8626278629078156E-008   2.4865197875159362E-008
          47   5.3294628651593980E-008  -2.8497494948755399E-008
   1.3600137845260823E-009  -5.8645858902128565E-011
  -7.4987173213192714E-008   4.4965374862044309E-008
          48   6.1823851309694106E-008  -5.9583673475039196E-008
   1.4016973362023462E-009  -4.0342035286704605E-011
  -8.8293253396367876E-008   9.4005541390239253E-008
          49   2.5438765159863081E-008  -1.1317379801937262E-007
   1.4847425719169359E-009  -5.0686635395642780E-012
  -3.0744818794146099E-008   1.7829667453319137E-007
          50  -4.8461238439118671E-008  -8.6413900037803732E-008
   1.6037625974370306E-009  -3.6202885212074523E-011
   8.5508463971034705E-008   1.3581874406550170E-007
          51  -5.1984491744203159E-008  -3.9693293359212387E-008
   1.6727425785711632E-009  -8.5013718841470170E-011
   9.0751697065475942E-008   6.2233476818952619E-008
          52  -4.0435262882082676E-008  -2.0116777253823100E-008
   1.7378089036888162E-009  -1.1401757414198362E-010
   7.2336900951080968E-008   3.1500799774253220E-008
          53  -3.1203710591628551E-008  -1.1785099300217672E-008
   1.8146453330895932E-009  -1.3672608011398150E-010
   5.7578355802036001E-008   1.8491840298522769E-008
          54  -2.4669277779149404E-008  -7.6944286138390495E-009
   1.9056873590349632E-009  -1.5965568380312402E-010
   4.7027002356029748E-008   1.2175440806400594E-008
          55  -1.9940532383105557E-008  -5.4385413112480964E-009
   2.0130209902096198E-009  -1.8595530686280293E-010
   3.9248507046177591E-008   8.7729433945844721E-009
          56  -1.6378482105965609E-008  -4.0853469140119147E-009
   2.1398758781439929E-009  -2.1812113950385477E-010
   3.3206690321645033E-008   6.8309900247260723E-009
          57  -1.3587899036677627E-008  -3.2241183192379141E-009
   2.2910287645723181E-009  -2.5907810364809011E-010
   2.8242393752647333E-008   5.7226338707021405E-009
          58  -1.1322436864268051E-008  -2.6538984567083715E-009
   2.4733673190786963E-009  -3.1297181556392353E-010
   2.3917887822916334E-008   5.1607648168955579E-009
          59  -9.4228536022853287E-009  -2.2679316817909838E-009
   2.6968651062057506E-009  -3.8624273105267079E-010
   1.9911574712602201E-008   5.0234511929205222E-009
          60  -7.7818402706505964E-009  -2.0055591009017617E-009
   2.9762371091127092E-009  -4.8954209015458894E-010
   1.5950127075023754E-008   5.2920053991586957E-009
          61  -6.3241356160172552E-009  -1.8298691694054710E-009
   3.3337541085344670E-009  -6.4157407055454377E-010
   1.1756460370981188E-008   6.0438136230282313E-009
          62  -4.9951958072724055E-009  -1.7155265297665998E-009
   3.8040171000993247E-009  -8.7749985012940194E-010
   6.9969458946391043E-009   7.4946661641631293E-009
          63  -3.7548295264842517E-009  -1.6391281496986198E-009
   4.4415677009807000E-009  -1.2690882089173921E-009
   1.2157186056601426E-009   1.0131266001743480E-008
          64  -2.5729896412971398E-009  -1.5642069559641693E-009
   5.3287677929423872E-009  -1.9783188640423735E-009
  -6.2295789269679450E-009   1.5080977187181659E-008
          65  -1.4173221906699605E-009  -1.4018338643528084E-009
   6.5485754864439904E-009  -3.4151425834838579E-009
  -1.5987365436340410E-008   2.5208658737960678E-008
          66  -1.5205693979535865E-010  -8.9633045597329763E-010
   7.8152150701963152E-009  -6.6909311178765018E-009
  -2.6157913877538965E-008   4.8271186090983140E-008
          67   2.1620043611358238E-009   3.4923651051828024E-010
   5.8283925990108074E-009  -1.3518328613473501E-008
  -1.3940490353912140E-008   9.6238608707583253E-008
          68   7.1693663817881743E-009  -1.4982621196663668E-011
  -5.0761869522376256E-009  -1.5257232434069085E-008
   5.9833644401408620E-008   1.0929537403452880E-007
          69   1.1058157137304144E-008  -3.4328808664995865E-009
  -9.5120005610187311E-009  -7.6624332171214692E-009
   8.8149270086095980E-008   5.8294897414130710E-008
          70   1.4308910251369826E-008  -7.2337091754864186E-009
  -8.6729189991746540E-009  -3.1190237490496747E-009
   7.9015896738688213E-008   2.9909803818079529E-008
          71   1.8395389180225713E-008  -1.2994232288923289E-008
  -7.6922264384128032E-009  -6.6449504664972145E-010
   6.7930292827894847E-008   1.9143608462460782E-008
          72   2.2133836291165748E-008  -2.4495997425560512E-008
  -7.0260900162414118E-009   1.5748474531363041E-009
   5.9753899921320011E-008   1.7072302903836551E-008
          73   1.5245514270562040E-008  -4.5660453085679191E-008
  -5.3450437432182124E-009   4.5902769778641173E-009
   5.7705771342978573E-008   2.1209821436343909E-008
          74  -1.6490735421373593E-008  -5.2102295380357700E-008
  -8.5786802052147050E-010   5.5890575509563190E-009
   6.6107956589168786E-008   2.1237300086963397E-008
          75  -3.1940366530143705E-008  -3.0481033051609189E-008
   1.4661315646795912E-009   3.0962298691260975E-009
   6.9624100235366124E-008   1.1908221980156989E-008
          76  -2.9455248952727556E-008  -1.5895583641258662E-008
   1.5227851269055005E-009   1.4336207354097178E-009
   6.7539174068996792E-008   5.5654183147388620E-009
          77  -2.4854429765502218E-008  -9.1300047831064320E-009
   1.2682472490135426E-009   6.9338744662516042E-010
   6.5380470325576626E-008   2.2544291049914872E-009
          78  -2.1127051114295331E-008  -5.7966247933425469E-009
   1.0778058479126459E-009   3.4801208134922079E-010
   6.4100524671713505E-008   2.8461527954423306E-010
          79  -1.8322253678744449E-008  -3.9759615540607112E-009
   9.6673242300363266E-010   1.7052192856633817E-010
   6.3650850694708144E-008  -1.0992101954918705E-009
          80  -1.6186648405797903E-008  -2.8912578664718708E-009
   9.1169331275229061E-010   7.0984523681520508E-011
   6.3912697023282485E-008  -2.2233943858530806E-009
          81  -1.4515471747642114E-008  -2.2004408166404860E-009
   8.9367150482041367E-010   1.0778047737328281E-011
   6.4813678187992356E-008  -3.2518002161622766E-009
          82  -1.3169574004217428E-008  -1.7382162683672782E-009
   9.0041150928801711E-010  -2.8269424299920126E-011
   6.6330407513389323E-008  -4.2855105243000565E-009
          83  -1.2055655656545814E-008  -1.4183016386349235E-009
   9.2437241156829139E-010  -5.5437199218194713E-011
   6.8481979300524107E-008  -5.4040039172624971E-009
          84  -1.1109537327719752E-008  -1.1930679379313787E-009
   9.6098812648143026E-010  -7.5833785611753241E-011
   7.1328072064654301E-008  -6.6866997960996714E-009
          85  -1.0285159512491609E-008  -1.0355642537974557E-009
   1.0075779663727526E-009  -9.2506340698677063E-011
   7.4973137169190821E-008  -8.2294594706907307E-009
          86  -9.5475137975196305E-009  -9.3118274776666770E-010
   1.0627174038297090E-009  -1.0747818636251144E-010
   7.9577485885129787E-008  -1.0163719131922163E-008
          87  -8.8678581004735971E-009  -8.7408495637082852E-010
   1.1259018491831060E-009  -1.2233710747475659E-010
   8.5377396712597362E-008  -1.2685797660297824E-008
          88  -8.2201183120495381E-009  -8.6671660584525767E-010
   1.1974063776814472E-009  -1.3867474742326458E-010
   9.2718340280006659E-008  -1.6108887704979364E-008
          89  -7.5778591611767096E-009  -9.2264170354870766E-010
   1.2782909823484555E-009  -1.5859855919937555E-010
   1.0210761960802021E-007  -2.0963968079166811E-008
          90  -6.9120963571063080E-009  -1.0753222929662275E-009
   1.3704940190686623E-009  -1.8563927893982077E-010
   1.1429205157113399E-007  -2.8211115610934111E-008
          91  -6.1940415477580112E-009  -1.4007452486915180E-009
   1.4767288611381075E-009  -2.2679685549892532E-010
   1.3034414637858801E-007  -3.9717355610805234E-008
          92  -5.4269216668573497E-009  -2.0733923399059269E-009
   1.5984624228062033E-009  -2.9759183643849486E-010
   1.5159237281266625E-007  -5.9423183862865334E-008
          93  -4.8338798918259131E-009  -3.4644761928650991E-009
   1.7222405534645470E-009  -4.3243431184283241E-010
   1.7835473347341555E-007  -9.6321499537017369E-008
          94  -5.5801995806810331E-009  -5.7985869765382497E-009
   1.7595395331714668E-009  -6.6949872382940080E-010
   2.0138417027821015E-007  -1.7082991809851684E-007
          95  -8.8896208597095267E-009  -6.4978224413954193E-009
   1.5630221215862164E-009  -8.4566628628930081E-010
   1.6169545694451252E-007  -3.0499747177315857E-007
          96  -1.0626598085256613E-008  -4.1630068401887482E-009
   1.3631427723445103E-009  -7.3816176266765969E-010
  -3.5379257599063153E-008  -3.7028500041836226E-007
          97  -1.0387458386445302E-008  -2.4783484564107967E-009
   1.3729405002539926E-009  -5.3878018730624859E-010
  -1.6734235256744177E-007  -2.3996107191380758E-007
          98  -9.8759367015159622E-009  -1.5853548444766477E-009
   1.5031251760218202E-009  -4.1751361540161424E-010
  -1.6488802618812531E-007  -1.2958933816676267E-007
          99  -9.4013396687388992E-009  -1.0725119196164743E-009
   1.6560010839731591E-009  -3.6359082888729774E-010
  -1.3588212751508265E-007  -7.4827966548362456E-008
         100  -9.0089702211415621E-009  -7.5591748433677494E-010
   1.8103445280397440E-009  -3.4405533135999921E-010
  -1.1008413803582788E-007  -4.7419615112435223E-008
         101  -8.6947038042428419E-009  -5.4482576432627693E-010
   1.9661444347553721E-009  -3.4292926377248869E-010
  -9.0237350700237256E-008  -3.2451371164564889E-008
         102  -8.4457996216270497E-009  -3.9282037830512914E-010
   2.1266138531344210E-009  -3.5333580049735459E-010
  -7.5083222427626737E-008  -2.3586157398563221E-008
         103  -8.2511599933283767E-009  -2.7476056386520842E-010
   2.2951322516360834E-009  -3.7238202074155699E-010
  -6.3275335398426431E-008  -1.7987291101304394E-008
         104  -8.1030043019148499E-009  -1.7580652307369231E-010
   2.4749668453380051E-009  -3.9908833184432911E-010
  -5.3834318431091840E-008  -1.4274778801185209E-008
         105  -7.9966418940264494E-009  -8.6059609605889505E-011
   2.6694524868237665E-009  -4.3359171634039442E-010
  -4.6088303459295208E-008  -1.1723780734927811E-008
         106  -7.9300718829943845E-009   2.3640616397257969E-012
   2.8822377054620964E-009  -4.7689805605745074E-010
  -3.9574686467467439E-008  -9.9283254173114501E-009
         107  -7.9037912886952506E-009   9.7385449902903791E-011
   3.1175501278428079E-009  -5.3094882288984173E-010
  -3.3967854568720410E-008  -8.6488902800824603E-009
         108  -7.9208372856055946E-009   2.0913391935805004E-010
   3.3804887968050494E-009  -5.9899537473370892E-010
  -2.9031891119444043E-008  -7.7382033391553336E-009
         109  -7.9868473994743863E-009   3.5337330624324039E-010
   3.6773154284606293E-009  -6.8647216641919443E-010
  -2.4590100330292791E-008  -7.1026543632491618E-009
         110  -8.1090932751941968E-009   5.5832218269505337E-010
   4.0155013505871147E-009  -8.0290847718221444E-010
  -2.0504845027788273E-008  -6.6806446944438415E-009
         111  -8.2897381292628651E-009   8.7949096826915198E-010
   4.4022965790915779E-009  -9.6614780394281051E-010
  -1.6662746850177640E-008  -6.4286485961500745E-009
         112  -8.4918814624098982E-009   1.4289923738462598E-009
   4.8360798906033160E-009  -1.2107482218438231E-009
  -1.2958752416495994E-008  -6.3097429823322492E-009
         113  -8.4964867851555459E-009   2.3827430306826222E-009
   5.2681731312026914E-009  -1.5910864878393850E-009
  -9.2622153352404414E-009  -6.2891846572976531E-009
         114  -7.6311754842389042E-009   3.5683893413594923E-009
   5.5281973543513091E-009  -2.0717182767962568E-009
  -5.3590776006908903E-009  -6.4093017320850562E-009
         115  -5.9277849885408167E-009   3.5870226086644579E-009
   5.6348327123919904E-009  -2.2852550326281286E-009
  -1.1555581224606789E-009  -6.9572705275324189E-009
         116  -5.1912308769217725E-009   2.5168006884521600E-009
   6.0996306183736250E-009  -2.2623442522342322E-009
   3.1240400693467738E-009  -7.9769423155968402E-009
         117  -5.3513783817504486E-009   1.7386944341752463E-009
   6.9397246431006515E-009  -2.4051208700627557E-009
   7.6184050613268356E-009  -9.3009734401754194E-009
         118  -5.7557233545329166E-009   1.3928328429082281E-009
   8.0196586480923292E-009  -2.7986109592644771E-009
   1.2611457617203924E-008  -1.1044663119739855E-008
         119  -6.2129254133458794E-009   1.3209644684193956E-009
   9.3429782330939025E-009  -3.4742632511019036E-009
   1.8352971175301422E-008  -1.3477461913516678E-008
         120  -6.7088440511240878E-009   1.4485923950710175E-009
   1.0981706529533815E-008  -4.5406916214702744E-009
   2.5126159428968703E-008  -1.7035217628806499E-008
         121  -7.2699300734660527E-009   1.7855307639629820E-009
   1.3038689814683634E-008  -6.2390006443195810E-009
   3.3272498913045290E-008  -2.2495572049123237E-008
         122  -7.9226809935799403E-009   2.4275412269880269E-009
   1.5604146209115920E-008  -9.0635435449133291E-009
   4.3096979960641501E-008  -3.1364466432959063E-008
         123  -8.6386919889193763E-009   3.6082398127002167E-009
   1.8557083056472102E-008  -1.4036839160524496E-008
   5.4290218679373729E-008  -4.6704788581157384E-008
         124  -9.1128977100729331E-009   5.7912490161325477E-009
   2.0657551793143065E-008  -2.3135878356292839E-008
   6.3250627703489025E-008  -7.4405941046471506E-008
         125  -8.0148549542006666E-009   9.3682061436789441E-009
   1.6415202795260709E-008  -3.8118842103760889E-008
   5.3836335029814809E-008  -1.1972577168351494E-007
         126  -3.0940284550165988E-009   1.1991596624855748E-008
  -3.7162316617685263E-009  -4.9465465998988421E-008
  -2.0536082367999967E-009  -1.5462265752024816E-007
         127   2.1159521415888369E-009   9.4482433255265268E-009
  -2.5473445117455116E-008  -3.9393125291249557E-008
  -6.2133127017572680E-008  -1.2668424993524275E-007
         128   3.4130572917715284E-009   5.5610678290829236E-009
  -3.1092218200752938E-008  -2.3355200441071983E-008
  -7.3723502588452621E-008  -8.1774938408690475E-008
         129   3.0011780940823739E-009   3.1339875476356290E-009
  -2.9439281707637539E-008  -1.3139093697214990E-008
  -6.2768542926315659E-008  -5.5049761195406716E-008
         130   2.4181758533898130E-009   1.7949220608758969E-009
  -2.6871674013413977E-008  -7.2659868708397388E-009
  -4.7709035436494847E-008  -4.2685573401532397E-008
         131   2.0643359163663345E-009   1.0287805737192060E-009
  -2.4916776499717763E-008  -3.4847731403019578E-009
  -3.2616314175256020E-008  -3.8995030820522890E-008
         132   2.1320150829338974E-009   5.5162770950017386E-010
  -2.3777560671359457E-008  -4.8095061323114429E-010
  -1.7609095027355726E-008  -4.1902308422868691E-008
         133   2.9557072153462376E-009  -6.9079153746955820E-011
  -2.3368520126839853E-008   2.6631737290151516E-009
  -2.3705433573135188E-009  -5.2328569421356841E-008
         134   4.3972950604561281E-009  -2.0014765307545633E-009
  -2.3293821724136625E-008   6.9663762619135525E-009
   1.1484699064101182E-008  -7.4492780692097108E-008
         135   4.7791037526575329E-009  -5.9661973823849030E-009
  -2.2021304019988740E-008   1.3614444463252888E-008
   1.4384613015249854E-008  -1.1514807079994244E-007
         136   1.8265405527943331E-009  -1.0854252256718210E-008
  -1.5485143674223392E-008   2.1787726357118850E-008
  -2.1199520674347864E-008  -1.6790934057049425E-007
         137  -4.8291122400303577E-009  -1.2243625679941320E-008
  -2.6201989379124070E-009   2.3397613151602011E-008
  -1.0223552167620355E-007  -1.7617563865248029E-007
         138  -9.3531253803658885E-009  -8.8018249948211451E-009
   5.6936398087829042E-009   1.6259257343485624E-008
  -1.5286944515810038E-007  -1.2446838390605578E-007
