   262144.00000000000     
         256           1           3
   1.7567330116226543E-005  -11.098339920101999        85.396172594000006     
   6.0401400154609997        12.000000000000000        1200.0000000000000     
           0   0.0000000000000000        0.0000000000000000     
   0.0000000000000000        0.0000000000000000     
   0.0000000000000000        0.0000000000000000     
           1   1.2620494417486714E-008  -4.6409301865842679E-009
   2.6194821472877240E-009  -1.2251590384475208E-009
  -5.2802547732100004E-008   2.0568539393775468E-008
           2   4.8257293591711312E-009  -1.4938620681585473E-008
   5.3067630958405872E-010  -3.9907374047637503E-009
  -1.8164407701473277E-008   6.6350579401396027E-008
           3  -3.6408329271736361E-009  -5.5465167670989612E-009
  -1.7445386403588047E-009  -1.4654216022537313E-009
   1.9478409575292627E-008   2.4587641868059114E-008
           4  -1.7156840545638161E-009  -1.8153009659986826E-009
  -1.2311119042620958E-009  -4.6100576547732292E-010
   1.0927788630773919E-008   7.9931842812872092E-009
           5  -5.1221752993196251E-010  -8.2864097811515396E-010
  -9.1458085430730463E-010  -1.9389979022324570E-010
   5.5940255105767228E-009   3.6011392318263047E-009
           6   1.4632533648673313E-010  -4.6559671794848764E-010
  -7.4720116476517861E-010  -9.4196115213973318E-011
   2.6905249983585005E-009   1.9813963371028988E-009
           7   5.4149145119495670E-010  -3.0038709422784165E-010
  -6.5322823792989092E-010  -4.7473138807707425E-011
   9.6519853681691951E-010   1.2408096148718633E-009
           8   8.0024109955594955E-010  -2.1450704582366226E-010
  -5.9853806112959849E-010  -2.1871413847605582E-011
  -1.4648528367169235E-010   8.5243349273646676E-010
           9   9.8255225459629440E-010  -1.6584628386749546E-010
  -5.6705794579554990E-010  -6.0558093024349247E-012
  -9.1108813322893586E-010   6.2898074600421809E-010
          10   1.1193695422692882E-009  -1.3672566199143288E-010
  -5.5055637168521596E-010   4.7472795408393524E-012
  -1.4659681982771287E-009   4.9178124996165771E-010
          11   1.2279553872802536E-009  -1.1878580722518503E-010
  -5.4451226549261622E-010   1.2810667082082130E-011
  -1.8875513351924448E-009   4.0359272261681882E-010
          12   1.3185929431403682E-009  -1.0770991391213057E-010
  -5.4631181833227711E-010   1.9324810960095330E-011
  -2.2211396531606020E-009   3.4513576926437198E-010
          13   1.3977627897176189E-009  -1.0111500037854273E-010
  -5.5439500841592014E-010   2.4965014422805405E-011
  -2.4950352595806294E-009   3.0571617756865753E-010
          14   1.4697605818062583E-009  -9.7617906687918851E-011
  -5.6782254845642452E-010   3.0143121379026142E-011
  -2.7277276526864962E-009   2.7906992242814599E-010
          15   1.5375729081420527E-009  -9.6386733652159752E-011
  -5.8604335874674667E-010   3.5128941533637318E-011
  -2.9317793176936627E-009   2.6136603290499503E-010
          16   1.6033773548161544E-009  -9.6911006978065856E-011
  -6.0876412906789129E-010   4.0113106034113381E-011
  -3.1160370592264253E-009   2.5018133530923419E-010
          17   1.6688418740493451E-009  -9.8877649937519907E-011
  -6.3587395107326541E-010   4.5241740585334178E-011
  -3.2869474787405820E-009   2.4394487339894001E-010
          18   1.7353121888801814E-009  -1.0210132099942130E-010
  -6.6740030229008094E-010   5.0636840345062849E-011
  -3.4493707048564513E-009   2.4162308144328899E-010
          19   1.8039345330701794E-009  -1.0648421786975905E-010
  -7.0348387706702533E-010   5.6409117724778447E-011
  -3.6071020187622073E-009   2.4253474912198651E-010
          20   1.8757401295495459E-009  -1.1199268628281718E-010
  -7.4436546030995577E-010   6.2666831891116143E-011
  -3.7632178380465225E-009   2.4623914322928247E-010
          21   1.9517068195613436E-009  -1.1864394464469130E-010
  -7.9038109371301939E-010   6.9522538517045075E-011
  -3.9203133329047438E-009   2.5246709672973660E-010
          22   2.0328072795030543E-009  -1.2649930958627934E-010
  -8.4196351561786432E-010   7.7098919642081050E-011
  -4.0806719783419242E-009   2.6107839187407327E-010
          23   2.1200499488783620E-009  -1.3566197913469784E-010
  -8.9964890953127541E-010   8.5534469649457694E-011
  -4.2463920872014402E-009   2.7203598722624746E-010
          24   2.2145169627453968E-009  -1.4627840369888909E-010
  -9.6408870575509890E-010   9.4989643122122704E-011
  -4.4194865304080280E-009   2.8539167362683226E-010
          25   2.3174024321884318E-009  -1.5854290197704632E-010
  -1.0360667303468596E-009   1.0565403112038682E-010
  -4.6019666764622967E-009   3.0128011617871021E-010
          26   2.4300540389412164E-009  -1.7270564936461437E-010
  -1.1165225013874550E-009   1.1775519123383924E-010
  -4.7959185965865657E-009   3.1991973521366414E-010
          27   2.5540209614562109E-009  -1.8908459793420265E-010
  -1.2065820209134515E-009   1.3156990990124056E-010
  -5.0035779896161329E-009   3.4161993109151151E-010
          28   2.6911115895666414E-009  -2.0808237046765995E-010
  -1.3075980851443823E-009   1.4743894232186206E-010
  -5.2274096677243019E-009   3.6679502809770964E-010
          29   2.8434653523421740E-009  -2.3020979991531954E-010
  -1.4212030342348341E-009   1.6578670041295018E-010
  -5.4701976297208431E-009   3.9598619199281808E-010
          30   3.0136444013164506E-009  -2.5611868325632754E-010
  -1.5493781225426442E-009   1.8714802325271880E-010
  -5.7351527240943142E-009   4.2989364377453482E-010
          31   3.2047530868217794E-009  -2.8664767253042604E-010
  -1.6945455155882409E-009   2.1220520559659215E-010
  -6.0260468176254169E-009   4.6942297145597479E-010
          32   3.4205965278741479E-009  -3.2288734425973236E-010
  -1.8596916319043158E-009   2.4184011621067701E-010
  -6.3473855789095796E-009   5.1575156438783242E-010
          33   3.6658947560483586E-009  -3.6627390257057834E-010
  -2.0485346676171425E-009   2.7720892487627057E-010
  -6.7046370823803114E-009   5.7042471102866183E-010
          34   3.9465771009206633E-009  -4.1872662974070472E-010
  -2.2657554334502001E-009   3.1985141827028495E-010
  -7.1045414970028269E-009   6.3549667708654738E-010
          35   4.2701937064563325E-009  -4.8285382511758581E-010
  -2.5173214943709042E-009   3.7185451606245509E-010
  -7.5555402334051867E-009   7.1374189151140632E-010
          36   4.6465040109692182E-009  -5.6226896764450955E-010
  -2.8109489434464529E-009   4.3610294187346761E-010
  -8.0683835386381388E-009   8.0897856081347550E-010
          37   5.0883336792568756E-009  -6.6208959603266354E-010
  -3.1567771750885400E-009   5.1667443456594105E-010
  -8.6570115740640676E-009   9.2657830415254035E-010
          38   5.6128546434133274E-009  -7.8974974516938972E-010
  -3.5683754621851267E-009   6.1948282125248696E-010
  -9.3398634933232635E-009   1.0742944011347971E-009
          39   6.2435464143612423E-009  -9.5637174476648060E-010
  -4.0642850656906533E-009   7.5336310962191370E-010
  -1.0141875726791172E-008   1.2636576613445667E-009
          40   7.0132888145246976E-009  -1.1791817363751804E-009
  -4.6704499618575275E-009   9.3198097560667951E-010
  -1.1097622985450439E-008   1.5124302130977312E-009
          41   7.9693927486748306E-009  -1.4859770793197702E-009
  -5.4241688453076322E-009   1.1773622284103348E-009
  -1.2256413877302252E-008   1.8491371084945257E-009
          42   9.1820524390024039E-009  -1.9238830866696845E-009
  -6.3807309784940225E-009   1.5268071422394144E-009
  -1.3690832396173704E-008   2.3219378777987789E-009
          43   1.0758973975336735E-008  -2.5777545329450879E-009
  -7.6248920048148983E-009   2.0474120982106006E-009
  -1.5511490139778541E-008   3.0172495107820924E-009
          44   1.2871058269593529E-008  -3.6122409780130102E-009
  -9.2909968581183212E-009   2.8692461403707101E-009
  -1.7892870371809534E-008   4.1022784469486444E-009
          45   1.5795290743040241E-008  -5.3782801350435987E-009
  -1.1596496869265942E-008   4.2692873333965932E-009
  -2.1116350415520371E-008   5.9326024894611928E-009
          46   1.9960463858108231E-008  -8.7170975430282373E-009
  -1.4877231587651771E-008   6.9108465072334526E-009
  -2.5615505123338486E-008   9.3590031843794773E-009
          47   2.5741451335894634E-008  -1.5933483773933494E-008
  -1.9423186511988510E-008   1.2609264133027739E-008
  -3.1765765440632888E-008   1.6708677939103646E-008
          48   3.0432581517498512E-008  -3.3600320055415681E-008
  -2.3089268246795591E-008   2.6532534485457201E-008
  -3.6823015577588617E-008   3.4605188977464518E-008
          49   9.5532622097554923E-009  -6.4069318516997761E-008
  -6.5988392297475515E-009   5.0474265026761305E-008
  -1.6091698784502304E-008   6.5348499471192035E-008
          50  -3.2688022193025258E-008  -4.8815976661543251E-008
   2.6596337554169314E-008   3.8373073002766915E-008
   2.5998256664893091E-008   4.9917515421516501E-008
          51  -3.4902868293579154E-008  -2.2201331695968923E-008
   2.8250798105138488E-008   1.7423730121833706E-008
   2.7616530572135238E-008   2.3162444452992057E-008
          52  -2.8561975604631510E-008  -1.1027375826715281E-008
   2.3201346396970370E-008   8.6511077077614609E-009
   2.0578533703032018E-008   1.2028261111815272E-008
          53  -2.3563361646078308E-008  -6.2465289798422496E-009
   1.9217574255733537E-008   4.9096988199624462E-009
   1.4826897584525130E-008   7.3636015649924668E-009
          54  -2.0126550215039313E-008  -3.8724734469428722E-009
   1.6461763307104761E-008   3.0612362883534150E-009
   1.0552440791556287E-008   5.1538278433772950E-009
          55  -1.7748741867491654E-008  -2.5346028226748850E-009
   1.4533507563305934E-008   2.0283778261602429E-009
   7.2197479851395318E-009   4.0278997576553912E-009
          56  -1.6071821160770221E-008  -1.7006310246772454E-009
   1.3147979196402704E-008   1.3934896934881149E-009
   4.4342110023001871E-009   3.4642756234696334E-009
          57  -1.4877756914847662E-008  -1.1342678134141793E-009
   1.2130949428628708E-008   9.7175977925575212E-010
   1.9324869788484256E-009   3.2462654140362346E-009
          58  -1.4035091931868474E-008  -7.1761371142074272E-010
   1.1376146993342759E-008   6.7154369758267858E-010
  -4.7704204173258297E-010   3.2871709271055649E-009
          59  -1.3464488892794821E-008  -3.8489960855200876E-010
   1.0817855187271239E-008   4.4231620970501116E-010
  -2.9571872122143952E-009   3.5709951860990324E-009
          60  -1.3119762262608165E-008  -9.4255994998938573E-011
   1.0415759732947330E-008   2.5250063696300526E-010
  -5.6741452176306120E-009   4.1381583231455107E-009
          61  -1.2978171600066996E-008   1.8656987654383099E-010
   1.0147087996345448E-008   7.8170793537768714E-011
  -8.8289812401136488E-009   5.0997140151996630E-009
          62  -1.3036503456394049E-008   4.9022624745050633E-010
   1.0003276798114704E-008  -1.0517047087422736E-010
  -1.2697998150598536E-008   6.6896421495588959E-009
          63  -1.3311383983539979E-008   8.6195459836542010E-010
   9.9898590531233870E-009  -3.3338563727171266E-010
  -1.7690298779843168E-008   9.4014635233971938E-009
          64  -1.3842046511494723E-008   1.3845431059558109E-009
   1.0127584800639675E-008  -6.7723980948109111E-010
  -2.4406174799516112E-008   1.4357696189410216E-008
          65  -1.4681552522652440E-008   2.2462032606973972E-009
   1.0439498711280280E-008  -1.3086216309351624E-009
  -3.3453241626032379E-008   2.4399775080872934E-008
          66  -1.5754040274898934E-008   3.9329406183636359E-009
   1.0795630167491338E-008  -2.6894084141511512E-009
  -4.2903264656411917E-008   4.7220593720490482E-008
          67  -1.5789163520458530E-008   7.2204211753737336E-009
   9.8085457678322805E-009  -5.5286660630512206E-009
  -3.0046070347090258E-008   9.4683040964684157E-008
          68  -1.2506394720899155E-008   8.7592642530250375E-009
   5.1029342555448332E-009  -6.2129650019491572E-009
   4.4113011587665781E-008   1.0727138283058194E-007
          69  -1.2222401352906770E-008   6.9061770153853395E-009
   3.0758878074002724E-009  -2.9483957794092562E-009
   7.3306942562833618E-008   5.5881051493882203E-008
          70  -1.4725318983878955E-008   7.1149295230503392E-009
   3.2073262011918692E-009  -8.4474494892001888E-010
   6.5615862358723720E-008   2.6352730353433075E-008
          71  -1.8024302823613287E-008   1.0072178352847760E-008
   3.3463801186073491E-009   6.2940620257763740E-010
   5.6377093278238242E-008   1.2999217492802191E-008
          72  -2.0914025510207876E-008   1.7541988882914923E-008
   3.4349318963884736E-009   2.5716802616987857E-009
   4.9695400637918100E-008   5.2022517797231381E-009
          73  -1.6334259321446637E-008   3.1910807577634683E-008
   4.9954699899913225E-009   5.7360646304169374E-009
   4.3433793525978794E-008  -1.3919659032596783E-009
          74   5.4750440957269440E-009   3.6231357798826171E-008
   1.0078352141461668E-008   6.6488362459628511E-009
   3.4704306500136562E-008  -4.3055927288718036E-009
          75   1.6096200651392849E-008   2.1246971933741750E-008
   1.2741237245386974E-008   3.4906120674318471E-009
   2.9622090936980217E-008  -2.1145210135946813E-009
          76   1.4369439723480728E-008   1.1150646269701259E-008
   1.2831608039111152E-008   1.3526213467181955E-009
   2.8090375543540184E-008  -7.0013893249143586E-010
          77   1.1195028389344841E-008   6.4709870394899016E-009
   1.2653289453193931E-008   3.2502147622618595E-010
   2.7409697198556164E-008  -3.0944625785736868E-010
          78   8.6256009526449629E-009   4.1741058538052133E-009
   1.2643656225590766E-008  -2.2997303205703069E-010
   2.6997571228023301E-008  -3.2664195673615330E-010
          79   6.6879519169633026E-009   2.9322627114749212E-009
   1.2819181690035465E-008  -5.9054279574332585E-010
   2.6775738881254091E-008  -5.0091339653326871E-010
          80   5.2015834069648488E-009   2.2080611098707660E-009
   1.3155485208097481E-008  -8.7121376834897053E-010
   2.6739620393711738E-008  -7.4609665298780440E-010
          81   4.0201619115260481E-009   1.7653427147739638E-009
   1.3637900172315817E-008  -1.1258505007236701E-009
   2.6896091016049187E-008  -1.0358562358917245E-009
          82   3.0426110210006182E-009   1.4910426984914348E-009
   1.4264657287309849E-008  -1.3853756328857095E-009
   2.7257078180115838E-008  -1.3677779082081492E-009
          83   2.1989108979140772E-009   1.3278019815561305E-009
   1.5045334469883412E-008  -1.6727266670899051E-009
   2.7841087944934963E-008  -1.7515772056915998E-009
          84   1.4379463508223464E-009   1.2464559537940624E-009
   1.6000371775161216E-008  -2.0101624888028212E-009
   2.8676032679203283E-008  -2.2061530428253716E-009
          85   7.1915275767342066E-010   1.2343348222896806E-009
   1.7162314430103666E-008  -2.4243922885391215E-009
   2.9802953987573137E-008  -2.7608772246035224E-009
          86   6.5803911891788962E-012   1.2908413374549115E-009
   1.8579023075717256E-008  -2.9521637895932993E-009
   3.1281321895280103E-008  -3.4603295825658274E-009
          87  -7.3594563913124606E-010   1.4275041627208785E-009
   2.0319437321698625E-008  -3.6486148008404252E-009
   3.3197047886466911E-008  -4.3738105837693606E-009
          88  -1.5495400239438575E-009   1.6726118626517709E-009
   2.2483043207453815E-008  -4.6019881848392129E-009
   3.5674926062738039E-008  -5.6135588654096161E-009
          89  -2.4852670528619137E-009   2.0835428498656726E-009
   2.5214826155533260E-008  -5.9621438881444680E-009
   3.8897919566918059E-008  -7.3708682590972510E-009
          90  -3.6076585192394334E-009   2.7759683227296578E-009
   2.8727321858116247E-008  -8.0002230976860140E-009
   4.3135443025682715E-008  -9.9921183738385395E-009
          91  -4.9835853786498583E-009   3.9944776145811255E-009
   3.3325207541591178E-008  -1.1243498322227331E-008
   4.8774935707641520E-008  -1.4150844516779849E-008
          92  -6.5829664495132383E-009   6.2838384069309728E-009
   3.9386614325192019E-008  -1.6804492888814397E-008
   5.6298627805037408E-008  -2.1267809943167393E-008
          93  -7.7093016017690944E-009   1.0790040981429445E-008
   4.7010487483545621E-008  -2.7222859901490551E-008
   6.5836396075446404E-008  -3.4586546424197500E-008
          94  -4.8106260717608206E-009   1.8265111841377498E-008
   5.3616199354881919E-008  -4.8287389947791727E-008
   7.4110212419306093E-008  -6.1514777296676655E-008
          95   6.1650620880843260E-009   2.1090457108407782E-008
   4.2501869018321839E-008  -8.6365184365768704E-008
   5.9759265034329843E-008  -1.1027496320241487E-007
          96   1.3241048030138127E-008   1.3952571849405574E-008
  -1.3403007697774582E-008  -1.0500266870159873E-007
  -1.2008050862974683E-008  -1.3421256411280101E-007
          97   1.3262040372033776E-008   7.7049834648130353E-009
  -5.0899929964993376E-008  -6.8025900232549148E-008
  -6.0246639139692208E-008  -8.6880447664617931E-008
          98   1.1653205317486002E-008   4.4574842883762648E-009
  -5.0214578297028965E-008  -3.6683871803983571E-008
  -5.9573674926207145E-008  -4.6741473714666179E-008
          99   1.0171258783918799E-008   2.7907739411190563E-009
  -4.1987492853161749E-008  -2.1130372833431382E-008
  -4.9238200913270565E-008  -2.6817169566461299E-008
         100   9.0248969301736363E-009   1.8610397661474510E-009
  -3.4674944190270321E-008  -1.3342670180697176E-008
  -4.0075613041308480E-008  -1.6833686119769876E-008
         101   8.1579010775263226E-009   1.2967070400216564E-009
  -2.9056894708326884E-008  -9.0860123126595378E-009
  -3.3087644332554814E-008  -1.1367347079619337E-008
         102   7.4979602908460563E-009   9.2847614567074295E-010
  -2.4776228917431863E-008  -6.5610469124534647E-009
  -2.7819537552486274E-008  -8.1134248504548900E-009
         103   6.9906167721778122E-009   6.7282866101055215E-010
  -2.1450837320102663E-008  -4.9623526290482951E-009
  -2.3784730057871949E-008  -6.0399596358023003E-009
         104   6.5982807086075495E-009   4.8516860470612111E-010
  -1.8802895151124716E-008  -3.8980180371154588E-009
  -2.0630537101205928E-008  -4.6443970676226281E-009
         105   6.2954305625574738E-009   3.3983071114764616E-010
  -1.6641989828854321E-008  -3.1619939121043810E-009
  -1.8116627054335701E-008  -3.6620690037581111E-009
         106   6.0648177985326791E-009   2.2083288628673632E-010
  -1.4837268503239211E-008  -2.6385275400404485E-009
  -1.6079440663894345E-008  -2.9438775085975432E-009
         107   5.8949697677151311E-009   1.1716319589605519E-010
  -1.3296978484170621E-008  -2.2587225546437727E-009
  -1.4406091996295210E-008  -2.4008366193331762E-009
         108   5.7786382721252703E-009   1.9976578024571843E-011
  -1.1955116679694558E-008  -1.9791324314702497E-009
  -1.3017409582543319E-008  -1.9770730814254408E-009
         109   5.7118152542092218E-009  -7.9661262552029778E-011
  -1.0762823525188760E-008  -1.7700765525004533E-009
  -1.1857193618714528E-008  -1.6358554016665522E-009
         110   5.6927792208465388E-009  -1.9362922393837109E-010
  -9.6824187144386640E-009  -1.6078705374761010E-009
  -1.0885461744754262E-008  -1.3520349658386547E-009
         111   5.7195257142987428E-009  -3.4191042610597294E-010
  -8.6814806584166292E-009  -1.4671804214111262E-009
  -1.0074423149708202E-008  -1.1079670552214911E-009
         112   5.7786607982328050E-009  -5.6223936062869899E-010
  -7.7196769734921273E-009  -1.3102987595460627E-009
  -9.4071257410828779E-009  -8.9161374977378920E-010
         113   5.7995392200007336E-009  -9.1261649171669029E-010
  -6.7024993660970056E-009  -1.0836485510983232E-009
  -8.8813963551742629E-009  -6.9464344667941408E-010
         114   5.5675485489145594E-009  -1.3398290249656265E-009
  -5.3936132262224478E-009  -8.4329110169065835E-010
  -8.5197992947596521E-009  -4.9501782597522737E-010
         115   5.0940110120421361E-009  -1.3990216121797983E-009
  -3.7636628259194041E-009  -1.0321431755650697E-009
  -8.3269624188215985E-009  -2.2078526570477274E-010
         116   4.9578275401525042E-009  -1.1178748430622357E-009
  -2.3302177341199578E-009  -1.6574466513113454E-009
  -8.2488624855179079E-009   1.5220554866111829E-010
         117   5.1399846603888650E-009  -9.4135666954520762E-010
  -1.0323684246792416E-009  -2.3300042066581539E-009
  -8.3126725460111800E-009   6.0995187239527352E-010
         118   5.4369331498768166E-009  -9.1966928947167502E-010
   3.9016948309116275E-010  -3.0616393980391584E-009
  -8.5835828076314826E-009   1.2064569776175004E-009
         119   5.7944843593723560E-009  -1.0107263093509726E-009
   2.0776288157976993E-009  -3.9984581644493606E-009
  -9.1303326422900090E-009   2.0469488306663835E-009
         120   6.2175667627834302E-009  -1.2048478197003104E-009
   4.1419449223030630E-009  -5.3367778906493332E-009
  -1.0041394926205699E-008   3.3093360537189011E-009
         121   6.7265497249692475E-009  -1.5303011531073895E-009
   6.7080527102195946E-009  -7.3958037355648637E-009
  -1.1428251464005337E-008   5.3202364597978649E-009
         122   7.3411508722043222E-009  -2.0654565961288532E-009
   9.8826839059631236E-009  -1.0778938583737631E-008
  -1.3380009665038503E-008   8.7229202633846674E-009
         123   8.0450576226805566E-009  -2.9802239737208561E-009
   1.3523024862476756E-008  -1.6708918620220309E-008
  -1.5705102778134698E-008   1.4840325209009261E-008
         124   8.6336036268324825E-009  -4.6024856241764856E-009
   1.6160908684206813E-008  -2.7537658722021980E-008
  -1.6744667465277403E-008   2.6231813054215802E-008
         125   8.1976831471530519E-009  -7.2115952801809928E-009
   1.1289140748393525E-008  -4.5356995987561334E-008
  -9.2822333850235409E-009   4.5159416595416306E-008
         126   5.1971586901318729E-009  -9.1999170697599193E-009
  -1.2407547574352564E-008  -5.8883570882407619E-008
   1.9206568810404889E-008   5.9147061826163693E-008
         127   2.0878261380339133E-009  -7.6780232018167816E-009
  -3.8003523973810537E-008  -4.7037532370353652E-008
   5.0188109066840856E-008   4.4908020738526658E-008
         128   1.7933188597084077E-009  -5.3108558130577655E-009
  -4.4417361324138504E-008  -2.8161813198684446E-008
   6.0586559992726889E-008   2.2494217612340396E-008
         129   2.8259840329341033E-009  -4.0775171002780585E-009
  -4.2146787153129688E-008  -1.6260322554238987E-008
   6.2123634314055905E-008   7.0988787398127941E-009
         130   4.1674105211290734E-009  -3.7977075583845142E-009
  -3.8706071431112297E-008  -9.6192423585121388E-009
   6.3292188830390671E-008  -3.5333708975929504E-009
         131   5.5878829619940296E-009  -4.2531623613825319E-009
  -3.5872432306887611E-008  -5.6393002695726830E-009
   6.6324332001979905E-008  -1.2916701290292623E-008
         132   6.9706549574681473E-009  -5.4944255852952486E-009
  -3.3843321343120620E-008  -2.8960183809814187E-009
   7.1696407190775897E-008  -2.3831496167159477E-008
         133   7.9766427189279053E-009  -7.6151239764457613E-009
  -3.2493494171612386E-008  -5.8867634741028005E-010
   7.9167450317695391E-008  -3.9480118439772523E-008
         134   8.3975524346261789E-009  -1.0410485944518222E-008
  -3.1570847031304663E-008   1.8872186080401972E-009
   8.6635841097966270E-008  -6.4937720690097765E-008
         135   8.1263470167225687E-009  -1.4636038541960533E-008
  -3.0413615235979061E-008   5.1351520084928038E-009
   8.4583334811336389E-008  -1.0749423792921188E-007
         136   4.0323972138689421E-009  -2.0511833523613912E-008
  -2.7285571917039637E-008   8.9149169810780838E-009
   4.5427529642671280E-008  -1.6146650262105765E-007
         137  -5.4081542102193697E-009  -2.1629538863236702E-008
  -2.1691807021450264E-008   9.9031256509486113E-009
  -3.8111836031812491E-008  -1.7088826422609561E-007
         138  -1.1539332227134552E-008  -1.5687723978249824E-008
  -1.8138374082176202E-008   7.2110289284897705E-009
  -9.0859499738011353E-008  -1.2047420307782490E-007
