   262144.00000000000     
         256           1           3
   1.7567330116226543E-005   20.860845378598000        104.28469363400001     
   6.0401400154609997        12.000000000000000        1200.0000000000000     
           0   0.0000000000000000        0.0000000000000000     
   0.0000000000000000        0.0000000000000000     
   0.0000000000000000        0.0000000000000000     
           1  -7.3234999666462556E-009   1.8288138625718237E-010
  -2.3100961864236702E-007   9.9877699147404878E-008
   0.0000000000000000        0.0000000000000000     
           2  -7.2490533429665996E-009   2.0249708555781242E-010
  -6.4703096097063330E-008   3.1000516705750205E-007
   0.0000000000000000        0.0000000000000000     
           3  -7.2133763843750048E-009   1.9320616052264149E-010
   1.0719537218344459E-007   1.1209059522069068E-007
   0.0000000000000000        0.0000000000000000     
           4  -7.2141138689310507E-009   1.9370650253702192E-010
   6.6088100188315443E-008   3.5561815665281000E-008
   0.0000000000000000        0.0000000000000000     
           5  -7.2286077436014978E-009   1.9905576001685181E-010
   4.1012766872340567E-008   1.5569031931400405E-008
   0.0000000000000000        0.0000000000000000     
           6  -7.2547817539407027E-009   2.0597268931643904E-010
   2.7488191329282724E-008   8.2662813897671055E-009
   0.0000000000000000        0.0000000000000000     
           7  -7.2919244850897824E-009   2.1382249615601700E-010
   1.9528125708222698E-008   4.9502296449292621E-009
   0.0000000000000000        0.0000000000000000     
           8  -7.3396840017706621E-009   2.2245974754713328E-010
   1.4464371047523370E-008   3.2177475863464667E-009
   0.0000000000000000        0.0000000000000000     
           9  -7.3979478028310507E-009   2.3186952180699864E-010
   1.1043664722076796E-008   2.2205194974873263E-009
   0.0000000000000000        0.0000000000000000     
          10  -7.4667853464173453E-009   2.4208619176805743E-010
   8.6225713070717403E-009   1.6043642221565879E-009
   0.0000000000000000        0.0000000000000000     
          11  -7.5464118013326466E-009   2.5317001612679927E-010
   6.8442939198770758E-009   1.2025134521284005E-009
   0.0000000000000000        0.0000000000000000     
          12  -7.6371690661818441E-009   2.6519967527108138E-010
   5.4981632815690087E-009   9.2902844353267770E-010
   0.0000000000000000        0.0000000000000000     
          13  -7.7395167837722185E-009   2.7827027510519416E-010
   4.4532565709849089E-009   7.3639984024988710E-010
   0.0000000000000000        0.0000000000000000     
          14  -7.8540304836821917E-009   2.9249369439757766E-010
   3.6246963967394527E-009   5.9684135988909931E-010
   0.0000000000000000        0.0000000000000000     
          15  -7.9814050662681741E-009   3.0800022509794216E-010
   2.9554719806979726E-009   4.9333350077526197E-010
   0.0000000000000000        0.0000000000000000     
          16  -8.1224627224806135E-009   3.2494115827168186E-010
   2.4061193802798543E-009   4.1504126341818644E-010
   0.0000000000000000        0.0000000000000000     
          17  -8.2781649528425832E-009   3.4349225134391782E-010
   1.9486032923892910E-009   3.5483727140315596E-010
   0.0000000000000000        0.0000000000000000     
          18  -8.4496287492954236E-009   3.6385815555982811E-010
   1.5625521530070404E-009   3.0789945242060646E-010
   0.0000000000000000        0.0000000000000000     
          19  -8.6381473240852544E-009   3.8627798099638132E-010
   1.2328653310476478E-009   2.7088502100269358E-010
   0.0000000000000000        0.0000000000000000     
          20  -8.8452160684254955E-009   4.1103226850394414E-010
   9.4814877739800290E-010   2.4142696334911561E-010
   0.0000000000000000        0.0000000000000000     
          21  -9.0725647421549254E-009   4.3845174394042598E-010
   6.9966645735806874E-010   2.1781778141866194E-010
   0.0000000000000000        0.0000000000000000     
          22  -9.3221972708284077E-009   4.6892836580561530E-010
   4.8062171901691585E-010   1.9880554548489443E-010
   0.0000000000000000        0.0000000000000000     
          23  -9.5964409975855097E-009   5.0292936024530473E-010
   2.8565486049601656E-010   1.8345926161545452E-010
   0.0000000000000000        0.0000000000000000     
          24  -9.8980078524545563E-009   5.4101519049858026E-010
   1.1048545083606025E-010   1.7107812783161448E-010
   0.0000000000000000        0.0000000000000000     
          25  -1.0230070726231059E-008   5.8386276454967026E-010
  -4.8346539722286471E-011   1.6112922731646140E-010
   0.0000000000000000        0.0000000000000000     
          26  -1.0596359462120860E-008   6.3229569511979977E-010
  -1.9367097947628741E-010   1.5320403690415820E-010
   0.0000000000000000        0.0000000000000000     
          27  -1.1001282439508875E-008   6.8732416707607486E-010
  -3.2782939696271471E-010   1.4698762657665365E-010
   0.0000000000000000        0.0000000000000000     
          28  -1.1450081922140898E-008   7.5019805949100661E-010
  -4.5278216433882051E-010   1.4223657423778438E-010
   0.0000000000000000        0.0000000000000000     
          29  -1.1949034478949088E-008   8.2247860506494684E-010
  -5.7019059431869759E-010   1.3876296887440981E-010
   0.0000000000000000        0.0000000000000000     
          30  -1.2505712330343121E-008   9.0613636150224680E-010
  -6.8148067634594881E-010   1.3642273921432512E-010
   0.0000000000000000        0.0000000000000000     
          31  -1.3129328160865442E-008   1.0036871374486931E-009
  -7.8789326037904942E-010   1.3510710901126138E-010
   0.0000000000000000        0.0000000000000000     
          32  -1.3831195950012391E-008   1.1183836433012744E-009
  -8.9052417843893549E-010   1.3473635510130498E-010
   0.0000000000000000        0.0000000000000000     
          33  -1.4625355632370907E-008   1.2544905637748717E-009
  -9.9035687792493021E-010   1.3525529832108602E-010
   0.0000000000000000        0.0000000000000000     
          34  -1.5529433120708454E-008   1.4176872299467827E-009
  -1.0882894986095845E-009   1.3663013265655659E-010
   0.0000000000000000        0.0000000000000000     
          35  -1.6565844900267288E-008   1.6156701859037781E-009
  -1.1851578731774612E-009   1.3884632140584824E-010
   0.0000000000000000        0.0000000000000000     
          36  -1.7763517638697724E-008   1.8590773903537584E-009
  -1.2817556131617984E-009   1.4190737770670541E-010
   0.0000000000000000        0.0000000000000000     
          37  -1.9160394984679448E-008   2.1629457352680127E-009
  -1.3788522198192881E-009   1.4583441082255652E-010
   0.0000000000000000        0.0000000000000000     
          38  -2.0807180793384901E-008   2.5490836198998185E-009
  -1.4772100088870026E-009   1.5066636404789407E-010
   0.0000000000000000        0.0000000000000000     
          39  -2.2773068901480023E-008   3.0500757006174082E-009
  -1.5776005282687433E-009   1.5646089307721557E-010
   0.0000000000000000        0.0000000000000000     
          40  -2.5154779492609466E-008   3.7163331085917640E-009
  -1.6808210840412904E-009   1.6329582225698180E-010
   0.0000000000000000        0.0000000000000000     
          41  -2.8091250951513988E-008   4.6291303520597226E-009
  -1.7877119111409024E-009   1.7127102811673950E-010
   0.0000000000000000        0.0000000000000000     
          42  -3.1788317964963265E-008   5.9261565541081560E-009
  -1.8991744265840020E-009   1.8051031920944799E-010
   0.0000000000000000        0.0000000000000000     
          43  -3.6561414350015182E-008   7.8552051069618704E-009
  -2.0161907916150220E-009   1.9116206828044253E-010
   0.0000000000000000        0.0000000000000000     
          44  -4.2910535603456745E-008   1.0896901249314129E-008
  -2.1398446418103182E-009   2.0339494057990553E-010
   0.0000000000000000        0.0000000000000000     
          45  -5.1645418641716506E-008   1.6075394911806476E-008
  -2.2713428636842427E-009   2.1737736731973843E-010
   0.0000000000000000        0.0000000000000000     
          46  -6.4019028258933970E-008   2.5845272149118547E-008
  -2.4120449879381026E-009   2.3320244593711195E-010
   0.0000000000000000        0.0000000000000000     
          47  -8.1127577847394641E-008   4.6931102476976499E-008
  -2.5635801224714888E-009   2.5062050008873188E-010
   0.0000000000000000        0.0000000000000000     
          48  -9.5081034455110664E-008   9.8510069495095164E-008
  -2.7288083767084097E-009   2.6823993149664802E-010
   0.0000000000000000        0.0000000000000000     
          49  -3.4461678824780536E-008   1.8744819274693433E-007
  -2.9174399823923173E-009   2.8609237710755758E-010
   0.0000000000000000        0.0000000000000000     
          50   8.8459068813952003E-008   1.4300295942700105E-007
  -3.1311785120979874E-009   3.2239587069688886E-010
   0.0000000000000000        0.0000000000000000     
          51   9.4573044910639467E-008   6.5411739894422690E-008
  -3.3555929697535215E-009   3.6813997227051876E-010
   0.0000000000000000        0.0000000000000000     
          52   7.5684977037775845E-008   3.2875131445115768E-008
  -3.6046175867539813E-009   4.1703112166984313E-010
   0.0000000000000000        0.0000000000000000     
          53   6.0667347092559417E-008   1.9000825606910015E-008
  -3.8870036019685060E-009   4.7392747201958063E-010
   0.0000000000000000        0.0000000000000000     
          54   5.0153772497208612E-008   1.2161426946979843E-008
  -4.2103018747294276E-009   5.4300872141482942E-010
   0.0000000000000000        0.0000000000000000     
          55   4.2668225538448506E-008   8.3614487751059303E-009
  -4.5841484874505063E-009   6.2890953269021679E-010
   0.0000000000000000        0.0000000000000000     
          56   3.7154197597300579E-008   6.0523552443436622E-009
  -5.0214559858203257E-009   7.3789433578267860E-010
   0.0000000000000000        0.0000000000000000     
          57   3.2960496893075082E-008   4.5509090295517599E-009
  -5.5398319101820760E-009   8.7909881062652300E-010
   0.0000000000000000        0.0000000000000000     
          58   2.9683877640793488E-008   3.5219177787826935E-009
  -6.1637699748807781E-009   1.0664560115012284E-009
   0.0000000000000000        0.0000000000000000     
          59   2.7066584149583222E-008   2.7864762368156957E-009
  -6.9281638568474154E-009   1.3221127296049510E-009
   0.0000000000000000        0.0000000000000000     
          60   2.4937978996725286E-008   2.2424222025582952E-009
  -7.8840826381850455E-009   1.6829300184774934E-009
   0.0000000000000000        0.0000000000000000     
          61   2.3181355114370953E-008   1.8281147849425634E-009
  -9.1084688048781423E-009   2.2136966569034162E-009
   0.0000000000000000        0.0000000000000000     
          62   2.1714558335437697E-008   1.5046223202227776E-009
  -1.0720495262718642E-008   3.0360912442292683E-009
   0.0000000000000000        0.0000000000000000     
          63   2.0478296923982927E-008   1.2463847406575921E-009
  -1.2907500743786245E-008   4.3980888332420348E-009
   0.0000000000000000        0.0000000000000000     
          64   1.9428856386056754E-008   1.0360457229026586E-009
  -1.5951374873763291E-008   6.8583724531362773E-009
   0.0000000000000000        0.0000000000000000     
          65   1.8533421708614959E-008   8.6145078819582609E-010
  -2.0132804946554252E-008   1.1828200782166111E-008
   0.0000000000000000        0.0000000000000000     
          66   1.7766967224925512E-008   7.1381234366343458E-010
  -2.4455635650959369E-008   2.3124309398155660E-008
   0.0000000000000000        0.0000000000000000     
          67   1.7109999740513672E-008   5.8658273557988002E-010
  -1.7557596028587902E-008   4.6585572099879664E-008
   0.0000000000000000        0.0000000000000000     
          68   1.6547161315969687E-008   4.7544300388033278E-010
   1.9888328911187181E-008   5.2445223555899278E-008
   0.0000000000000000        0.0000000000000000     
          69   1.6067799487118802E-008   3.7682986349122168E-010
   3.4940032337300852E-008   2.6362840188460120E-008
   0.0000000000000000        0.0000000000000000     
          70   1.5662765804304497E-008   2.8665902463881621E-010
   3.1876408816277556E-008   1.0907419101242299E-008
   0.0000000000000000        0.0000000000000000     
          71   1.5324622999240134E-008   2.0183313243604758E-010
   2.8318428047837046E-008   2.7660875119306195E-009
   0.0000000000000000        0.0000000000000000     
          72   1.5047125465693800E-008   1.1861981048517023E-010
   2.5883603327533845E-008  -4.3352054645031427E-009
   0.0000000000000000        0.0000000000000000     
          73   1.4820813868491682E-008   3.3270370818581533E-011
   2.0524638541969740E-008  -1.3614697101695564E-008
   0.0000000000000000        0.0000000000000000     
          74   1.4635407697340480E-008  -4.3028346549525078E-011
   6.7952908300873612E-009  -1.6737606191247993E-008
   0.0000000000000000        0.0000000000000000     
          75   1.4510837481397162E-008  -1.0487417543700338E-010
  -3.4955344427245380E-010  -9.2922031407121903E-009
   0.0000000000000000        0.0000000000000000     
          76   1.4447380503676029E-008  -1.7237351961296859E-010
  -6.1351334448495485E-010  -4.3278399588888516E-009
   0.0000000000000000        0.0000000000000000     
          77   1.4437240911603400E-008  -2.4776525249623375E-010
   9.3235410358298561E-011  -2.1316439108044271E-009
   0.0000000000000000        0.0000000000000000     
          78   1.4480542835746993E-008  -3.3084867544134505E-010
   6.3147218619022543E-010  -1.1179947933141085E-009
   0.0000000000000000        0.0000000000000000     
          79   1.4580285256007134E-008  -4.2315467676886600E-010
   9.5015928398180185E-010  -6.0547048894738847E-010
   0.0000000000000000        0.0000000000000000     
          80   1.4741198648136083E-008  -5.2746868421180542E-010
   1.1163394809485891E-009  -3.2478886575725550E-010
   0.0000000000000000        0.0000000000000000     
          81   1.4969929776413340E-008  -6.4777773859018808E-010
   1.1851707367930517E-009  -1.6078753148307314E-010
   0.0000000000000000        0.0000000000000000     
          82   1.5275574858579684E-008  -7.8961766761851855E-010
   1.1922385147057170E-009  -5.9639178969704780E-011
   0.0000000000000000        0.0000000000000000     
          83   1.5670494809537187E-008  -9.6077938353058076E-010
   1.1595497007640106E-009   5.8259838835438613E-012
   0.0000000000000000        0.0000000000000000     
          84   1.6171512710989438E-008  -1.1725207304751250E-009
   1.1006935790967362E-009   5.0227315904138522E-011
   0.0000000000000000        0.0000000000000000     
          85   1.6801705849633956E-008  -1.4416434857533269E-009
   1.0241170154036309E-009   8.1864090259345832E-011
   0.0000000000000000        0.0000000000000000     
          86   1.7593106639469911E-008  -1.7941735379035063E-009
   9.3508704235064006E-010   1.0567163275542414E-010
   0.0000000000000000        0.0000000000000000     
          87   1.8590796576918841E-008  -2.2721889373316225E-009
   8.3686168303635657E-010   1.2471329368745118E-010
   0.0000000000000000        0.0000000000000000     
          88   1.9858964251922929E-008  -2.9471983949892817E-009
   7.3139545413386848E-010   1.4097621867622973E-010
   0.0000000000000000        0.0000000000000000     
          89   2.1488940835241649E-008  -3.9480421559918989E-009
   6.1976916101939206E-010   1.5582057384192048E-010
   0.0000000000000000        0.0000000000000000     
          90   2.3604967585301968E-008  -5.5231887641937988E-009
   5.0245285929994255E-010   1.7025475858292082E-010
   0.0000000000000000        0.0000000000000000     
          91   2.6339929690432159E-008  -8.1890234618948040E-009
   3.7946708518438794E-010   1.8513626263961552E-010
   0.0000000000000000        0.0000000000000000     
          92   2.9627506355686324E-008  -1.3087858168402068E-008
   2.5049593012093720E-010   2.0138537308478924E-010
   0.0000000000000000        0.0000000000000000     
          93   3.2014008669003656E-008  -2.2616871654247569E-008
   1.1507725419764395E-010   2.2035258501787807E-010
   0.0000000000000000        0.0000000000000000     
          94   2.6091306608061081E-008  -3.8357878657688790E-008
  -2.6498924271225338E-011   2.4454127021541850E-010
   0.0000000000000000        0.0000000000000000     
          95   3.3714257447518845E-009  -4.4444020763092628E-008
  -1.6892998767074673E-010   2.7674831092048149E-010
   0.0000000000000000        0.0000000000000000     
          96  -1.1212571067297302E-008  -2.9661470242631272E-008
  -3.0305999829783310E-010   3.0395978658158001E-010
   0.0000000000000000        0.0000000000000000     
          97  -1.0817396052088869E-008  -1.6623615653067749E-008
  -4.5332525723793935E-010   3.1307371185096827E-010
   0.0000000000000000        0.0000000000000000     
          98  -6.7629939701441678E-009  -9.9514675132899132E-009
  -6.2844293904977712E-010   3.2708800997412634E-010
   0.0000000000000000        0.0000000000000000     
          99  -2.7693467565143860E-009  -6.6805939087497337E-009
  -8.1868941151553752E-010   3.5024024573636955E-010
   0.0000000000000000        0.0000000000000000     
         100   7.9075744152377809E-010  -5.0450541087188184E-009
  -1.0227437007319910E-009   3.8011355523712586E-010
   0.0000000000000000        0.0000000000000000     
         101   4.1545824621862149E-009  -4.3117895469058349E-009
  -1.2423911353272518E-009   4.1575981419755620E-010
   0.0000000000000000        0.0000000000000000     
         102   7.6705456575568404E-009  -4.2307920374340287E-009
  -1.4801525492251558E-009   4.5721372192541585E-010
   0.0000000000000000        0.0000000000000000     
         103   1.1803351666319410E-008  -4.8620896012717170E-009
  -1.7389231620989928E-009   5.0496520862441759E-010
   0.0000000000000000        0.0000000000000000     
         104   1.7310677587161070E-008  -6.7138495864184609E-009
  -2.0219800875763499E-009   5.5973336020022100E-010
   0.0000000000000000        0.0000000000000000     
         105   2.5630292759672555E-008  -1.1627017040564414E-008
  -2.3330480427169139E-009   6.2233589153350852E-010
   0.0000000000000000        0.0000000000000000     
         106   3.8574529905874915E-008  -2.7480840389371770E-008
  -2.6763707367360230E-009   6.9353202501812478E-010
   0.0000000000000000        0.0000000000000000     
         107   2.7458690162345572E-008  -8.2108865878769946E-008
  -3.0567817177530843E-009   7.7371881587911648E-010
   0.0000000000000000        0.0000000000000000     
         108  -4.8315888186286240E-008  -5.5730124356046253E-008
  -3.4797991989439948E-009   8.6226255502969081E-010
   0.0000000000000000        0.0000000000000000     
         109  -3.9231773534444478E-008  -1.8564502576195229E-008
  -3.9518852649627967E-009   9.5596829971193873E-010
   0.0000000000000000        0.0000000000000000     
         110  -2.8340452113225249E-008  -8.4317762630182475E-009
  -4.4815229647461432E-009   1.0454870787294054E-009
   0.0000000000000000        0.0000000000000000     
         111  -2.1796326737518079E-008  -4.7411080356133884E-009
  -5.0840659245048945E-009   1.1068688740672132E-009
   0.0000000000000000        0.0000000000000000     
         112  -1.7630023850951339E-008  -3.0252118906619352E-009
  -5.8036786248701971E-009   1.0841854380466236E-009
   0.0000000000000000        0.0000000000000000     
         113  -1.4774288871980875E-008  -2.0890659629171661E-009
  -6.8037072811383351E-009   8.8527842892844925E-010
   0.0000000000000000        0.0000000000000000     
         114  -1.2700034905449094E-008  -1.5190579630885447E-009
  -8.5417240151489289E-009   6.3716410313758071E-010
   0.0000000000000000        0.0000000000000000     
         115  -1.1126741391823544E-008  -1.1452529052682656E-009
  -1.1064428218667455E-008   1.2474331296089938E-009
   0.0000000000000000        0.0000000000000000     
         116  -9.8967733965937991E-009  -8.8555076367532019E-010
  -1.3321124911113073E-008   2.7459491187403721E-009
   0.0000000000000000        0.0000000000000000     
         117  -8.9118840693986039E-009  -6.9445956901327687E-010
  -1.5435843343910173E-008   4.3667748397453870E-009
   0.0000000000000000        0.0000000000000000     
         118  -8.1079251346903219E-009  -5.4718272914194707E-010
  -1.7943361587717711E-008   6.1624238256727550E-009
   0.0000000000000000        0.0000000000000000     
         119  -7.4424434948903793E-009  -4.2900923257984040E-010
  -2.1146464440671133E-008   8.4737174232301677E-009
   0.0000000000000000        0.0000000000000000     
         120  -6.8864017764014605E-009  -3.3030720195947678E-010
  -2.5303400714746455E-008   1.1776428004240985E-008
   0.0000000000000000        0.0000000000000000     
         121  -6.4194686487761846E-009  -2.4424351227481074E-010
  -3.0710092024410263E-008   1.6862422259650480E-008
   0.0000000000000000        0.0000000000000000     
         122  -6.0273037305162405E-009  -1.6548380474990104E-010
  -3.7615631990110559E-008   2.5241263425269255E-008
   0.0000000000000000        0.0000000000000000     
         123  -5.6999165880368785E-009  -8.9291098543583210E-011
  -4.5637205965830909E-008   3.9981855976661311E-008
   0.0000000000000000        0.0000000000000000     
         124  -5.4306080293100514E-009  -1.0741929313074716E-011
  -5.1047271076351508E-008   6.6995431991900953E-008
   0.0000000000000000        0.0000000000000000     
         125  -5.2150760925767506E-009   7.5940562818875073E-011
  -3.7411306493068018E-008   1.1153297776401708E-007
   0.0000000000000000        0.0000000000000000     
         126  -5.0512736211192160E-009   1.7719754321403942E-010
   2.3838594130397055E-008   1.4512685616319938E-007
   0.0000000000000000        0.0000000000000000     
         127  -4.9428513370858592E-009   3.0267246348315550E-010
   9.0112512174378141E-008   1.1458925190730148E-007
   0.0000000000000000        0.0000000000000000     
         128  -4.8961519668434372E-009   4.7438759963139654E-010
   1.0834889638278730E-007   6.6058716808362900E-008
   0.0000000000000000        0.0000000000000000     
         129  -4.9142150253111015E-009   7.3026203836686641E-010
   1.0510391711596748E-007   3.4701124570806828E-008
   0.0000000000000000        0.0000000000000000     
         130  -4.9895847475149132E-009   1.1398826368594291E-009
   9.9456016254392627E-008   1.5976422251851353E-008
   0.0000000000000000        0.0000000000000000     
         131  -5.0594854493935782E-009   1.8344442922656876E-009
   9.6061995614120882E-008   2.9380610332127806E-009
   0.0000000000000000        0.0000000000000000     
         132  -4.8464058528423054E-009   2.9923728772072146E-009
   9.5601362646536410E-008  -8.7446047305155775E-009
   0.0000000000000000        0.0000000000000000     
         133  -3.6199861745229708E-009   4.3902130244268321E-009
   9.7747810356346716E-008  -2.2547142043834827E-008
   0.0000000000000000        0.0000000000000000     
         134  -1.3310495962964663E-009   4.5448451720438610E-009
   1.0074309808260357E-007  -4.2838856706635937E-008
   0.0000000000000000        0.0000000000000000     
         135   8.2193529924256168E-011   3.2309276955555667E-009
   9.7332169388837799E-008  -7.5292581654186468E-008
   0.0000000000000000        0.0000000000000000     
         136   3.3440577084921511E-010   2.0236911676700606E-009
   6.7144335021954015E-008  -1.1587132473290274E-007
   0.0000000000000000        0.0000000000000000     
         137   2.0384198407357689E-010   1.3042618490019416E-009
   4.7010189679848533E-009  -1.2365807668966729E-007
   0.0000000000000000        0.0000000000000000     
         138   2.4457455616503368E-011   9.0008810930626544E-010
  -3.4986468884932050E-008  -8.7401320894648546E-008
   0.0000000000000000        0.0000000000000000     
