   262144.00000000000     
         256           1           3
   1.7567330116226543E-005   14.463779801378999       -127.33399034630000     
   6.0401400154609997        12.000000000000000        1200.0000000000000     
           0   0.0000000000000000        0.0000000000000000     
   0.0000000000000000        0.0000000000000000     
   0.0000000000000000        0.0000000000000000     
           1  -1.5584058082226654E-007   7.0103065725757602E-008
  -1.6115609351804012E-007   7.0784621090097382E-008
   0.0000000000000000        0.0000000000000000     
           2  -3.8937110363969583E-008   2.1786623783874813E-007
  -4.3201813875822699E-008   2.1984423040206315E-007
   0.0000000000000000        0.0000000000000000     
           3   8.1925434853548047E-008   7.8683292247007398E-008
   7.8735399226234931E-008   7.9442694678769859E-008
   0.0000000000000000        0.0000000000000000     
           4   5.3013091157173249E-008   2.4862608377918559E-008
   4.9577698532607487E-008   2.5150539092991820E-008
   0.0000000000000000        0.0000000000000000     
           5   3.5385923773730361E-008   1.0798861983261087E-008
   3.1799789215679472E-008   1.0964064155819587E-008
   0.0000000000000000        0.0000000000000000     
           6   2.5890496743651711E-008   5.6585713688802431E-009
   2.2221893390879892E-008   5.7794213725395628E-009
   0.0000000000000000        0.0000000000000000     
           7   2.0316151924721826E-008   3.3213824461935670E-009
   1.6597045101183281E-008   3.4225427825960030E-009
   0.0000000000000000        0.0000000000000000     
           8   1.6786057913639046E-008   2.0973605864689602E-009
   1.3032309218582708E-008   2.1886474795299507E-009
   0.0000000000000000        0.0000000000000000     
           9   1.4418665140375327E-008   1.3899340487247816E-009
   1.0638635108678999E-008   1.4759146972532607E-009
   0.0000000000000000        0.0000000000000000     
          10   1.2761433702824058E-008   9.5000649847717645E-010
   8.9596786713348076E-009   1.0330504129095342E-009
   0.0000000000000000        0.0000000000000000     
          11   1.1563511416362628E-008   6.6026579476675939E-010
   7.7425136904240832E-009   7.4170217978098638E-010
   0.0000000000000000        0.0000000000000000     
          12   1.0676897983199450E-008   4.6023301697279868E-010
   6.8379456881731774E-009   5.4084948138933722E-010
   0.0000000000000000        0.0000000000000000     
          13   1.0009751369277276E-008   3.1644563865690606E-010
   6.1534187389149063E-009   3.9672453586839498E-010
   0.0000000000000000        0.0000000000000000     
          14   9.5026827246084451E-009   2.0930222286316868E-010
   5.6291092770225691E-009   2.8954094289175628E-010
   0.0000000000000000        0.0000000000000000     
          15   9.1159714856050535E-009   1.2676313994243442E-010
   5.2250341854752748E-009   2.0713854378033323E-010
   0.0000000000000000        0.0000000000000000     
          16   8.8223104752988228E-009   6.1126809479425262E-011
   4.9137365361999405E-009   1.4173076200951749E-010
   0.0000000000000000        0.0000000000000000     
          17   8.6025083930629290E-009   7.2861019395512194E-012
   4.6759543203315158E-009   8.8145012238350430E-011
   0.0000000000000000        0.0000000000000000     
          18   8.4428497253226240E-009  -3.8260071345599583E-011
   4.4979611503922011E-009   4.2824799321774840E-011
   0.0000000000000000        0.0000000000000000     
          19   8.3334221224956133E-009  -7.7990464372418842E-011
   4.3698832070689428E-009   3.2398976245846352E-012
   0.0000000000000000        0.0000000000000000     
          20   8.2670291956114097E-009  -1.1371911462835363E-010
   4.2846072883125804E-009  -3.2475632033607824E-011
   0.0000000000000000        0.0000000000000000     
          21   8.2384692982932896E-009  -1.4682216729315724E-010
   4.2370588667344832E-009  -6.5753793471062846E-011
   0.0000000000000000        0.0000000000000000     
          22   8.2440502513072295E-009  -1.7838686686564260E-010
   4.2237192745518846E-009  -9.7744899028270249E-011
   0.0000000000000000        0.0000000000000000     
          23   8.2812609220879395E-009  -2.0931329432675239E-010
   4.2423026031721662E-009  -1.2942268440190325E-010
   0.0000000000000000        0.0000000000000000     
          24   8.3485506245498304E-009  -2.4038719883800544E-010
   4.2915433196746096E-009  -1.6166098310796386E-010
   0.0000000000000000        0.0000000000000000     
          25   8.4451856500498866E-009  -2.7233543428013283E-010
   4.3710642500379110E-009  -1.9529381745080680E-010
   0.0000000000000000        0.0000000000000000     
          26   8.5711638859762764E-009  -3.0587166252111757E-010
   4.4813065260282569E-009  -2.3116697697414946E-010
   0.0000000000000000        0.0000000000000000     
          27   8.7271762603113292E-009  -3.4173789039377417E-010
   4.6235112240495164E-009  -2.7018718228861936E-010
   0.0000000000000000        0.0000000000000000     
          28   8.9146093587227729E-009  -3.8074643358680752E-010
   4.7997484813939296E-009  -3.1337415689173370E-010
   0.0000000000000000        0.0000000000000000     
          29   9.1355880794670637E-009  -4.2382675604612652E-010
   5.0129950077454992E-009  -3.6192109412177184E-010
   0.0000000000000000        0.0000000000000000     
          30   9.3930614162296706E-009  -4.7208225021610702E-010
   5.2672660067044276E-009  -4.1727010179794678E-010
   0.0000000000000000        0.0000000000000000     
          31   9.6909390974332265E-009  -5.2686352649363565E-010
   5.5678134332763162E-009  -4.8121145823779472E-010
   0.0000000000000000        0.0000000000000000     
          32   1.0034292658928924E-008  -5.8986752493265921E-010
   5.9214102610763701E-009  -5.5601944653196902E-010
   0.0000000000000000        0.0000000000000000     
          33   1.0429642668897801E-008  -6.6327645560935887E-010
   6.3367514671211937E-009  -6.4464415473602605E-010
   0.0000000000000000        0.0000000000000000     
          34   1.0885365925969736E-008  -7.4995853748783973E-010
   6.8250190403520277E-009  -7.5098979388503004E-010
   0.0000000000000000        0.0000000000000000     
          35   1.1412275265398047E-008  -8.5376621231617924E-010
   7.4006842755042032E-009  -8.8032925219060046E-010
   0.0000000000000000        0.0000000000000000     
          36   1.2024454885420705E-008  -9.7999169975896698E-010
   8.0826625006256400E-009  -1.0399383902413658E-009
   0.0000000000000000        0.0000000000000000     
          37   1.2740484475017386E-008  -1.1360838302324472E-009
   8.8960046608930750E-009  -1.2400950894559974E-009
   0.0000000000000000        0.0000000000000000     
          38   1.3585270296740659E-008  -1.3328134017964908E-009
   9.8744312631729428E-009  -1.4957043941004625E-009
   0.0000000000000000        0.0000000000000000     
          39   1.4592855304411472E-008  -1.5862388769196560E-009
   1.1064217122217150E-008  -1.8290404223164746E-009
   0.0000000000000000        0.0000000000000000     
          40   1.5810849454204967E-008  -1.9211653305672358E-009
   1.2530325479917826E-008  -2.2745717769155750E-009
   0.0000000000000000        0.0000000000000000     
          41   1.7307636374742502E-008  -2.3775389479641080E-009
   1.4366385964616648E-008  -2.8878814953119888E-009
   0.0000000000000000        0.0000000000000000     
          42   1.9184478099641129E-008  -3.0229776789042436E-009
   1.6711457044221555E-008  -3.7631431157642845E-009
   0.0000000000000000        0.0000000000000000     
          43   2.1596459667744052E-008  -3.9790987225849081E-009
   1.9779023574025049E-008  -5.0698271683918145E-009
   0.0000000000000000        0.0000000000000000     
          44   2.4789253386073659E-008  -5.4816961282262825E-009
   2.3907855194971442E-008  -7.1365668971197329E-009
   0.0000000000000000        0.0000000000000000     
          45   2.9160507845676835E-008  -8.0330790139830584E-009
   2.9646730647446644E-008  -1.0663347098721112E-008
   0.0000000000000000        0.0000000000000000     
          46   3.5325313656202252E-008  -1.2836931884818432E-008
   3.7843641716207682E-008  -1.7326781152460491E-008
   0.0000000000000000        0.0000000000000000     
          47   4.3822053082877867E-008  -2.3190556754436960E-008
   4.9230648670838732E-008  -3.1715896529194413E-008
   0.0000000000000000        0.0000000000000000     
          48   5.0783322402111828E-008  -4.8496838919327132E-008
   5.8383918590136075E-008  -6.6895918714583146E-008
   0.0000000000000000        0.0000000000000000     
          49   2.1194216746173069E-008  -9.2122547510090211E-008
   1.6568230041660270E-008  -1.2740369068852760E-007
   0.0000000000000000        0.0000000000000000     
          50  -3.8927008417915439E-008  -7.0352834061625738E-008
  -6.7499062297050022E-008  -9.6789347450883879E-008
   0.0000000000000000        0.0000000000000000     
          51  -4.1761495340378477E-008  -3.2334759775879332E-008
  -7.1846196576658445E-008  -4.3796463784539818E-008
   0.0000000000000000        0.0000000000000000     
          52  -3.2318931621121082E-008  -1.6410873730485462E-008
  -5.9263666478329537E-008  -2.1581107316434963E-008
   0.0000000000000000        0.0000000000000000     
          53  -2.4752729376105422E-008  -9.6418829722604075E-009
  -4.9398995969025610E-008  -1.2078351242094616E-008
   0.0000000000000000        0.0000000000000000     
          54  -1.9370074949537067E-008  -6.3280277642388648E-009
  -4.2667921435495121E-008  -7.3524405248753584E-009
   0.0000000000000000        0.0000000000000000     
          55  -1.5442918667481906E-008  -4.5118740739629390E-009
  -3.8064672290230418E-008  -4.6771273889461319E-009
   0.0000000000000000        0.0000000000000000     
          56  -1.2447730478088914E-008  -3.4362971230029678E-009
  -3.4877415857548264E-008  -2.9930078321693720E-009
   0.0000000000000000        0.0000000000000000     
          57  -1.0058109808897289E-008  -2.7692732859773866E-009
  -3.2676460800983606E-008  -1.8277771971126156E-009
   0.0000000000000000        0.0000000000000000     
          58  -8.0669936721689558E-009  -2.3507288311346240E-009
  -3.1207575235500151E-008  -9.4228135819795916E-010
   0.0000000000000000        0.0000000000000000     
          59  -6.3354578303705314E-009  -2.0993132843414504E-009
  -3.0324426449539593E-008  -1.9737311596091099E-010
   0.0000000000000000        0.0000000000000000     
          60  -4.7625828650142442E-009  -1.9748445991643350E-009
  -2.9953011921237325E-008   5.0503690553395089E-010
   0.0000000000000000        0.0000000000000000     
          61  -3.2667384606392340E-009  -1.9633657885848764E-009
  -3.0076270196894560E-008   1.2563026771912613E-009
   0.0000000000000000        0.0000000000000000     
          62  -1.7720761351500714E-009  -2.0743493103556447E-009
  -3.0733072250677605E-008   2.1741917014134007E-009
   0.0000000000000000        0.0000000000000000     
          63  -1.9644243577410742E-010  -2.3498875020309357E-009
  -3.2029577531381299E-008   3.4592788206659455E-009
   0.0000000000000000        0.0000000000000000     
          64   1.5597599190652245E-009  -2.8978319122131496E-009
  -3.4154413911720845E-008   5.5306642354710297E-009
   0.0000000000000000        0.0000000000000000     
          65   3.6034980343466550E-009  -3.9935486751851409E-009
  -3.7309795640373537E-008   9.4148859932598448E-009
   0.0000000000000000        0.0000000000000000     
          66   5.8274810137976656E-009  -6.3751068421028845E-009
  -4.0808034103066282E-008   1.7853435861240953E-008
   0.0000000000000000        0.0000000000000000     
          67   6.2510836835274354E-009  -1.1219018580056077E-008
  -3.6627942674640835E-008   3.5040944227436014E-008
   0.0000000000000000        0.0000000000000000     
          68   1.3361954965849892E-009  -1.3258942173460211E-008
  -1.1126142946810944E-008   3.9953004003472771E-008
   0.0000000000000000        0.0000000000000000     
          69   9.0631499151919789E-010  -9.9161912592486467E-009
  -1.9648607804713659E-009   2.2594697812078125E-008
   0.0000000000000000        0.0000000000000000     
          70   4.5550391957380894E-009  -9.5515504514234090E-009
  -6.2532988563060833E-009   1.3546951817906511E-008
   0.0000000000000000        0.0000000000000000     
          71   9.1627453757595902E-009  -1.2914016868096250E-008
  -1.1562937015832697E-008   1.1368957917259751E-008
   0.0000000000000000        0.0000000000000000     
          72   1.3156644076278998E-008  -2.2007767554583671E-008
  -1.5838704760407125E-008   1.3806413817672645E-008
   0.0000000000000000        0.0000000000000000     
          73   7.7749782469893924E-009  -3.9727518090571528E-008
  -1.5274486977346833E-008   2.0941217797329820E-008
   0.0000000000000000        0.0000000000000000     
          74  -1.9098393871003615E-008  -4.4983504092152031E-008
  -4.7460438010113688E-009   2.2744021831588776E-008
   0.0000000000000000        0.0000000000000000     
          75  -3.2137546039692811E-008  -2.6256693719966732E-008
  -4.1011687771438745E-010   1.4036035512585257E-008
   0.0000000000000000        0.0000000000000000     
          76  -2.9894887113321161E-008  -1.3606300011043919E-008
  -2.8463555469472973E-009   8.3009883436565254E-009
   0.0000000000000000        0.0000000000000000     
          77  -2.5915546710132061E-008  -7.6846129752717612E-009
  -6.0113668944708381E-009   5.7128998893456614E-009
   0.0000000000000000        0.0000000000000000     
          78  -2.2751774897162096E-008  -4.7167201422982928E-009
  -8.8307740836794955E-009   4.5347234381782532E-009
   0.0000000000000000        0.0000000000000000     
          79  -2.0440525884263948E-008  -3.0478731119461874E-009
  -1.1344891616126862E-008   4.0134279081476356E-009
   0.0000000000000000        0.0000000000000000     
          80  -1.8763731896205574E-008  -2.0048017428314970E-009
  -1.3701348081911993E-008   3.8490802480258642E-009
   0.0000000000000000        0.0000000000000000     
          81  -1.7548857191828215E-008  -1.2872100759408290E-009
  -1.6027502452420990E-008   3.9172732712164183E-009
   0.0000000000000000        0.0000000000000000     
          82  -1.6683482531247477E-008  -7.4551337078047641E-010
  -1.8429329452955595E-008   4.1692265664208481E-009
   0.0000000000000000        0.0000000000000000     
          83  -1.6098899011304593E-008  -2.9579920873849828E-010
  -2.1003957510390588E-008   4.5955582881073523E-009
   0.0000000000000000        0.0000000000000000     
          84  -1.5756899715855877E-008   1.1642535727611217E-010
  -2.3851726820758041E-008   5.2140360893395042E-009
   0.0000000000000000        0.0000000000000000     
          85  -1.5642274100861322E-008   5.3424618395588978E-010
  -2.7087830703845121E-008   6.0686097282451153E-009
   0.0000000000000000        0.0000000000000000     
          86  -1.5759825669801815E-008   1.0009691788783083E-009
  -3.0855622159499487E-008   7.2366622906162253E-009
   0.0000000000000000        0.0000000000000000     
          87  -1.6135060126228342E-008   1.5714342471460748E-009
  -3.5344317974871911E-008   8.8464014675715265E-009
   0.0000000000000000        0.0000000000000000     
          88  -1.6818295884987567E-008   2.3285862552390714E-009
  -4.0814767927916455E-008   1.1111752732685835E-008
   0.0000000000000000        0.0000000000000000     
          89  -1.7891697241891532E-008   3.4147943510360934E-009
  -4.7638208591794087E-008   1.4402622696859431E-008
   0.0000000000000000        0.0000000000000000     
          90  -1.9474341791233582E-008   5.0998540405695032E-009
  -5.6352260946426702E-008   1.9393688635404837E-008
   0.0000000000000000        0.0000000000000000     
          91  -2.1695092467127238E-008   7.9417810413210487E-009
  -6.7722615860017138E-008   2.7402033850353565E-008
   0.0000000000000000        0.0000000000000000     
          92  -2.4466750362490003E-008   1.3174610972049493E-008
  -8.2693968175508101E-008   4.1212281861776402E-008
   0.0000000000000000        0.0000000000000000     
          93  -2.6197232241804333E-008   2.3389039533975275E-008
  -1.0149241487345315E-007   6.7183763469399549E-008
   0.0000000000000000        0.0000000000000000     
          94  -1.8839454505746594E-008   4.0276867420760941E-008
  -1.1756678075100045E-007   1.1974752627472216E-007
   0.0000000000000000        0.0000000000000000     
          95   6.7422177326906998E-009   4.6588379825514477E-008
  -8.9223998831354193E-008   2.1443412775871339E-007
   0.0000000000000000        0.0000000000000000     
          96   2.3421597706831839E-008   3.0452964355133059E-008
   5.0345029901477814E-008   2.6043058507614367E-007
   0.0000000000000000        0.0000000000000000     
          97   2.4355146990633125E-008   1.6443322033676790E-008
   1.4399666655523650E-007   1.6824394011467696E-007
   0.0000000000000000        0.0000000000000000     
          98   2.1809777635129107E-008   9.0926823489610343E-009
   1.4275936177338947E-007   9.0123889068729684E-008
   0.0000000000000000        0.0000000000000000     
          99   1.9698735897302974E-008   5.1993568238526566E-009
   1.2282540977230097E-007   5.1276640468896721E-008
   0.0000000000000000        0.0000000000000000     
         100   1.8561090775321181E-008   2.8653273530723350E-009
   1.0522874411596096E-007   3.1744706825356894E-008
   0.0000000000000000        0.0000000000000000     
         101   1.8395075852323685E-008   1.2097745846780804E-009
   9.1916424206128899E-008   2.0990753082634056E-008
   0.0000000000000000        0.0000000000000000     
         102   1.9239703903653407E-008  -2.5323656544376151E-010
   8.2007300843954754E-008   1.4534586098296092E-008
   0.0000000000000000        0.0000000000000000     
         103   2.1327746867351831E-008  -1.9477973801563820E-009
   7.4558498030707874E-008   1.0368619602971350E-008
   0.0000000000000000        0.0000000000000000     
         104   2.5258579173897511E-008  -4.5781656528208327E-009
   6.8887574128127025E-008   7.5140956464857929E-009
   0.0000000000000000        0.0000000000000000     
         105   3.2364967495375041E-008  -1.0100928927525812E-008
   6.4530936675793104E-008   5.4546973864449981E-009
   0.0000000000000000        0.0000000000000000     
         106   4.4391748721180379E-008  -2.6471940339642134E-008
   6.1174845561901299E-008   3.8988610710837215E-009
   0.0000000000000000        0.0000000000000000     
         107   3.2614331952207307E-008  -8.1585121344881311E-008
   5.8604784569263373E-008   2.6720713702395539E-009
   0.0000000000000000        0.0000000000000000     
         108  -4.3583805512014200E-008  -5.5720444090425017E-008
   5.6672585403342529E-008   1.6646370704807807E-009
   0.0000000000000000        0.0000000000000000     
         109  -3.4684573668638870E-008  -1.9178729929208761E-008
   5.5275686327196814E-008   8.0517865892531685E-010
   0.0000000000000000        0.0000000000000000     
         110  -2.3727368756723674E-008  -9.9141885037727319E-009
   5.4344486766896295E-008   4.7489898294734884E-011
   0.0000000000000000        0.0000000000000000     
         111  -1.6876294989146030E-008  -7.5936585149320398E-009
   5.3836611204906375E-008  -6.3371495460469837E-010
   0.0000000000000000        0.0000000000000000     
         112  -1.2352606010811474E-008  -8.2670337908704007E-009
   5.3743692363215565E-008  -1.2389188881180027E-009
   0.0000000000000000        0.0000000000000000     
         113  -1.0125953274583447E-008  -1.1549120565668737E-008
   5.4137820534394602E-008  -1.7454785015916489E-009
   0.0000000000000000        0.0000000000000000     
         114  -1.2810482128216214E-008  -1.6215841260970838E-008
   5.5266021488566503E-008  -2.2509372987463454E-009
   0.0000000000000000        0.0000000000000000     
         115  -2.0005942870467320E-008  -1.5589324995536950E-008
   5.7163868976840726E-008  -3.2841523039132053E-009
   0.0000000000000000        0.0000000000000000     
         116  -2.3214551204454337E-008  -9.9241727067150825E-009
   5.9280679373180634E-008  -4.9011828127331591E-009
   0.0000000000000000        0.0000000000000000     
         117  -2.2708748998477198E-008  -5.5426154555482497E-009
   6.1727473492833087E-008  -6.7370833446099194E-009
   0.0000000000000000        0.0000000000000000     
         118  -2.1512519564834363E-008  -3.0057737100164247E-009
   6.4863303864000728E-008  -8.9021500298846979E-009
   0.0000000000000000        0.0000000000000000     
         119  -2.0552771442347795E-008  -1.4576125447243528E-009
   6.8950165069330793E-008  -1.1713049055094955E-008
   0.0000000000000000        0.0000000000000000     
         120  -1.9974691776760668E-008  -3.5624072070266233E-010
   7.4263590294705583E-008  -1.5651363124453954E-008
   0.0000000000000000        0.0000000000000000     
         121  -1.9768591618428971E-008   6.0321101268985671E-010
   8.1137396601989533E-008  -2.1551949051741521E-008
   0.0000000000000000        0.0000000000000000     
         122  -1.9905897772003007E-008   1.6517576506941435E-009
   8.9866143312814212E-008  -3.1018336598176158E-008
   0.0000000000000000        0.0000000000000000     
         123  -2.0324239270408149E-008   3.0705042941638510E-009
   1.0008940283051945E-007  -4.7306581742962148E-008
   0.0000000000000000        0.0000000000000000     
         124  -2.0742168546190596E-008   5.3052022160909179E-009
   1.0793899840457106E-007  -7.6677363346746832E-008
   0.0000000000000000        0.0000000000000000     
         125  -2.0021240850998810E-008   8.7272637128171543E-009
   9.6188582161026662E-008  -1.2471384020421974E-007
   0.0000000000000000        0.0000000000000000     
         126  -1.6254060157396943E-008   1.1376754145387755E-008
   3.4863747418282468E-008  -1.6153257266022026E-007
   0.0000000000000000        0.0000000000000000     
         127  -1.2463464967425280E-008   9.7117708668641829E-009
  -3.1075320463023567E-008  -1.3127067823640547E-007
   0.0000000000000000        0.0000000000000000     
         128  -1.2257512841971571E-008   7.0347648297311510E-009
  -4.5600862812081425E-008  -8.2686346820762288E-008
   0.0000000000000000        0.0000000000000000     
         129  -1.3818550644689956E-008   5.8103385567010182E-009
  -3.6431477751971777E-008  -5.3105949272530878E-008
   0.0000000000000000        0.0000000000000000     
         130  -1.5918622601231596E-008   5.8555286472537901E-009
  -2.3339355027723969E-008  -3.8274406514269151E-008
   0.0000000000000000        0.0000000000000000     
         131  -1.8321462057790021E-008   6.9666764416033366E-009
  -1.0849974952825741E-008  -3.1807292017719726E-008
   0.0000000000000000        0.0000000000000000     
         132  -2.0969638551902156E-008   9.3375129823158274E-009
   6.4094705109465622E-010  -3.0855686935887512E-008
   0.0000000000000000        0.0000000000000000     
         133  -2.3569976294913748E-008   1.3434770607722580E-008
   1.1223593710786858E-008  -3.4938585540331419E-008
   0.0000000000000000        0.0000000000000000     
         134  -2.5657093019122026E-008   1.9867074023758704E-008
   2.0235449332971381E-008  -4.5316400541862324E-008
   0.0000000000000000        0.0000000000000000     
         135  -2.5627031914957444E-008   3.0553348994938155E-008
   2.3510071337927592E-008  -6.5172807639393486E-008
   0.0000000000000000        0.0000000000000000     
         136  -1.6090839630839662E-008   4.4937761491302742E-008
   7.0269605893620062E-009  -9.1612354481531786E-008
   0.0000000000000000        0.0000000000000000     
         137   5.9498361794839135E-009   4.8087504602661984E-008
  -3.3045867451171290E-008  -9.5449251044696506E-008
   0.0000000000000000        0.0000000000000000     
         138   2.0451600653567375E-008   3.4807766461194135E-008
  -5.7585339923629827E-008  -6.8496084489143707E-008
   0.0000000000000000        0.0000000000000000     
