   262144.00000000000     
         256           1           3
   1.7567330116226543E-005  -9.2646085535570002        161.96561313430001     
   6.0401400154609997        12.000000000000000        1200.0000000000000     
           0   0.0000000000000000        0.0000000000000000     
   0.0000000000000000        0.0000000000000000     
   0.0000000000000000        0.0000000000000000     
           1   1.3580516894693169E-009  -1.4165734710695416E-009
  -6.1212076312565868E-009   2.5466142993531364E-009
  -4.8553449850720934E-008   2.0782622369255388E-008
           2  -1.0988595428267182E-009  -4.6862463186838781E-009
  -1.8164552623004386E-009   8.2404005191369773E-009
  -1.3373723828299079E-008   6.7327587007355836E-008
           3  -3.7825923769672508E-009  -1.7002142615380100E-009
   2.8649120754120245E-009   3.0453034340245186E-009
   2.4893400272051936E-008   2.4856254321743400E-008
           4  -3.1723267381512326E-009  -5.1229838748306966E-010
   1.8024654889028738E-009   9.8057003135785501E-010
   1.6210051691589713E-008   7.9752594567159003E-009
           5  -2.7968278612047308E-009  -1.9604924966976699E-010
   1.1414577559734838E-009   4.3349612165514734E-010
   1.0812190382689810E-008   3.5008586877296825E-009
           6  -2.5991720945840441E-009  -7.7671053242801158E-011
   7.8390610914964952E-010   2.3117036298109484E-010
   7.8983534904357912E-009   1.8445682610449455E-009
           7  -2.4895608215263755E-009  -2.1888396134294097E-011
   5.7401509708029546E-010   1.3812043604112370E-010
   6.1947215673645170E-009   1.0814053249955182E-009
           8  -2.4275095767111471E-009   8.9636332873066963E-012
   4.4154997349077540E-010   8.8799195004419665E-011
   5.1270584946684179E-009   6.7551016040437972E-010
           9  -2.3939325289778009E-009   2.8285872190697128E-011
   3.5336339053147870E-010   5.9904505298435292E-011
   4.4243933014615654E-009   4.3636943838602639E-010
          10  -2.3790480870374476E-009   4.1722685352500845E-011
   2.9239690185548341E-010   4.1642585938097400E-011
   3.9473354272065766E-009   2.8389601265397449E-010
          11  -2.3774834077031031E-009   5.1962654899902934E-011
   2.4918596918649489E-010   2.9371001435182661E-011
   3.6186176855448717E-009   1.8011074673061282E-010
          12  -2.3861360519531130E-009   6.0415438342377138E-011
   2.1815090261984811E-010   2.0679965082398769E-011
   3.3927700370803645E-009   1.0528196914755160E-010
          13  -2.4031612352403092E-009   6.7882310163010834E-011
   1.9583979666917330E-010   1.4225737604374849E-011
   3.2417542307369120E-009   4.8388013395921150E-011
          14  -2.4274577008334274E-009   7.4853739380865295E-011
   1.8003493931504529E-010   9.2135590861788856E-012
   3.1476594830795355E-009   2.8894734597884319E-012
          15  -2.4583916197474696E-009   8.1652993176557604E-011
   1.6927045112176955E-010   5.1489052158940705E-012
   3.0987615708623101E-009  -3.5305199423771174E-011
          16  -2.4956418116971346E-009   8.8510531500213115E-011
   1.6255865228814126E-010   1.7095443347886307E-012
   3.0872896609133676E-009  -6.8886785659573586E-011
          17  -2.5391105222304021E-009   9.5605118427024449E-011
   1.5922833206652659E-010  -1.3240848719914461E-012
   3.1081092923172285E-009  -9.9715890367693865E-011
          18  -2.5888716214176314E-009   1.0308806905380202E-010
   1.5882593737206148E-010  -4.1086717280510564E-012
   3.1579211635376761E-009  -1.2915006382345789E-010
          19  -2.6451413986479508E-009   1.1109864438734203E-010
   1.6105367708519743E-010  -6.7618401788735692E-012
   3.2347633395810608E-009  -1.5824061298709298E-010
          20  -2.7082639022655616E-009   1.1977475338495842E-010
   1.6573016376211901E-010  -9.3770488977739165E-012
   3.3376996320699537E-009  -1.8785713979656794E-010
          21  -2.7787064103685769E-009   1.2926126930756659E-010
   1.7276537296590734E-010  -1.2033394267654848E-011
   3.4666273647801604E-009  -2.1877109963052535E-010
          22  -2.8570626908863582E-009   1.3971735271162421E-010
   1.8214510449364407E-010  -1.4802462775474305E-011
   3.6221657045804622E-009  -2.5171613085083815E-010
          23  -2.9440629813475350E-009   1.5132372741969732E-010
   1.9392209129619382E-010  -1.7753506172326926E-011
   3.8056019515731900E-009  -2.8743583869486752E-010
          24  -3.0405904885794667E-009   1.6429066538620042E-010
   2.0821208547193428E-010  -2.0957746103246599E-011
   4.0188830940213696E-009  -3.2672600059025751E-010
          25  -3.1477048981034222E-009   1.7886740533549654E-010
   2.2519400799771387E-010  -2.4492369723782769E-011
   4.2646464426744333E-009  -3.7047629509211280E-010
          26  -3.2666740335663009E-009   1.9535382156429833E-010
   2.4511377607317917E-010  -2.8444663190140218E-011
   4.5462879052641102E-009  -4.1971591948174487E-010
          27  -3.3990155268742088E-009   2.1411537235456629E-010
   2.6829183652344130E-010  -3.2916702815507573E-011
   4.8680704570302803E-009  -4.7566753000324010E-010
          28  -3.5465512578210124E-009   2.3560272021675287E-010
   2.9513481502710675E-010  -3.8031068342352936E-011
   5.2352793343352778E-009  -5.3981473194809606E-010
          29  -3.7114785279930162E-009   2.6037798983695301E-010
   3.2615210340045570E-010  -4.3938162383596567E-011
   5.6544350695911800E-009  -6.1398996572158037E-010
          30  -3.8964636313108470E-009   2.8915052314545072E-010
   3.6197871714579785E-010  -5.0825936040911339E-011
   6.1335814222306000E-009  -7.0049237726078373E-010
          31  -4.1047659479559764E-009   3.2282639076437011E-010
   4.0340644660016682E-010  -5.8933178006810976E-011
   6.6826735120545117E-009  -8.0224969809706821E-010
          32  -4.3404043541340272E-009   3.6257814541993945E-010
   4.5142631861079049E-010  -6.8568105280092610E-011
   7.3141034785928785E-009  -9.2304530980013541E-010
          33  -4.6083833116417685E-009   4.0994491552634346E-010
   5.0728687162380841E-010  -8.0134944636748769E-011
   8.0434190746235605E-009  -1.0678433310908019E-009
          34  -4.9150045818446192E-009   4.6697893797463732E-010
   5.7257512610348851E-010  -9.4172781898346844E-011
   8.8903186078454189E-009  -1.2432639876400158E-009
          35  -5.2683047303130815E-009   5.3646488395246227E-010
   6.4933013147518732E-010  -1.1141365301387258E-010
   9.8800495236424025E-009  -1.4582946855541680E-009
          36  -5.6786794315746547E-009   6.2225631587522358E-010
   7.4020671810946769E-010  -1.3287166157530618E-010
   1.1045410970929106E-008  -1.7253805852586665E-009
          37  -6.1597952218363740E-009   7.2980644636690435E-010
   8.4871375695524108E-010  -1.5998351787011605E-010
   1.2429678450476523E-008  -2.0621445796248957E-009
          38  -6.7299505688499867E-009   8.6703226933263702E-010
   9.7957109699683073E-010  -1.9483736362022962E-010
   1.4090975512862644E-008  -2.4941872167099603E-009
          39  -7.4141617671407048E-009   1.0457734470557032E-009
   1.1392569878843614E-009  -2.4055907107468250E-010
   1.6108977163080972E-008  -3.0598129064384634E-009
          40  -8.2474521168049611E-009   1.2843609403610941E-009
   1.3368719089721997E-009  -3.0199232702619688E-010
   1.8595484240378204E-008  -3.8183494667751066E-009
          41  -9.2802020306267089E-009   1.6123672972609577E-009
   1.5855442611474214E-009  -3.8695613187431543E-010
   2.1711626393318164E-008  -4.8655297130112253E-009
          42  -1.0587137323011695E-008   2.0799174835073988E-009
   1.9047922906932775E-009  -5.0870894758862611E-010
   2.5696761633655427E-008  -6.3636302609509039E-009
          43  -1.2282884745186858E-008   2.7772542067800171E-009
   2.3246108297605015E-009  -6.9112498148061250E-010
   3.0918472360174931E-008  -8.6047785344857756E-009
          44  -1.4549281300099049E-008   3.8794628398635863E-009
   2.8926400651549097E-009  -9.8052166924991411E-010
   3.7960256357527154E-008  -1.2155599378877651E-008
          45  -1.7680978700957322E-008   5.7596965307812534E-009
   3.6861086142762285E-009  -1.4755856522544098E-009
   4.7767609208706959E-008  -1.8223191240082726E-008
          46  -2.2134060967024701E-008   9.3123903239510308E-009
   4.8244037506233190E-009  -2.4127391479188246E-009
   6.1801784493021864E-008  -2.9699087944999400E-008
          47  -2.8307323327659803E-008   1.6988051212083414E-008
   6.4104950426348357E-009  -4.4391553799168579E-009
   8.1323518326160855E-008  -5.4497990850167723E-008
          48  -3.3324378014642125E-008   3.5775030891590233E-008
   7.6790076631479784E-009  -9.3974164449771286E-009
   9.6974834891679352E-008  -1.1515339584791614E-007
          49  -1.1157820008241934E-008   6.8173757716879457E-008
   1.7559598635092238E-009  -1.7926880563660282E-008
   2.4695867226196442E-008  -2.1948468999398974E-007
          50   3.3717478399436786E-008   5.1961152483216395E-008
  -1.0128623115614836E-008  -1.3603466988142767E-008
  -1.2046863516870587E-007  -1.6664222726005417E-007
          51   3.6032908238328595E-008   2.3669992814393201E-008
  -1.0773045704506777E-008  -6.1235687257884803E-009
  -1.2815528771149368E-007  -7.5204576240482158E-008
          52   2.9247440134599321E-008   1.1796339984409638E-008
  -9.0343756916449223E-009  -2.9835179946737946E-009
  -1.0667310384413635E-007  -3.6846089075475794E-008
          53   2.3883811528292332E-008   6.7211003041968671E-009
  -7.6844139930469803E-009  -1.6349596160517069E-009
  -8.9913033536128438E-008  -2.0404926180870912E-008
          54   2.0174355065972071E-008   4.2064227674042760E-009
  -6.7828627716605188E-009  -9.5818876894139935E-010
  -7.8598066923312381E-008  -1.2191048903171442E-008
          55   1.7583091531953203E-008   2.7956494420817000E-009
  -6.1893281885611894E-009  -5.6807543966158616E-010
  -7.1001997016721296E-008  -7.4987457004194152E-009
          56   1.5727392761191811E-008   1.9236895805927802E-009
  -5.8053801435642305E-009  -3.1429839986628217E-010
  -6.5908622212347444E-008  -4.4956201264134352E-009
          57   1.4372873646903308E-008   1.3405807024189666E-009
  -5.5730940858441512E-009  -1.2889786099208772E-010
  -6.2592513533343629E-008  -2.3593770899928431E-009
          58   1.3376159162035379E-008   9.2294001497903747E-010
  -5.4603360855826954E-009   2.3923405658416239E-011
  -6.0636870717744426E-008  -6.6579860912049176E-010
          59   1.2647701834378641E-008   6.0403252779111047E-010
  -5.4517670228436663E-009   1.6708407124912688E-010
  -5.9819995701307054E-008   8.4369873761087943E-010
          60   1.2130699587913761E-008   3.4475496343860417E-010
  -5.5447018271475113E-009   3.1990577654847645E-010
  -6.0058866453330272E-008   2.3690831402055815E-009
          61   1.1789218750235161E-008   1.2050674540751806E-010
  -5.7484109146978521E-009   5.0492382915944713E-010
  -6.1390847012059272E-008   4.1217623541548546E-009
          62   1.1601360970168501E-008  -8.4896002564972570E-011
  -6.0864662982267122E-009   7.5688467323989285E-010
  -6.3985881618257732E-008   6.4055224291782969E-009
          63   1.1555264472211507E-008  -2.8114766273633200E-010
  -6.6023136364784351E-009   1.1410684434892990E-009
  -6.8188357540179869E-008   9.7707001213702630E-009
          64   1.1647272446795380E-008  -4.6834593598044449E-010
  -7.3655838324854416E-009   1.8000181251815955E-009
  -7.4567195820880568E-008   1.5399495767490409E-008
          65   1.1886406831258909E-008  -6.2110735433667616E-010
  -8.4486720234155969E-009   3.0896250305977813E-009
  -8.3724643307382928E-008   2.6221949278291687E-008
          66   1.2344469424441996E-008  -6.3635771074281449E-010
  -9.6101465207305342E-009   5.9692034756161936E-009
  -9.3710259029139465E-008   5.0109854162438304E-008
          67   1.3503554963221608E-008  -3.5258981582901465E-010
  -8.0252722298047665E-009   1.1917288899331877E-008
  -8.1472540751867581E-008   9.9197599532272487E-008
          68   1.6212454237716166E-008  -9.8742415992490731E-010
   1.1544174554667991E-009   1.3535918476364105E-008
  -7.4410271362910032E-009   1.1309175769093519E-007
          69   1.8654880520424261E-008  -3.3663063157425149E-009
   4.7077652625503014E-009   7.2132341539448632E-009
   2.0201381697290687E-008   6.2430976529609961E-008
          70   2.1158209290960165E-008  -6.4162355993597300E-009
   3.6340041195199253E-009   3.6428845957857310E-009
   9.4870396686000737E-009   3.4992456758677160E-008
          71   2.4497072913955089E-008  -1.1496823471674504E-008
   2.3253956602313512E-009   2.1568255458053176E-009
  -3.7448579049691080E-009   2.6164744755625755E-008
          72   2.7517835435613519E-008  -2.1888188129696445E-008
   1.3310875992674721E-009   1.5287187466848862E-009
  -1.4155476122490433E-008   2.7976570963472477E-008
          73   2.0882455808474380E-008  -4.1094644474523941E-008
   6.7026122410654133E-010   1.3186084954458279E-009
  -1.5339757024153134E-008   3.9042597509923219E-008
          74  -8.3245907982961390E-009  -4.6939336456402411E-008
   3.6713182909777905E-010   1.1536016697716812E-009
   1.3101026323606657E-009   4.1397709665719650E-008
          75  -2.2729362380905847E-008  -2.7292630368769716E-008
   3.6784998395012325E-011   8.5625572767617545E-010
   7.6076520962758370E-009   2.5817876209634494E-008
          76  -2.0834638888958519E-008  -1.4038271622832761E-008
  -3.6807889265968098E-010   6.6802407358551908E-010
   2.4313331970762688E-009   1.5551717073122080E-008
          77  -1.7014063373818036E-008  -7.8860104653120688E-009
  -7.4757199694104851E-010   5.7517693298836486E-010
  -3.8213687938213678E-009   1.0838107218912406E-008
          78  -1.3985967198899760E-008  -4.8477343711991811E-009
  -1.0962011908082753E-009   5.3302561319680373E-010
  -9.3391121337788479E-009   8.6318103163955402E-009
          79  -1.1798430778690492E-008  -3.1779643844710793E-009
  -1.4271004657029100E-009   5.2128171013335976E-010
  -1.4226456849611123E-008   7.6072790361611463E-009
          80  -1.0225496791416133E-008  -2.1692850180936426E-009
  -1.7532775401333928E-009   5.3146745445904121E-010
  -1.8763850587945219E-008   7.2321105761654792E-009
          81  -9.0863457609085482E-009  -1.5087812420152260E-009
  -2.0862167649806467E-009   5.6043300037194540E-010
  -2.3190062309453721E-008   7.2827364968201111E-009
          82  -8.2610122220177985E-009  -1.0433981870312049E-009
  -2.4367599130488037E-009   6.0799728711979257E-010
  -2.7702488973804413E-008   7.6695497015010158E-009
          83  -7.6728812388550644E-009  -6.9066225699126908E-010
  -2.8161548535062668E-009   6.7621468143259363E-010
  -3.2480357134742846E-008   8.3731679632523563E-009
          84  -7.2741786189217691E-009  -4.0130300528857457E-010
  -3.2371314473524252E-009   7.6942561995864782E-010
  -3.7706660715662120E-008   9.4227085507750550E-009
          85  -7.0370214962913653E-009  -1.4172825898638613E-010
  -3.7151516783169219E-009   8.9490785301704678E-010
  -4.3589130573825391E-008   1.0893917761538990E-008
          86  -6.9485859133542836E-009   1.1565931878057442E-010
  -4.2700599478458443E-009   1.0642796176845328E-009
  -5.0383997420232982E-008   1.2921808359579750E-008
          87  -7.0091829217346988E-009   3.9964004368735657E-010
  -4.9284555752843818E-009   1.2961569936425767E-009
  -5.8427393243903098E-008   1.5731196361444989E-008
          88  -7.2326022510617574E-009   7.4836121089629745E-010
  -5.7272678400466233E-009   1.6212056101956695E-009
  -6.8180874969918105E-008   1.9698109428521254E-008
          89  -7.6482122135366766E-009   1.2230016066786043E-009
  -6.7192101778323748E-009   2.0921595693417866E-009
  -8.0299727865311852E-008   2.5473566603184024E-008
          90  -8.3026431316793055E-009   1.9362534814851941E-009
  -7.9807174991287469E-009   2.8049298044956444E-009
  -9.5731469232634799E-008   3.4245839913626670E-008
          91  -9.2485007789864298E-009   3.1189890398089768E-009
  -9.6207939900811824E-009   3.9463944684323322E-009
  -1.1582379632862323E-007   4.8335805759526189E-008
          92  -1.0451123396048227E-008   5.2808012876635051E-009
  -1.1774677947603895E-008   5.9110871556185693E-009
  -1.4223484238339918E-007   7.2652037098655935E-008
          93  -1.1254754412072114E-008   9.4912085347329887E-009
  -1.4480012543433904E-008   9.6000907443283666E-009
  -1.7533579233728234E-007   1.1840229273990044E-007
          94  -8.3332545786877471E-009   1.6434244451970493E-008
  -1.6829021152169917E-008   1.7073344288191354E-008
  -2.0348619092618532E-007   2.1095272292252737E-007
          95   2.0039102242420118E-009   1.8920408615394868E-008
  -1.2883505801255754E-008   3.0626174645329278E-008
  -1.5331429029660527E-007   3.7725476055566476E-007
          96   8.3772023131839151E-009   1.2317542350480925E-008
   7.0490346451323401E-009   3.7283053300178687E-008
   9.1929967928922242E-008   4.5762458874232947E-007
          97   8.4485365692437601E-009   6.8835030801712071E-009
   2.0448458948978020E-008   2.4108489400314087E-008
   2.5622105300355638E-007   2.9551430222752831E-007
          98   7.2163611212396895E-009   4.0627859223627990E-009
   2.0245921642862146E-008   1.2933039265541290E-008
   2.5392060313280349E-007   1.5826748390434765E-007
          99   6.0689517113559903E-009   2.5823581716572188E-009
   1.7360673252223261E-008   7.3812995614919851E-009
   2.1884096637255620E-007   9.0019953864135068E-008
         100   5.1815912898067212E-009   1.7437623536832065E-009
   1.4807140250543038E-008   4.5952464595947069E-009
   1.8789511129368372E-007   5.5698481900506658E-008
         101   4.5175621657424313E-009   1.2303726382805150E-009
   1.2863747473666347E-008   3.0660704056189681E-009
   1.6449256577017625E-007   3.6793211120047619E-008
         102   4.0215512811354154E-009   8.9329744742754669E-010
   1.1403674985111291E-008   2.1526870943686390E-009
   1.4708238331658513E-007   2.5434378021190123E-008
         103   3.6505817691665964E-009   6.5708697766393187E-010
   1.0291223108264215E-008   1.5681425445581346E-009
   1.3400773386784574E-007   1.8094896435023599E-008
         104   3.3750640527515408E-009   4.8015628814364658E-010
   9.4278818975994843E-009   1.1728372150584461E-009
   1.2407055276131956E-007   1.3054281150604940E-008
         105   3.1756635090444731E-009   3.3720831406426166E-010
   8.7463046910783299E-009   8.9347318986304935E-010
   1.1645822784561210E-007   9.4035999621863392E-009
         106   3.0406342152995406E-009   2.1058836211854914E-010
   8.2003553613100080E-009   6.8910727195498311E-010
   1.1062249003427335E-007   6.6275428036440579E-009
         107   2.9641724342999677E-009   8.5169725683342452E-011
   7.7577719716358717E-009   5.3586902978327935E-010
   1.0619078052951244E-007   4.4143887820491795E-009
         108   2.9455893287441422E-009  -5.5937950288317158E-011
   7.3953505918238890E-009   4.1973012574252426E-010
   1.0290894213440494E-007   2.5625888074235646E-009
         109   2.9887873172350740E-009  -2.3708929586188727E-010
   7.0958646339908326E-009   3.3318893927371107E-010
   1.0060515734331286E-007   9.3069159978958170E-010
         110   3.1003320641820910E-009  -5.0068866918551167E-010
   6.8462752878538608E-009   2.7440071254043644E-010
   9.9166874409348428E-008  -5.9340903912418622E-010
         111   3.2788117743667907E-009  -9.2978353337737449E-010
   6.6377228268466553E-009   2.4878737201264339E-010
   9.8523188935808282E-008  -2.1171998676736022E-009
         112   3.4628510963947985E-009  -1.6925112455754531E-009
   6.4711606627012909E-009   2.7401188886778750E-010
   9.8617596417305956E-008  -3.7714907410306552E-009
         113   3.3132360619183483E-009  -3.0527876917475832E-009
   6.3843835765213329E-009   3.8131224938035445E-010
   9.9322226536124111E-008  -5.7244177152994057E-009
         114   1.8001912570369086E-009  -4.7435449599654244E-009
   6.5053373858641933E-009   5.3660308069033718E-010
   1.0027802958987964E-007  -7.9561523964652099E-009
         115  -1.0380021993095776E-009  -4.6310639633209033E-009
   6.8318470725107464E-009   4.6707875792061452E-010
   1.0155259158054130E-007  -9.7541202445620835E-009
         116  -2.4714707725345660E-009  -2.8227291624172805E-009
   7.0167729964088240E-009   1.7819618740297915E-010
   1.0428609486496618E-007  -1.1266161594324370E-008
         117  -2.6247753810704468E-009  -1.3998070754749006E-009
   7.0716376728163750E-009  -6.8437408716260812E-011
   1.0861067875377994E-007  -1.3459445767919826E-008
         118  -2.5141786813620232E-009  -5.4714291485295696E-010
   7.1262749769960596E-009  -2.5033024717651920E-010
   1.1438435083957403E-007  -1.6690388890805536E-008
         119  -2.4641958864659514E-009   2.2598852352176638E-011
   7.2251695501770237E-009  -4.0759945046215470E-010
   1.2182331254995452E-007  -2.1309951341236680E-008
         120  -2.5417419811209882E-009   5.0441788684527440E-010
   7.3814897545192366E-009  -5.7159810631458656E-010
   1.3137015998879578E-007  -2.8035123421294410E-008
         121  -2.7626007100354075E-009   1.0343186231455514E-009
   7.6033965401198406E-009  -7.7098951117649209E-010
   1.4361295918585318E-007  -3.8265212682111642E-008
         122  -3.1310232970424472E-009   1.7616823636374842E-009
   7.8980898036755335E-009  -1.0457806452055614E-009
   1.5907735933445733E-007  -5.4774675790944409E-008
         123  -3.6043714770864792E-009   2.9311884780604818E-009
   8.2604641708214040E-009  -1.4683919167008660E-009
   1.7714268100405554E-007  -8.3241681950669089E-008
         124  -3.8931995958997356E-009   4.9819791324083395E-009
   8.6147487379219337E-009  -2.1730202664417670E-009
   1.9105327052326078E-007  -1.3460385188710435E-007
         125  -2.7802130488420691E-009   8.2803342521174022E-009
   8.6119443223314315E-009  -3.2808318927944073E-009
   1.7069851823332982E-007  -2.1861450380220420E-007
         126   1.7850141237444834E-009   1.0699824033638734E-008
   7.6430075244795633E-009  -4.1844623687099352E-009
   6.3690729395807810E-008  -2.8301905679996747E-007
         127   6.5956743776813572E-009   8.4164723900032368E-009
   6.6457866302733573E-009  -3.7453864428410204E-009
  -5.1339814067024985E-008  -2.3016719728384100E-007
         128   7.8357394262097416E-009   4.9052982941152021E-009
   6.7899524044401306E-009  -2.9867400434379625E-009
  -7.6442495672106588E-008  -1.4532437325955338E-007
         129   7.5065506380554843E-009   2.7130347927961403E-009
   7.5254817411380784E-009  -2.7073029940092690E-009
  -6.0073806346276185E-008  -9.3745491295139992E-008
         130   6.9986874337319034E-009   1.4965363745663772E-009
   8.4721684650034264E-009  -2.8702921777204087E-009
  -3.6773190206910875E-008  -6.7989550021498355E-008
         131   6.6516913626025497E-009   7.7555260348907292E-010
   9.5661331033118067E-009  -3.4347124668883414E-009
  -1.4387347427022000E-008  -5.6896092987633539E-008
         132   6.5587467736794766E-009   2.8604663172868774E-010
   1.0809568699445688E-008  -4.5044699331397052E-009
   6.5712103968832031E-009  -5.5524578164317920E-008
         133   6.8327006191837440E-009  -2.2685604953502416E-010
   1.2134343006938798E-008  -6.3356601211064435E-009
   2.6646677920270288E-008  -6.3421162133656851E-008
         134   7.3920917398202203E-009  -1.2797855516214494E-009
   1.3300570020271169E-008  -9.3737508742011897E-009
   4.4494638449326890E-008  -8.4113350347930542E-008
         135   7.5153271635015057E-009  -3.2296823548548238E-009
   1.3307481804800095E-008  -1.4472003175342422E-008
   5.0729719438003911E-008  -1.2404960372023573E-007
         136   6.0922258448960699E-009  -5.6304885922526719E-009
   8.7662458323666967E-009  -2.1036265603846230E-008
   1.7712908705983993E-008  -1.7661580686555524E-007
         137   2.8922267614106284E-009  -6.3291630581168701E-009
  -1.2803993048603820E-009  -2.2127639626183131E-008
  -6.1493354899084148E-008  -1.8450229091609526E-007
         138   7.7160045448447743E-010  -4.6621506418142669E-009
  -7.5002614698603955E-009  -1.5824941111406123E-008
  -1.1014915074149643E-007  -1.3198719069297177E-007
