   262144.00000000000     
         256           1           3
   1.7567330116226543E-005   4.4367741432200001        174.97364918450000     
   6.0401400154609997        12.000000000000000        1200.0000000000000     
           0   0.0000000000000000        0.0000000000000000     
   0.0000000000000000        0.0000000000000000     
   0.0000000000000000        0.0000000000000000     
           1   0.0000000000000000        0.0000000000000000     
   1.9366670898368057E-009   1.9282853044176808E-009
  -2.7909187811365541E-009  -3.0109274884821987E-009
           2   0.0000000000000000        0.0000000000000000     
   1.8587315593491941E-009   4.1721940300419048E-010
  -2.6710578255441279E-009  -6.5579228841349533E-010
           3   0.0000000000000000        0.0000000000000000     
   1.6204087976768691E-009   1.1874293189346830E-010
  -2.2999191179593432E-009  -1.9081439590582499E-010
           4   0.0000000000000000        0.0000000000000000     
   1.5075921648929860E-009   3.2356088611134409E-011
  -2.1236769070143312E-009  -5.6460206135893361E-011
           5   0.0000000000000000        0.0000000000000000     
   1.4529186890332394E-009  -1.5376516525643501E-012
  -2.0374925052476062E-009  -3.9576919382858282E-012
           6   0.0000000000000000        0.0000000000000000     
   1.4264886552214563E-009  -1.8121746334156492E-011
  -1.9948254460489131E-009   2.1534409918881055E-011
           7   0.0000000000000000        0.0000000000000000     
   1.4157091293270877E-009  -2.7820498588359208E-011
  -1.9760738096386991E-009   3.6262910743702300E-011
           8   0.0000000000000000        0.0000000000000000     
   1.4147806075445019E-009  -3.4431117147743708E-011
  -1.9722055107749597E-009   4.6143850386271427E-011
           9   0.0000000000000000        0.0000000000000000     
   1.4208057199311409E-009  -3.9562728226058175E-011
  -1.9787002423273000E-009   5.3681920436642213E-011
          10   0.0000000000000000        0.0000000000000000     
   1.4322536795913028E-009  -4.3983680981212478E-011
  -1.9931592517992778E-009   6.0070585893438633E-011
          11   0.0000000000000000        0.0000000000000000     
   1.4482971796456316E-009  -4.8100829918504668E-011
  -2.0142732274910032E-009   6.5939117870682165E-011
          12   0.0000000000000000        0.0000000000000000     
   1.4685021308070597E-009  -5.2152190159192408E-011
  -2.0413392610117588E-009   7.1652805701622793E-011
          13   0.0000000000000000        0.0000000000000000     
   1.4926727869895107E-009  -5.6292394430205650E-011
  -2.0740194906298131E-009   7.7446038160739923E-011
          14   0.0000000000000000        0.0000000000000000     
   1.5207707184059897E-009  -6.0633941229501386E-011
  -2.1122144951034000E-009   8.3486437273480676E-011
          15   0.0000000000000000        0.0000000000000000     
   1.5528713935527807E-009  -6.5268756283306055E-011
  -2.1559950239143268E-009   8.9908263116729895E-011
          16   0.0000000000000000        0.0000000000000000     
   1.5891412466196796E-009  -7.0280471948412703E-011
  -2.2055653940165783E-009   9.6831298893776784E-011
          17   0.0000000000000000        0.0000000000000000     
   1.6298267456258771E-009  -7.5752186729636184E-011
  -2.2612453170143028E-009   1.0437262655338662E-010
          18   0.0000000000000000        0.0000000000000000     
   1.6752511365221366E-009  -8.1772052084907739E-011
  -2.3234633808662809E-009   1.1265493418528061E-010
          19   0.0000000000000000        0.0000000000000000     
   1.7258166747918761E-009  -8.8437947078500698E-011
  -2.3927587176429402E-009   1.2181329655185833E-010
          20   0.0000000000000000        0.0000000000000000     
   1.7820113388393530E-009  -9.5862002844710636E-011
  -2.4697892076915039E-009   1.3200158461999342E-010
          21   0.0000000000000000        0.0000000000000000     
   1.8444197459891344E-009  -1.0417552241547512E-010
  -2.5553456727243125E-009   1.4339931111185088E-010
          22   0.0000000000000000        0.0000000000000000     
   1.9137385110012304E-009  -1.1353477709077727E-010
  -2.6503722800625783E-009   1.5621960252600833E-010
          23   0.0000000000000000        0.0000000000000000     
   1.9907967356949171E-009  -1.2412819534062994E-010
  -2.7559940266546435E-009   1.7071901916138618E-010
          24   0.0000000000000000        0.0000000000000000     
   2.0765827886444091E-009  -1.3618558002417009E-010
  -2.8735528317002344E-009   1.8721009782339155E-010
          25   0.0000000000000000        0.0000000000000000     
   2.1722791028779284E-009  -1.4999020517879194E-010
  -3.0046545513596725E-009   2.0607777836609716E-010
          26   0.0000000000000000        0.0000000000000000     
   2.2793074740604954E-009  -1.6589498843599831E-010
  -3.1512302596675259E-009   2.2780133892027869E-010
          27   0.0000000000000000        0.0000000000000000     
   2.3993883964305724E-009  -1.8434447273576718E-010
  -3.3156165736379523E-009   2.5298419060454980E-010
          28   0.0000000000000000        0.0000000000000000     
   2.5346194995562217E-009  -2.0590519134408631E-010
  -3.5006618700945542E-009   2.8239501899666939E-010
          29   0.0000000000000000        0.0000000000000000     
   2.6875804152180881E-009  -2.3130832210817274E-010
  -3.7098683161780059E-009   3.1702556215699873E-010
          30   0.0000000000000000        0.0000000000000000     
   2.8614748099468278E-009  -2.6151068874127014E-010
  -3.9475842228310094E-009   3.5817322704354609E-010
          31   0.0000000000000000        0.0000000000000000     
   3.0603256993293461E-009  -2.9778372883288879E-010
  -4.2192685935975509E-009   4.0756156974852960E-010
          32   0.0000000000000000        0.0000000000000000     
   3.2892484461246248E-009  -3.4184609132546761E-010
  -4.5318608302672276E-009   4.6751984249120679E-010
          33   0.0000000000000000        0.0000000000000000     
   3.5548395759133434E-009  -3.9606610447215607E-010
  -4.8943072763073703E-009   5.4125713369448442E-010
          34   0.0000000000000000        0.0000000000000000     
   3.8657420919296076E-009  -4.6377947672668211E-010
  -5.3183267267805356E-009   6.3329251110646719E-010
          35   0.0000000000000000        0.0000000000000000     
   4.2334866050478798E-009  -5.4980349247535219E-010
  -5.8195493611649874E-009   7.5015117712877257E-010
          36   0.0000000000000000        0.0000000000000000     
   4.6737754383440216E-009  -6.6129927941475067E-010
  -6.4192553952985509E-009   9.0153183339688168E-010
          37   0.0000000000000000        0.0000000000000000     
   5.2084997296530484E-009  -8.0927829983707075E-010
  -7.1471060754824263E-009   1.1023461686720779E-009
          38   0.0000000000000000        0.0000000000000000     
   5.8690087028241127E-009  -1.0113635817394855E-009
  -8.0455698440975244E-009   1.3764569489828736E-009
          39   0.0000000000000000        0.0000000000000000     
   6.7015879876842133E-009  -1.2971456702655967E-009
  -9.1773390499834380E-009   1.7639286893795381E-009
          40   0.0000000000000000        0.0000000000000000     
   7.7769435875180589E-009  -1.7192999441070069E-009
  -1.0638169334476109E-008   2.3360777011719786E-009
          41   0.0000000000000000        0.0000000000000000     
   9.2069978739927338E-009  -2.3786352771318315E-009
  -1.2579617667223699E-008   3.2293814842605272E-009
          42   0.0000000000000000        0.0000000000000000     
   1.1174038490538886E-008  -3.4864626282686509E-009
  -1.5248503061074702E-008   4.7299093408743971E-009
          43   0.0000000000000000        0.0000000000000000     
   1.3970346872811434E-008  -5.5396588856264820E-009
  -1.9040554069400257E-008   7.5103121893009012E-009
          44   0.0000000000000000        0.0000000000000000     
   1.7941762588223102E-008  -9.8784378526223402E-009
  -2.4424011332246931E-008   1.3384895230678994E-008
          45   0.0000000000000000        0.0000000000000000     
   2.2142962388887533E-008  -2.0469484800648495E-008
  -3.0119238229745190E-008   2.7723504168669570E-008
          46   0.0000000000000000        0.0000000000000000     
   1.3220105462671044E-008  -4.2594080944896828E-008
  -1.8048807648125232E-008   5.7675598502033858E-008
          47   0.0000000000000000        0.0000000000000000     
  -1.9935586330654688E-008  -3.9228131056947465E-008
   2.6825480037710586E-008   5.3120515788289370E-008
          48   0.0000000000000000        0.0000000000000000     
  -2.4903783816804505E-008  -1.7947853547883663E-008
   3.3540443766990246E-008   2.4314454967600058E-008
          49   0.0000000000000000        0.0000000000000000     
  -2.0292615530567328E-008  -8.6492338563553191E-009
   2.7286350668599937E-008   1.1728597050783064E-008
          50   0.0000000000000000        0.0000000000000000     
  -1.6421338774650435E-008  -4.8159056588562361E-009
   2.2032533355324981E-008   6.5415798102266101E-009
          51   0.0000000000000000        0.0000000000000000     
  -1.3744737245712848E-008  -2.9777580279809762E-009
   1.8394440986818117E-008   4.0558653805015962E-009
          52   0.0000000000000000        0.0000000000000000     
  -1.1879964533710313E-008  -1.9732641845486805E-009
   1.5853554127955627E-008   2.6991350552804037E-009
          53   0.0000000000000000        0.0000000000000000     
  -1.0541833207044413E-008  -1.3667198481863823E-009
   1.4023504575451564E-008   1.8816598278191277E-009
          54   0.0000000000000000        0.0000000000000000     
  -9.5562433103300659E-009  -9.7062031639587820E-010
   1.2668239473418730E-008   1.3497341972564460E-009
          55   0.0000000000000000        0.0000000000000000     
  -8.8172657935509765E-009  -6.9449798125282845E-010
   1.1643904528809424E-008   9.8105273678021212E-010
          56   0.0000000000000000        0.0000000000000000     
  -8.2587481137549139E-009  -4.9042007380444512E-010
   1.0860379476344391E-008   7.1094309194990215E-010
          57   0.0000000000000000        0.0000000000000000     
  -7.8383451856576325E-009  -3.3083949451099092E-010
   1.0259624269076703E-008   5.0240316878548772E-010
          58   0.0000000000000000        0.0000000000000000     
  -7.5286365696892808E-009  -1.9862061298527716E-010
   9.8036037336721842E-009   3.3263065485608587E-010
          59   0.0000000000000000        0.0000000000000000     
  -7.3121266990282640E-009  -8.2102188254186078E-011
   9.4674473922383989E-009   1.8638873550552615E-010
          60   0.0000000000000000        0.0000000000000000     
  -7.1784455287415869E-009   2.7620897464541755E-011
   9.2355555272594539E-009   5.2404291903068278E-011
          61   0.0000000000000000        0.0000000000000000     
  -7.1228958885703130E-009   1.3844724980840010E-010
   9.0994778387756325E-009  -7.8872935850273249E-011
          62   0.0000000000000000        0.0000000000000000     
  -7.1459459243610895E-009   2.5871451921588970E-010
   9.0569914478976934E-009  -2.1701054117954897E-010
          63   0.0000000000000000        0.0000000000000000     
  -7.2535436013990048E-009   3.9884535899272214E-010
   9.1121621511914382E-009  -3.7343803197141590E-010
          64   0.0000000000000000        0.0000000000000000     
  -7.4583508017164600E-009   5.7382987321581922E-010
   9.2764376899880213E-009  -5.6409441596916439E-010
          65   0.0000000000000000        0.0000000000000000     
  -7.7822219450728973E-009   8.0772754109505547E-010
   9.5710764669460825E-009  -8.1411961200585032E-010
          66   0.0000000000000000        0.0000000000000000     
  -8.2604655945399764E-009   1.1428730578252580E-009
   1.0031446940824464E-008  -1.1673647343631982E-009
          67   0.0000000000000000        0.0000000000000000     
  -8.9481478879091152E-009   1.6606238707519172E-009
   1.0713452140613676E-008  -1.7077636351727756E-009
          68   0.0000000000000000        0.0000000000000000     
  -9.9246706484453169E-009   2.5327037977001043E-009
   1.1698196134923367E-008  -2.6121733695712376E-009
          69   0.0000000000000000        0.0000000000000000     
  -1.1264082102021969E-008   4.1590137159587149E-009
   1.3061408318339017E-008  -4.2921661713231111E-009
          70   0.0000000000000000        0.0000000000000000     
  -1.2745061498388210E-008   7.5273598209999079E-009
   1.4575054513514607E-008  -7.7641254106218671E-009
          71   0.0000000000000000        0.0000000000000000     
  -1.2016360819078381E-008   1.4404677154405401E-008
   1.3819938155499701E-008  -1.4845982647084673E-008
          72   0.0000000000000000        0.0000000000000000     
  -2.1823286369980954E-009   2.0186907950399201E-008
   3.7016904992652242E-009  -2.0801222061235188E-008
          73   0.0000000000000000        0.0000000000000000     
   6.7683785980934940E-009   1.3573824114729875E-008
  -5.5035092620818397E-009  -1.4004344978205500E-008
          74   0.0000000000000000        0.0000000000000000     
   6.9555812866694353E-009   7.0035040894751856E-009
  -5.6885992368799032E-009  -7.2516790063853467E-009
          75   0.0000000000000000        0.0000000000000000     
   5.3458149575750430E-009   3.8779663652658549E-009
  -4.0206577036772655E-009  -4.0433144213673163E-009
          76   0.0000000000000000        0.0000000000000000     
   3.9452894185898060E-009   2.3833220662197167E-009
  -2.5635380875253486E-009  -2.5132592727079068E-009
          77   0.0000000000000000        0.0000000000000000     
   2.9033325299676747E-009   1.5921981745749650E-009
  -1.4706675951282060E-009  -1.7075816670491268E-009
          78   0.0000000000000000        0.0000000000000000     
   2.1325391161126730E-009   1.1326525652795239E-009
  -6.5183729633640359E-010  -1.2437997928067742E-009
          79   0.0000000000000000        0.0000000000000000     
   1.5502372103390911E-009   8.4504462732120946E-010
  -2.1607151323529434E-011  -9.5788350590408008E-010
          80   0.0000000000000000        0.0000000000000000     
   1.0995596514411781E-009   6.5383507090712457E-010
   4.7903592506295979E-010  -7.7237809362443438E-010
          81   0.0000000000000000        0.0000000000000000     
   7.4317548602132896E-010   5.1992172061270251E-010
   8.8915586028016527E-010  -6.4738978895035461E-010
          82   0.0000000000000000        0.0000000000000000     
   4.5656815910162041E-010   4.2135296422156020E-010
   1.2348234921508399E-009  -5.6077696682339468E-010
          83   0.0000000000000000        0.0000000000000000     
   2.2357191847521241E-010   3.4476183956415552E-010
   1.5337667420189755E-009  -4.9938861165844996E-010
          84   0.0000000000000000        0.0000000000000000     
   3.3675399236698062E-011   2.8117724562092813E-010
   1.7982284187878627E-009  -4.5483637152881890E-010
          85   0.0000000000000000        0.0000000000000000     
  -1.1952285846848139E-010   2.2370806986481044E-010
   2.0366776540568011E-009  -4.2124698942781735E-010
          86   0.0000000000000000        0.0000000000000000     
  -2.3909475933896948E-010   1.6597356791102728E-010
   2.2547941277188429E-009  -3.9388072141026234E-010
          87   0.0000000000000000        0.0000000000000000     
  -3.2499614226688215E-010   1.0062311351487412E-010
   2.4559579168633213E-009  -3.6803090277366129E-010
          88   0.0000000000000000        0.0000000000000000     
  -3.7379101319211186E-010   1.7310434448507905E-011
   2.6413620934401566E-009  -3.3774704685499328E-010
          89   0.0000000000000000        0.0000000000000000     
  -3.7795618529559580E-010  -1.0093255090923590E-010
   2.8098328454238955E-009  -2.9374269463048903E-010
          90   0.0000000000000000        0.0000000000000000     
  -3.2523135793958929E-010  -2.8527243423211178E-010
   2.9576470873949188E-009  -2.1915347775595385E-010
          91   0.0000000000000000        0.0000000000000000     
  -2.0079087629821239E-010  -5.9845806458067245E-010
   3.0799187521399426E-009  -7.9870481914418044E-011
          92   0.0000000000000000        0.0000000000000000     
  -7.0377103907420667E-012  -1.1762791726756278E-009
   3.1818279462904876E-009   1.9850626236064263E-010
          93   0.0000000000000000        0.0000000000000000     
   1.2314482069222604E-010  -2.3110436907009764E-009
   3.3420062142429295E-009   7.7708924468478659E-010
          94   0.0000000000000000        0.0000000000000000     
  -5.6968812641441148E-010  -4.3749465310602182E-009
   3.9894806023105251E-009   1.8607531181740818E-009
          95   0.0000000000000000        0.0000000000000000     
  -3.7453860717591974E-009  -6.0339596116336162E-009
   6.0567801950007523E-009   2.7017175573660633E-009
          96   0.0000000000000000        0.0000000000000000     
  -7.1259385726108098E-009  -4.3296243969098335E-009
   8.2822862620044094E-009   1.6446072459497965E-009
          97   0.0000000000000000        0.0000000000000000     
  -8.0441720620868278E-009  -1.9820205679338488E-009
   9.1900352218024125E-009   1.9824058018394820E-010
          98   0.0000000000000000        0.0000000000000000     
  -8.1376377321587872E-009  -5.5611139118482522E-010
   9.7085164853550493E-009  -7.7690610370083383E-010
          99   0.0000000000000000        0.0000000000000000     
  -8.2656633782834430E-009   3.2931039567605986E-010
   1.0337657124922501E-008  -1.5126125893774212E-009
         100   0.0000000000000000        0.0000000000000000     
  -8.6023466921485286E-009   1.0194783408033790E-009
   1.1203012905210485E-008  -2.2326318809291977E-009
         101   0.0000000000000000        0.0000000000000000     
  -9.1860626488289137E-009   1.7138638407470436E-009
   1.2365277262483145E-008  -3.1014355142591427E-009
         102   0.0000000000000000        0.0000000000000000     
  -1.0049815433649704E-008   2.5753002835241836E-009
   1.3895761845135416E-008  -4.3056271061789962E-009
         103   0.0000000000000000        0.0000000000000000     
  -1.1239634994012343E-008   3.8197383191450495E-009
   1.5883186113517678E-008  -6.1487911335303962E-009
         104   0.0000000000000000        0.0000000000000000     
  -1.2778195446716054E-008   5.8359535163228123E-009
   1.8374833697255649E-008  -9.2193252347921504E-009
         105   0.0000000000000000        0.0000000000000000     
  -1.4456655898350858E-008   9.4055346665281453E-009
   2.1053077227404320E-008  -1.4725291847404970E-008
         106   0.0000000000000000        0.0000000000000000     
  -1.4908223896176209E-008   1.5870722375056462E-008
   2.1792391895425008E-008  -2.4752302374542871E-008
         107   0.0000000000000000        0.0000000000000000     
  -9.3431976359058158E-009   2.4775587262403369E-008
   1.3129614900207459E-008  -3.8584799790833029E-008
         108   0.0000000000000000        0.0000000000000000     
   4.0361507310671218E-009   2.6094439979200024E-008
  -7.7365070890457829E-009  -4.0590980225518793E-008
         109   0.0000000000000000        0.0000000000000000     
   1.1422970886566395E-008   1.7560558896357346E-008
  -1.9285393256314102E-008  -2.7232781846221320E-008
         110   0.0000000000000000        0.0000000000000000     
   1.1448507150964674E-008   1.0457071281902676E-008
  -1.9385912147087874E-008  -1.6091138463773213E-008
         111   0.0000000000000000        0.0000000000000000     
   9.6058157273839028E-009   6.5752156476042478E-009
  -1.6604514004322011E-008  -9.9478573793264090E-009
         112   0.0000000000000000        0.0000000000000000     
   7.7431479088991658E-009   4.5297228469592361E-009
  -1.3827834328519196E-008  -6.6256474141767426E-009
         113   0.0000000000000000        0.0000000000000000     
   6.1623397459410098E-009   3.4425084481448616E-009
  -1.1530745239230580E-008  -4.7215145675318184E-009
         114   0.0000000000000000        0.0000000000000000     
   4.8459001184937993E-009   2.9223894229351708E-009
  -9.6749504083143361E-009  -3.5573807093038337E-009
         115   0.0000000000000000        0.0000000000000000     
   3.7774524300967589E-009   2.8363228171587141E-009
  -8.1471654206678337E-009  -2.7994449508036419E-009
         116   0.0000000000000000        0.0000000000000000     
   3.1123807187684892E-009   3.1342268484555215E-009
  -6.8298880461906237E-009  -2.2757295506043773E-009
         117   0.0000000000000000        0.0000000000000000     
   3.1451591461489536E-009   3.3816980388548255E-009
  -5.6143636073906610E-009  -1.9376321113770942E-009
         118   0.0000000000000000        0.0000000000000000     
   3.2910168540429291E-009   2.9064234402353676E-009
  -4.5045237263623652E-009  -1.8044915417599710E-009
         119   0.0000000000000000        0.0000000000000000     
   2.8696152938276904E-009   2.2629592684177098E-009
  -3.5270747094176702E-009  -1.7882114678651890E-009
         120   0.0000000000000000        0.0000000000000000     
   2.1740744910794079E-009   1.8895960428233249E-009
  -2.6122116666213301E-009  -1.8278980669802781E-009
         121   0.0000000000000000        0.0000000000000000     
   1.4237038824263379E-009   1.7412774710939959E-009
  -1.7017848348116125E-009  -1.9249642330439762E-009
         122   0.0000000000000000        0.0000000000000000     
   6.5739822925591268E-010   1.7423281066768130E-009
  -7.5749746734376953E-010  -2.0934027239902952E-009
         123   0.0000000000000000        0.0000000000000000     
  -1.4093721480278751E-010   1.8602988518435868E-009
   2.5550758921039412E-010  -2.3527880725350989E-009
         124   0.0000000000000000        0.0000000000000000     
  -1.0022406533072191E-009   2.0940758120628487E-009
   1.3761104920554839E-009  -2.7328924930150826E-009
         125   0.0000000000000000        0.0000000000000000     
  -1.9650132667184532E-009   2.4671359929727382E-009
   2.6516003615723051E-009  -3.2814215797823643E-009
         126   0.0000000000000000        0.0000000000000000     
  -3.0761147953616392E-009   3.0313127412132198E-009
   4.1415401417369949E-009  -4.0771871842639278E-009
         127   0.0000000000000000        0.0000000000000000     
  -4.3924998252499275E-009   3.8823484446759288E-009
   5.9203889218712792E-009  -5.2548776309155549E-009
         128   0.0000000000000000        0.0000000000000000     
  -5.9779022283437210E-009   5.1949351927246334E-009
   8.0728199784594106E-009  -7.0542907483225860E-009
         129   0.0000000000000000        0.0000000000000000     
  -7.8761189262480410E-009   7.2963669574149884E-009
   1.0657350107221442E-008  -9.9210004260599729E-009
         130   0.0000000000000000        0.0000000000000000     
  -9.9916125197944866E-009   1.0812667278694195E-008
   1.3544576135903092E-008  -1.4704794857111649E-008
         131   0.0000000000000000        0.0000000000000000     
  -1.1624239493088741E-008   1.6871006296768023E-008
   1.5787256051438283E-008  -2.2934248652930740E-008
         132   0.0000000000000000        0.0000000000000000     
  -1.0012358435624221E-008   2.6659904600640226E-008
   1.3648016043669977E-008  -3.6222077986402272E-008
         133   0.0000000000000000        0.0000000000000000     
   7.1589374426554357E-010   3.6841268741577264E-008
  -8.2054680731640242E-010  -5.0055492511154769E-008
         134   0.0000000000000000        0.0000000000000000     
   1.7910213491401351E-008   3.5431536404774202E-008
  -2.4029684361238164E-008  -4.8222716368399480E-008
         135   0.0000000000000000        0.0000000000000000     
   2.6773087524201009E-008   2.4282917528812211E-008
  -3.5951021716491855E-008  -3.3250991726623255E-008
         136   0.0000000000000000        0.0000000000000000     
   2.7468158518410278E-008   1.4840422730059131E-008
  -3.6828372989848939E-008  -2.0668474700273440E-008
         137   0.0000000000000000        0.0000000000000000     
   2.5652957770138457E-008   9.0462444195915368E-009
  -3.4404779257747760E-008  -1.3139694195624516E-008
         138   0.0000000000000000        0.0000000000000000     
   2.3530268733603442E-008   5.5815540529494300E-009
  -3.1838284987628897E-008  -8.7806269050295075E-009
