   262144.00000000000     
         256           1           3
   1.7567330116226543E-005   4.4367741432200001        174.97364918450000     
   6.0401400154609997        12.000000000000000        1200.0000000000000     
           0   0.0000000000000000        0.0000000000000000     
   0.0000000000000000        0.0000000000000000     
   0.0000000000000000        0.0000000000000000     
           1  -2.0401892705093786E-007   9.3413955136319525E-008
  -7.7021072770803895E-008   3.4008800600888726E-008
   0.0000000000000000        0.0000000000000000     
           2  -4.8121362720369309E-008   2.9049769238542874E-007
  -2.0335636782357840E-008   1.0564636507844533E-007
   0.0000000000000000        0.0000000000000000     
           3   1.1307828594862198E-007   1.0485073405861756E-007
   3.8266426601203899E-008   3.8169021876516827E-008
   0.0000000000000000        0.0000000000000000     
           4   7.4519668828474067E-008   3.3059827184181320E-008
   2.4253746261208095E-008   1.2075729146904828E-008
   0.0000000000000000        0.0000000000000000     
           5   5.1022556399262232E-008   1.4296448996591642E-008
   1.5711230433627633E-008   5.2571472822111279E-009
   0.0000000000000000        0.0000000000000000     
           6   3.8379724761941779E-008   7.4347697267931422E-009
   1.1110546344125182E-008   2.7647885584119982E-009
   0.0000000000000000        0.0000000000000000     
           7   3.0974473079829201E-008   4.3114112829614336E-009
   8.4105468355750557E-009   1.6313975700157467E-009
   0.0000000000000000        0.0000000000000000     
           8   2.6303292408722042E-008   2.6722945105776282E-009
   6.7014674795942294E-009   1.0376535912126756E-009
   0.0000000000000000        0.0000000000000000     
           9   2.3190379347938916E-008   1.7216620930140783E-009
   5.5560312603882043E-009   6.9431661438857989E-010
   0.0000000000000000        0.0000000000000000     
          10   2.1032281033400848E-008   1.1272114925081610E-009
   4.7549358573465190E-009   4.8060845072262207E-010
   0.0000000000000000        0.0000000000000000     
          11   1.9494664944792645E-008   7.3240483493182212E-010
   4.1766534083659363E-009   3.3964144722939336E-010
   0.0000000000000000        0.0000000000000000     
          12   1.8380478913323751E-008   4.5649809269630237E-010
   3.7495202810520101E-009   2.4208043863904749E-010
   0.0000000000000000        0.0000000000000000     
          13   1.7567667271867985E-008   2.5476989708970027E-010
   3.4291036779334145E-009   1.7168655231626677E-010
   0.0000000000000000        0.0000000000000000     
          14   1.6977554730626548E-008   1.0097310474948184E-010
   3.1867125191677257E-009   1.1893879936489862E-010
   0.0000000000000000        0.0000000000000000     
          15   1.6557799731474436E-008  -2.1069530045813509E-011
   3.0032022426510582E-009   7.7979538334129401E-011
   0.0000000000000000        0.0000000000000000     
          16   1.6272727250003361E-008  -1.2176809893603932E-010
   2.8654606139927038E-009   4.5050925739397265E-011
   0.0000000000000000        0.0000000000000000     
          17   1.6097609589026285E-008  -2.0809471998858458E-010
   2.7643275406388848E-009   1.7648858152919308E-011
   0.0000000000000000        0.0000000000000000     
          18   1.6015161484891190E-008  -2.8490628701157162E-010
   2.6933188394093026E-009  -5.9571121511521114E-012
   0.0000000000000000        0.0000000000000000     
          19   1.6013329751911149E-008  -3.5572848216437269E-010
   2.6478196446546459E-009  -2.7007856657737810E-011
   0.0000000000000000        0.0000000000000000     
          20   1.6083868638989325E-008  -4.2323957827649642E-010
   2.6245624400430394E-009  -4.6429401674178803E-011
   0.0000000000000000        0.0000000000000000     
          21   1.6221409255995712E-008  -4.8958151752309154E-010
   2.6212835705904860E-009  -6.4944589913438170E-011
   0.0000000000000000        0.0000000000000000     
          22   1.6422851012946111E-008  -5.5656941905337489E-010
   2.6364954871115731E-009  -8.3147453443279100E-011
   0.0000000000000000        0.0000000000000000     
          23   1.6686971434382986E-008  -6.2584099196073998E-010
   2.6693367607503945E-009  -1.0155526275888816E-010
   0.0000000000000000        0.0000000000000000     
          24   1.7014191398082093E-008  -6.9897126856957744E-010
   2.7194765889571024E-009  -1.2064733807429123E-010
   0.0000000000000000        0.0000000000000000     
          25   1.7406458128950828E-008  -7.7756930513892275E-010
   2.7870595655425367E-009  -1.4089646468703763E-010
   0.0000000000000000        0.0000000000000000     
          26   1.7867224926040312E-008  -8.6336887106795936E-010
   2.8726823515139816E-009  -1.6279699083324848E-010
   0.0000000000000000        0.0000000000000000     
          27   1.8401518528131091E-008  -9.5832309036257308E-010
   2.9773979612742880E-009  -1.8689281963408243E-010
   0.0000000000000000        0.0000000000000000     
          28   1.9016094686411423E-008  -1.0647127872017218E-009
   3.1027465292919623E-009  -2.1380825421489361E-010
   0.0000000000000000        0.0000000000000000     
          29   1.9719691657224638E-008  -1.1852797229433655E-009
   3.2508142309506881E-009  -2.4428491397758949E-010
   0.0000000000000000        0.0000000000000000     
          30   2.0523401483940042E-008  -1.3233992164626653E-009
   3.4243249766017103E-009  -2.7922874043961155E-010
   0.0000000000000000        0.0000000000000000     
          31   2.1441191780290934E-008  -1.4833124981602898E-009
   3.6267730685104815E-009  -3.1977261818774484E-010
   0.0000000000000000        0.0000000000000000     
          32   2.2490628496537321E-008  -1.6704489152534146E-009
   3.8626098265139470E-009  -3.6736270035146211E-010
   0.0000000000000000        0.0000000000000000     
          33   2.3693876208682856E-008  -1.8918842599295038E-009
   4.1375041566509866E-009  -4.2388080089477557E-010
   0.0000000000000000        0.0000000000000000     
          34   2.5079092248895740E-008  -2.1570085427751764E-009
   4.4587076033814480E-009  -4.9182239246826069E-010
   0.0000000000000000        0.0000000000000000     
          35   2.6682393634560949E-008  -2.4785228485979821E-009
   4.8355710121838046E-009  -5.7456204878835180E-010
   0.0000000000000000        0.0000000000000000     
          36   2.8550677175025057E-008  -2.8739664770516861E-009
   5.2802867431142719E-009  -6.7675983872606458E-010
   0.0000000000000000        0.0000000000000000     
          37   3.0745742139191495E-008  -3.3681240467887854E-009
   5.8089745195882733E-009  -8.0500160963641891E-010
   0.0000000000000000        0.0000000000000000     
          38   3.3350451750143905E-008  -3.9969428785149606E-009
   6.4433082573903972E-009  -9.6884070992500987E-010
   0.0000000000000000        0.0000000000000000     
          39   3.6478183665129968E-008  -4.8141451305764816E-009
   7.2130063132338030E-009  -1.1825556055839079E-009
   0.0000000000000000        0.0000000000000000     
          40   4.0287732525731861E-008  -5.9028680720610692E-009
   8.1597659727075097E-009  -1.4682431986167624E-009
   0.0000000000000000        0.0000000000000000     
          41   4.5007554859836173E-008  -7.3971895381056631E-009
   9.3436607854673633E-009  -1.8615369058759737E-009
   0.0000000000000000        0.0000000000000000     
          42   5.0976502320290137E-008  -9.5243174597906992E-009
   1.0853887279606374E-008  -2.4228095315412294E-009
   0.0000000000000000        0.0000000000000000     
          43   5.8714317401052277E-008  -1.2693243350480384E-008
   1.2827354880836877E-008  -3.2607034580778500E-009
   0.0000000000000000        0.0000000000000000     
          44   6.9045397183770010E-008  -1.7697396784448492E-008
   1.5481289500330627E-008  -4.5858912702944319E-009
   0.0000000000000000        0.0000000000000000     
          45   8.3305477484543001E-008  -2.6227684933867883E-008
   1.9167546485197788E-008  -6.8470949837559220E-009
   0.0000000000000000        0.0000000000000000     
          46   1.0356202992945096E-007  -4.2337038160484278E-008
   2.4429795769032822E-008  -1.1119085096971610E-008
   0.0000000000000000        0.0000000000000000     
          47   1.3162348269920565E-007  -7.7129334132657876E-008
   3.1737409006685899E-008  -2.0343569818866251E-008
   0.0000000000000000        0.0000000000000000     
          48   1.5445907630681540E-007  -1.6227133368755073E-007
   3.7613691195276940E-008  -4.2895723827957325E-008
   0.0000000000000000        0.0000000000000000     
          49   5.4134722932702063E-008  -3.0910032864183695E-007
   1.0818280276463005E-008  -8.1683824136520815E-008
   0.0000000000000000        0.0000000000000000     
          50  -1.4908843520302610E-007  -2.3566918194912356E-007
  -4.3060590513673462E-008  -6.2060614955954189E-008
   0.0000000000000000        0.0000000000000000     
          51  -1.5945276189583454E-007  -1.0749871707266788E-007
  -4.5835688541291740E-008  -2.8092556955851415E-008
   0.0000000000000000        0.0000000000000000     
          52  -1.2855858122865569E-007  -5.3720354151303518E-008
  -3.7757005498886931E-008  -1.3854156750478904E-008
   0.0000000000000000        0.0000000000000000     
          53  -1.0408703021978549E-007  -3.0751434153492423E-008
  -3.1418693941856641E-008  -7.7655059366278581E-009
   0.0000000000000000        0.0000000000000000     
          54  -8.7089219692857115E-008  -1.9390308679444454E-008
  -2.7086709945983772E-008  -4.7398257284195663E-009
   0.0000000000000000        0.0000000000000000     
          55  -7.5133469093557022E-008  -1.3037590686635899E-008
  -2.4115591189313512E-008  -3.0298765137212050E-009
   0.0000000000000000        0.0000000000000000     
          56  -6.6481867698388187E-008  -9.1342098648903900E-009
  -2.2048013281230987E-008  -1.9570852389539683E-009
   0.0000000000000000        0.0000000000000000     
          57  -6.0067001972495793E-008  -6.5496133800675205E-009
  -2.0607090460696051E-008  -1.2195117849251625E-009
   0.0000000000000000        0.0000000000000000     
          58  -5.5232265750249536E-008  -4.7276682907420461E-009
  -1.9627771593298486E-008  -6.6515309073413648E-010
   0.0000000000000000        0.0000000000000000     
          59  -5.1562799926957138E-008  -3.3702247746423265E-009
  -1.9013176820503835E-008  -2.0695332736843287E-010
   0.0000000000000000        0.0000000000000000     
          60  -4.8789069349436759E-008  -2.3064143184428299E-009
  -1.8711203011183597E-008   2.1428739433719516E-010
   0.0000000000000000        0.0000000000000000     
          61  -4.6731645783356134E-008  -1.4346051935347121E-009
  -1.8703646473620993E-008   6.5047681776321492E-010
   0.0000000000000000        0.0000000000000000     
          62  -4.5268025408719175E-008  -6.9772900788490534E-010
  -1.9003828320335404E-008   1.1642887492077150E-009
   0.0000000000000000        0.0000000000000000     
          63  -4.4311059494490040E-008  -8.0968129144837624E-011
  -1.9661121515967190E-008   1.8575870388646827E-009
   0.0000000000000000        0.0000000000000000     
          64  -4.3796319361294257E-008   3.5822642978948195E-010
  -2.0767982216060283E-008   2.9377336508081822E-009
   0.0000000000000000        0.0000000000000000     
          65  -4.3705688955853435E-008   3.7360550091587327E-010
  -2.2427166012898564E-008   4.9057549320980230E-009
   0.0000000000000000        0.0000000000000000     
          66  -4.4383507621540456E-008  -8.3119385316110037E-010
  -2.4318492259049183E-008   9.0905598006357334E-009
   0.0000000000000000        0.0000000000000000     
          67  -4.8785322804414511E-008  -4.5078021543079347E-009
  -2.2603938687143877E-008   1.7526734986625972E-008
   0.0000000000000000        0.0000000000000000     
          68  -6.2114617265003692E-008  -3.0521253227609921E-009
  -1.0753214386347320E-008   2.0143504764500491E-008
   0.0000000000000000        0.0000000000000000     
          69  -7.2001995292844694E-008   8.1256293134690319E-009
  -6.9073827296346494E-009   1.2203268782358922E-008
   0.0000000000000000        0.0000000000000000     
          70  -7.9985366244555606E-008   2.0379056142241175E-008
  -9.7318538477916507E-009   8.5459507171232873E-009
   0.0000000000000000        0.0000000000000000     
          71  -9.0771696376158183E-008   3.8705608971604955E-008
  -1.3280463431690251E-008   8.8189618526409541E-009
   0.0000000000000000        0.0000000000000000     
          72  -1.0062122955529952E-007   7.5032253686466005E-008
  -1.6225502421102270E-008   1.2760659141385057E-008
   0.0000000000000000        0.0000000000000000     
          73  -7.7192647563403010E-008   1.4170418656400527E-007
  -1.4237170652710293E-008   2.1295212244832631E-008
   0.0000000000000000        0.0000000000000000     
          74   2.4250624676391241E-008   1.6206566909557640E-007
  -1.4867126169019729E-009   2.3633138763014775E-008
   0.0000000000000000        0.0000000000000000     
          75   7.4408434819850230E-008   9.4173234718335060E-008
   4.2412838330942415E-009   1.4174050051509537E-008
   0.0000000000000000        0.0000000000000000     
          76   6.8112322434814793E-008   4.8375336093376240E-008
   2.3744350978478998E-009   7.9115334771175838E-009
   0.0000000000000000        0.0000000000000000     
          77   5.5112403396161899E-008   2.7139724028548390E-008
  -3.4790170861397790E-010   5.0695307826544223E-009
   0.0000000000000000        0.0000000000000000     
          78   4.4823329104339152E-008   1.6671872066966773E-008
  -2.7013428238080921E-009   3.7403464771944133E-009
   0.0000000000000000        0.0000000000000000     
          79   3.7416612349761105E-008   1.0935372127399952E-008
  -4.7027163434238311E-009   3.0973938390218398E-009
   0.0000000000000000        0.0000000000000000     
          80   3.2113484611242725E-008   7.4849699339820396E-009
  -6.4908599575540566E-009   2.8104194800329181E-009
   0.0000000000000000        0.0000000000000000     
          81   2.8289887452878984E-008   5.2401788190048319E-009
  -8.1826911100018729E-009   2.7394294460605078E-009
   0.0000000000000000        0.0000000000000000     
          82   2.5531063855580888E-008   3.6737252983745968E-009
  -9.8697497262345010E-009   2.8243028256970158E-009
   0.0000000000000000        0.0000000000000000     
          83   2.3570993476263976E-008   2.5029734736182981E-009
  -1.1629853261016842E-008   3.0440998558082387E-009
   0.0000000000000000        0.0000000000000000     
          84   2.2241999439891858E-008   1.5610317730960082E-009
  -1.3537822133499867E-008   3.4020396346987699E-009
   0.0000000000000000        0.0000000000000000     
          85   2.1443385831499533E-008   7.3678393623543536E-010
  -1.5674895638594520E-008   3.9217049480346666E-009
   0.0000000000000000        0.0000000000000000     
          86   2.1124027953934808E-008  -5.7483136154241686E-011
  -1.8138509840117539E-008   4.6502275116695895E-009
   0.0000000000000000        0.0000000000000000     
          87   2.1274609269789875E-008  -9.0884418024723740E-010
  -2.1054498276923027E-008   5.6688153106084218E-009
   0.0000000000000000        0.0000000000000000     
          88   2.1927126020072655E-008  -1.9280122064395991E-009
  -2.4594271995806220E-008   7.1150461407275131E-009
   0.0000000000000000        0.0000000000000000     
          89   2.3159902797929996E-008  -3.2881968909043031E-009
  -2.9000264840610928E-008   9.2284311779033309E-009
   0.0000000000000000        0.0000000000000000     
          90   2.5101907414874639E-008  -5.3048429215146498E-009
  -3.4622378724079642E-008   1.2447410337319879E-008
   0.0000000000000000        0.0000000000000000     
          91   2.7901358912267151E-008  -8.6215045102477721E-009
  -4.1957425970030975E-008   1.7630025943796368E-008
   0.0000000000000000        0.0000000000000000     
          92   3.1466406184246536E-008  -1.4657154138117882E-008
  -5.1612924539211621E-008   2.6593748972825164E-008
   0.0000000000000000        0.0000000000000000     
          93   3.3977897190834841E-008  -2.6389107293461685E-008
  -6.3699535268400536E-008   4.3488043125429409E-008
   0.0000000000000000        0.0000000000000000     
          94   2.6180468440841425E-008  -4.5707008320193247E-008
  -7.3809157437447303E-008   7.7631407949618626E-008
   0.0000000000000000        0.0000000000000000     
          95  -2.1027297539486912E-009  -5.2531637515018455E-008
  -5.4923855928025972E-008   1.3854618302695966E-007
   0.0000000000000000        0.0000000000000000     
          96  -1.8999202719698340E-008  -3.4263318834193327E-008
   3.5093035678519385E-008   1.6762932707501045E-007
   0.0000000000000000        0.0000000000000000     
          97  -1.8514580688536542E-008  -1.9575082208056264E-008
   9.5265662600292639E-008   1.0814908472133095E-007
   0.0000000000000000        0.0000000000000000     
          98  -1.4470098443987951E-008  -1.2031903908264258E-008
   9.4514295732613586E-008   5.7847495936664072E-008
   0.0000000000000000        0.0000000000000000     
          99  -1.0457277345669856E-008  -8.1532223834031686E-009
   8.1788578227432644E-008   3.2809009487418802E-008
   0.0000000000000000        0.0000000000000000     
         100  -6.8726309322844486E-009  -6.1035849283182888E-009
   7.0590726939573519E-008   2.0192986066391895E-008
   0.0000000000000000        0.0000000000000000     
         101  -3.5111821244531973E-009  -5.0824255580283301E-009
   6.2170419376636249E-008   1.3222058943955236E-008
   0.0000000000000000        0.0000000000000000     
         102  -3.4404094891180737E-011  -4.7902500921318213E-009
   5.5962536782862327E-008   9.0127448658227474E-009
   0.0000000000000000        0.0000000000000000     
         103   4.0208199158756670E-009  -5.2548944219535728E-009
   5.1363427272402780E-008   6.2712105027925581E-009
   0.0000000000000000        0.0000000000000000     
         104   9.4115780399194812E-009  -6.9627849865192202E-009
   4.7937909768384340E-008   4.3648925239512936E-009
   0.0000000000000000        0.0000000000000000     
         105   1.7573279153760214E-008  -1.1738106396980706E-008
   4.5392769870752375E-008   2.9579151906855970E-009
   0.0000000000000000        0.0000000000000000     
         106   3.0312848855595272E-008  -2.7444175416265177E-008
   4.3532774305449164E-008   1.8576006530326491E-009
   0.0000000000000000        0.0000000000000000     
         107   1.8936103683853954E-008  -8.1895321283411275E-008
   4.2228651477523174E-008   9.4411934489953532E-010
   0.0000000000000000        0.0000000000000000     
         108  -5.7170327941492702E-008  -5.5282224183042500E-008
   4.1396654594847150E-008   1.3489438367242286E-010
   0.0000000000000000        0.0000000000000000     
         109  -4.8509691034505482E-008  -1.7776529806517925E-008
   4.0985883093991745E-008  -6.3648549695065167E-010
   0.0000000000000000        0.0000000000000000     
         110  -3.8157002884594169E-008  -7.1072340253583480E-009
   4.0969539086244369E-008  -1.4373856443652324E-009
   0.0000000000000000        0.0000000000000000     
         111  -3.2269859696767716E-008  -2.5000003961453013E-009
   4.1333419250025903E-008  -2.3581351547554191E-009
   0.0000000000000000        0.0000000000000000     
         112  -2.8745045836149634E-008   8.8836352427781943E-010
   4.2037976056303863E-008  -3.5481593409136671E-009
   0.0000000000000000        0.0000000000000000     
         113  -2.5753540313770877E-008   4.8448942770961455E-009
   4.2865666871492785E-008  -5.2299962546818679E-009
   0.0000000000000000        0.0000000000000000     
         114  -2.0446216511424480E-008   9.1779910361738986E-009
   4.3125965762352143E-008  -7.2700692850307040E-009
   0.0000000000000000        0.0000000000000000     
         115  -1.2628744852244277E-008   9.2434994561459735E-009
   4.2873020261226194E-008  -8.2289327911277456E-009
   0.0000000000000000        0.0000000000000000     
         116  -8.2959422915507091E-009   5.3602897124220105E-009
   4.4096291458309421E-008  -8.2251824713110349E-009
   0.0000000000000000        0.0000000000000000     
         117  -7.0649439909972485E-009   2.2582177264201312E-009
   4.6845100435728636E-008  -8.8301079304179788E-009
   0.0000000000000000        0.0000000000000000     
         118  -6.5738187960557265E-009   3.6689957999526432E-010
   5.0568083584512261E-008  -1.0363014547150236E-008
   0.0000000000000000        0.0000000000000000     
         119  -6.0379699537469085E-009  -9.6651828595942942E-010
   5.5255288551716068E-008  -1.2919615554682152E-008
   0.0000000000000000        0.0000000000000000     
         120  -5.2621992645282686E-009  -2.2067933330181096E-009
   6.1159486373394902E-008  -1.6873393038152264E-008
   0.0000000000000000        0.0000000000000000     
         121  -4.1712591185182914E-009  -3.7183996896242718E-009
   6.8649199275534724E-008  -2.3067673049923563E-008
   0.0000000000000000        0.0000000000000000     
         122  -2.7278114421848501E-009  -5.9601658449966136E-009
   7.8054306500303323E-008  -3.3233837050200595E-008
   0.0000000000000000        0.0000000000000000     
         123  -1.0631352982339463E-009  -9.7396025552737212E-009
   8.8974687355181803E-008  -5.0948826093182114E-008
   0.0000000000000000        0.0000000000000000     
         124  -1.6351423323077501E-010  -1.6540689239396342E-008
   9.7119378758845031E-008  -8.3122076513577959E-008
   0.0000000000000000        0.0000000000000000     
         125  -4.2060775780377042E-009  -2.7600683375196958E-008
   8.3398167967882487E-008  -1.3591220576764376E-007
   0.0000000000000000        0.0000000000000000     
         126  -2.0235392580341833E-008  -3.5604869456679205E-008
   1.4595980880740647E-008  -1.7619924430292189E-007
   0.0000000000000000        0.0000000000000000     
         127  -3.7272674171812343E-008  -2.7405797239095049E-008
  -5.9536055306255964E-008  -1.4208379758975677E-007
   0.0000000000000000        0.0000000000000000     
         128  -4.2255899659743867E-008  -1.4879162880777268E-008
  -7.7004815047715322E-008  -8.7494170453105674E-008
   0.0000000000000000        0.0000000000000000     
         129  -4.2091230189798851E-008  -6.6942538883277438E-009
  -6.8567332927785635E-008  -5.3660257823733564E-008
   0.0000000000000000        0.0000000000000000     
         130  -4.1603747888505469E-008  -1.5584839700174726E-009
  -5.6194232186725609E-008  -3.5693257306996318E-008
   0.0000000000000000        0.0000000000000000     
         131  -4.2010027370309076E-008   2.3842171649552383E-009
  -4.4955732969856466E-008  -2.6205824154023601E-008
   0.0000000000000000        0.0000000000000000     
         132  -4.3605205102468939E-008   6.4048434671812178E-009
  -3.5201433313421951E-008  -2.1497412931398156E-008
   0.0000000000000000        0.0000000000000000     
         133  -4.6508842945662091E-008   1.1874584169146157E-008
  -2.6313655422757664E-008  -2.0366723238980288E-008
   0.0000000000000000        0.0000000000000000     
         134  -5.0023483564984637E-008   2.1139435175462542E-008
  -1.8354931892154226E-008  -2.3654104491289900E-008
   0.0000000000000000        0.0000000000000000     
         135  -5.0280157778916448E-008   3.7099298591621666E-008
  -1.4172499364110135E-008  -3.2726717844857461E-008
   0.0000000000000000        0.0000000000000000     
         136  -3.7116741406798460E-008   5.7766641775663472E-008
  -2.0537643066392243E-008  -4.5198232561461996E-008
   0.0000000000000000        0.0000000000000000     
         137  -7.1467697129811815E-009   6.2952237257003249E-008
  -3.8794999547557243E-008  -4.6735461314372744E-008
   0.0000000000000000        0.0000000000000000     
         138   1.2641877429778739E-008   4.5906056657965001E-008
  -4.9901551200580127E-008  -3.3428068436284908E-008
   0.0000000000000000        0.0000000000000000     
