   262144.00000000000     
         256           1           3
   1.7567330116226543E-005  -6.2812290861650002       -178.01823173560001     
   6.0401400154609997        12.000000000000000        1200.0000000000000     
           0   0.0000000000000000        0.0000000000000000     
   0.0000000000000000        0.0000000000000000     
   0.0000000000000000        0.0000000000000000     
           1   0.0000000000000000        0.0000000000000000     
  -1.2831669681712616E-010  -1.2431612800307701E-010
  -3.7242402998262946E-009  -3.6746109296487541E-009
           2   0.0000000000000000        0.0000000000000000     
  -1.2326506035293922E-010  -2.6833821187219858E-011
  -3.5754586002778255E-009  -7.9444464447769853E-010
           3   0.0000000000000000        0.0000000000000000     
  -1.0788579840182327E-010  -7.5750618481939728E-012
  -3.1211582380858549E-009  -2.2550143076051715E-010
           4   0.0000000000000000        0.0000000000000000     
  -1.0061388321871029E-010  -1.9977551924639519E-012
  -2.9061819238570343E-009  -6.0802553623359296E-011
           5   0.0000000000000000        0.0000000000000000     
  -9.7101310995508558E-011   1.9364408718297703E-013
  -2.8021104363267422E-009   3.8470936955462867E-012
           6   0.0000000000000000        0.0000000000000000     
  -9.5418279267034155E-011   1.2688324789530188E-012
  -2.7519446179065790E-009   3.5508256089028496E-011
           7   0.0000000000000000        0.0000000000000000     
  -9.4752014967002100E-011   1.9003120836100879E-012
  -2.7316780385992476E-009   5.4050229290041460E-011
           8   0.0000000000000000        0.0000000000000000     
  -9.4728277421946071E-011   2.3330834194038541E-012
  -2.7302555290899381E-009   6.6711003034000651E-011
           9   0.0000000000000000        0.0000000000000000     
  -9.5160219800917487E-011   2.6710040515669104E-012
  -2.7421551820206616E-009   7.6558120025596256E-011
          10   0.0000000000000000        0.0000000000000000     
  -9.5949281670742271E-011   2.9637030345844623E-012
  -2.7644610717420409E-009   8.5056674728241947E-011
          11   0.0000000000000000        0.0000000000000000     
  -9.7042390091871104E-011   3.2375001199090082E-012
  -2.7955991453187044E-009   9.2982845332716450E-011
          12   0.0000000000000000        0.0000000000000000     
  -9.8411936013759017E-011   3.5078352750889888E-012
  -2.8347457689986378E-009   1.0079111256528753E-010
          13   0.0000000000000000        0.0000000000000000     
  -1.0004578262678088E-010   3.7847833821396454E-012
  -2.8815325248338823E-009   1.0877716080572666E-010
          14   0.0000000000000000        0.0000000000000000     
  -1.0194204296191095E-010   4.0757175807248065E-012
  -2.9358918142782946E-009   1.1715652128427867E-010
          15   0.0000000000000000        0.0000000000000000     
  -1.0410628791135812E-010   4.3867032580551605E-012
  -2.9979741864566163E-009   1.2610569794031246E-010
          16   0.0000000000000000        0.0000000000000000     
  -1.0655007972588215E-010   4.7232940235959474E-012
  -3.0681047502036680E-009   1.3578560876811441E-010
          17   0.0000000000000000        0.0000000000000000     
  -1.0929028380465815E-010   5.0910370674528489E-012
  -3.1467624992657163E-009   1.4635642129413725E-010
          18   0.0000000000000000        0.0000000000000000     
  -1.1234888031101247E-010   5.4958395797711013E-012
  -3.2345743124792240E-009   1.5798825844568761E-010
          19   0.0000000000000000        0.0000000000000000     
  -1.1575313529608574E-010   5.9442779030440628E-012
  -3.3323194657974938E-009   1.7087018083292616E-010
          20   0.0000000000000000        0.0000000000000000     
  -1.1953606768323877E-010   6.4438990492401695E-012
  -3.4409427509452250E-009   1.8521890231038051E-010
          21   0.0000000000000000        0.0000000000000000     
  -1.2373719578943589E-010   7.0035504260016974E-012
  -3.5615756846114581E-009   2.0128828484738357E-010
          22   0.0000000000000000        0.0000000000000000     
  -1.2840358113655512E-010   7.6337697067294216E-012
  -3.6955662870988846E-009   2.1938053835290886E-010
          23   0.0000000000000000        0.0000000000000000     
  -1.3359121704559427E-010   8.3472693727877962E-012
  -3.8445187721281397E-009   2.3986012075757254E-010
          24   0.0000000000000000        0.0000000000000000     
  -1.3936684094514871E-010   9.1595586880538845E-012
  -4.0103453964518328E-009   2.6317156678544358E-010
          25   0.0000000000000000        0.0000000000000000     
  -1.4581028756350105E-010   1.0089760506868628E-011
  -4.1953338169955997E-009   2.8986289158416494E-010
          26   0.0000000000000000        0.0000000000000000     
  -1.5301755103285620E-010   1.1161703666536933E-011
  -4.4022347622046122E-009   3.2061688311624821E-010
          27   0.0000000000000000        0.0000000000000000     
  -1.6110479513390276E-010   1.2405408078544109E-011
  -4.6343768647478177E-009   3.5629363791832358E-010
          28   0.0000000000000000        0.0000000000000000     
  -1.7021365397112775E-010   1.3859136444112944E-011
  -4.8958184550154067E-009   3.9798932128068394E-010
          29   0.0000000000000000        0.0000000000000000     
  -1.8051831763714759E-010   1.5572276528812694E-011
  -5.1915505180472348E-009   4.4711871109675024E-010
          30   0.0000000000000000        0.0000000000000000     
  -1.9223513359746537E-010   1.7609463518353689E-011
  -5.5277714838973237E-009   5.0553324611801059E-010
          31   0.0000000000000000        0.0000000000000000     
  -2.0563580018986006E-010   2.0056592278137420E-011
  -5.9122653071423237E-009   5.7569320177802772E-010
          32   0.0000000000000000        0.0000000000000000     
  -2.2106581855858387E-010   2.3029778495075375E-011
  -6.3549297053642634E-009   6.6092429666339511E-010
          33   0.0000000000000000        0.0000000000000000     
  -2.3897076747535866E-010   2.6689041896667354E-011
  -6.8685286221634819E-009   7.6580951983075554E-010
          34   0.0000000000000000        0.0000000000000000     
  -2.5993450735582849E-010   3.1259777522233291E-011
  -7.4697862442881298E-009   8.9680396559647201E-010
          35   0.0000000000000000        0.0000000000000000     
  -2.8473602492894856E-010   3.7067507181868101E-011
  -8.1810147950137159E-009   1.0632299412414260E-009
          36   0.0000000000000000        0.0000000000000000     
  -3.1443621613203502E-010   4.4596155575146936E-011
  -9.0325996046570884E-009   1.2789456922534179E-009
          37   0.0000000000000000        0.0000000000000000     
  -3.5051420869697216E-010   5.4589866851001084E-011
  -1.0066902736261223E-008   1.5652608850085536E-009
          38   0.0000000000000000        0.0000000000000000     
  -3.9508831307117127E-010   6.8239624051374551E-011
  -1.1344589910480210E-008   1.9562803713563136E-009
          39   0.0000000000000000        0.0000000000000000     
  -4.5128627342119609E-010   8.7545235672268689E-011
  -1.2955232567522847E-008   2.5092694845838178E-009
          40   0.0000000000000000        0.0000000000000000     
  -5.2388624389036519E-010   1.1606671101132651E-010
  -1.5035662002470307E-008   3.3261692399220215E-009
          41   0.0000000000000000        0.0000000000000000     
  -6.2045195571881653E-010   1.6061720285530745E-010
  -1.7802474373184828E-008   4.6020727154124788E-009
          42   0.0000000000000000        0.0000000000000000     
  -7.5330276923895797E-010   2.3547826498498763E-010
  -2.1608442140915458E-008   6.7459262907206839E-009
          43   0.0000000000000000        0.0000000000000000     
  -9.4219200134461791E-010   3.7423176323050316E-010
  -2.7019206577390333E-008   1.0719328818774391E-008
          44   0.0000000000000000        0.0000000000000000     
  -1.2104926320810484E-009   6.6745754282267142E-010
  -3.4704058171110611E-008   1.9115979896995378E-008
          45   0.0000000000000000        0.0000000000000000     
  -1.4943125535399035E-009   1.3832488759727208E-009
  -4.2833512339491356E-008   3.9612561376060984E-008
          46   0.0000000000000000        0.0000000000000000     
  -8.9111375682957267E-010   2.8785476463393009E-009
  -2.5564008832271991E-008   8.2429878325087485E-008
          47   0.0000000000000000        0.0000000000000000     
   1.3499065396931686E-009   2.6510320410768250E-009
   3.8603168375347165E-008   7.5915584355416430E-008
          48   0.0000000000000000        0.0000000000000000     
   1.6858544546111284E-009   1.2127500832559404E-009
   4.8219523455567288E-008   3.4731850982035574E-008
          49   0.0000000000000000        0.0000000000000000     
   1.3743867019737034E-009   5.8426002629633731E-010
   3.9297192030786702E-008   1.6736059496925180E-008
          50   0.0000000000000000        0.0000000000000000     
   1.1129463339912401E-009   3.2514405379772317E-010
   3.1806947910502768E-008   9.3171478756958859E-009
          51   0.0000000000000000        0.0000000000000000     
   9.3227369559251355E-010   2.0086927566912498E-010
   2.6628957518176501E-008   5.7594385226883892E-009
          52   0.0000000000000000        0.0000000000000000     
   8.0649748623709898E-010   1.3293120365931331E-010
   2.3022336059995103E-008   3.8150303578077920E-009
          53   0.0000000000000000        0.0000000000000000     
   7.1634763300061722E-010   9.1880678202969935E-011
   2.0435204434835206E-008   2.6406961149174027E-009
          54   0.0000000000000000        0.0000000000000000     
   6.5006310231662362E-010   6.5042994865447150E-011
   1.8530679162786305E-008   1.8735427549129257E-009
          55   0.0000000000000000        0.0000000000000000     
   6.0049162824544630E-010   4.6301236314386833E-011
   1.7103819028313797E-008   1.3384669322708290E-009
          56   0.0000000000000000        0.0000000000000000     
   5.6317104773291451E-010   3.2412441964624802E-011
   1.6026677270639204E-008   9.4267538131942483E-010
          57   0.0000000000000000        0.0000000000000000     
   5.3525057288742659E-010   2.1510296918990179E-011
   1.5217401768655237E-008   6.3281696222368999E-010
          58   0.0000000000000000        0.0000000000000000     
   5.1489122023748833E-010   1.2430515298739457E-011
   1.4623051113738334E-008   3.7567533672772821E-010
          59   0.0000000000000000        0.0000000000000000     
   5.0092901419717541E-010   4.3763944257862940E-012
   1.4209928414003258E-008   1.4860756917994038E-010
          60   0.0000000000000000        0.0000000000000000     
   4.9268741611532075E-010  -3.2661186219225826E-012
   1.3958177997041802E-008  -6.5727160415699026E-011
          61   0.0000000000000000        0.0000000000000000     
   4.8988155898134361E-010  -1.1048666866238443E-011
   1.3858995270002453E-008  -2.8277099926239008E-010
          62   0.0000000000000000        0.0000000000000000     
   4.9258760410345898E-010  -1.9561561336878369E-011
   1.3913676555578101E-008  -5.1889459447340829E-010
          63   0.0000000000000000        0.0000000000000000     
   5.0126968280397073E-010  -2.9551005267494160E-011
   1.4134277452995884E-008  -7.9463489437656634E-010
          64   0.0000000000000000        0.0000000000000000     
   5.1687229917188633E-010  -4.2097987877015753E-011
   1.4546080167463660E-008  -1.1395967970488081E-009
          65   0.0000000000000000        0.0000000000000000     
   5.4100229995908020E-010  -5.8944423703510499E-011
   1.5192516855424228E-008  -1.6013573137493264E-009
          66   0.0000000000000000        0.0000000000000000     
   5.7623980994752144E-010  -8.3161358700395237E-011
   1.6143617837732286E-008  -2.2636847536052949E-009
          67   0.0000000000000000        0.0000000000000000     
   6.2659712927420880E-010  -1.2065589923441150E-010
   1.7508498572984943E-008  -3.2876084409193542E-009
          68   0.0000000000000000        0.0000000000000000     
   6.9785201407206766E-010  -1.8390112533366874E-010
   1.9444428853775891E-008  -5.0130598044140541E-009
          69   0.0000000000000000        0.0000000000000000     
   7.9539119633190557E-010  -3.0194806672478417E-010
   2.2098061906486527E-008  -8.2316907590971806E-009
          70   0.0000000000000000        0.0000000000000000     
   9.0314062323038226E-010  -5.4656042242408187E-010
   2.5031301822062397E-008  -1.4899016922130827E-008
          71   0.0000000000000000        0.0000000000000000     
   8.5028192350416543E-010  -1.0461071595130772E-009
   2.3589479180554781E-008  -2.8512976769789430E-008
          72   0.0000000000000000        0.0000000000000000     
   1.3583677411697557E-010  -1.4660938836009440E-009
   4.1214779698586720E-009  -3.9959023777968744E-008
          73   0.0000000000000000        0.0000000000000000     
  -5.1450055679813816E-010  -9.8553805552766638E-010
  -1.3598409441271280E-008  -2.6866380373920596E-008
          74   0.0000000000000000        0.0000000000000000     
  -5.2822135820963510E-010  -5.0808557528096191E-010
  -1.3969996160534608E-008  -1.3858367555169753E-008
          75   0.0000000000000000        0.0000000000000000     
  -4.1145720486449743E-010  -2.8089707099056544E-010
  -1.0784754583312096E-008  -7.6698562762385246E-009
          76   0.0000000000000000        0.0000000000000000     
  -3.0996468941228439E-010  -1.7218841390257826E-010
  -8.0143408428242828E-009  -4.7099219441569223E-009
          77   0.0000000000000000        0.0000000000000000     
  -2.3459599672805313E-010  -1.1458207109461812E-010
  -5.9544011771951198E-009  -3.1426497065169214E-009
          78   0.0000000000000000        0.0000000000000000     
  -1.7900563919564076E-010  -8.1053084718772329E-011
  -4.4319391010023295E-009  -2.2316932224722324E-009
          79   0.0000000000000000        0.0000000000000000     
  -1.3719361584726631E-010  -5.9999958647355904E-011
  -3.2833416358131726E-009  -1.6609890684944741E-009
          80   0.0000000000000000        0.0000000000000000     
  -1.0503663687066223E-010  -4.5930445593400057E-011
  -2.3960966519165434E-009  -1.2809602323987742E-009
          81   0.0000000000000000        0.0000000000000000     
  -7.9833163495765718E-011  -3.5998299575340789E-011
  -1.6963868712498011E-009  -1.0141536941996544E-009
          82   0.0000000000000000        0.0000000000000000     
  -5.9815722380932510E-011  -2.8601534219000979E-011
  -1.1357880836307217E-009  -8.1705511340081547E-010
          83   0.0000000000000000        0.0000000000000000     
  -4.3827565448027246E-011  -2.2759259395583311E-011
  -6.8244013495256476E-010  -6.6312459207476104E-010
          84   0.0000000000000000        0.0000000000000000     
  -3.1128138747320878E-011  -1.7806024058792948E-011
  -3.1571964293319659E-010  -5.3449383919982231E-010
          85   0.0000000000000000        0.0000000000000000     
  -2.1282875478130617E-011  -1.3221350733903253E-011
  -2.3198114142855437E-011  -4.1736428303011161E-010
          86   0.0000000000000000        0.0000000000000000     
  -1.4109470085816797E-011  -8.5118728066481525E-012
   2.0087968402012691E-010  -2.9887001960347889E-010
          87   0.0000000000000000        0.0000000000000000     
  -9.6667916632030805E-012  -3.0968559824727556E-012
   3.5598382375367511E-010  -1.6409362491026966E-010
          88   0.0000000000000000        0.0000000000000000     
  -8.2814103451648007E-012   3.8522362634091317E-012
   4.3470266888146235E-010   8.0468814137144867E-012
          89   0.0000000000000000        0.0000000000000000     
  -1.0606889002605083E-011   1.3702113241967456E-011
   4.2129790348632380E-010   2.5218497193320310E-010
          90   0.0000000000000000        0.0000000000000000     
  -1.7678952847246098E-011   2.8966517362670377E-011
   2.9035565051350734E-010   6.3195655967054951E-010
          91   0.0000000000000000        0.0000000000000000     
  -3.0743702063330822E-011   5.4704284176386391E-011
   1.1192885798029135E-011   1.2754582664248040E-009
          92   0.0000000000000000        0.0000000000000000     
  -4.9669240508798881E-011   1.0185374832541197E-010
  -4.1179769048337443E-010   2.4598126287096648E-009
          93   0.0000000000000000        0.0000000000000000     
  -6.3843935564702503E-011   1.9394635125962199E-010
  -7.0820007630777536E-010   4.7814383864680919E-009
          94   0.0000000000000000        0.0000000000000000     
  -1.2296427120992147E-011   3.6094893995160312E-010
   6.7014736191051759E-010   8.9997893272199962E-009
          95   0.0000000000000000        0.0000000000000000     
   2.3831498672333072E-010   4.9566707712037142E-010
   7.1076049247319133E-009   1.2394616727768382E-008
          96   0.0000000000000000        0.0000000000000000     
   5.0470025606201680E-010   3.6032989706021381E-010
   1.3956985731287375E-008   8.9328597111678378E-009
          97   0.0000000000000000        0.0000000000000000     
   5.7223831748780465E-010   1.7375876218601937E-010
   1.5777043878228744E-008   4.1632213823779221E-009
          98   0.0000000000000000        0.0000000000000000     
   5.7234497112608762E-010   6.1970407940356475E-011
   1.5905541165719362E-008   1.2790917189815949E-009
          99   0.0000000000000000        0.0000000000000000     
   5.7378110572072114E-010  -5.3795017765010712E-012
   1.6092322256571702E-008  -4.9444448699674619E-010
         100   0.0000000000000000        0.0000000000000000     
   5.9009231077534061E-010  -5.5552029449185542E-011
   1.6688664307456231E-008  -1.8573289238255726E-009
         101   0.0000000000000000        0.0000000000000000     
   6.2374035290679711E-010  -1.0373977212378717E-010
   1.7767592765165188E-008  -3.2092857761636811E-009
         102   0.0000000000000000        0.0000000000000000     
   6.7653917221440546E-010  -1.6151408944294105E-010
   1.9389363493665405E-008  -4.8696399539562900E-009
         103   0.0000000000000000        0.0000000000000000     
   7.5118905096948109E-010  -2.4333039460587085E-010
   2.1639444943004638E-008  -7.2544006347583381E-009
         104   0.0000000000000000        0.0000000000000000     
   8.4896352828819867E-010  -3.7454830949672949E-010
   2.4559458209899564E-008  -1.1106928639146922E-008
         105   0.0000000000000000        0.0000000000000000     
   9.5626534562092798E-010  -6.0575098589500792E-010
   2.7750287213240451E-008  -1.7918313612867697E-008
         106   0.0000000000000000        0.0000000000000000     
   9.8484475460680432E-010  -1.0236316952540337E-009
   2.8606118939898655E-008  -3.0247776026546465E-008
         107   0.0000000000000000        0.0000000000000000     
   6.2567526701754816E-010  -1.5988567778664097E-009
   1.7997270522471795E-008  -4.7226942025007309E-008
         108   0.0000000000000000        0.0000000000000000     
  -2.3722822280478174E-010  -1.6847389255899948E-009
  -7.5029185059516322E-009  -4.9747130228687451E-008
         109   0.0000000000000000        0.0000000000000000     
  -7.1317177418381249E-010  -1.1351306789846268E-009
  -2.1578129223853945E-008  -3.3488523595722818E-008
         110   0.0000000000000000        0.0000000000000000     
  -7.1381618423157505E-010  -6.7801465457686555E-010
  -2.1619184382563167E-008  -1.9957907859453464E-008
         111   0.0000000000000000        0.0000000000000000     
  -5.9344872235695255E-010  -4.2911321545886317E-010
  -1.8095484053654296E-008  -1.2570727138066350E-008
         112   0.0000000000000000        0.0000000000000000     
  -4.7120567575942081E-010  -2.9936047843709275E-010
  -1.4529137671351827E-008  -8.6888811436524942E-009
         113   0.0000000000000000        0.0000000000000000     
  -3.6648583837320407E-010  -2.3267870829567870E-010
  -1.1494903903944383E-008  -6.6430142168165197E-009
         114   0.0000000000000000        0.0000000000000000     
  -2.7834390210646268E-010  -2.0496411375282672E-010
  -8.9608222875026554E-009  -5.6960789598560776E-009
         115   0.0000000000000000        0.0000000000000000     
  -2.0717784272755564E-010  -2.0972799615272054E-010
  -6.9066577521210569E-009  -5.6103227153658185E-009
         116   0.0000000000000000        0.0000000000000000     
  -1.6897166759831506E-010  -2.4529482039225489E-010
  -5.6735932876899910E-009  -6.3020510089748589E-009
         117   0.0000000000000000        0.0000000000000000     
  -1.9212938797834239E-010  -2.7322741679932650E-010
  -5.8939611274385766E-009  -6.8646144832994229E-009
         118   0.0000000000000000        0.0000000000000000     
  -2.2376235953731314E-010  -2.3247137465711060E-010
  -6.3385682443014306E-009  -5.8829809345859328E-009
         119   0.0000000000000000        0.0000000000000000     
  -2.0197201415512205E-010  -1.7458041235017586E-010
  -5.5745647981678509E-009  -4.5333922866410961E-009
         120   0.0000000000000000        0.0000000000000000     
  -1.5439611473085775E-010  -1.4015431842462955E-010
  -4.2265468229323143E-009  -3.7444002302973772E-009
         121   0.0000000000000000        0.0000000000000000     
  -1.0181244113673081E-010  -1.2509708295514056E-010
  -2.7625566859368958E-009  -3.4211862051512593E-009
         122   0.0000000000000000        0.0000000000000000     
  -4.8373204037128246E-011  -1.2233728344430854E-010
  -1.2690641156038648E-009  -3.4030335303321823E-009
         123   0.0000000000000000        0.0000000000000000     
   6.7924654119605500E-012  -1.2861424410359360E-010
   2.8344753683258361E-010  -3.6193694777692840E-009
         124   0.0000000000000000        0.0000000000000000     
   6.5827821285176716E-011  -1.4332641788476384E-010
   1.9552002494314206E-009  -4.0642133937506945E-009
         125   0.0000000000000000        0.0000000000000000     
   1.3141750900990073E-010  -1.6779229324620997E-010
   3.8212823706323617E-009  -4.7810567013057582E-009
         126   0.0000000000000000        0.0000000000000000     
   2.0679462830137212E-010  -2.0536921651128098E-010
   5.9728452080511849E-009  -5.8691604539008259E-009
         127   0.0000000000000000        0.0000000000000000     
   2.9585357426600833E-010  -2.6244207080392018E-010
   8.5204292926742659E-009  -7.5131993931720177E-009
         128   0.0000000000000000        0.0000000000000000     
   4.0292922900011525E-010  -3.5076128087307492E-010
   1.1587571268858729E-008  -1.0050856324011631E-008
         129   0.0000000000000000        0.0000000000000000     
   5.3099472967708071E-010  -4.9240443911183116E-010
   1.5259125492452903E-008  -1.4115243886564816E-008
         130   0.0000000000000000        0.0000000000000000     
   6.7359403916482970E-010  -7.2964194439979915E-010
   1.9350211766046571E-008  -2.0917629946365060E-008
         131   0.0000000000000000        0.0000000000000000     
   7.8339701036333652E-010  -1.1386080285105668E-009
   2.2505788431803829E-008  -3.2639108935847336E-008
         132   0.0000000000000000        0.0000000000000000     
   6.7373434028979519E-010  -1.7995639161024567E-009
   1.9381151589783957E-008  -5.1579387391886499E-008
         133   0.0000000000000000        0.0000000000000000     
  -5.2278157316317429E-011  -2.4867926906371727E-009
  -1.3876256328028948E-009  -7.1277607661614936E-008
         134   0.0000000000000000        0.0000000000000000     
  -1.2155326851798918E-009  -2.3901796692732454E-009
  -3.4671548273137787E-008  -6.8540910669245982E-008
         135   0.0000000000000000        0.0000000000000000     
  -1.8158578655778891E-009  -1.6345576377341226E-009
  -5.1832763578548198E-008  -4.6951653332744282E-008
         136   0.0000000000000000        0.0000000000000000     
  -1.8639182827801211E-009  -9.9283846464394894E-010
  -5.3185503544357980E-008  -2.8655393139651037E-008
         137   0.0000000000000000        0.0000000000000000     
  -1.7405921149043629E-009  -5.9566250942151476E-010
  -4.9669393390411338E-008  -1.7406911667418515E-008
         138   0.0000000000000000        0.0000000000000000     
  -1.5916375495269573E-009  -3.5564364993024582E-010
  -4.5527941452165815E-008  -1.0664831719872070E-008
