   262144.00000000000     
         256           1           3
   1.7567330116226543E-005  -39.181784669427003        11.322369664200000     
   6.0401400154609997        12.000000000000000        5733.8999999999996     
           0   0.0000000000000000        0.0000000000000000     
   0.0000000000000000        0.0000000000000000     
   0.0000000000000000        0.0000000000000000     
           1   0.0000000000000000        0.0000000000000000     
   2.2608278711908384E-008  -5.9911538997024120E-011
  -3.0049185082765555E-010  -5.0046686354114573E-013
           2   0.0000000000000000        0.0000000000000000     
   2.2615644746422140E-008  -1.8494662301918370E-011
  -3.0052713059469528E-010  -6.9277230482403327E-014
           3   0.0000000000000000        0.0000000000000000     
   2.2631692752663877E-008  -1.2517120863321714E-011
  -3.0055151268582693E-010   3.6330558687954358E-014
           4   0.0000000000000000        0.0000000000000000     
   2.2647909807517411E-008  -1.2773035187958506E-011
  -3.0064364123934811E-010   8.4969993961702953E-014
           5   0.0000000000000000        0.0000000000000000     
   2.2666270669486195E-008  -1.4602360664644885E-011
  -3.0078590137532533E-010   1.1959977869416308E-013
           6   0.0000000000000000        0.0000000000000000     
   2.2687690804290548E-008  -1.6986167276489606E-011
  -3.0097057926561235E-010   1.4970888257386340E-013
           7   0.0000000000000000        0.0000000000000000     
   2.2712599986439616E-008  -1.9630168293312818E-011
  -3.0119459538212949E-010   1.7812983565418143E-013
           8   0.0000000000000000        0.0000000000000000     
   2.2741246834741782E-008  -2.2434485875053039E-011
  -3.0145671309176175E-010   2.0591468565124008E-013
           9   0.0000000000000000        0.0000000000000000     
   2.2773812135288687E-008  -2.5364048098309144E-011
  -3.0175650705934399E-010   2.3352797165784894E-013
          10   0.0000000000000000        0.0000000000000000     
   2.2810454301995995E-008  -2.8409388295996890E-011
  -3.0209395765906398E-010   2.6120879114583602E-013
          11   0.0000000000000000        0.0000000000000000     
   2.2851329878804441E-008  -3.1572844611221760E-011
  -3.0246927730763385E-010   2.8909959284882430E-013
          12   0.0000000000000000        0.0000000000000000     
   2.2896604193139625E-008  -3.4863164340960760E-011
  -3.0288283010536341E-010   3.1729799710202329E-013
          13   0.0000000000000000        0.0000000000000000     
   2.2946457862628236E-008  -3.8293285902184556E-011
  -3.0333509287365270E-010   3.4587976952307203E-013
          14   0.0000000000000000        0.0000000000000000     
   2.3001091596625882E-008  -4.1879462743767805E-011
  -3.0382663565108128E-010   3.7490991117202510E-013
          15   0.0000000000000000        0.0000000000000000     
   2.3060730392665410E-008  -4.5641028066776484E-011
  -3.0435811223735040E-010   4.0444842106134332E-013
          16   0.0000000000000000        0.0000000000000000     
   2.3125627720261290E-008  -4.9600511612675102E-011
  -3.0493025619041847E-010   4.3455352416710134E-013
          17   0.0000000000000000        0.0000000000000000     
   2.3196070045730026E-008  -5.3783990921412585E-011
  -3.0554388008768402E-010   4.6528362344974204E-013
          18   0.0000000000000000        0.0000000000000000     
   2.3272381979220618E-008  -5.8221634403468375E-011
  -3.0619987679013000E-010   4.9669859583570157E-013
          19   0.0000000000000000        0.0000000000000000     
   2.3354932283189493E-008  -6.2948435660726561E-011
  -3.0689922221479381E-010   5.2886073330793050E-013
          20   0.0000000000000000        0.0000000000000000     
   2.3444141531024407E-008  -6.8005161892674510E-011
  -3.0764146009340443E-010   5.6183546244716299E-013
          21   0.0000000000000000        0.0000000000000000     
   2.3540488662921169E-008  -7.3439562322617111E-011
  -3.0843078306123120E-010   5.9569219131653916E-013
          22   0.0000000000000000        0.0000000000000000     
   2.3644524488641923E-008  -7.9307904378653080E-011
  -3.0926692405795389E-010   6.3050469906191133E-013
          23   0.0000000000000000        0.0000000000000000     
   2.3756882432818038E-008  -8.5676933143830322E-011
  -3.1015123903116171E-010   6.6635195938899159E-013
          24   0.0000000000000000        0.0000000000000000     
   2.3878294827563844E-008  -9.2626387652133824E-011
  -3.1108519541228197E-010   7.0331878754950854E-013
          25   0.0000000000000000        0.0000000000000000     
   2.4009612556454986E-008  -1.0025225853783718E-010
  -3.1207038056411394E-010   7.4149658685232139E-013
          26   0.0000000000000000        0.0000000000000000     
   2.4151829715437358E-008  -1.0867104621211569E-010
  -3.1310851130817275E-010   7.8098417043868705E-013
          27   0.0000000000000000        0.0000000000000000     
   2.4306114860374976E-008  -1.1802538592932550E-010
  -3.1420144461153844E-010   8.2188867854148523E-013
          28   0.0000000000000000        0.0000000000000000     
   2.4473850993941091E-008  -1.2849156576402525E-010
  -3.1535118961536358E-010   8.6432660943320170E-013
          29   0.0000000000000000        0.0000000000000000     
   2.4656687291879113E-008  -1.4028970282336551E-010
  -3.1655992114375566E-010   9.0842498676737004E-013
          30   0.0000000000000000        0.0000000000000000     
   2.4856606805956305E-008  -1.5369771051090069E-010
  -3.1782999490397571E-010   9.5432268777456020E-013
          31   0.0000000000000000        0.0000000000000000     
   2.5076016220714536E-008  -1.6907076353873906E-010
  -3.1916396462909422E-010   1.0021719595186505E-012
          32   0.0000000000000000        0.0000000000000000     
   2.5317866541144679E-008  -1.8686888306408923E-010
  -3.2056460141208219E-010   1.0521401571989899E-012
          33   0.0000000000000000        0.0000000000000000     
   2.5585817910829215E-008  -2.0769676067242968E-010
  -3.2203491558245731E-010   1.1044117410243142E-012
          34   0.0000000000000000        0.0000000000000000     
   2.5884468615020550E-008  -2.3236244743927557E-010
  -3.2357818149900403E-010   1.1591905753302496E-012
          35   0.0000000000000000        0.0000000000000000     
   2.6219678856997981E-008  -2.6196585918567092E-010
  -3.2519627071734184E-010   1.2167024924004440E-012
          36   0.0000000000000000        0.0000000000000000     
   2.6599042492555365E-008  -2.9803575112379008E-010
  -3.2689646380050089E-010   1.2771986860088245E-012
          37   0.0000000000000000        0.0000000000000000     
   2.7032579640414400E-008  -3.4274803313634064E-010
  -3.2868131727954279E-010   1.3409587069543171E-012
          38   0.0000000000000000        0.0000000000000000     
   2.7533800156078459E-008  -3.9928564506583382E-010
  -3.3055548480087782E-010   1.4082947897446208E-012
          39   0.0000000000000000        0.0000000000000000     
   2.8121371340161993E-008  -4.7245533570824553E-010
  -3.3252328519487321E-010   1.4795561862206640E-012
          40   0.0000000000000000        0.0000000000000000     
   2.8821850202252817E-008  -5.6979402339133967E-010
  -3.3459189392458176E-010   1.5551341340183809E-012
          41   0.0000000000000000        0.0000000000000000     
   2.9674319643190022E-008  -7.0366361355322864E-010
  -3.3676669716424774E-010   1.6354662463151793E-012
          42   0.0000000000000000        0.0000000000000000     
   3.0738722148760749E-008  -8.9548480346880813E-010
  -3.3905536215329943E-010   1.7210399389246244E-012
          43   0.0000000000000000        0.0000000000000000     
   3.2111731828763340E-008  -1.1850097174587773E-009
  -3.4146599310780585E-010   1.8123903816782761E-012
          44   0.0000000000000000        0.0000000000000000     
   3.3959258475332334E-008  -1.6527979827817555E-009
  -3.4400305011295869E-010   1.9100821980098769E-012
          45   0.0000000000000000        0.0000000000000000     
   3.6589070533466188E-008  -2.4823912589552750E-009
  -3.4668052510288374E-010   2.0146397421664540E-012
          46   0.0000000000000000        0.0000000000000000     
   4.0628760835045051E-008  -4.1659974687713948E-009
  -3.4950283950785744E-010   2.1262783201283153E-012
          47   0.0000000000000000        0.0000000000000000     
   4.7473523186550439E-008  -8.3800757795211758E-009
  -3.5247528262956268E-010   2.2437048985796103E-012
          48   0.0000000000000000        0.0000000000000000     
   5.9300023020786379E-008  -2.3200036488561792E-008
  -3.5563500487383149E-010   2.3568556948825285E-012
          49   0.0000000000000000        0.0000000000000000     
   3.7861882387645860E-008  -7.6157083827512155E-008
  -3.5900205899092690E-010   2.4286595086843968E-012
          50   0.0000000000000000        0.0000000000000000     
  -1.5087427242814050E-008  -3.3123378651951770E-008
  -3.6264503881367516E-010   2.6485050007621984E-012
          51   0.0000000000000000        0.0000000000000000     
  -2.9024658282805811E-009  -1.0679910474748156E-008
  -3.6642093983761944E-010   2.8553333621289130E-012
          52   0.0000000000000000        0.0000000000000000     
   5.1809024911093417E-009  -4.9762173533525308E-009
  -3.7045077453646239E-010   3.0570046246706006E-012
          53   0.0000000000000000        0.0000000000000000     
   9.8657376248104747E-009  -2.8783190992020815E-009
  -3.7476303387441629E-010   3.2748933864590137E-012
          54   0.0000000000000000        0.0000000000000000     
   1.2883091736494409E-008  -1.9016106153660266E-009
  -3.7938645516238403E-010   3.5161433077861266E-012
          55   0.0000000000000000        0.0000000000000000     
   1.5010954350523651E-008  -1.3760537740966036E-009
  -3.8435591667491429E-010   3.7862204399097624E-012
          56   0.0000000000000000        0.0000000000000000     
   1.6621453542590416E-008  -1.0657076269057765E-009
  -3.8971605639981224E-010   4.0911053032413941E-012
          57   0.0000000000000000        0.0000000000000000     
   1.7911488754120703E-008  -8.7123191346993171E-010
  -3.9551796861891629E-010   4.4380667578149989E-012
          58   0.0000000000000000        0.0000000000000000     
   1.8994917830154627E-008  -7.4526785313934852E-010
  -4.0182451549833704E-010   4.8362806717649213E-012
          59   0.0000000000000000        0.0000000000000000     
   1.9942871542306390E-008  -6.6317888498365220E-010
  -4.0871257883304672E-010   5.2975813211071201E-012
          60   0.0000000000000000        0.0000000000000000     
   2.0803117947409219E-008  -6.1140307267887446E-010
  -4.1627813237875976E-010   5.8375068245488081E-012
          61   0.0000000000000000        0.0000000000000000     
   2.1610217150453820E-008  -5.8231822407392453E-010
  -4.2463864896720160E-010   6.4768283446899539E-012
          62   0.0000000000000000        0.0000000000000000     
   2.2391319953885069E-008  -5.7182554373170856E-010
  -4.3394666803803997E-010   7.2438599686202671E-012
          63   0.0000000000000000        0.0000000000000000     
   2.3169877659331686E-008  -5.7820592090486139E-010
  -4.4439847507074309E-010   8.1780478313732596E-012
          64   0.0000000000000000        0.0000000000000000     
   2.3968380954424792E-008  -6.0166731148794010E-010
  -4.5625540999248145E-010   9.3357250910876679E-012
          65   0.0000000000000000        0.0000000000000000     
   2.4810848626125419E-008  -6.4437434223772437E-010
  -4.6986224861017130E-010   1.0799665814479903E-011
          66   0.0000000000000000        0.0000000000000000     
   2.5725644373460109E-008  -7.1096849016913721E-010
  -4.8570518769568828E-010   1.2695604108495674E-011
          67   0.0000000000000000        0.0000000000000000     
   2.6749366710000266E-008  -8.0980825421146578E-010
  -5.0447739420495264E-010   1.5222171467142867E-011
          68   0.0000000000000000        0.0000000000000000     
   2.7932996979070135E-008  -9.5554547087200280E-010
  -5.2719650395574263E-010   1.8708297424231809E-011
          69   0.0000000000000000        0.0000000000000000     
   2.9352656636131088E-008  -1.1745525477105008E-009
  -5.5544104784485052E-010   2.3731026226254728E-011
          70   0.0000000000000000        0.0000000000000000     
   3.1130113293760536E-008  -1.5171440319042735E-009
  -5.9178176540142341E-010   3.1378584664065917E-011
          71   0.0000000000000000        0.0000000000000000     
   3.3475231990039781E-008  -2.0880281943675437E-009
  -6.4068936286478861E-010   4.3904104262305062E-011
          72   0.0000000000000000        0.0000000000000000     
   3.6782535988790945E-008  -3.1334528983481152E-009
  -7.1060505856717771E-010   6.6594961859009838E-011
          73   0.0000000000000000        0.0000000000000000     
   4.1871718421871816E-008  -5.3431550406758101E-009
  -8.1910609768471999E-010   1.1424844029127091E-010
          74   0.0000000000000000        0.0000000000000000     
   5.0569644860482952E-008  -1.1222925271349129E-008
  -1.0053705152719811E-009   2.4060652831645136E-010
          75   0.0000000000000000        0.0000000000000000     
   6.4283218926785484E-008  -3.3769752995343107E-008
  -1.2995272028602203E-009   7.2439361802339052E-010
          76   0.0000000000000000        0.0000000000000000     
   1.3436213084683158E-008  -8.6493119365244935E-008
  -2.0962156634219995E-010   1.8553246460781851E-009
          77   0.0000000000000000        0.0000000000000000     
  -1.8173655752920980E-008  -2.7905567007143508E-008
   4.6740480417536313E-010   5.9922464845594027E-010
          78   0.0000000000000000        0.0000000000000000     
  -4.6900192636241557E-009  -9.8881677044593963E-009
   1.7695730154648211E-010   2.1317166727366866E-010
          79   0.0000000000000000        0.0000000000000000     
   3.3193545145471956E-009  -4.9049898738050594E-009
   3.4295673989248946E-012   1.0666926099485296E-010
          80   0.0000000000000000        0.0000000000000000     
   8.0937405049797145E-009  -2.9561200233456048E-009
  -1.0123506682414672E-010   6.5280431612809910E-011
          81   0.0000000000000000        0.0000000000000000     
   1.1260131780392903E-008  -2.0136337683948861E-009
  -1.7200356315074412E-010   4.5528851253390857E-011
          82   0.0000000000000000        0.0000000000000000     
   1.3549696190469501E-008  -1.4933654732476950E-009
  -2.2464062768434564E-010   3.4902653207980817E-011
          83   0.0000000000000000        0.0000000000000000     
   1.5319850036339367E-008  -1.1803857890148508E-009
  -2.6691484745958612E-010   2.8812690155608374E-011
          84   0.0000000000000000        0.0000000000000000     
   1.6763498536661086E-008  -9.8141052846319428E-010
  -3.0310477043369924E-010   2.5284790617698468E-011
          85   0.0000000000000000        0.0000000000000000     
   1.7994050108882523E-008  -8.5098445071923650E-010
  -3.3582262088886179E-010   2.3379459028810150E-011
          86   0.0000000000000000        0.0000000000000000     
   1.9083361768424977E-008  -7.6508764572265202E-010
  -3.6684740455602104E-010   2.2629924506933482E-011
          87   0.0000000000000000        0.0000000000000000     
   2.0080312552361102E-008  -7.1037334932746694E-010
  -3.9753389211153819E-010   2.2817648876800965E-011
          88   0.0000000000000000        0.0000000000000000     
   2.1020734685407108E-008  -6.7935398806836610E-010
  -4.2907268630612792E-010   2.3879185428271809E-011
          89   0.0000000000000000        0.0000000000000000     
   2.1933245975477067E-008  -6.6814527495098134E-010
  -4.6265448310091710E-010   2.5874512680331892E-011
          90   0.0000000000000000        0.0000000000000000     
   2.2843140499107040E-008  -6.7547262690215192E-010
  -4.9962819806469081E-010   2.8994504609519405E-011
          91   0.0000000000000000        0.0000000000000000     
   2.3775571315149258E-008  -7.0246256430793182E-010
  -5.4170084937960023E-010   3.3608322852008796E-011
          92   0.0000000000000000        0.0000000000000000     
   2.4758862997583477E-008  -7.5317196452221837E-010
  -5.9122209580339822E-010   4.0373442704215848E-011
          93   0.0000000000000000        0.0000000000000000     
   2.5829093627645077E-008  -8.3623671151982436E-010
  -6.5167969355538330E-010   5.0471454732174150E-011
          94   0.0000000000000000        0.0000000000000000     
   2.7037775865195893E-008  -9.6887243630646434E-010
  -7.2859117599552895E-010   6.6135297494277041E-011
          95   0.0000000000000000        0.0000000000000000     
   2.8466833392293045E-008  -1.1868748354289101E-009
  -8.3139206392170737E-010   9.1940640001024905E-011
          96   0.0000000000000000        0.0000000000000000     
   3.0261470408095570E-008  -1.5726451429189337E-009
  -9.7758788974296711E-010   1.3840972876826880E-010
          97   0.0000000000000000        0.0000000000000000     
   3.2710331354136802E-008  -2.3489219520949759E-009
  -1.2029783569107481E-009   2.3406090891202634E-010
          98   0.0000000000000000        0.0000000000000000     
   3.6445187591152814E-008  -4.2835727493146089E-009
  -1.5872593596014497E-009   4.7746170279089916E-010
          99   0.0000000000000000        0.0000000000000000     
   4.2363206556568859E-008  -1.1137029142466970E-008
  -2.2440471817778661E-009   1.3520109345766821E-009
         100   0.0000000000000000        0.0000000000000000     
   3.1730609395092628E-008  -3.3877377822087665E-008
  -7.6120410277754654E-010   4.2680737746841631E-009
         101   0.0000000000000000        0.0000000000000000     
   1.2283042042805181E-008  -1.4026118304820616E-008
   1.8690937125176536E-009   1.7031241285670814E-009
         102   0.0000000000000000        0.0000000000000000     
   1.8623389954244759E-008  -5.2274679503860813E-009
   1.2001742508058550E-009   5.5632844528877473E-010
         103   0.0000000000000000        0.0000000000000000     
   2.3236518710656093E-008  -3.0659026496713557E-009
   7.7669234628008644E-010   2.5832942293752011E-010
         104   0.0000000000000000        0.0000000000000000     
   2.6671639189408154E-008  -2.4020379441912084E-009
   5.3580328034141723E-010   1.4585520946795434E-010
         105   0.0000000000000000        0.0000000000000000     
   2.9726348795758049E-008  -2.2730455102111864E-009
   3.8645595113396182E-010   9.1430766560687942E-011
         106   0.0000000000000000        0.0000000000000000     
   3.2849513029020063E-008  -2.4536688340958876E-009
   2.8853667918523569E-010   5.9797249029336928E-011
         107   0.0000000000000000        0.0000000000000000     
   3.6402007260284572E-008  -2.9320030742260066E-009
   2.2404088120369144E-010   3.7796532305460206E-011
         108   0.0000000000000000        0.0000000000000000     
   4.0819703841867230E-008  -3.8373038575839723E-009
   1.8555650522863142E-010   1.8632916333713259E-011
         109   0.0000000000000000        0.0000000000000000     
   4.6803744316310727E-008  -5.5336519419360487E-009
   1.7279721759707701E-010  -3.7021941682360318E-012
         110   0.0000000000000000        0.0000000000000000     
   5.5708190366290848E-008  -9.0235081227497224E-009
   1.9385825997802969E-010  -3.9778644767569670E-011
         111   0.0000000000000000        0.0000000000000000     
   7.0489318438244225E-008  -1.7665962038166373E-008
   2.7280816315225202E-010  -1.2117256046267118E-010
         112   0.0000000000000000        0.0000000000000000     
   9.6334167119762549E-008  -4.7137034747943842E-008
   4.5491155868514322E-010  -3.9230955067736732E-010
         113   0.0000000000000000        0.0000000000000000     
   6.8293840561038193E-008  -1.6308277672137531E-007
   1.4071635547451379E-010  -1.4567300891219664E-009
         114   0.0000000000000000        0.0000000000000000     
  -7.1163218883933683E-008  -8.4534900704340576E-008
  -1.2009634560911341E-009  -7.3117077738939982E-010
         115   0.0000000000000000        0.0000000000000000     
  -4.5042267148416865E-008  -2.6004187109780088E-008
  -1.0265701303335327E-009  -1.8712371247089269E-010
         116   0.0000000000000000        0.0000000000000000     
  -2.6250393222696079E-008  -1.1487885917072070E-008
  -9.2959061305554410E-010  -4.4059849081747854E-011
         117   0.0000000000000000        0.0000000000000000     
  -1.5889821760367922E-008  -6.1401063073417200E-009
  -9.2614422002360541E-010   2.0609503262977833E-011
         118   0.0000000000000000        0.0000000000000000     
  -9.8789774436115871E-009  -3.4619998774490057E-009
  -9.8859054695260600E-010   7.1274912684113401E-011
         119   0.0000000000000000        0.0000000000000000     
  -6.5301153617555343E-009  -1.6408630348939205E-009
  -1.1195187859190481E-009   1.3531622056530856E-010
         120   0.0000000000000000        0.0000000000000000     
  -5.3697025913024529E-009   2.4447717070796546E-010
  -1.3513208975436718E-009   2.5022933305017488E-010
         121   0.0000000000000000        0.0000000000000000     
  -6.8735637890034725E-009   3.6022640874780749E-009
  -1.7699794203453099E-009   5.2905190765388560E-010
         122   0.0000000000000000        0.0000000000000000     
  -1.2145031135263210E-008   1.4246729311895305E-008
  -2.5038893242896246E-009   1.5145495362738838E-009
         123   0.0000000000000000        0.0000000000000000     
   7.1890017080764497E-009   4.9386071066513509E-008
  -8.7102451722992901E-010   4.8371371130208862E-009
         124   0.0000000000000000        0.0000000000000000     
   4.1324530965617259E-008   1.9201216742380058E-008
   2.1868606421702800E-009   1.9575251078061453E-009
         125   0.0000000000000000        0.0000000000000000     
   3.5194218720797881E-008   5.3719533728394486E-009
   1.4289712465251322E-009   6.3712324684844318E-010
         126   0.0000000000000000        0.0000000000000000     
   3.1885233161819334E-008   1.8113742767342797E-009
   9.4455130274431748E-010   2.9661762843656737E-010
         127   0.0000000000000000        0.0000000000000000     
   3.0743527122410083E-008   4.6222456016921027E-010
   6.6649246281997114E-010   1.6993149850645040E-010
         128   0.0000000000000000        0.0000000000000000     
   3.0716842426983127E-008  -2.1887010121836386E-010
   4.8984070717444129E-010   1.1049092464082885E-010
         129   0.0000000000000000        0.0000000000000000     
   3.1366395233627008E-008  -6.5866912079143128E-010
   3.6760234318638273E-010   7.8279237969684567E-011
         130   0.0000000000000000        0.0000000000000000     
   3.2522124339033399E-008  -1.0181601252370865E-009
   2.7723458101223189E-010   5.9097218823896465E-011
         131   0.0000000000000000        0.0000000000000000     
   3.4145808229853261E-008  -1.3809867314361343E-009
   2.0679703718072057E-010   4.6940305704207616E-011
         132   0.0000000000000000        0.0000000000000000     
   3.6287220051728702E-008  -1.8127696966285630E-009
   1.4938738973536739E-010   3.8942408805935058E-011
         133   0.0000000000000000        0.0000000000000000     
   3.9084003805251967E-008  -2.3922720923931279E-009
   1.0067930415685889E-010   3.3618674039524518E-011
         134   0.0000000000000000        0.0000000000000000     
   4.2797532841323701E-008  -3.2467233627384337E-009
   5.7746567090464191E-011   3.0166124617939237E-011
         135   0.0000000000000000        0.0000000000000000     
   4.7904845175056628E-008  -4.6228114127558039E-009
   1.8429807760183642E-011   2.8160165102076519E-011
         136   0.0000000000000000        0.0000000000000000     
   5.5314419010473277E-008  -7.0748422531121494E-009
  -1.9051732911746886E-011   2.7422289832663745E-011
         137   0.0000000000000000        0.0000000000000000     
   6.6901162598790133E-008  -1.2077767720684288E-008
  -5.6349644301742917E-011   2.7978944486222113E-011
         138   0.0000000000000000        0.0000000000000000     
   8.6867479074988591E-008  -2.4597571860623834E-008
  -9.5298845269377928E-011   3.0092039213744598E-011
