   262144.00000000000     
         256           1           3
   1.7567330116226543E-005  -57.518655714946000        61.607736371700000     
   6.0401400154609997        12.000000000000000        5733.8999999999996     
           0   0.0000000000000000        0.0000000000000000     
   0.0000000000000000        0.0000000000000000     
   0.0000000000000000        0.0000000000000000     
           1   0.0000000000000000        0.0000000000000000     
   7.4195539607213680E-009  -5.2445589052885686E-011
   4.3818310286062406E-009   5.3468177925306168E-012
           2   0.0000000000000000        0.0000000000000000     
   7.4225881367459907E-009  -1.3183508640825655E-011
   4.3836297093186313E-009  -5.1334016918535177E-013
           3   0.0000000000000000        0.0000000000000000     
   7.4310456314627916E-009  -5.9829912605404027E-012
   4.3862222002001008E-009  -2.4659357143101045E-012
           4   0.0000000000000000        0.0000000000000000     
   7.4372034032375710E-009  -4.4070676032800550E-012
   4.3905671565005945E-009  -3.7449648109926202E-012
           5   0.0000000000000000        0.0000000000000000     
   7.4428219422854534E-009  -4.2325643165490058E-012
   4.3964711252155527E-009  -4.8710604411577518E-012
           6   0.0000000000000000        0.0000000000000000     
   7.4486949777373973E-009  -4.5312733035083826E-012
   4.4038653596834115E-009  -5.9625807392211321E-012
           7   0.0000000000000000        0.0000000000000000     
   7.4551682103462927E-009  -5.0304754969005745E-012
   4.4127427980315693E-009  -7.0580989058166393E-012
           8   0.0000000000000000        0.0000000000000000     
   7.4624144400654366E-009  -5.6330011264689998E-012
   4.4231248916198194E-009  -8.1751019645017227E-012
           9   0.0000000000000000        0.0000000000000000     
   7.4705355342938862E-009  -6.2998520849871683E-012
   4.4350496893052642E-009  -9.3244095889296133E-012
          10   0.0000000000000000        0.0000000000000000     
   7.4796028558593816E-009  -7.0146267524683664E-012
   4.4485675551081183E-009  -1.0514611473355823E-011
          11   0.0000000000000000        0.0000000000000000     
   7.4896749592243354E-009  -7.7709175116343397E-012
   4.4637397969463735E-009  -1.1753712373105522E-011
          12   0.0000000000000000        0.0000000000000000     
   7.5008062097215476E-009  -8.5672966027560746E-012
   4.4806385579018805E-009  -1.3049867466965321E-011
          13   0.0000000000000000        0.0000000000000000     
   7.5130514565974320E-009  -9.4051554007561477E-012
   4.4993473706963519E-009  -1.4411790621038297E-011
          14   0.0000000000000000        0.0000000000000000     
   7.5264689373324259E-009  -1.0287730453811379E-011
   4.5199621409997435E-009  -1.5849044348684522E-011
          15   0.0000000000000000        0.0000000000000000     
   7.5411223664579639E-009  -1.1219674995475633E-011
   4.5425924836414501E-009  -1.7372296354076010E-011
          16   0.0000000000000000        0.0000000000000000     
   7.5570826928002458E-009  -1.2206906059849729E-011
   4.5673634029799732E-009  -1.8993583933975479E-011
          17   0.0000000000000000        0.0000000000000000     
   7.5744297801045926E-009  -1.3256609839175821E-011
   4.5944173492390653E-009  -2.0726611198101386E-011
          18   0.0000000000000000        0.0000000000000000     
   7.5932541839847615E-009  -1.4377352602693415E-011
   4.6239167086249135E-009  -2.2587099236178200E-011
          19   0.0000000000000000        0.0000000000000000     
   7.6136591374334929E-009  -1.5579278368251813E-011
   4.6560468142256972E-009  -2.4593209341358970E-011
          20   0.0000000000000000        0.0000000000000000     
   7.6357635256918977E-009  -1.6874390046809866E-011
   4.6909967339776069E-009  -2.6766062373821763E-011
          21   0.0000000000000000        0.0000000000000000     
   7.6597020016885186E-009  -1.8276923915329329E-011
   4.7290551230472717E-009  -2.9130387858135822E-011
          22   0.0000000000000000        0.0000000000000000     
   7.6856322786845205E-009  -1.9803836535879942E-011
   4.7704784964566703E-009  -3.1715332041820121E-011
          23   0.0000000000000000        0.0000000000000000     
   7.7137365750253816E-009  -2.1475433491346803E-011
   4.8155892924390139E-009  -3.4555489742013840E-011
          24   0.0000000000000000        0.0000000000000000     
   7.7442273216490366E-009  -2.3316183283955511E-011
   4.8647612303238730E-009  -3.7692221002590462E-011
          25   0.0000000000000000        0.0000000000000000     
   7.7773534632069527E-009  -2.5355776448718549E-011
   4.9184295422812032E-009  -4.1175353486838364E-011
          26   0.0000000000000000        0.0000000000000000     
   7.8134083927723834E-009  -2.7630515326291189E-011
   4.9771038259254514E-009  -4.5065405362890968E-011
          27   0.0000000000000000        0.0000000000000000     
   7.8527400401472382E-009  -3.0185155426010645E-011
   5.0413843333537673E-009  -4.9436519966296190E-011
          28   0.0000000000000000        0.0000000000000000     
   7.8957638235132549E-009  -3.3075372593415094E-011
   5.1119828193974830E-009  -5.4380386345792296E-011
          29   0.0000000000000000        0.0000000000000000     
   7.9429794575750368E-009  -3.6371109522137799E-011
   5.1897495106583438E-009  -6.0011544553149448E-011
          30   0.0000000000000000        0.0000000000000000     
   7.9949930202975457E-009  -4.0161177310973906E-011
   5.2757084026727662E-009  -6.6474665769622131E-011
          31   0.0000000000000000        0.0000000000000000     
   8.0525462896412506E-009  -4.4559678431545716E-011
   5.3711040520000928E-009  -7.3954696143853465E-011
          32   0.0000000000000000        0.0000000000000000     
   8.1165562936883687E-009  -4.9715121568048461E-011
   5.4774644854306462E-009  -8.2691230144815337E-011
          33   0.0000000000000000        0.0000000000000000     
   8.1881694496917037E-009  -5.5823596117644938E-011
   5.5966871027847663E-009  -9.2999258229327282E-011
          34   0.0000000000000000        0.0000000000000000     
   8.2688369458541389E-009  -6.3148207310177959E-011
   5.7311580173170254E-009  -1.0529973937573746E-010
          35   0.0000000000000000        0.0000000000000000     
   8.3604214941951563E-009  -7.2048410251525241E-011
   5.8838713801455381E-009  -1.2016569842833257E-010
          36   0.0000000000000000        0.0000000000000000     
   8.4653532626271033E-009  -8.3025441114653936E-011
   6.0588726830163779E-009  -1.3839357598592205E-010
          37   0.0000000000000000        0.0000000000000000     
   8.5868588346162636E-009  -9.6794769498725754E-011
   6.2613232742645039E-009  -1.6111690943105318E-010
          38   0.0000000000000000        0.0000000000000000     
   8.7293135198194549E-009  -1.1440558646539259E-010
   6.4982518257573154E-009  -1.8999374978754159E-010
          39   0.0000000000000000        0.0000000000000000     
   8.8987937537449035E-009  -1.3744566643011000E-010
   6.7793739808925513E-009  -2.2752783454598539E-010
          40   0.0000000000000000        0.0000000000000000     
   9.1039853457296349E-009  -1.6840894488532580E-010
   7.1185135551702316E-009  -2.7764468032075898E-010
          41   0.0000000000000000        0.0000000000000000     
   9.3577199483674460E-009  -2.1139164250461601E-010
   7.5360194446874152E-009  -3.4678234334762072E-010
          42   0.0000000000000000        0.0000000000000000     
   9.6797449877910899E-009  -2.7349939133896011E-010
   8.0631657517712020E-009  -4.4609589691504260E-010
          43   0.0000000000000000        0.0000000000000000     
   1.0101996718746458E-008  -3.6792933065463074E-010
   8.7502040973741510E-009  -5.9628546158670918E-010
          44   0.0000000000000000        0.0000000000000000     
   1.0679398503860343E-008  -5.2144127692904289E-010
   9.6835163405163657E-009  -8.3929887873320584E-010
          45   0.0000000000000000        0.0000000000000000     
   1.1514005735801338E-008  -7.9502555305818880E-010
   1.1023341285479198E-008  -1.2707040661493250E-009
          46   0.0000000000000000        0.0000000000000000     
   1.2814149495294796E-008  -1.3522769033533094E-009
   1.3096521245696474E-008  -2.1467821813798871E-009
          47   0.0000000000000000        0.0000000000000000     
   1.5043306648130896E-008  -2.7504600137391433E-009
   1.6629709384489626E-008  -4.3404160259472080E-009
          48   0.0000000000000000        0.0000000000000000     
   1.8924668076929563E-008  -7.6740051485164422E-009
   2.2755961825438375E-008  -1.2056212285161776E-008
          49   0.0000000000000000        0.0000000000000000     
   1.1743740208193306E-008  -2.5274927983637189E-008
   1.1561600516871068E-008  -3.9628768757561779E-008
          50   0.0000000000000000        0.0000000000000000     
  -5.9170582455094479E-009  -1.0965725675429510E-008
  -1.6040085163413720E-008  -1.7222160537385639E-008
          51   0.0000000000000000        0.0000000000000000     
  -1.9309756454632979E-009  -3.5007701782543686E-009
  -9.7287344124302039E-009  -5.5362726699794665E-009
          52   0.0000000000000000        0.0000000000000000     
   6.8558816788299265E-010  -1.5999927924696122E-009
  -5.5535428153423958E-009  -2.5663143015523907E-009
          53   0.0000000000000000        0.0000000000000000     
   2.1655476748120161E-009  -8.9723371626381598E-010
  -3.1480495395701243E-009  -1.4738778516135242E-009
          54   0.0000000000000000        0.0000000000000000     
   3.0834056264082192E-009  -5.6642954651004997E-010
  -1.6108575888493491E-009  -9.6533954199450732E-010
          55   0.0000000000000000        0.0000000000000000     
   3.6966637091665656E-009  -3.8469558168230968E-010
  -5.3669221155297686E-010  -6.9186844560312149E-010
          56   0.0000000000000000        0.0000000000000000     
   4.1276835650902053E-009  -2.7341432648978079E-010
   2.6845617772762522E-010  -5.3066395298018309E-010
          57   0.0000000000000000        0.0000000000000000     
   4.4402941873121718E-009  -1.9932808913023395E-010
   9.0743342622825681E-010  -4.3006263684069804E-010
          58   0.0000000000000000        0.0000000000000000     
   4.6703616926965231E-009  -1.4639247886213586E-010
   1.4399400780625981E-009  -3.6548469178148469E-010
          59   0.0000000000000000        0.0000000000000000     
   4.8390861873486924E-009  -1.0602576636069427E-010
   1.9035514320899145E-009  -3.2420655962195694E-010
          60   0.0000000000000000        0.0000000000000000     
   4.9592963461424061E-009  -7.3201948282418270E-011
   2.3239026733986253E-009  -2.9930654104546765E-010
          61   0.0000000000000000        0.0000000000000000     
   5.0386245306697179E-009  -4.4691986337455089E-011
   2.7197832390963964E-009  -2.8700625242414943E-010
          62   0.0000000000000000        0.0000000000000000     
   5.0811524871171028E-009  -1.8182028991827430E-011
   3.1066115996115018E-009  -2.8543541402844685E-010
          63   0.0000000000000000        0.0000000000000000     
   5.0882307331513539E-009   8.2290345732092343E-012
   3.4982360653245698E-009  -2.9407202173979652E-010
          64   0.0000000000000000        0.0000000000000000     
   5.0587752545198484E-009   3.6376193722386685E-011
   3.9086377390821704E-009  -3.1356406761941678E-010
          65   0.0000000000000000        0.0000000000000000     
   4.9891454032575482E-009   6.8344337588676469E-011
   4.3533547481317571E-009  -3.4584040283604569E-010
          66   0.0000000000000000        0.0000000000000000     
   4.8725914147154948E-009   1.0685887171730572E-010
   4.8516038488487098E-009  -3.9454689228226979E-010
          67   0.0000000000000000        0.0000000000000000     
   4.6980785838356364E-009   1.5589511041923174E-010
   5.4288242582575691E-009  -4.6599205710297592E-010
          68   0.0000000000000000        0.0000000000000000     
   4.4480861694534778E-009   2.2178106790092726E-010
   6.1213027845294143E-009  -5.7106408808376437E-010
          69   0.0000000000000000        0.0000000000000000     
   4.0944968936339788E-009   3.1541509537599603E-010
   6.9840087425261231E-009  -7.2923873116043450E-010
          70   0.0000000000000000        0.0000000000000000     
   3.5905254521915627E-009   4.5718403461190314E-010
   8.1054164680464919E-009  -9.7758317298015836E-010
          71   0.0000000000000000        0.0000000000000000     
   2.8538457380875523E-009   6.8915893789222909E-010
   9.6389902205062107E-009  -1.3931745074315751E-009
          72   0.0000000000000000        0.0000000000000000     
   1.7280553338770055E-009   1.1099481290182843E-009
   1.1873768341360056E-008  -2.1572441767040053E-009
          73   0.0000000000000000        0.0000000000000000     
  -1.1342267474630242E-010   1.9954149452922485E-009
   1.5412125670840803E-008  -3.7774211760298733E-009
          74   0.0000000000000000        0.0000000000000000     
  -3.3999379536609462E-009   4.3473774928883415E-009
   2.1597907312625795E-008  -8.0979709200297730E-009
          75   0.0000000000000000        0.0000000000000000     
  -8.6931271976068636E-009   1.3361556996690302E-008
   3.1464806557555621E-008  -2.4684897467788754E-008
          76   0.0000000000000000        0.0000000000000000     
   1.1821205454734399E-008   3.4438535134997599E-008
  -6.1981671987028599E-009  -6.3481386657692875E-008
          77   0.0000000000000000        0.0000000000000000     
   2.4645002753934045E-008   1.1017926699066852E-008
  -2.9715525403868555E-008  -2.0349334574915503E-008
          78   0.0000000000000000        0.0000000000000000     
   1.9442456626099894E-008   3.8151833047186422E-009
  -2.0057317769326797E-008  -7.0764955027654260E-009
          79   0.0000000000000000        0.0000000000000000     
   1.6428702014433252E-008   1.8227314228787890E-009
  -1.4445466864668211E-008  -3.3955990669034435E-009
          80   0.0000000000000000        0.0000000000000000     
   1.4708817839395733E-008   1.0431360600887459E-009
  -1.1233730077490247E-008  -1.9462307722039819E-009
          81   0.0000000000000000        0.0000000000000000     
   1.3632508893836781E-008   6.6582993590882095E-010
  -9.2271933252514891E-009  -1.2354748739188712E-009
          82   0.0000000000000000        0.0000000000000000     
   1.2907431907674853E-008   4.5742393394749995E-010
  -7.8908175343551856E-009  -8.3296828760770092E-010
          83   0.0000000000000000        0.0000000000000000     
   1.2390446064981250E-008   3.3217406847624520E-010
  -6.9653442640115739E-009  -5.7999864821707273E-010
          84   0.0000000000000000        0.0000000000000000     
   1.2003905081569464E-008   2.5302536821853700E-010
  -6.3132868682979759E-009  -4.0722987397422047E-010
          85   0.0000000000000000        0.0000000000000000     
   1.1701570797445410E-008   2.0213304539107450E-010
  -5.8567527471000327E-009  -2.8031043501652134E-010
          86   0.0000000000000000        0.0000000000000000     
   1.1453299391176413E-008   1.7035680752576400E-010
  -5.5498813604756108E-009  -1.8035500508698623E-010
          87   0.0000000000000000        0.0000000000000000     
   1.1237389573433872E-008   1.5302981640190786E-010
  -5.3654468037802623E-009  -9.5881412086538612E-011
          88   0.0000000000000000        0.0000000000000000     
   1.1036280457153828E-008   1.4814950202464568E-010
  -5.2886176656173072E-009  -1.9042119441418043E-011
          89   0.0000000000000000        0.0000000000000000     
   1.0833681119879032E-008   1.5566843081925237E-010
  -5.3136267080832798E-009   5.6406456166574147E-011
          90   0.0000000000000000        0.0000000000000000     
   1.0612154406545494E-008   1.7743171997617631E-010
  -5.4423828561681531E-009   1.3646855752712383E-010
          91   0.0000000000000000        0.0000000000000000     
   1.0350408995417871E-008   2.1770102912421683E-010
  -5.6853966716771439E-009   2.2819752519942310E-010
          92   0.0000000000000000        0.0000000000000000     
   1.0019482933188278E-008   2.8452849652112669E-010
  -6.0637946102208401E-009   3.4145495418243965E-010
          93   0.0000000000000000        0.0000000000000000     
   9.5763635052017494E-009   3.9278781698437458E-010
  -6.6148888521430779E-009   4.9204542291535954E-010
          94   0.0000000000000000        0.0000000000000000     
   8.9521480619224484E-009   5.7101543782656693E-010
  -7.4022354230665125E-009   7.0831984118881353E-010
          95   0.0000000000000000        0.0000000000000000     
   8.0278539025664161E-009   8.7822720582096139E-010
  -8.5387123737209655E-009   1.0470600880990619E-009
          96   0.0000000000000000        0.0000000000000000     
   6.5802243818612903E-009   1.4509220745315807E-009
  -1.0236457257451788E-008   1.6375788910117511E-009
          97   0.0000000000000000        0.0000000000000000     
   4.1483014645014418E-009   2.6603543056975952E-009
  -1.2932392953964377E-008   2.8289623027754710E-009
          98   0.0000000000000000        0.0000000000000000     
  -3.0066200881579741E-010   5.7921584517183287E-009
  -1.7601582491638503E-008   5.8259206389848708E-009
          99   0.0000000000000000        0.0000000000000000     
  -8.2385688434522741E-009   1.7156754128390763E-008
  -2.5632447674617115E-008   1.6533677006574780E-008
         100   0.0000000000000000        0.0000000000000000     
   1.1845528953015395E-008   5.5168542715807780E-008
  -7.5669140817827680E-009   5.2179815433168538E-008
         101   0.0000000000000000        0.0000000000000000     
   4.7015970112609271E-008   2.1591201282903878E-008
   2.4473956601438441E-008   2.0883872783177339E-008
         102   0.0000000000000000        0.0000000000000000     
   3.9228523749588937E-008   6.5114172656799011E-009
   1.6168755235248765E-008   6.9157007740548740E-009
         103   0.0000000000000000        0.0000000000000000     
   3.4805041450291009E-008   2.4858294376030211E-009
   1.0802655918520255E-008   3.3237271573090493E-009
         104   0.0000000000000000        0.0000000000000000     
   3.2972665182003917E-008   8.4001586570923442E-010
   7.5946942788584659E-009   2.0106526023536865E-009
         105   0.0000000000000000        0.0000000000000000     
   3.2611104664060093E-008  -1.1199344480422164E-010
   5.4119156831144945E-009   1.4259137867759614E-009
         106   0.0000000000000000        0.0000000000000000     
   3.3301753750499210E-008  -8.6727092895281587E-010
   3.7325530804807007E-009   1.1497305694929877E-009
         107   0.0000000000000000        0.0000000000000000     
   3.4977160376459830E-008  -1.6649646726318612E-009
   2.2868118401773386E-009   1.0411062125596391E-009
         108   0.0000000000000000        0.0000000000000000     
   3.7825267393303647E-008  -2.7286730868134064E-009
   8.9992028383527330E-010   1.0561201788074916E-009
         109   0.0000000000000000        0.0000000000000000     
   4.2364289568281741E-008  -4.4397818787672129E-009
  -5.8456653738339825E-010   1.2084603645813455E-009
         110   0.0000000000000000        0.0000000000000000     
   4.9751112059112619E-008  -7.7336542271040937E-009
  -2.3726373868598991E-009   1.5968839397927817E-009
         111   0.0000000000000000        0.0000000000000000     
   6.2620398919860035E-008  -1.5667204356866471E-008
  -4.8368618488257108E-009   2.5886310108667651E-009
         112   0.0000000000000000        0.0000000000000000     
   8.5643639021392131E-008  -4.2438775258289725E-008
  -8.5964305648174373E-009   5.9181777936570401E-009
         113   0.0000000000000000        0.0000000000000000     
   6.0032616157415636E-008  -1.4746732902637976E-007
  -6.5215989861470334E-009   1.8849595578063521E-008
         114   0.0000000000000000        0.0000000000000000     
  -6.6276180651722762E-008  -7.6485928402408867E-008
   7.6829820665887003E-009   1.0335671842727973E-008
         115   0.0000000000000000        0.0000000000000000     
  -4.2587013415014225E-008  -2.3638327504387356E-008
   3.3092139534747529E-009   4.1155783379625987E-009
         116   0.0000000000000000        0.0000000000000000     
  -2.5346943583354384E-008  -1.0659441225198677E-008
  -6.6073125830809024E-010   2.8872058982700658E-009
         117   0.0000000000000000        0.0000000000000000     
  -1.5490952997758649E-008  -6.0441322902608195E-009
  -4.3135105499472384E-009   2.8833997239678321E-009
         118   0.0000000000000000        0.0000000000000000     
  -9.2104753916281716E-009  -3.9711660280179164E-009
  -8.4580024123205106E-009   3.5599618699131477E-009
         119   0.0000000000000000        0.0000000000000000     
  -4.7578269145579393E-009  -2.9366932415232217E-009
  -1.3945982201485662E-008   5.1168366630424864E-009
         120   0.0000000000000000        0.0000000000000000     
  -1.2467963655836714E-009  -2.4752768953925874E-009
  -2.2192433111811555E-008   8.5355201298242852E-009
         121   0.0000000000000000        0.0000000000000000     
   1.9179024568981525E-009  -2.5804540245672751E-009
  -3.6177793107480439E-008   1.7395269530658747E-008
         122   0.0000000000000000        0.0000000000000000     
   5.2276613640083063E-009  -4.1878437403061983E-009
  -6.0181702032470155E-008   4.9312882562447891E-008
         123   0.0000000000000000        0.0000000000000000     
   3.6876710970572461E-009  -1.0370390390096555E-008
  -6.9777774041008702E-009   1.5732501580813205E-007
         124   0.0000000000000000        0.0000000000000000     
  -7.9739867872400181E-010  -4.7159175352254732E-009
   9.2752386825150003E-008   6.3505308102615584E-008
         125   0.0000000000000000        0.0000000000000000     
   1.8946538592868691E-009  -2.0962657938583619E-009
   6.8427284612844556E-008   2.0439587047028299E-008
         126   0.0000000000000000        0.0000000000000000     
   3.9693623558457561E-009  -1.3897680277171448E-009
   5.3127589648641535E-008   9.2670178361095458E-009
         127   0.0000000000000000        0.0000000000000000     
   5.5958084204510069E-009  -1.1210390607655480E-009
   4.4667006158793645E-008   5.0496109005802736E-009
         128   0.0000000000000000        0.0000000000000000     
   7.0101163466852981E-009  -1.0063760406154484E-009
   3.9640347212457771E-008   3.0111043208856113E-009
         129   0.0000000000000000        0.0000000000000000     
   8.3358692317284850E-009  -9.6921893309467507E-010
   3.6534862243225701E-008   1.8421256912028963E-009
         130   0.0000000000000000        0.0000000000000000     
   9.6517333708051570E-009  -9.8539668609411091E-010
   3.4644936887816045E-008   1.0712457454897147E-009
         131   0.0000000000000000        0.0000000000000000     
   1.1022296980093988E-008  -1.0501883336607268E-009
   3.3624637852688360E-008   4.8946925415020671E-010
         132   0.0000000000000000        0.0000000000000000     
   1.2514648437322580E-008  -1.1706604575632169E-009
   3.3314034800220216E-008  -1.7846898384840779E-011
         133   0.0000000000000000        0.0000000000000000     
   1.4212703869402587E-008  -1.3666468389897341E-009
   3.3672622676884805E-008  -5.3513144612944483E-010
         134   0.0000000000000000        0.0000000000000000     
   1.6236918866915863E-008  -1.6790173410342018E-009
   3.4767051664078657E-008  -1.1543583996003486E-009
         135   0.0000000000000000        0.0000000000000000     
   1.8780242253805350E-008  -2.1922293434743438E-009
   3.6803350012092667E-008  -2.0208738480253249E-009
         136   0.0000000000000000        0.0000000000000000     
   2.2184922684905085E-008  -3.0972600371483133E-009
   4.0231317103306180E-008  -3.4360217830626523E-009
         137   0.0000000000000000        0.0000000000000000     
   2.7126786933965146E-008  -4.8972522462113797E-009
   4.6018335674381758E-008  -6.1793808662469308E-009
         138   0.0000000000000000        0.0000000000000000     
   3.5077735127628863E-008  -9.2662973570950140E-009
   5.6361443572962847E-008  -1.2849999074870680E-008
