   262144.00000000000     
         256           1           3
   1.7567330116226543E-005   78.377061153667000       -108.60176553020000     
   6.0401400154609997        12.000000000000000        5733.8999999999996     
           0   0.0000000000000000        0.0000000000000000     
   0.0000000000000000        0.0000000000000000     
   0.0000000000000000        0.0000000000000000     
           1   1.3560780870834980E-009   1.9489729342391189E-010
   7.7723007249082148E-009  -1.3515682943460447E-012
   1.3156486888587752E-009  -3.4914622522214570E-011
           2   1.5760536433634808E-009   7.8883016135175658E-010
   7.7748798028107182E-009  -2.8281342163694721E-012
   1.2771578517768908E-009  -1.4072378032222259E-010
           3   2.2532749138850822E-009   3.7376955229208129E-010
   7.7790933270971759E-009  -4.0069993888177248E-012
   1.1578266531601696E-009  -6.7273423010484756E-011
           4   2.1457998424124155E-009   1.0760318538051734E-010
   7.7853316452857113E-009  -5.2432981395073369E-012
   1.1783045624481419E-009  -2.0278074100099316E-011
           5   2.0743168472546146E-009   4.2422809513734246E-011
   7.7933656614013470E-009  -6.5571134518067794E-012
   1.1927887820142920E-009  -8.9931984336639204E-012
           6   2.0399720694509438E-009   1.9137052060156515E-011
   7.8032206468680432E-009  -7.9046871422642371E-012
   1.2010798301384438E-009  -5.1548419246549427E-012
           7   2.0238806384509999E-009   8.3314198955812521E-012
   7.8149341661584642E-009  -9.2817864359768537E-012
   1.2065379658339701E-009  -3.5378588032575287E-012
           8   2.0177313478625726E-009   2.3265163365850776E-012
   7.8285471341512200E-009  -1.0691039596156683E-011
   1.2106458995709558E-009  -2.7786511060795040E-012
           9   2.0177105805277761E-009  -1.5008522143348072E-012
   7.8441060685400810E-009  -1.2136940021476107E-011
   1.2140883238544648E-009  -2.4119505897892704E-012
          10   2.0219037457178603E-009  -4.2245503970523023E-012
   7.8616643739788419E-009  -1.3624850297421545E-011
   1.2172136251380266E-009  -2.2477819132480349E-012
          11   2.0292757892301392E-009  -6.3446107953462738E-012
   7.8812832445924404E-009  -1.5160782696048457E-011
   1.2202150600359227E-009  -2.1981583778830430E-012
          12   2.0392364360016798E-009  -8.1176290508569348E-012
   7.9030325000632960E-009  -1.6751386495159203E-011
   1.2232080539521089E-009  -2.2183888735976699E-012
          13   2.0514378493302375E-009  -9.6858847254267455E-012
   7.9269914790239994E-009  -1.8404010159111603E-011
   1.2262662163195160E-009  -2.2841443615039777E-012
          14   2.0656731424573483E-009  -1.1133587911072329E-011
   7.9532500504821963E-009  -2.0126802611496449E-011
   1.2294394473504432E-009  -2.3814720493018724E-012
          15   2.0818222277341591E-009  -1.2513563243327179E-011
   7.9819097850219141E-009  -2.1928844363281282E-011
   1.2327636448203885E-009  -2.5020624813620692E-012
          16   2.0998214259831810E-009  -1.3860815228070786E-011
   8.0130853243785341E-009  -2.3820308358600821E-011
   1.2362662007973386E-009  -2.6408481857116438E-012
          17   2.1196457037972409E-009  -1.5199833203497598E-011
   8.0469059915090148E-009  -2.5812654539762446E-011
   1.2399692673467194E-009  -2.7947155428685168E-012
          18   2.1412979626468051E-009  -1.6548724066683576E-011
   8.0835176908624715E-009  -2.7918864879806602E-011
   1.2438917833335606E-009  -2.9617813865265509E-012
          19   2.1648024423310706E-009  -1.7921654810412016E-011
   8.1230851594507809E-009  -3.0153728215300942E-011
   1.2480507858690874E-009  -3.1409712134402030E-012
          20   2.1902006232406041E-009  -1.9330355658035061E-011
   8.1657946438915227E-009  -3.2534187196629746E-011
   1.2524622953718316E-009  -3.3317658278825609E-012
          21   2.2175487057220228E-009  -2.0785082303864803E-011
   8.2118570975800022E-009  -3.5079763445350832E-011
   1.2571419402386050E-009  -3.5340458699993437E-012
          22   2.2469161246223928E-009  -2.2295257647836875E-011
   8.2615120170460365E-009  -3.7813081966427348E-011
   1.2621054200357398E-009  -3.7479953667504247E-012
          23   2.2783847724910835E-009  -2.3869919516416856E-011
   8.3150320690172924E-009  -4.0760522507597794E-011
   1.2673688682706564E-009  -3.9740421796432903E-012
          24   2.3120487317023013E-009  -2.5518049530012124E-011
   8.3727287026764631E-009  -4.3953034583059827E-011
   1.2729491537992833E-009  -4.2128224080035007E-012
          25   2.3480143926339870E-009  -2.7248829352483488E-011
   8.4349589987156558E-009  -4.7427165277741862E-011
   1.2788641468766201E-009  -4.4651610245024760E-012
          26   2.3864008835124109E-009  -2.9071853826757652E-011
   8.5021340834659106E-009  -5.1226366171044151E-011
   1.2851329679700149E-009  -4.7320640887363877E-012
          27   2.4273407692454139E-009  -3.0997320659747734E-011
   8.5747295404158070E-009  -5.5402669921317036E-011
   1.2917762327045247E-009  -5.0147197518838414E-012
          28   2.4709809982374832E-009  -3.3036210486167676E-011
   8.6532983939992172E-009  -6.0018861477777801E-011
   1.2988163034998139E-009  -5.3145064484640445E-012
          29   2.5174840920851921E-009  -3.5200467736102634E-011
   8.7384874382487853E-009  -6.5151318493044262E-011
   1.3062775569133959E-009  -5.6330074583599172E-012
          30   2.5670295855918143E-009  -3.7503190858121516E-011
   8.8310579604744583E-009  -7.0893768002169182E-011
   1.3141866750310393E-009  -5.9720315829332401E-012
          31   2.6198157352100082E-009  -3.9958839622508262E-011
   8.9319123050163544E-009  -7.7362313977604753E-011
   1.3225729692291102E-009  -6.3336401126298235E-012
          32   2.6760615244255078E-009  -4.2583467170956301E-011
   9.0421282921260698E-009  -8.4702252546020032E-011
   1.3314687451350102E-009  -6.7201806379980275E-012
          33   2.7360090050796996E-009  -4.5394985090492189E-011
   9.1630043427225308E-009  -9.3097440600576205E-011
   1.3409097186186961E-009  -7.1343286133482321E-012
          34   2.7999260256879196E-009  -4.8413471062529954E-011
   9.2961194060226584E-009  -1.0278337317113228E-010
   1.3509354941238075E-009  -7.5791379598860454E-012
          35   2.8681094118158893E-009  -5.1661530699510277E-011
   9.4434136805584532E-009  -1.1406574783247604E-010
   1.3615901186777054E-009  -8.0581024202874163E-012
          36   2.9410072400675584E-009  -5.5164730285258750E-011
   9.6073036160856276E-009  -1.2734731396052970E-010
   1.3729228051737055E-009  -8.5752298803223187E-012
          37   3.0187489600053499E-009  -5.8952107876057185E-011
   9.7908174142321895E-009  -1.4316751637822497E-010
   1.3849883786371163E-009  -9.1351324733796282E-012
          38   3.1018618698018941E-009  -6.3056818852120572E-011
   9.9978405947033955E-009  -1.6226240409478503E-010
   1.3978486333079561E-009  -9.7431360470597116E-012
          39   3.1908099753537889E-009  -6.7516914341818797E-011
   1.0233328450617796E-008  -1.8565755499992175E-010
   1.4115730820408481E-009  -1.0405413421118451E-011
          40   3.2860918018721748E-009  -7.2376337247183990E-011
   1.0504124055851988E-008  -2.1481656218433090E-010
   1.4262402703809057E-009  -1.1129146931566983E-011
          41   3.3882912107087895E-009  -7.7686214689711936E-011
   1.0819162529437526E-008  -2.5188647269053102E-010
   1.4419393027506986E-009  -1.1922726794265220E-011
          42   3.4979274798137008E-009  -8.3506593040697489E-011
   1.1190943484756447E-008  -3.0011980948015361E-010
   1.4587715325218364E-009  -1.2795992577615388E-011
          43   3.6159988239063034E-009  -8.9908905061028297E-011
   1.1637418900678202E-008  -3.6463440078465424E-010
   1.4768530691144444E-009  -1.3760524529994385E-011
          44   3.7432347398964466E-009  -9.6979670188813798E-011
   1.2184757372302310E-008  -4.5385842339828793E-010
   1.4963168651506652E-009  -1.4829986762362718E-011
          45   3.8807523997164654E-009  -1.0482666356534780E-010
   1.2873665186013627E-008  -5.8246663072808710E-010
   1.5173162316980360E-009  -1.6020507105812306E-011
          46   4.0294029385890247E-009  -1.1359038890292832E-010
   1.3769822209975968E-008  -7.7785384710637926E-010
   1.5400280210298049E-009  -1.7351022279312089E-011
          47   4.1904987338466970E-009  -1.2346893859978099E-010
   1.4987127934974500E-008  -1.0959597012690281E-009
   1.5646571535495399E-009  -1.8843329893862090E-011
          48   4.3662700566103246E-009  -1.3478225304107451E-010
   1.6737227230576899E-008  -1.6655380845893547E-009
   1.5914408213449274E-009  -2.0520898343524630E-011
          49   4.5583503129153402E-009  -1.4817886167908957E-010
   1.9456472296337465E-008  -2.8369004728864135E-009
   1.6206491346956961E-009  -2.2402465156616819E-011
          50   4.7701157297854631E-009  -1.6551868656811415E-010
   2.4116016996312645E-008  -5.8292709505178274E-009
   1.6525806182492364E-009  -2.4469449929786004E-011
          51   5.0050746995827848E-009  -1.9521645520583759E-010
   3.2023976803881444E-008  -1.6674884063484423E-008
   1.6875862058069957E-009  -2.6457419232839097E-011
          52   5.2249188681721268E-009  -2.5921120535743975E-010
   1.2443122746306643E-008  -5.1363096520055306E-008
   1.7278249871431362E-009  -2.7584326119928374E-011
          53   5.4567578068796911E-009  -2.3594233668411773E-010
  -1.7115884818846972E-008  -1.9717334796568357E-008
   1.7729845313404035E-009  -3.2780548170344621E-011
          54   5.7670238248794130E-009  -2.4057844089578929E-010
  -9.0706296281226106E-009  -6.5356655771213736E-009
   1.8212877285430657E-009  -3.7627079874210752E-011
          55   6.1063995572677323E-009  -2.6193460026061221E-010
  -4.0278196194234392E-009  -3.0872378170811166E-009
   1.8758821709473707E-009  -4.2759522810049927E-011
          56   6.4811603403107091E-009  -2.9055626803972899E-010
  -1.1083172215453543E-009  -1.7888917268951292E-009
   1.9379516572633204E-009  -4.8810431652792413E-011
          57   6.8990664264701286E-009  -3.2550671800799504E-010
   7.6342726371141973E-010  -1.1742037360020864E-009
   2.0090241003245842E-009  -5.6169184726071294E-011
          58   7.3690854947271170E-009  -3.6763104120130415E-010
   2.0692213688743690E-009  -8.3827371368217757E-010
   2.0911507780541969E-009  -6.5293957086728457E-011
          59   7.9017461268302074E-009  -4.1862645644247442E-010
   3.0406874853990907E-009  -6.3618963943373345E-010
   2.1870923189450173E-009  -7.6820787384657191E-011
          60   8.5108003256881883E-009  -4.8104843708925440E-010
   3.8006642854949075E-009  -5.0615925392577334E-010
   2.3006273471595943E-009  -9.1683437540662309E-011
          61   9.2137520934779549E-009  -5.5864782600804175E-010
   4.4195528542244856E-009  -4.1834629610641383E-010
   2.4370522003444275E-009  -1.1130811884554839E-010
          62   1.0034429828851117E-008  -6.5705353326078902E-010
   4.9408563463520466E-009  -3.5695251419613412E-010
   2.6040134829455895E-009  -1.3796476716519081E-010
          63   1.1005268112707414E-008  -7.8506775680629444E-010
   5.3926343035389119E-009  -3.1300080407727679E-010
   2.8129508909258049E-009  -1.7544426791100501E-010
          64   1.2174221507640297E-008  -9.5725253079361308E-010
   5.7944122532398799E-009  -2.8110300547324816E-010
   3.0817373313418160E-009  -2.3046035035228072E-010
          65   1.3613444079514618E-008  -1.1995597406474653E-009
   6.1593066448620943E-009  -2.5788897016070877E-010
   3.4398217320977560E-009  -3.1581373836325160E-010
          66   1.5439035709819547E-008  -1.5630738886088268E-009
   6.4978649542072578E-009  -2.4119835667146822E-010
   3.9390550624043896E-009  -4.5836302013251068E-010
          67   1.7857527732322122E-008  -2.1630368574381618E-009
   6.8172379621564379E-009  -2.2966722521639891E-010
   4.6786212457346532E-009  -7.2223062071318010E-010
          68   2.1270583832894755E-008  -3.3150038595251603E-009
   7.1241598789353704E-009  -2.2260730615325550E-010
   5.8676702928598828E-009  -1.2912107744265353E-009
          69   2.6524694735660396E-008  -6.1689119156486150E-009
   7.4240954378018403E-009  -2.2051086239693566E-010
   7.9715739030595409E-009  -2.8566447084952438E-009
          70   3.3842509471550825E-008  -1.6773035411868952E-008
   7.7216503824168043E-009  -2.2921511303953163E-010
   1.1042454307422465E-008  -9.1154295242088639E-009
          71   1.2526206132158089E-008  -3.4057673802606252E-008
   7.9871323051681068E-009  -2.4719233368152323E-010
  -3.9619689002303162E-009  -1.9357237366828812E-008
          72   9.3735205906906078E-009  -1.2901694500890719E-008
   8.2726518302879565E-009  -2.2664893927857595E-010
  -8.4381950325606564E-009  -5.6890567838028503E-009
          73   2.0000972832987016E-008  -8.7374347005969964E-009
   8.5762359200673827E-009  -2.2533880936057581E-010
  -5.4832684590251614E-009  -2.0415185339148184E-009
          74   3.1460336269124158E-008  -1.0324506180200768E-008
   8.8855485606763541E-009  -2.3042497106360967E-010
  -3.8469315960922153E-009  -9.6312577749969810E-010
          75   4.7364942687438324E-008  -1.7027331287326768E-008
   9.2045818957906808E-009  -2.3823886677008375E-010
  -2.9667806514201270E-009  -4.7610490594365185E-010
          76   7.4051361924950521E-008  -3.8437869010272310E-008
   9.5364540980653215E-009  -2.4657860769523193E-010
  -2.5406106931731946E-009  -7.9721304769320686E-011
          77   9.9928565925967608E-008  -1.3074318243411700E-007
   9.8855212110399408E-009  -2.4638763496706950E-010
  -2.3082398624210701E-009   8.3285385899723138E-010
          78  -9.9761077758888109E-008  -1.7226918985853887E-007
   1.0294350889742316E-008  -2.5751751675862920E-010
  -2.6060287366368351E-010   1.2635750546758468E-009
          79  -9.9068565463301739E-008  -4.8165653650435079E-008
   1.0696076359025620E-008  -2.9888437460831690E-010
  -1.2516664335695919E-011   2.4687593497271820E-010
          80  -6.9727195893655473E-008  -1.9054395932247774E-008
   1.1125861029742146E-008  -3.2905903918755164E-010
  -6.4402158609583770E-011   3.0905374100776026E-011
          81  -5.3375260843730230E-008  -9.8892856139361703E-009
   1.1595138689613335E-008  -3.6089491130950041E-010
  -4.3229251949393649E-011  -2.3221529662145080E-011
          82  -4.3621278831184087E-008  -5.9796880079776866E-009
   1.2110516739841379E-008  -3.9776149231080209E-010
   6.2131230955890257E-012  -3.8455074662563381E-011
          83  -3.7270359706787016E-008  -3.9692594449304117E-009
   1.2680262026577815E-008  -4.4152359678840505E-010
   6.3333917950854023E-011  -4.1663717866989676E-011
          84  -3.2861694973270412E-008  -2.8002593984292037E-009
   1.3314853727709927E-008  -4.9411541177640166E-010
   1.2038478806798344E-010  -4.0683486145247259E-011
          85  -2.9659291921700805E-008  -2.0587787483989355E-009
   1.4028130978166935E-008  -5.5798300089665179E-010
   1.7451264999590881E-010  -3.8241987956914817E-011
          86  -2.7258375942890692E-008  -1.5566931919883073E-009
   1.4836985424097030E-008  -6.3641832384505201E-010
   2.2479508331322709E-010  -3.5388728281964173E-011
          87  -2.5419166452905616E-008  -1.1986352233293417E-009
   1.5763977229266279E-008  -7.3399499128970409E-010
   2.7109747001643336E-010  -3.2544205245085146E-011
          88  -2.3992029532254159E-008  -9.3205471335623735E-010
   1.6838660433195427E-008  -8.5723841716509107E-010
   3.1360220842306805E-010  -2.9872060097995140E-011
          89  -2.2878903006515763E-008  -7.2600713151862274E-010
   1.8101479969436443E-008  -1.0157235096212799E-009
   3.5260656735960579E-010  -2.7425537847455564E-011
          90  -2.2012797070379949E-008  -5.6123581664425534E-010
   1.9608190489046705E-008  -1.2239565211201022E-009
   3.8843340922910460E-010  -2.5209440810005987E-011
          91  -2.1348448042201396E-008  -4.2515996960530542E-010
   2.1437837536423845E-008  -1.5047584139319663E-009
   4.2139042442738351E-010  -2.3207545456449071E-011
          92  -2.0853761008612478E-008  -3.0916614161706939E-010
   2.3708618568144449E-008  -1.8956919482571188E-009
   4.5175472830080315E-010  -2.1394863143384104E-011
          93  -2.0505345708316835E-008  -2.0704087164766632E-010
   2.6600780300500390E-008  -2.4621052160436552E-009
   4.7976649353740239E-010  -1.9742701129348762E-011
          94  -2.0289186651346459E-008  -1.1396543396811128E-010
   3.0408266756660814E-008  -3.3258534058056969E-009
   5.0562365467964391E-010  -1.8219647573900629E-011
          95  -2.0194873509000106E-008  -2.5698129356530064E-011
   3.5635712816981578E-008  -4.7354233987290411E-009
   5.2948108579545026E-010  -1.6788770626473323E-011
          96  -2.0218370267908754E-008   6.2559985090769152E-011
   4.3226997304082780E-008  -7.2619201864177416E-009
   5.5143844353270744E-010  -1.5397298052813004E-011
          97  -2.0364281788285935E-008   1.5929380095514524E-010
   5.5116597088210948E-008  -1.2457606337254693E-008
   5.7151164385970259E-010  -1.3941112248232473E-011
          98  -2.0643339146743797E-008   2.9150668840116927E-010
   7.5597255339135578E-008  -2.5729368306874061E-008
   5.8956554158960895E-010  -1.2110309163607699E-011
          99  -2.1029202882603620E-008   5.9739235313570198E-010
   1.0985842034747947E-007  -7.3637486574413198E-008
   6.0538494711893236E-010  -8.4613908460273317E-012
         100  -2.1004170509488334E-008   7.6137733456700179E-010
   3.4092605911060382E-008  -2.2420780992441495E-007
   6.2565009724527084E-010   6.7218698298449905E-013
         101  -2.1586277096277644E-008   5.7804178725255456E-010
  -1.1162522341191694E-007  -9.4076725184811549E-008
   6.4821764171094234E-010  -5.2373105814815146E-012
         102  -2.2361880568226749E-008   6.1982142411327197E-010
  -7.6156031589385804E-008  -3.0403908643453610E-008
   6.5961130167461553E-010  -7.5576664600927049E-012
         103  -2.3262297840789380E-008   7.2090081269697353E-010
  -5.3202260084011149E-008  -1.4036003407273381E-008
   6.7015901249873957E-010  -7.2882914223219865E-012
         104  -2.4325778585081504E-008   8.5301777211407586E-010
  -4.0134043026037519E-008  -7.9464294549397266E-009
   6.7962532261858932E-010  -6.3812516311614659E-012
         105  -2.5588565932673003E-008   1.0146477736721422E-009
  -3.1951156503473389E-008  -5.0761195100093630E-009
   6.8760014343370664E-010  -5.1743544399748923E-012
         106  -2.7093314224961900E-008   1.2115136932832157E-009
  -2.6408320281013368E-008  -3.5057549113689380E-009
   6.9375867706703210E-010  -3.7182679636130193E-012
         107  -2.8892609319918071E-008   1.4538755058194265E-009
  -2.2432366643697688E-008  -2.5550403202661202E-009
   6.9775920257619573E-010  -1.9800198297043577E-012
         108  -3.1057977058176931E-008   1.7571837473459030E-009
  -1.9457817006403899E-008  -1.9356708074748255E-009
   6.9917736615780254E-010   1.2033356634628003E-013
         109  -3.3684114810346014E-008   2.1444049025202593E-009
  -1.7161324852510552E-008  -1.5089590267917355E-009
   6.9745209463658133E-010   2.7108840763293065E-012
         110  -3.6903796071196652E-008   2.6504047329135386E-009
  -1.5346317908173988E-008  -1.2015854427594145E-009
   6.9181120986580672E-010   5.9873195974285311E-012
         111  -4.0908055404528390E-008   3.3299583678758729E-009
  -1.3886513861947099E-008  -9.7184081208876103E-010
   6.8116102738322146E-010   1.0253618325902167E-011
         112  -4.5977178685151305E-008   4.2729716743494565E-009
  -1.2696824607766059E-008  -7.9455389921282682E-010
   6.6390609890542450E-010   1.6000945843570859E-011
         113  -5.2543999142757352E-008   5.6352472059758091E-009
  -1.1720010412778873E-008  -6.5375952986891286E-010
   6.3762597388270405E-010   2.4067028838483526E-011
         114  -6.1309397008996212E-008   7.7057940676151314E-009
  -1.0913939240226921E-008  -5.3886772232970818E-010
   5.9847018607727216E-010   3.5983408127061506E-011
         115  -7.3477020273072315E-008   1.1069702878803376E-008
  -1.0250391366868386E-008  -4.4251855678935913E-010
   5.3993162132097031E-010   5.4812465219120762E-011
         116  -9.1279688424584636E-008   1.7057620704551514E-008
  -9.7073203864228014E-009  -3.5924966947014450E-010
   4.5012594762428199E-010   8.7450702595801209E-011
         117  -1.1927181423990419E-007   2.9227672144264719E-008
  -9.2704102009945007E-009  -2.8438278944560667E-010
   3.0516026101182116E-010   1.5220884385075556E-010
         118  -1.6757875095660755E-007   5.9643312652982100E-008
  -8.9300891953611875E-009  -2.1197006206392182E-010
   5.2468536802963035E-011   3.1089188484117038E-010
         119  -2.5241920566560173E-007   1.6606455174984342E-007
  -8.6837482416116559E-009  -1.2508609613729913E-010
  -3.9194552562456024E-010   8.5876927839689825E-010
         120  -1.0586185764902978E-007   5.5441874888128269E-007
  -8.4579279239607941E-009   3.0282557322562964E-011
   3.3865762285585502E-010   2.8479565499352391E-009
         121   2.9813327786847041E-007   2.4773136421309198E-007
  -8.2464902143535463E-009   9.0628343794116266E-012
   2.3750253786996550E-009   1.2895052057127382E-009
         122   2.1099164193065729E-007   7.8195165108215205E-008
  -8.2334236147741151E-009   2.3285099363947678E-011
   1.8907198604780426E-009   4.3452771381283096E-010
         123   1.5320215925935227E-007   3.5258940376019424E-008
  -8.2915076996782823E-009   7.2124046915229428E-011
   1.5390924705145909E-009   2.3070639874937991E-010
         124   1.2093908160021792E-007   1.9418595437549182E-008
  -8.4282748649817250E-009   1.3252442357241338E-010
   1.2930419953645989E-009   1.7252334263213180E-010
         125   1.0135665945610549E-007   1.1920583730849682E-008
  -8.6530404181825791E-009   2.0228348567380126E-010
   1.0748785264023038E-009   1.6899999506457640E-010
         126   8.8734357554993090E-008   7.7095014891663998E-009
  -8.9793433478641154E-009   2.8340263038352834E-010
   8.3498471274504398E-010   2.0361513856526415E-010
         127   8.0433197401935612E-008   4.9620757986396305E-009
  -9.4253671180203211E-009   3.7992565924708098E-010
   5.2315522405306339E-010   2.8688991606274336E-010
         128   7.5223401150949540E-008   2.7968966824539891E-009
  -1.0015325854063569E-008   4.9827495177462812E-010
   6.1404395857853193E-011   4.6255184304776284E-010
         129   7.2734833068430983E-008   4.5699018641049565E-010
  -1.0783481697909823E-008   6.4922418447840843E-010
  -7.0608348523711341E-010   8.6817918091653448E-010
         130   7.3452965081520007E-008  -3.7939590785255080E-009
  -1.1781059562096659E-008   8.5525585916259736E-010
  -2.1186279223741676E-009   2.0439237844154694E-009
         131   7.6464695110561671E-008  -1.8485705800435563E-008
  -1.3070112775172872E-008   1.1910669754833679E-009
  -3.9593931860328921E-009   6.9385115166879089E-009
         132   4.1549036074044122E-008  -3.4312288477525341E-008
  -1.4484575247314199E-008   1.6267995336441764E-009
   7.8043417986451258E-009   1.2264878427563715E-008
         133   3.5991831150703888E-008  -9.4469988013142591E-009
  -1.6619172903289822E-008   1.9424499492131168E-009
   9.5634253775435412E-009   3.3470769091830951E-009
         134   4.1138613452225928E-008  -3.6645858852100963E-009
  -1.9597586776435413E-008   2.6343392779573080E-009
   7.8472270390914807E-009   1.1124641406377105E-009
         135   4.4454468311257602E-008  -2.2856088033698494E-009
  -2.3762980028563720E-008   3.8175380718551919E-009
   7.0649173862821269E-009   3.9657490800744020E-010
         136   4.7173328341882793E-008  -2.0852560081809385E-009
  -2.9924449920191763E-008   5.9599696683068283E-009
   6.8321718203783452E-009   3.9325065999218692E-011
         137   5.0086898840093859E-008  -2.4425684539374878E-009
  -3.9735158414321496E-008   1.0396205327601775E-008
   6.9702311128097733E-009  -2.3001191973790522E-010
         138   5.3788369844809512E-008  -3.3408039425682701E-009
  -5.6878630356993852E-008   2.1825878241051565E-008
   7.4579015136698939E-009  -5.2994680049195846E-010
