   262144.00000000000     
         256           1           3
   1.7567330116226543E-005  -18.272418975714000       -139.90772519949999     
   6.0401400154609997        12.000000000000000        5733.8999999999996     
           0   0.0000000000000000        0.0000000000000000     
   0.0000000000000000        0.0000000000000000     
   0.0000000000000000        0.0000000000000000     
           1   0.0000000000000000        0.0000000000000000     
   9.3965125099559845E-010  -2.5017692107782713E-011
  -2.1298856040232963E-009   4.3830985087657808E-011
           2   0.0000000000000000        0.0000000000000000     
   9.3956652154915450E-010  -4.9379333496808606E-012
  -2.1301751423093212E-009   9.0377420145215747E-012
           3   0.0000000000000000        0.0000000000000000     
   9.4108759494193796E-010  -6.1436905536785267E-013
  -2.1335593471401037E-009   1.7179518068431061E-012
           4   0.0000000000000000        0.0000000000000000     
   9.4040221212251185E-010   9.5667323089885481E-013
  -2.1333969901569878E-009  -7.9820626064336409E-013
           5   0.0000000000000000        0.0000000000000000     
   9.3835501579541965E-010   1.8564038546653821E-012
  -2.1311682184784014E-009  -2.1375641872134231E-012
           6   0.0000000000000000        0.0000000000000000     
   9.3530879388888536E-010   2.5461294005335095E-012
  -2.1275154367899379E-009  -3.1026103856401022E-012
           7   0.0000000000000000        0.0000000000000000     
   9.3139915671397941E-010   3.1651709067661791E-012
  -2.1226874838768365E-009  -3.9343329927161011E-012
           8   0.0000000000000000        0.0000000000000000     
   9.2666932704499257E-010   3.7669346011591214E-012
  -2.1167748332038985E-009  -4.7237671638778645E-012
           9   0.0000000000000000        0.0000000000000000     
   9.2111966871511936E-010   4.3767195116348463E-012
  -2.1097961915360104E-009  -5.5127425482989302E-012
          10   0.0000000000000000        0.0000000000000000     
   9.1472682179533783E-010   5.0093157757899461E-012
  -2.1017321631332870E-009  -6.3245215633651036E-012
          11   0.0000000000000000        0.0000000000000000     
   9.0745150549243860E-010   5.6753239523068803E-012
  -2.0925392203302330E-009  -7.1747659347190242E-012
          12   0.0000000000000000        0.0000000000000000     
   8.9924167834501893E-010   6.3837640384440410E-012
  -2.0821556550009359E-009  -8.0760254668339438E-012
          13   0.0000000000000000        0.0000000000000000     
   8.9003354631435448E-010   7.1433075118606847E-012
  -2.0705038660657382E-009  -9.0398148680988911E-012
          14   0.0000000000000000        0.0000000000000000     
   8.7975145011159094E-010   7.9629583095754016E-012
  -2.0574907990070114E-009  -1.0077715783723802E-011
          15   0.0000000000000000        0.0000000000000000     
   8.6830705161476384E-010   8.8525061496981368E-012
  -2.0430072898645716E-009  -1.1202064352077257E-011
          16   0.0000000000000000        0.0000000000000000     
   8.5559799556493932E-010   9.8228951680393346E-012
  -2.0269266480898070E-009  -1.2426469050048972E-011
          17   0.0000000000000000        0.0000000000000000     
   8.4150609479670516E-010   1.0886578743862667E-011
  -2.0091025956976285E-009  -1.3766276616651237E-011
          18   0.0000000000000000        0.0000000000000000     
   8.2589502705789154E-010   1.2057903423536487E-011
  -1.9893665841257116E-009  -1.5239053389292745E-011
          19   0.0000000000000000        0.0000000000000000     
   8.0860747451017216E-010   1.3353553351012423E-011
  -1.9675244228686947E-009  -1.6865127055493357E-011
          20   0.0000000000000000        0.0000000000000000     
   7.8946166117508640E-010   1.4793085914368818E-011
  -1.9432174287449964E-009  -1.8668233416820023E-011
          21   0.0000000000000000        0.0000000000000000     
   7.6824682210748984E-010   1.6399592276348296E-011
  -1.9164560577785726E-009  -2.0676286726320178E-011
          22   0.0000000000000000        0.0000000000000000     
   7.4471820280053963E-010   1.8200525059866313E-011
  -1.8868054772872196E-009  -2.2922381788625099E-011
          23   0.0000000000000000        0.0000000000000000     
   7.1859027350558271E-010   2.0228748209108301E-011
  -1.8539165200648732E-009  -2.5446017195245070E-011
          24   0.0000000000000000        0.0000000000000000     
   6.8952860247023021E-010   2.2523882856076069E-011
  -1.8173813187480072E-009  -2.8294682617738864E-011
          25   0.0000000000000000        0.0000000000000000     
   6.5713961285221056E-010   2.5134050698648672E-011
  -1.7767211996885353E-009  -3.1525906651073494E-011
          26   0.0000000000000000        0.0000000000000000     
   6.2095765231071019E-010   2.8118155991429023E-011
  -1.7313714215817690E-009  -3.5209933605118730E-011
          27   0.0000000000000000        0.0000000000000000     
   5.8042853176843470E-010   3.1548905653974742E-011
  -1.6806617752634974E-009  -3.9433262003743531E-011
          28   0.0000000000000000        0.0000000000000000     
   5.3488836682635343E-010   3.5516853358001769E-011
  -1.6237916819304138E-009  -4.4303377983056611E-011
          29   0.0000000000000000        0.0000000000000000     
   4.8353609993111433E-010   4.0135883904543330E-011
  -1.5597978981360569E-009  -4.9955168717810285E-011
          30   0.0000000000000000        0.0000000000000000     
   4.2539740575425210E-010   4.5550754065529697E-011
  -1.4875121479631513E-009  -5.6559733617951219E-011
          31   0.0000000000000000        0.0000000000000000     
   3.5927668059885883E-010   5.1947618499079274E-011
  -1.4055048359455978E-009  -6.4336674688847257E-011
          32   0.0000000000000000        0.0000000000000000     
   2.8369229631138962E-010   5.9568968319356928E-011
  -1.3120092246440702E-009  -7.3571528237741842E-011
          33   0.0000000000000000        0.0000000000000000     
   1.9678794181172836E-010   6.8735224867365728E-011
  -1.2048177157306729E-009  -8.4640948482577101E-011
          34   0.0000000000000000        0.0000000000000000     
   9.6209145317729987E-011   7.9876597705572945E-011
  -1.0811375313714957E-009  -9.8049843826344818E-011
          35   0.0000000000000000        0.0000000000000000     
  -2.1072597649477231E-011   9.3581172734878610E-011
  -9.3751261501137928E-010  -1.1448740263160526E-010
          36   0.0000000000000000        0.0000000000000000     
  -1.5901147019486768E-010   1.1066939363360085E-010
  -7.6902084685808634E-010  -1.3491387425079579E-010
          37   0.0000000000000000        0.0000000000000000     
  -3.2286840612453268E-010   1.3231285022100956E-010
  -5.6959331561502768E-010  -1.6069885453409449E-010
          38   0.0000000000000000        0.0000000000000000     
  -5.1978470516325930E-010   1.6023019229005420E-010
  -3.3083663078726610E-010  -1.9384939043381196E-010
          39   0.0000000000000000        0.0000000000000000     
  -7.5968901359667325E-010   1.9702303651955949E-010
  -4.1025182332401512E-011  -2.3740096251544369E-010
          40   0.0000000000000000        0.0000000000000000     
  -1.0567846017778961E-009   2.4677869186627394E-010
   3.1631748386595509E-010  -2.9611891981156025E-010
          41   0.0000000000000000        0.0000000000000000     
  -1.4320711916119557E-009   3.1621163494335729E-010
   7.6582483262410141E-010  -3.7782681767778171E-010
          42   0.0000000000000000        0.0000000000000000     
  -1.9178868254442838E-009   4.1697089230335405E-010
   1.3452671991062737E-009  -4.9609125579468720E-010
          43   0.0000000000000000        0.0000000000000000     
  -2.5665440842568138E-009   5.7069406173482306E-010
   2.1155443763902946E-009  -6.7610241026414188E-010
          44   0.0000000000000000        0.0000000000000000     
  -3.4680601964986782E-009   8.2125862007110038E-010
   3.1817967452567968E-009  -9.6892846498171742E-010
          45   0.0000000000000000        0.0000000000000000     
  -4.7897231245459292E-009   1.2686733790520767E-009
   4.7389607057096193E-009  -1.4909476140836983E-009
          46   0.0000000000000000        0.0000000000000000     
  -6.8730956497236469E-009   2.1811994033696299E-009
   7.1842516449182457E-009  -2.5542973320585168E-009
          47   0.0000000000000000        0.0000000000000000     
  -1.0478111977536437E-008   4.4726454659872961E-009
   1.1402175209678886E-008  -5.2221911828916452E-009
          48   0.0000000000000000        0.0000000000000000     
  -1.6790610272017649E-008   1.2544991969987287E-008
   1.8772891379040041E-008  -1.4616209267554296E-008
          49   0.0000000000000000        0.0000000000000000     
  -4.9609763752511164E-009   4.1405906214718680E-008
   5.0397884072183622E-009  -4.8197269382261292E-008
          50   0.0000000000000000        0.0000000000000000     
   2.4055843533624321E-008   1.7939814083443910E-008
  -2.8687731402867556E-008  -2.0898117111522853E-008
          51   0.0000000000000000        0.0000000000000000     
   1.7577795711976397E-008   5.6969714203059379E-009
  -2.1113276945166344E-008  -6.6572242072467548E-009
          52   0.0000000000000000        0.0000000000000000     
   1.3347834533777722E-008   2.5782785786048501E-009
  -1.6150048585355946E-008  -3.0324430134138810E-009
          53   0.0000000000000000        0.0000000000000000     
   1.0984177295948193E-008   1.4239927048612224E-009
  -1.3352691993276855E-008  -1.6937703195835824E-009
          54   0.0000000000000000        0.0000000000000000     
   9.5449348289441443E-009   8.7949416659322480E-010
  -1.1624557583033403E-008  -1.0652758373106124E-009
          55   0.0000000000000000        0.0000000000000000     
   8.6080749036228087E-009   5.7926323220823696E-010
  -1.0473484698685252E-008  -7.2184162498702749E-010
          56   0.0000000000000000        0.0000000000000000     
   7.9732155374907938E-009   3.9434511064675853E-010
  -9.6652007218585094E-009  -5.1362466405488352E-010
          57   0.0000000000000000        0.0000000000000000     
   7.5360116246234968E-009   2.7015687849666524E-010
  -9.0766412459223054E-009  -3.7736445512779881E-010
          58   0.0000000000000000        0.0000000000000000     
   7.2380435485594193E-009   1.8032864226597555E-010
  -8.6378777382123595E-009  -2.8269751052052179E-010
          59   0.0000000000000000        0.0000000000000000     
   7.0450337876296831E-009   1.1070909271582908E-010
  -8.3065817350546589E-009  -2.1357500063670603E-010
          60   0.0000000000000000        0.0000000000000000     
   6.9365528218561219E-009   5.2951343524971115E-011
  -8.0558855747644031E-009  -1.6083876183884183E-010
          61   0.0000000000000000        0.0000000000000000     
   6.9008619487237835E-009   1.6177415104581103E-012
  -7.8681905715197737E-009  -1.1891019400904093E-010
          62   0.0000000000000000        0.0000000000000000     
   6.9322633475962281E-009  -4.7283044068997361E-011
  -7.7317322980008782E-009  -8.4175315685199290E-011
          63   0.0000000000000000        0.0000000000000000     
   7.0298519122204056E-009  -9.7146434312533824E-011
  -7.6387002205550281E-009  -5.4131137140925716E-011
          64   0.0000000000000000        0.0000000000000000     
   7.1971617945079006E-009  -1.5138297502756273E-010
  -7.5842498392757453E-009  -2.6892918032557249E-011
          65   0.0000000000000000        0.0000000000000000     
   7.4425579017182813E-009  -2.1400757475647797E-010
  -7.5654716276307905E-009  -8.7148306065656357E-013
          66   0.0000000000000000        0.0000000000000000     
   7.7804841400648119E-009  -2.9040312906078856E-010
  -7.5818427401604715E-009   2.5487295793802876E-011
          67   0.0000000000000000        0.0000000000000000     
   8.2339155954748066E-009  -3.8854331975667949E-010
  -7.6346953328946178E-009   5.3985883192758926E-011
          68   0.0000000000000000        0.0000000000000000     
   8.8388911114307384E-009  -5.2123014265198847E-010
  -7.7289514702312557E-009   8.7092737461128134E-011
          69   0.0000000000000000        0.0000000000000000     
   9.6529451878965952E-009  -7.1061215376152283E-010
  -7.8721025520353405E-009   1.2871062020536965E-010
          70   0.0000000000000000        0.0000000000000000     
   1.0771586526954269E-008  -9.9821948271126153E-010
  -8.0789108239964058E-009   1.8582731088646199E-010
          71   0.0000000000000000        0.0000000000000000     
   1.2362769699754876E-008  -1.4698604848047619E-009
  -8.3768147212772443E-009   2.7256551250366631E-010
          72   0.0000000000000000        0.0000000000000000     
   1.4745580380053577E-008  -2.3267835574046917E-009
  -8.8166525454122774E-009   4.2171981614883230E-010
          73   0.0000000000000000        0.0000000000000000     
   1.8586415616870443E-008  -4.1321679346755982E-009
  -9.5074336057190552E-009   7.2468263050143043E-010
          74   0.0000000000000000        0.0000000000000000     
   2.5373977193532743E-008  -8.9315194902827562E-009
  -1.0689382875945648E-008   1.5128800244160701E-009
          75   0.0000000000000000        0.0000000000000000     
   3.6254298031640437E-008  -2.7333940128887179E-008
  -1.2549485091999105E-008   4.5044572062489346E-009
          76   0.0000000000000000        0.0000000000000000     
  -5.5680449517683170E-009  -7.0366810560719701E-008
  -5.8919421491711746E-009   1.1485309398642263E-008
          77   0.0000000000000000        0.0000000000000000     
  -3.1693840872862060E-008  -2.2538083236232903E-008
  -1.7948579947534551E-009   3.7539616687660102E-009
          78   0.0000000000000000        0.0000000000000000     
  -2.1019859082617043E-008  -7.8236299043512717E-009
  -3.6751097077610685E-009   1.3862224769586995E-009
          79   0.0000000000000000        0.0000000000000000     
  -1.4825798841972465E-008  -3.7465133111696381E-009
  -4.8516785046964779E-009   7.4272871532477959E-010
          80   0.0000000000000000        0.0000000000000000     
  -1.1286831923328088E-008  -2.1438492456901772E-009
  -5.6222767361843561E-009   5.0207930885473764E-010
          81   0.0000000000000000        0.0000000000000000     
  -9.0783065369156120E-009  -1.3599572244335960E-009
  -6.2049116177160464E-009   3.9669234475239657E-010
          82   0.0000000000000000        0.0000000000000000     
  -7.6073569304015208E-009  -9.1753463423938675E-010
  -6.6996342417688759E-009   3.4994016523603546E-010
          83   0.0000000000000000        0.0000000000000000     
  -6.5869298865131573E-009  -6.4051786184048861E-010
  -7.1577629514040390E-009   3.3416480786577040E-010
          84   0.0000000000000000        0.0000000000000000     
  -5.8652233464161250E-009  -4.5192494179125368E-010
  -7.6103607896266365E-009   3.3801623496361213E-010
          85   0.0000000000000000        0.0000000000000000     
  -5.3566360853022928E-009  -3.1351815781730998E-010
  -8.0793877257271454E-009   3.5679007141415306E-010
          86   0.0000000000000000        0.0000000000000000     
  -5.0112657506680953E-009  -2.0413327708460558E-010
  -8.5831397501352214E-009   3.8908147944961117E-010
          87   0.0000000000000000        0.0000000000000000     
  -4.8004213805378409E-009  -1.1069841840583736E-010
  -9.1402780233899335E-009   4.3558313659790280E-010
          88   0.0000000000000000        0.0000000000000000     
  -4.7095311415169195E-009  -2.3991093488325946E-011
  -9.7710220116432643E-009   4.9879996454088997E-010
          89   0.0000000000000000        0.0000000000000000     
  -4.7349067028435540E-009   6.3720782190160202E-011
  -1.0500703912413265E-008   5.8333016650385923E-010
          90   0.0000000000000000        0.0000000000000000     
  -4.8829656052379669E-009   1.6037838150267053E-010
  -1.1361729031166628E-008   6.9672703504639114E-010
          91   0.0000000000000000        0.0000000000000000     
  -5.1715743836898768E-009   2.7589891669246021E-010
  -1.2399682620044002E-008   8.5125577822423113E-010
          92   0.0000000000000000        0.0000000000000000     
  -5.6340340884658435E-009   4.2477391030044106E-010
  -1.3681336756791516E-008   1.0673486406044575E-009
          93   0.0000000000000000        0.0000000000000000     
  -6.3273654089208394E-009   6.3086652093900077E-010
  -1.5306901064508545E-008   1.3806834551070897E-009
          94   0.0000000000000000        0.0000000000000000     
  -7.3490227264094698E-009   9.3765349338107635E-010
  -1.7438566229440412E-008   1.8577961655693591E-009
          95   0.0000000000000000        0.0000000000000000     
  -8.8718927092770858E-009   1.4329775156179421E-009
  -2.0354110418216357E-008   2.6341532870327427E-009
          96   0.0000000000000000        0.0000000000000000     
  -1.1223334342927257E-008   2.3178809798347836E-009
  -2.4570469852814286E-008   4.0202445198996171E-009
          97   0.0000000000000000        0.0000000000000000     
  -1.5080278954900898E-008   4.1365728929749035E-009
  -3.1144409993383305E-008   6.8561153526429776E-009
          98   0.0000000000000000        0.0000000000000000     
  -2.1957596897552805E-008   8.7697482463109317E-009
  -4.2425389412289720E-008   1.4042618322223092E-008
          99   0.0000000000000000        0.0000000000000000     
  -3.4014834518329455E-008   2.5441494705724864E-008
  -6.1762128166271530E-008   3.9800775989533315E-008
         100   0.0000000000000000        0.0000000000000000     
  -5.2159436299565217E-009   8.1064703497106378E-008
  -1.8215123758127202E-008   1.2561872592821723E-007
         101   0.0000000000000000        0.0000000000000000     
   4.5518471278100179E-008   3.2086793371936811E-008
   5.9019109529269178E-008   5.0229043660028087E-008
         102   0.0000000000000000        0.0000000000000000     
   3.3341956226539618E-008   1.0161434533451939E-008
   3.9118563639156303E-008   1.6573777001736929E-008
         103   0.0000000000000000        0.0000000000000000     
   2.5912670962963378E-008   4.4205379944769906E-009
   2.6315527480821231E-008   7.9152078385064025E-009
         104   0.0000000000000000        0.0000000000000000     
   2.2052208853805003E-008   2.2021274833055912E-009
   1.8714454141782437E-008   4.7589661455295468E-009
         105   0.0000000000000000        0.0000000000000000     
   2.0050704134138735E-008   1.0657816987457681E-009
   1.3562130942953381E-008   3.3812620273445924E-009
         106   0.0000000000000000        0.0000000000000000     
   1.9184340336554685E-008   3.2537483118789148E-010
   9.5600236819738321E-009   2.7904021432344084E-009
         107   0.0000000000000000        0.0000000000000000     
   1.9173503554559128E-008  -2.9427395614016187E-010
   5.9830328551774519E-009   2.6845672502091860E-009
         108   0.0000000000000000        0.0000000000000000     
   1.9982514234123061E-008  -9.7049167622339448E-010
   2.2669399499293145E-009   3.0375595652526417E-009
         109   0.0000000000000000        0.0000000000000000     
   2.1795281830134558E-008  -1.9238247881634288E-009
  -2.2480989417131150E-009   4.0681326648217718E-009
         110   0.0000000000000000        0.0000000000000000     
   2.5140374567082661E-008  -3.6324167705036240E-009
  -8.6684438100808843E-009   6.5166169722551050E-009
         111   0.0000000000000000        0.0000000000000000     
   3.1291320223116692E-008  -7.6107909343391134E-009
  -1.9302759083655386E-008   1.2962697655227383E-008
         112   0.0000000000000000        0.0000000000000000     
   4.2535697624852927E-008  -2.0848773944706494E-008
  -3.8160807929725381E-008   3.5545038643732087E-008
         113   0.0000000000000000        0.0000000000000000     
   2.9967908122189318E-008  -7.2570647026139568E-008
  -1.4804887989152320E-008   1.2516808768665205E-007
         114   0.0000000000000000        0.0000000000000000     
  -3.2000614043346295E-008  -3.7760715533596473E-008
   9.5485993824116338E-008   6.3814193464306831E-008
         115   0.0000000000000000        0.0000000000000000     
  -2.0076857781493322E-008  -1.1892615717974687E-008
   7.7949352637415876E-008   1.7855313113441280E-008
         116   0.0000000000000000        0.0000000000000000     
  -1.1142634411491159E-008  -5.6729706228858644E-009
   6.6958367460061000E-008   5.8223110552949095E-009
         117   0.0000000000000000        0.0000000000000000     
  -5.5808334480860152E-009  -3.6456022593910086E-009
   6.3740532261956411E-008   5.2135818162968716E-010
         118   0.0000000000000000        0.0000000000000000     
  -1.3812270681667543E-009  -3.0187257320859259E-009
   6.5781223727481817E-008  -3.4117925910446051E-009
         119   0.0000000000000000        0.0000000000000000     
   2.5770617691256441E-009  -3.2139843255329887E-009
   7.2986718223139024E-008  -8.1199036958960278E-009
         120   0.0000000000000000        0.0000000000000000     
   7.2714732028687803E-009  -4.4377224658577073E-009
   8.7488150982778789E-008  -1.6306128944463360E-008
         121   0.0000000000000000        0.0000000000000000     
   1.4208052959914666E-008  -8.1867949156844925E-009
   1.1522309670022307E-007  -3.5913000560786625E-008
         122   0.0000000000000000        0.0000000000000000     
   2.5390310246563456E-008  -2.2254967427764783E-008
   1.6512048900660615E-007  -1.0493089243879808E-007
         123   0.0000000000000000        0.0000000000000000     
   2.0612379535770561E-009  -7.0219204774459668E-008
   4.9511310166970230E-008  -3.3743817415190761E-007
         124   0.0000000000000000        0.0000000000000000     
  -4.2091369123192344E-008  -2.8389926317970224E-008
  -1.6574534475233605E-007  -1.3600264605081241E-007
         125   0.0000000000000000        0.0000000000000000     
  -3.1138688185892761E-008  -9.1577163730188050E-009
  -1.1399998810690924E-007  -4.3642099614891838E-008
         126   0.0000000000000000        0.0000000000000000     
  -2.4289222018409075E-008  -4.1235211913384138E-009
  -8.1374036712560137E-008  -1.9828116054496476E-008
         127   0.0000000000000000        0.0000000000000000     
  -2.0566182167410730E-008  -2.1852501053424363E-009
  -6.3177103397365510E-008  -1.0965257454048465E-008
         128   0.0000000000000000        0.0000000000000000     
  -1.8456048678622530E-008  -1.2130324567877499E-009
  -5.2081111552326965E-008  -6.8005978084886226E-009
         129   0.0000000000000000        0.0000000000000000     
  -1.7293382516045755E-008  -6.1934720789078272E-010
  -4.4803391315856690E-008  -4.5368753019029723E-009
         130   0.0000000000000000        0.0000000000000000     
  -1.6779245191437899E-008  -1.8829410852424848E-010
  -3.9770827152087823E-008  -3.1845152783949625E-009
         131   0.0000000000000000        0.0000000000000000     
  -1.6784200461147806E-008   1.8176840408305539E-010
  -3.6145880914871683E-008  -2.3302363115796059E-009
         132   0.0000000000000000        0.0000000000000000     
  -1.7275435477301726E-008   5.5521042603090178E-010
  -3.3430519974021608E-008  -1.7864054753504506E-009
         133   0.0000000000000000        0.0000000000000000     
  -1.8295583694711287E-008   9.9193105596847666E-010
  -3.1284583844533057E-008  -1.4747442765983379E-009
         134   0.0000000000000000        0.0000000000000000     
  -1.9972855213955963E-008   1.5732954080186908E-009
  -2.9420396529010502E-008  -1.3927571057086550E-009
         135   0.0000000000000000        0.0000000000000000     
  -2.2567386881966565E-008   2.4443332118674463E-009
  -2.7508459006640819E-008  -1.6313943450382975E-009
         136   0.0000000000000000        0.0000000000000000     
  -2.6588759637823059E-008   3.9188782650550787E-009
  -2.5027269689671880E-008  -2.4769477287683225E-009
         137   0.0000000000000000        0.0000000000000000     
  -3.3090763906391179E-008   6.8166666341644208E-009
  -2.0937012708505749E-008  -4.7830967409539081E-009
         138   0.0000000000000000        0.0000000000000000     
  -4.4421086808848396E-008   1.3869246424271826E-008
  -1.2850562681270748E-008  -1.1576667654992777E-008
