   262144.00000000000     
         256           1           3
   1.7567330116226543E-005   9.5380156328170003       -63.764852649100000     
   6.0401400154609997        12.000000000000000        5733.8999999999996     
           0   0.0000000000000000        0.0000000000000000     
   0.0000000000000000        0.0000000000000000     
   0.0000000000000000        0.0000000000000000     
           1   9.3861508246503859E-011   7.7546234762474157E-012
   1.4095806074660427E-009   1.9526007233514504E-012
   1.0550058889738092E-008  -5.7536816234156110E-011
           2   7.7927625624700552E-011   1.9654963372175845E-011
   1.4055673500796603E-009   5.0253456984547403E-012
   1.0668271221527278E-008  -1.4503301974221785E-010
           3   4.3224491354502057E-011   4.6582254211074079E-011
   1.3966775000634429E-009   1.2158714728080093E-011
   1.0924165096665468E-008  -3.4111894820799880E-010
           4  -2.2243711329306872E-011   1.3938022481005432E-010
   1.3796700166137862E-009   3.7093425662697380E-011
   1.1404430606848811E-008  -1.0131944596384099E-009
           5   1.2969831857642704E-010   4.5579883418471166E-010
   1.4216179488238750E-009   1.2246260988120573E-010
   1.0315761285406576E-008  -3.3011652450364765E-009
           6   4.3041367149898618E-010   1.8648812007591059E-010
   1.5039732461933658E-009   4.9531495183173576E-011
   8.1541431601803665E-009  -1.3566604689768650E-009
           7   3.6137262255556856E-010   5.9082542760008892E-011
   1.4866004792883127E-009   1.4949868737654573E-011
   8.6664969861709407E-009  -4.3757869937285808E-010
           8   3.1776682085971857E-010   2.6431022791605127E-011
   1.4763064798485342E-009   5.9743892221112514E-012
   8.9971845137408285E-009  -2.0320821110764109E-010
           9   2.9379990389455857E-010   1.4354152801006185E-011
   1.4715277197461957E-009   2.5570393867576961E-012
   9.1881156329106774E-009  -1.1753029948130482E-010
          10   2.7946382583217059E-010   8.7080017041902512E-012
   1.4695628864282412E-009   8.7493943222049680E-013
   9.3116375833455832E-009  -7.8343468610349041E-011
          11   2.7028895446748423E-010   5.6465131688539476E-012
   1.4692079646426969E-009  -1.1171297864598483E-013
   9.4000807431006998E-009  -5.7858889506316257E-011
          12   2.6415064799399283E-010   3.8090512440163371E-012
   1.4698932137876954E-009  -7.7103569791280335E-013
   9.4688344775650210E-009  -4.6247515393986477E-011
          13   2.5993770857146344E-010   2.6210314714161796E-012
   1.4713233398526231E-009  -1.2587363246099656E-012
   9.5259690591137003E-009  -3.9360432508033941E-011
          14   2.5702033179469632E-010   1.8074636838992066E-012
   1.4733337440599977E-009  -1.6495860558817257E-012
   9.5760804363293854E-009  -3.5213727074572116E-011
          15   2.5501782964921226E-010   1.2239549615803257E-012
   1.4758277941912461E-009  -1.9830974859711376E-012
   9.6219688543543806E-009  -3.2767324168179370E-011
          16   2.5368783220328467E-010   7.8908986906584067E-013
   1.4787469335818321E-009  -2.2818048974104516E-012
   9.6654396874342600E-009  -3.1436380815263106E-011
          17   2.5286929254812199E-010   4.5430907316077792E-013
   1.4820553388225926E-009  -2.5594110460608210E-012
   9.7077155086250886E-009  -3.0873643605020090E-011
          18   2.5245126470924446E-010   1.8931287497011767E-013
   1.4857315518829398E-009  -2.8247391264514058E-012
   9.7496619447875778E-009  -3.0863990265834588E-011
          19   2.5235487374787992E-010  -2.5508079853208682E-014
   1.4897636879701132E-009  -3.0837866916927425E-012
   9.7919182267556132E-009  -3.1269750435152032E-011
          20   2.5252242592760294E-010  -2.0322244338968748E-013
   1.4941465851358975E-009  -3.3408567159323586E-012
   9.8349761683743002E-009  -3.2000737507541104E-011
          21   2.5291056966862908E-010  -3.5274068139368387E-013
   1.4988800627062347E-009  -3.5992126755411723E-012
   9.8792298984094863E-009  -3.2997050317701784E-011
          22   2.5348584803613347E-010  -4.8023683122848429E-013
   1.5039678424927367E-009  -3.8614759041698812E-012
   9.9250083357818006E-009  -3.4218817658540679E-011
          23   2.5422171125835300E-010  -5.9002452377571426E-013
   1.5094168839072554E-009  -4.1298777868440010E-012
   9.9725971396029477E-009  -3.5639886413597652E-011
          24   2.5509644552537163E-010  -6.8511078792700457E-013
   1.5152369895070997E-009  -4.4064276980609183E-012
   1.0022254063058738E-008  -3.7243837759493409E-011
          25   2.5609168923122544E-010  -7.6755277599559101E-013
   1.5214405963313306E-009  -4.6930311212187794E-012
   1.0074220086637824E-008  -3.9021426612939704E-011
          26   2.5719133107796657E-010  -8.3868979852538044E-013
   1.5280427026239177E-009  -4.9915782852848659E-012
   1.0128727814648097E-008  -4.0968920424835334E-011
          27   2.5838065714403024E-010  -8.9929366827461722E-013
   1.5350609003666875E-009  -5.3040159105002383E-012
   1.0186008092380858E-008  -4.3087025453397467E-011
          28   2.5964565786809999E-010  -9.4966337944005283E-013
   1.5425154973627867E-009  -5.6324103246433579E-012
   1.0246295482660830E-008  -4.5380210843110548E-011
          29   2.6097243266372599E-010  -9.8967998677088621E-013
   1.5504297217178417E-009  -5.9790077998379218E-012
   1.0309833044540279E-008  -4.7856313630939516E-011
          30   2.6234664617640864E-010  -1.0188312177311103E-012
   1.5588300083601917E-009  -6.3462966875363146E-012
   1.0376876735597888E-008  -5.0526352685059609E-011
          31   2.6375299978598637E-010  -1.0362111987193959E-012
   1.5677463728992069E-009  -6.7370753871031621E-012
   1.0447699685059545E-008  -5.3404508376883077E-011
          32   2.6517468698893940E-010  -1.0404977545608410E-012
   1.5772128834468372E-009  -7.1545301656797937E-012
   1.0522596541809979E-008  -5.6508244223119480E-011
          33   2.6659280293041679E-010  -1.0299074661209261E-012
   1.5872682466445827E-009  -7.6023272688679615E-012
   1.0601888079985047E-008  -5.9858560817095429E-011
          34   2.6798567721414846E-010  -1.0021266571839495E-012
   1.5979565306174130E-009  -8.0847246210392433E-012
   1.0685926239922905E-008  -6.3480383610810112E-011
          35   2.6932809527154032E-010  -9.5421443309392308E-013
   1.6093280555302021E-009  -8.6067097789630624E-012
   1.0775099791498660E-008  -6.7403096217312456E-011
          36   2.7059036683837894E-010  -8.8247153557466640E-013
   1.6214404926249316E-009  -9.1741728136267366E-012
   1.0869840829493205E-008  -7.1661241232582095E-011
          37   2.7173718984812279E-010  -7.8226581094410615E-013
   1.6343602260479483E-009  -9.7941256879847455E-012
   1.0970632347937781E-008  -7.6295422351211638E-011
          38   2.7272624321249353E-010  -6.4780112337952033E-013
   1.6481640498516667E-009  -1.0474983839356068E-011
   1.1078017195166885E-008  -8.1353456141683011E-011
          39   2.7350642093689024E-010  -4.7181103561994234E-013
   1.6629412972614174E-009  -1.1226931630214338E-011
   1.1192608788286025E-008  -8.6891840999170163E-011
          40   2.7401197978111865E-010  -2.4515064923179184E-013
   1.6788083158306413E-009  -1.2062402170446332E-011
   1.1315103977328592E-008  -9.2977636911006195E-011
          41   2.7417410302444923E-010   4.3750993072281893E-014
   1.6958647748680443E-009  -1.2996713345324827E-011
   1.1446299265061155E-008  -9.9690886334999735E-011
          42   2.7389550385713618E-010   4.0963396722232980E-013
   1.7142687859109167E-009  -1.4048924895242376E-011
   1.1587109792290450E-008  -1.0712775907475445E-010
          43   2.7305996616314021E-010   8.7142540978770277E-013
   1.7341955420866246E-009  -1.5243003257998837E-011
   1.1738594127722076E-008  -1.1540468120645643E-010
          44   2.7152222704340835E-010   1.4536537292774635E-012
   1.7558567021847879E-009  -1.6609431801322041E-011
   1.1901984979824125E-008  -1.2466382340018838E-010
          45   2.6909922627244030E-010   2.1884413574003341E-012
   1.7795105416900376E-009  -1.8187469393356208E-011
   1.2078728555675912E-008  -1.3508050023216247E-010
          46   2.6555817559154529E-010   3.1183587297356309E-012
   1.8054757021434857E-009  -2.0028372908241962E-011
   1.2270535519194361E-008  -1.4687330749375086E-010
          47   2.6060004355106262E-010   4.3005863640896338E-012
   1.8341501097572903E-009  -2.2200081914132895E-011
   1.2479447948813601E-008  -1.6031826578951194E-010
          48   2.5385289919491917E-010   5.8131084932068172E-012
   1.8660432126192785E-009  -2.4794172146122225E-011
   1.2707929226261938E-008  -1.7576896540601041E-010
          49   2.4477219287060253E-010   7.7641450264722766E-012
   1.9017908060556455E-009  -2.7936418414335835E-011
   1.2958984029115868E-008  -1.9368594104030715E-010
          50   2.3269145052959450E-010   1.0306882507033953E-011
   1.9422446977653037E-009  -3.1803268633805343E-011
   1.3236330266073629E-008  -2.1468067219757967E-010
          51   2.1669569784439928E-010   1.3663179509549430E-011
   1.9885222222993471E-009  -3.6648308397383547E-011
   1.3544638914779845E-008  -2.3958356037536676E-010
          52   1.9547250305697385E-010   1.8163016059823674E-011
   2.0421789052354099E-009  -4.2846254163195796E-011
   1.3889886750398379E-008  -2.6955277646441028E-010
          53   1.6719924255015996E-010   2.4312769348185989E-011
   2.1053380439769893E-009  -5.0969024462752492E-011
   1.4279894133754536E-008  -3.0625598713613405E-010
          54   1.2921804396507207E-010   3.2918964674012397E-011
   2.1811150677809922E-009  -6.1923527354651676E-011
   1.4725168853701982E-008  -3.5218905858991048E-010
          55   7.7552918866520881E-011   4.5325237436740148E-011
   2.2741051552062183E-009  -7.7215365491952175E-011
   1.5240300679657522E-008  -4.1126871048048503E-010
          56   5.9183027452863354E-012   6.3897332655436467E-011
   2.3914356172703012E-009  -9.9488385600549102E-011
   1.5846390148323321E-008  -4.9001536586527369E-010
          57  -9.6081372055638853E-011   9.3101041262235868E-011
   2.5448000156333568E-009  -1.3372358483778939E-010
   1.6575576770345519E-008  -6.0012824810456819E-010
          58  -2.4663240340226530E-010   1.4216223101317994E-010
   2.7546235583455133E-009  -1.9019724510589008E-010
   1.7480176028521712E-008  -7.6473866287529109E-010
          59  -4.8013283997546759E-010   2.3259613465095359E-010
   3.0594662157211193E-009  -2.9285334644413745E-010
   1.8652918649412539E-008  -1.0359067457099874E-009
          60  -8.6829026636737810E-010   4.2390358986036583E-010
   3.5392284550140098E-009  -5.0787612998622314E-010
   2.0276351765060376E-008  -1.5538910171951471E-009
          61  -1.5719244089952935E-009   9.2786225341005997E-010
   4.3730762634957611E-009  -1.0707725517748345E-009
   2.2743355969322827E-008  -2.8096832240945122E-009
          62  -2.7661750583367594E-009   2.8187382425611300E-009
   5.7562023624451345E-009  -3.1760653186666581E-009
   2.6489095258720655E-008  -7.2735605192996151E-009
          63   1.2442061172510374E-009   8.0976849600535701E-009
   1.3560447923806593E-009  -9.0488998919594868E-009
   1.8510176431327767E-008  -1.9544577606438355E-008
          64   5.1551325178272664E-009   2.7686769514826636E-009
  -2.9288089924845157E-009  -3.1269934454845030E-009
   1.1031164712163358E-008  -7.5720938914570557E-009
          65   3.9966887066845121E-009   8.8486459598804416E-010
  -1.5721586377238349E-009  -1.0362561281466622E-009
   1.5546819203009914E-008  -3.5967243544233894E-009
          66   3.3588282927823069E-009   3.6279184012368581E-010
  -7.8869826355906482E-010  -4.6014279053727324E-010
   1.9418225913662757E-008  -2.9127155668247950E-009
          67   3.0699397173023401E-009   1.4059545172435739E-010
  -3.8682315764665201E-010  -2.1804244836117339E-010
   2.3328083229213441E-008  -3.2238120958945675E-009
          68   2.9863883015514773E-009  -6.1782334382754707E-013
  -2.0620840275661993E-010  -6.6664227286035395E-011
   2.8135736336696864E-008  -4.3349304691308849E-009
          69   3.0703706358260516E-009  -1.4494675794973226E-010
  -2.0355918287411215E-010   8.7406204465459343E-011
   3.4995174967417861E-008  -6.8541900733558556E-009
          70   3.3611087495080358E-009  -3.9573098835059007E-010
  -4.2153568013843060E-010   3.5906691526421906E-010
   4.6169859702728114E-008  -1.3168463688110440E-008
          71   3.9764479262219712E-009  -1.1364640229617636E-009
  -9.8982035659709265E-010   1.1753567733016522E-009
   6.5732629265845170E-008  -3.4401539023929450E-008
          72   3.4941365227949311E-009  -4.0637893966762931E-009
  -3.2165880888112498E-010   4.4264801238930345E-009
   5.1607924081173500E-008  -1.2095066489552072E-007
          73  -3.1038011200388592E-010  -2.3616916263172397E-009
   4.0646857328095609E-009   2.5168446215366200E-009
  -6.2330611954058282E-008  -6.9656303283190999E-008
          74   3.8680590091103136E-010  -7.5161949257109514E-010
   3.4541530478344604E-009   7.0687919131326725E-010
  -4.2904035505486862E-008  -2.1128436641962729E-008
          75   9.6480643901421305E-010  -3.7570274863300437E-010
   3.0001745820462394E-009   2.6827236871489831E-010
  -2.7789932474363581E-008  -9.3479324056791941E-009
          76   1.3491110899219204E-009  -2.5744335491565415E-010
   2.7919446543713737E-009   1.1144646630826012E-010
  -1.9266904022388986E-008  -5.1742831190360586E-009
          77   1.6562075739014870E-009  -2.1927630904218722E-010
   2.7080788280875617E-009   3.6290709292414376E-011
  -1.3995028260120368E-008  -3.2593414825765390E-009
          78   1.9441098748456479E-009  -2.1766270054184258E-010
   2.6960579963539832E-009  -9.3182370230643190E-012
  -1.0461944574132845E-008  -2.2233300555754803E-009
          79   2.2484024109570794E-009  -2.4112990530618164E-010
   2.7344788856988801E-009  -4.4256022676195260E-011
  -7.9603594539081218E-009  -1.5923867238063789E-009
          80   2.6004598491255480E-009  -2.9076806410538145E-010
   2.8169744037799323E-009  -7.8267588774704128E-011
  -6.1304649147600250E-009  -1.1670696619991929E-009
          81   3.0393322243297732E-009  -3.7821034770683194E-010
   2.9475018475542438E-009  -1.1975706223105042E-010
  -4.7816165124556191E-009  -8.4635477044624691E-010
          82   3.6269664300293438E-009  -5.3359812357536443E-010
   3.1420366518264564E-009  -1.8140827620631878E-010
  -3.8217476957515880E-009  -5.6278267753234274E-010
          83   4.4797469294985343E-009  -8.3525239963675255E-010
   3.4372148130369176E-009  -2.9157425362603815E-010
  -3.2388453763978174E-009  -2.4063990673943406E-010
          84   5.8452484191302773E-009  -1.5256759498188512E-009
   3.9165882721805808E-009  -5.3491661777405200E-010
  -3.1291565982578043E-009   2.8589033156893441E-010
          85   8.2440117126279821E-009  -3.6177876838067590E-009
   4.7588526940208821E-009  -1.2624658169650595E-009
  -3.7741653981407257E-009   1.6514332086853935E-009
          86   9.8651783893635674E-009  -1.2615691790211553E-008
   5.3361488168374823E-009  -4.3795576275705798E-009
  -4.0285015061346832E-009   7.2558716206045316E-009
          87  -7.6442571807916367E-009  -1.3337032840972523E-008
  -7.0461713234978740E-010  -4.6315060416620379E-009
   7.4445729155649204E-009   7.7433803292971945E-009
          88  -6.4190053024509133E-009  -3.8086092900097178E-009
  -2.5825380751643222E-010  -1.3354567806140071E-009
   7.3178656602333780E-009   1.9003011061492256E-009
          89  -3.9260267117980698E-009  -1.6071679674592422E-009
   6.2930458017192765E-010  -5.7505598772490208E-010
   6.3737512550074584E-009   5.6478124614550220E-010
          90  -2.4737175645245174E-009  -9.0235797783406073E-010
   1.1585641520817771E-009  -3.3232847484853021E-010
   6.0477744834740206E-009   1.4345320378122900E-010
          91  -1.5290971462762531E-009  -6.0717850115827486E-010
   1.5135554503921340E-009  -2.3099990200927950E-010
   6.0223008561939227E-009  -3.3302519175825618E-011
          92  -8.3336495226776883E-010  -4.6590562796271347E-010
   1.7832241134399516E-009  -1.8245211031823612E-010
   6.1485078987380173E-009  -1.2314906657776146E-010
          93  -2.6357767900365587E-010  -3.9719569054523627E-010
   2.0094209958620966E-009  -1.5833340752673372E-010
   6.3616108451286318E-009  -1.7680492577409531E-010
          94   2.4775730779352057E-010  -3.7017803489306193E-010
   2.2144039856898012E-009  -1.4762143093974249E-010
   6.6322315431584889E-009  -2.1455144177201692E-010
          95   7.4493222468367343E-010  -3.7272110541710034E-010
   2.4117913015216798E-009  -1.4554558464072497E-010
   6.9475703676065211E-009  -2.4604454110672022E-010
          96   1.2635287340965593E-009  -4.0170689404341166E-010
   2.6112345138602405E-009  -1.5004295906991120E-010
   7.3037665670970693E-009  -2.7677682505508094E-010
          97   1.8395583719098814E-009  -4.6032365676534577E-010
   2.8209183448226481E-009  -1.6046933443550672E-010
   7.7027464065281720E-009  -3.1062256926763836E-010
          98   2.5174289551546051E-009  -5.5885283927409982E-010
   3.0488740901995650E-009  -1.7713337820646964E-010
   8.1511251301671428E-009  -3.5106770464098389E-010
          99   3.3607945279394183E-009  -7.1923908769513967E-010
   3.3039487605816612E-009  -2.0121097978337863E-010
   8.6602926174602343E-009  -4.0199199550543798E-010
         100   4.4723487113727960E-009  -9.8751712094120530E-010
   3.5974861559902441E-009  -2.3490624520091301E-010
   9.2474231348420907E-009  -4.6832385923151522E-010
         101   6.0368616240816209E-009  -1.4684789497139369E-009
   3.9443579801838879E-009  -2.8181843571144473E-010
   9.9374176957710233E-009  -5.5652764421039210E-010
         102   8.4222966691864265E-009  -2.4383207298415197E-009
   4.3658154934772639E-009  -3.4729455800085624E-010
   1.0765623307355370E-008  -6.7371121861410944E-010
         103   1.2438343895814253E-008  -4.8094179806210710E-009
   4.8924821223703079E-009  -4.3672315686636313E-010
   1.1780716468059177E-008  -8.1687817911455365E-010
         104   1.9534972155463931E-008  -1.2800445015153601E-008
   5.5756805406839599E-009  -5.3349529036842291E-010
   1.3063645405571956E-008  -8.8548481973504329E-010
         105   1.2817281627120869E-008  -4.4609515812624154E-008
   6.7357326306373834E-009  -4.9975157990532687E-010
   1.5539971155027947E-008  -3.0871834526759527E-010
         106  -2.6568701846123487E-008  -2.4123943373344958E-008
   8.8434565185603449E-009  -1.4108035901129350E-009
   2.0475892994526860E-008  -2.5028073640366933E-009
         107  -1.9157726141870972E-008  -7.6934690913541184E-009
   1.1536762417486633E-008  -3.2606615479724110E-009
   2.5871525648127578E-008  -6.5682360956701475E-009
         108  -1.3346247015270800E-008  -4.3036994747382335E-009
   1.6330376731767799E-008  -8.9878154284898091E-009
   3.5611500455927270E-008  -1.8424876993860733E-008
         109  -1.1200304694082456E-008  -5.4891324892430865E-009
   1.0087112611359996E-008  -3.0807137202456763E-008
   2.2626161585369867E-008  -6.3402603536527707E-008
         110  -1.2468214192068470E-008  -2.9107575995626796E-009
  -1.4792673584434910E-008  -1.5164790625423184E-008
  -2.8767403582415254E-008  -3.1160852276152013E-008
         111  -1.0729845800690512E-008  -1.2762335316939253E-009
  -9.8071729126844543E-009  -4.7630190284178392E-009
  -1.8624608129819979E-008  -9.7114075764244949E-009
         112  -9.5410004467962751E-009  -7.3431437684571371E-010
  -6.2759193453758050E-009  -2.1858437729988383E-009
  -1.1500571063263339E-008  -4.3812660874358909E-009
         113  -8.7779948496786073E-009  -4.6637251048430807E-010
  -4.2294676529753508E-009  -1.2618189912440990E-009
  -7.4664167098983519E-009  -2.4513039886641519E-009
         114  -8.2791949596182007E-009  -2.9937316004325615E-010
  -2.9028948477178223E-009  -8.4339346077716310E-010
  -4.9557176546016041E-009  -1.5547662061346926E-009
         115  -7.9646926265638120E-009  -1.7766741646095027E-010
  -1.9480213679486506E-009  -6.2886219319994755E-010
  -3.2643870775042314E-009  -1.0664748207924449E-009
         116  -7.7956257937277663E-009  -7.5708001085070762E-011
  -1.1945937540596011E-009  -5.1556779954568990E-010
  -2.0605445870235183E-009  -7.6880711031387545E-010
         117  -7.7581441544899954E-009   2.3393354756420155E-011
  -5.4523367568388617E-010  -4.6442170188710525E-010
  -1.1730633427934564E-009  -5.7004030569156781E-010
         118  -7.8581527125702277E-009   1.3731027454096020E-010
   6.9450399299303706E-011  -4.6425125146137074E-010
  -5.0813301377534532E-010  -4.2496213424017712E-010
         119  -8.1287475746418702E-009   2.9528605003291176E-010
   7.1693113751746517E-010  -5.2576096965714453E-010
  -1.4575493491274320E-011  -3.0645034348677776E-010
         120  -8.6508447288672974E-009   5.6575432698715126E-010
   1.4920830889751172E-009  -6.9887825904185020E-010
   3.2927683195992150E-010  -1.9023525311075499E-010
         121  -9.6152497387466079E-009   1.1640690765162980E-009
   2.5746790245078207E-009  -1.1615728232347124E-009
   5.1369481249495419E-010  -3.1798657502561429E-011
         122  -1.1391541835702409E-008   3.0539178192843096E-009
   4.2912460166602315E-009  -2.7297989462684513E-009
   4.9025189187447634E-010   3.3891401682339989E-010
         123  -1.0651368450976877E-008   1.0817583446250981E-008
   3.8199391522087882E-009  -9.2970039707301612E-009
   8.3884675107065942E-010   1.7104387081134349E-009
         124   1.9899746544704262E-010   6.8806951061499589E-009
  -5.2900186819799745E-009  -5.9201777718465603E-009
   2.8660853329510715E-009   1.0743262317212827E-009
         125  -1.6492223106862162E-009   2.1520445654593565E-009
  -3.6421352600907069E-009  -1.8724511847860149E-009
   2.6665271439635897E-009   3.0180101761641612E-010
         126  -3.2699298371571810E-009   1.0481480662743446E-009
  -2.2237365683568506E-009  -9.0760319782628509E-010
   2.4543945767623348E-009   1.5164206173770405E-010
         127  -4.3211411309272464E-009   6.9266956229196781E-010
  -1.3252822018759247E-009  -5.7932397466283772E-010
   2.2851187366740534E-009   1.3329159054570872E-010
         128  -5.1279475109815988E-009   5.6234448678141076E-010
  -6.7024591867631008E-010  -4.4188955109737593E-010
   2.0964555518745764E-009   1.5982310923943203E-010
         129  -5.8466758435628203E-009   5.2646309628536991E-010
  -1.2719100224398356E-010  -3.8332040807042508E-010
   1.8509974054227326E-009   2.1246735768244281E-010
         130  -6.5608706542558526E-009   5.4378339634867713E-010
   3.7267573938112797E-010  -3.6767365684144102E-010
   1.5180306225137593E-009   2.8935644527527051E-010
         131  -7.3282189926720589E-009   6.0158021302922795E-010
   8.7432854820744902E-010  -3.8324185945625761E-010
   1.0629367174607986E-009   3.9624756904049544E-010
         132  -8.2003557592921159E-009   7.0004500322031580E-010
   1.4167352927514467E-009  -4.2943471536868531E-010
   4.3899672277398281E-010   5.4603091744392856E-010
         133  -9.2359900433005634E-009   8.4886544869365701E-010
   2.0439724401584647E-009  -5.1437769497726122E-010
  -4.2331807594930034E-010   7.6253387508960749E-010
         134  -1.0512892504322798E-008   1.0693551256300680E-009
   2.8167366971865103E-009  -6.5832527379022880E-010
  -1.6348212612181731E-009   1.0905025518188247E-009
         135  -1.2147391376145043E-008   1.4025608793499549E-009
   3.8327539359449536E-009  -9.0574157741361532E-010
  -3.3844015386616907E-009   1.6203620402270038E-009
         136  -1.4327127240128936E-008   1.9295680269712791E-009
   5.2693205508050936E-009  -1.3608994208532037E-009
  -6.0200362079193836E-009   2.5566830952054201E-009
         137  -1.7383264975842471E-008   2.8245685562927325E-009
   7.4850247396865295E-009  -2.3082199169033970E-009
  -1.0245653588194998E-008   4.4442230193366206E-009
         138  -2.1953101067017323E-008   4.5140059694732214E-009
   1.1275206811997533E-008  -4.7349340772523722E-009
  -1.7608887444515578E-008   9.1330039705457985E-009
