   262144.00000000000     
         256           1           3
   1.7567330116226543E-005  -32.293924742754001        98.210495978099999     
   6.0401400154609997        12.000000000000000        5733.8999999999996     
           0   0.0000000000000000        0.0000000000000000     
   0.0000000000000000        0.0000000000000000     
   0.0000000000000000        0.0000000000000000     
           1  -5.4930824874334969E-010   3.8240216245531089E-013
  -7.0057752566159795E-009   2.8347575011229791E-010
   0.0000000000000000        0.0000000000000000     
           2  -5.5009087646864313E-010   7.5292429638828988E-013
  -7.5882274737539690E-009   7.1703128882579831E-010
   0.0000000000000000        0.0000000000000000     
           3  -5.5131496613177966E-010   1.0778902263789659E-012
  -8.8538534672150925E-009   1.6945751873722371E-009
   0.0000000000000000        0.0000000000000000     
           4  -5.5313591327159279E-010   1.1942570074991575E-012
  -1.1237072138405716E-008   5.0566762987643489E-009
   0.0000000000000000        0.0000000000000000     
           5  -5.5606730197579368E-010   5.9287183377878052E-013
  -5.7536896439844011E-009   1.6513957141287816E-008
   0.0000000000000000        0.0000000000000000     
           6  -5.6022953275524092E-010   1.8959686958761582E-012
   5.1115924999533326E-009   6.7675874359375232E-009
   0.0000000000000000        0.0000000000000000     
           7  -5.6371356613853240E-010   2.7493090966259279E-012
   2.5876661174536507E-009   2.1582652769009983E-009
   0.0000000000000000        0.0000000000000000     
           8  -5.6788859817094398E-010   3.3073839884314323E-012
   9.8065053414464885E-010   9.7910317587732910E-010
   0.0000000000000000        0.0000000000000000     
           9  -5.7275287078178781E-010   3.8122973468584818E-012
   8.0684935745749436E-011   5.4477593268342025E-010
   0.0000000000000000        0.0000000000000000     
          10  -5.7829368430078128E-010   4.3118846143783376E-012
  -4.7456004100940461E-010   3.4326954717657134E-010
   0.0000000000000000        0.0000000000000000     
          11  -5.8451914073061654E-010   4.8207762465735285E-012
  -8.4692427903434909E-010   2.3535761867713756E-010
   0.0000000000000000        0.0000000000000000     
          12  -5.9144800673429599E-010   5.3457158250856366E-012
  -1.1133613810918190E-009   1.7178695226580788E-010
   0.0000000000000000        0.0000000000000000     
          13  -5.9910563747941041E-010   5.8910875393074533E-012
  -1.3141410511840721E-009   1.3175960763249733E-010
   0.0000000000000000        0.0000000000000000     
          14  -6.0752252543232529E-010   6.4605196059856976E-012
  -1.4721093164834408E-009   1.0532289026083312E-010
   0.0000000000000000        0.0000000000000000     
          15  -6.1673386079259726E-010   7.0574635622692264E-012
  -1.6010967558479537E-009   8.7251534804198526E-011
   0.0000000000000000        0.0000000000000000     
          16  -6.2677953182323227E-010   7.6854497766567159E-012
  -1.7099290717684610E-009   7.4599781412360239E-011
   0.0000000000000000        0.0000000000000000     
          17  -6.3770435256978745E-010   8.3482268406418905E-012
  -1.8044898742630646E-009   6.5610897695945333E-011
   0.0000000000000000        0.0000000000000000     
          18  -6.4955843505418378E-010   9.0498569836094293E-012
  -1.8888503661042146E-009   5.9188694264821679E-011
   0.0000000000000000        0.0000000000000000     
          19  -6.6239767450850023E-010   9.7947962228568797E-012
  -1.9659213362545782E-009   5.4623408568728603E-011
   0.0000000000000000        0.0000000000000000     
          20  -6.7628433917628327E-010   1.0587972376843962E-011
  -2.0378465234558818E-009   5.1441358590731875E-011
   0.0000000000000000        0.0000000000000000     
          21  -6.9128776793921939E-010   1.1434868050430637E-011
  -2.1062491483251255E-009   4.9318539229980845E-011
   0.0000000000000000        0.0000000000000000     
          22  -7.0748518628822003E-010   1.2341613348807881E-011
  -2.1723916379592053E-009   4.8028963942850367E-011
   0.0000000000000000        0.0000000000000000     
          23  -7.2496265675791161E-010   1.3315092296288928E-011
  -2.2372822114471811E-009   4.7412719613799803E-011
   0.0000000000000000        0.0000000000000000     
          24  -7.4381618511731829E-010   1.4363066928581619E-011
  -2.3017479461741569E-009   4.7355632956362789E-011
   0.0000000000000000        0.0000000000000000     
          25  -7.6415300924737965E-010   1.5494323485744199E-011
  -2.3664861488922730E-009   4.7776005549711791E-011
   0.0000000000000000        0.0000000000000000     
          26  -7.8609310405503569E-010   1.6718845951073111E-011
  -2.4321013746800179E-009   4.8615780690029598E-011
   0.0000000000000000        0.0000000000000000     
          27  -8.0977094364226797E-010   1.8048023354404756E-011
  -2.4991327800839177E-009   4.9834564671884369E-011
   0.0000000000000000        0.0000000000000000     
          28  -8.3533757159894195E-010   1.9494898838673378E-011
  -2.5680748782111330E-009   5.1405533694192123E-011
   0.0000000000000000        0.0000000000000000     
          29  -8.6296304242254078E-010   2.1074470578432306E-011
  -2.6393937535665595E-009   5.3312617739913135E-011
   0.0000000000000000        0.0000000000000000     
          30  -8.9283931243904008E-010   2.2804057393970714E-011
  -2.7135401517291853E-009   5.5548571809474670E-011
   0.0000000000000000        0.0000000000000000     
          31  -9.2518367824863878E-010   2.4703745546049765E-011
  -2.7909604431696555E-009   5.8113681605200542E-011
   0.0000000000000000        0.0000000000000000     
          32  -9.6024288600323951E-010   2.6796938037294960E-011
  -2.8721061888052639E-009   6.1014938328774863E-011
   0.0000000000000000        0.0000000000000000     
          33  -9.9829806765010669E-010   2.9111034230328745E-011
  -2.9574428570255251E-009   6.4265574920365151E-011
   0.0000000000000000        0.0000000000000000     
          34  -1.0396707032514518E-009   3.1678276349443821E-011
  -3.0474581268928237E-009   6.7884895309699553E-011
   0.0000000000000000        0.0000000000000000     
          35  -1.0847298651522607E-009   3.4536811366479539E-011
  -3.1426701410988677E-009   7.1898356098943803E-011
   0.0000000000000000        0.0000000000000000     
          36  -1.1339010752624087E-009   3.7732033197724044E-011
  -3.2436360330304739E-009   7.6337881033660981E-011
   0.0000000000000000        0.0000000000000000     
          37  -1.1876772081058473E-009   4.1318292984065176E-011
  -3.3509610380467766E-009   8.1242405599165466E-011
   0.0000000000000000        0.0000000000000000     
          38  -1.2466320099876499E-009   4.5361097364738983E-011
  -3.4653085062040075E-009   8.6658664220375668E-011
   0.0000000000000000        0.0000000000000000     
          39  -1.3114369935114154E-009   4.9939960413318138E-011
  -3.5874111605879843E-009   9.2642247506760364E-011
   0.0000000000000000        0.0000000000000000     
          40  -1.3828827289286438E-009   5.5152140911977598E-011
  -3.7180839933102530E-009   9.9258973246973186E-011
   0.0000000000000000        0.0000000000000000     
          41  -1.4619059222576753E-009   6.1117593198780928E-011
  -3.8582392624904263E-009   1.0658663396471582E-010
   0.0000000000000000        0.0000000000000000     
          42  -1.5496241950263468E-009   6.7985603237547044E-011
  -4.0089041534562027E-009   1.1471720758481774E-010
   0.0000000000000000        0.0000000000000000     
          43  -1.6473812389131797E-009   7.5943798088574390E-011
  -4.1712418033907150E-009   1.2375964843398098E-010
   0.0000000000000000        0.0000000000000000     
          44  -1.7568061319472675E-009   8.5230549779740680E-011
  -4.3465765721023535E-009   1.3384341652913995E-010
   0.0000000000000000        0.0000000000000000     
          45  -1.8798922655007229E-009   9.6152316224055005E-011
  -4.5364246884824354E-009   1.4512295829475294E-010
   0.0000000000000000        0.0000000000000000     
          46  -2.0191038607616849E-009   1.0910829710772191E-010
  -4.7425317360813192E-009   1.5778342785248212E-010
   0.0000000000000000        0.0000000000000000     
          47  -2.1775219817859176E-009   1.2462615203776681E-010
  -4.9669188949717433E-009   1.7204804422270401E-010
   0.0000000000000000        0.0000000000000000     
          48  -2.3590481926901730E-009   1.4341483248660965E-010
  -5.2119404800653342E-009   1.8818763021252321E-010
   0.0000000000000000        0.0000000000000000     
          49  -2.5686941717789544E-009   1.6644457065153071E-010
  -5.4803561793204048E-009   2.0653309485740910E-010
   0.0000000000000000        0.0000000000000000     
          50  -2.8130026231274981E-009   1.9507121134165507E-010
  -5.7754226061804217E-009   2.2749193620303297E-010
   0.0000000000000000        0.0000000000000000     
          51  -3.1006734900696964E-009   2.3123533300494383E-010
  -6.1009622162375809E-009   2.5157030515053431E-010
   0.0000000000000000        0.0000000000000000     
          52  -3.4435275254380869E-009   2.7779226846715808E-010
  -6.4617081038700230E-009   2.7940288730744706E-010
   0.0000000000000000        0.0000000000000000     
          53  -3.8580213939890604E-009   3.3908124443251791E-010
  -6.8632128669667284E-009   3.1179388998078617E-010
   0.0000000000000000        0.0000000000000000     
          54  -4.3676900972027360E-009   4.2195371011982276E-010
  -7.3123058746437961E-009   3.4977417595251410E-010
   0.0000000000000000        0.0000000000000000     
          55  -5.0076579544762071E-009   5.3773725418513168E-010
  -7.8174568341025141E-009   3.9468220235647834E-010
   0.0000000000000000        0.0000000000000000     
          56  -5.8320378824171943E-009   7.0624647129928186E-010
  -8.3890197627483392E-009   4.4828086432356763E-010
   0.0000000000000000        0.0000000000000000     
          57  -6.9291337475058635E-009   9.6468215778271727E-010
  -9.0402673375068036E-009   5.1292987325765661E-010
   0.0000000000000000        0.0000000000000000     
          58  -8.4518692129176642E-009   1.3895637186152202E-009
  -9.7880290300029268E-009   5.9184647955699175E-010
   0.0000000000000000        0.0000000000000000     
          59  -1.0688492378784229E-008   2.1587538622514690E-009
  -1.0654513380364251E-008   6.8951264813877429E-010
   0.0000000000000000        0.0000000000000000     
          60  -1.4234977356234816E-008   3.7630187717430451E-009
  -1.1668446144090784E-008   8.1234117006697511E-010
   0.0000000000000000        0.0000000000000000     
          61  -2.0422081910991917E-008   7.9467124997715800E-009
  -1.2869473899557769E-008   9.6987199291433417E-010
   0.0000000000000000        0.0000000000000000     
          62  -3.0702182063334239E-008   2.3552485648194991E-008
  -1.4312069126425476E-008   1.1775481839254277E-009
   0.0000000000000000        0.0000000000000000     
          63   1.7794165300009654E-009   6.7051731682015022E-008
  -1.6064250754812206E-008   1.4599462677008257E-009
   0.0000000000000000        0.0000000000000000     
          64   3.3352115781567829E-008   2.3275121367257237E-008
  -1.8247392230398243E-008   1.8324815027871389E-009
   0.0000000000000000        0.0000000000000000     
          65   2.3090628168777858E-008   7.8778016379630678E-009
  -2.1040803457818760E-008   2.3761698838677505E-009
   0.0000000000000000        0.0000000000000000     
          66   1.6946982220053767E-008   3.7327150195460979E-009
  -2.4713324926387105E-008   3.2000128922787306E-009
   0.0000000000000000        0.0000000000000000     
          67   1.3430676108245210E-008   2.1372948320225277E-009
  -2.9736909313308829E-008   4.5264936642280695E-009
   0.0000000000000000        0.0000000000000000     
          68   1.1221117236351576E-008   1.3694930468417497E-009
  -3.6977231800902684E-008   6.8565846436680157E-009
   0.0000000000000000        0.0000000000000000     
          69   9.7259342507134683E-009   9.4348169309826993E-010
  -4.8177121225185917E-008   1.1500319630288571E-008
   0.0000000000000000        0.0000000000000000     
          70   8.6591345528363616E-009   6.8292775782874445E-010
  -6.7185452348253071E-008   2.2750709709842696E-008
   0.0000000000000000        0.0000000000000000     
          71   7.8685282744484862E-009   5.1224081986191462E-010
  -1.0110367426423600E-007   6.0248993669465738E-008
   0.0000000000000000        0.0000000000000000     
          72   7.2668009088293615E-009   3.9633901275609956E-010
  -7.5738065231733309E-008   2.1283081866885804E-007
   0.0000000000000000        0.0000000000000000     
          73   6.8053230113229743E-009   3.0771001393092865E-010
   1.2547801117401608E-007   1.2246772125010511E-007
   0.0000000000000000        0.0000000000000000     
          74   6.4400364613225170E-009   2.4041517385103191E-010
   9.1618838750841863E-008   3.6969051705058107E-008
   0.0000000000000000        0.0000000000000000     
          75   6.1512101788480528E-009   1.8888551992416339E-010
   6.5332967923777619E-008   1.6224200022881203E-008
   0.0000000000000000        0.0000000000000000     
          76   5.9247329168562371E-009   1.4763174971596934E-010
   5.0644336164207258E-008   8.8793724321429524E-009
   0.0000000000000000        0.0000000000000000     
          77   5.7487589677304559E-009   1.1354336163854751E-010
   4.1674862069578850E-008   5.5104242803842702E-009
   0.0000000000000000        0.0000000000000000     
          78   5.6153226091858817E-009   8.4562877007585417E-011
   3.5764403194538290E-008   3.6862903108203610E-009
   0.0000000000000000        0.0000000000000000     
          79   5.5181872367140172E-009   5.9238827585753871E-011
   3.1672513902618540E-008   2.5719287516916901E-009
   0.0000000000000000        0.0000000000000000     
          80   5.4537556567173835E-009   3.6502178466741592E-011
   2.8770263506938694E-008   1.8152880290758833E-009
   0.0000000000000000        0.0000000000000000     
          81   5.4187685965309512E-009   1.5536685192655733E-011
   2.6729051071650997E-008   1.2366892369454953E-009
   0.0000000000000000        0.0000000000000000     
          82   5.4114107902078465E-009  -4.2957995833561738E-012
   2.5396329743407456E-008   7.1326477858653101E-010
   0.0000000000000000        0.0000000000000000     
          83   5.4304141175766774E-009  -2.3476964973495051E-011
   2.4768067045948628E-008   1.0128045627610401E-010
   0.0000000000000000        0.0000000000000000     
          84   5.4755732995266659E-009  -4.2228833137509688E-011
   2.5048442397592116E-008  -9.2339271240265841E-010
   0.0000000000000000        0.0000000000000000     
          85   5.5463051395305414E-009  -5.9776659223191414E-011
   2.6803804832945307E-008  -3.6124084459923487E-009
   0.0000000000000000        0.0000000000000000     
          86   5.6462440469479051E-009  -6.9632376624177925E-011
   2.7779445896053880E-008  -1.4681298759633889E-008
   0.0000000000000000        0.0000000000000000     
          87   5.8005910039481997E-009  -9.1778740308226988E-011
   5.5855630411331318E-009  -1.5645800813583026E-008
   0.0000000000000000        0.0000000000000000     
          88   5.9635617317122449E-009  -1.2943120688590790E-010
   6.3127099071924349E-009  -4.1077593025043047E-009
   0.0000000000000000        0.0000000000000000     
          89   6.1619260998431827E-009  -1.6099526349893472E-010
   8.6654743021971828E-009  -1.4789617787697468E-009
   0.0000000000000000        0.0000000000000000     
          90   6.4033946887923740E-009  -1.9498986704238502E-010
   9.8128633657710555E-009  -6.6036754915414797E-010
   0.0000000000000000        0.0000000000000000     
          91   6.6939319118558913E-009  -2.3420884739926020E-010
   1.0388253620260952E-008  -3.2933549210260920E-010
   0.0000000000000000        0.0000000000000000     
          92   7.0422009069993995E-009  -2.8087439075534095E-010
   1.0691815920942195E-008  -1.7487532712204393E-010
   0.0000000000000000        0.0000000000000000     
          93   7.4598721246982243E-009  -3.3772213773872738E-010
   1.0858718157022224E-008  -9.7540155549818861E-011
   0.0000000000000000        0.0000000000000000     
          94   7.9630861397751792E-009  -4.0855732679861331E-010
   1.0955216972866260E-008  -5.8345838392478200E-011
   0.0000000000000000        0.0000000000000000     
          95   8.5738498599200153E-009  -4.9896431979838063E-010
   1.1016692016356995E-008  -3.9740711266083640E-011
   0.0000000000000000        0.0000000000000000     
          96   9.3234097860842828E-009  -6.1749644243638558E-010
   1.1063045201099497E-008  -3.3009416490001454E-011
   0.0000000000000000        0.0000000000000000     
          97   1.0256846328629134E-008  -7.7786506258184621E-010
   1.1106284278606825E-008  -3.3506789020171320E-011
   0.0000000000000000        0.0000000000000000     
          98   1.1442373210068402E-008  -1.0032646211268547E-009
   1.1154152392689833E-008  -3.8627954310476428E-011
   0.0000000000000000        0.0000000000000000     
          99   1.2987942600718038E-008  -1.3356313122275669E-009
   1.1211651272013559E-008  -4.6861434745697714E-011
   0.0000000000000000        0.0000000000000000     
         100   1.5073885270471126E-008  -1.8575414845319521E-009
   1.1282031480965001E-008  -5.7314568073237221E-011
   0.0000000000000000        0.0000000000000000     
         101   1.8024853489241532E-008  -2.7511549337552252E-009
   1.1367846744930979E-008  -6.9461394131786223E-011
   0.0000000000000000        0.0000000000000000     
         102   2.2484574749287273E-008  -4.4871031995218769E-009
   1.1471537920674819E-008  -8.3002100099649746E-011
   0.0000000000000000        0.0000000000000000     
         103   2.9848878492727164E-008  -8.5977881582354761E-009
   1.1594264948332116E-008  -9.7783338065556828E-011
   0.0000000000000000        0.0000000000000000     
         104   4.2618028632755807E-008  -2.2099451560805989E-008
   1.1738319787624091E-008  -1.1377674168467763E-010
   0.0000000000000000        0.0000000000000000     
         105   3.3099248132873255E-008  -7.5150023045631569E-008
   1.1904415831592419E-008  -1.3117336750118520E-010
   0.0000000000000000        0.0000000000000000     
         106  -2.9426754691656599E-008  -4.2419546423827903E-008
   1.2093600912521871E-008  -1.4839547032219637E-010
   0.0000000000000000        0.0000000000000000     
         107  -1.2887726327367978E-008  -1.7968127619761841E-008
   1.2308141740435469E-008  -1.6506687626012277E-010
   0.0000000000000000        0.0000000000000000     
         108   4.3589325887899064E-009  -2.1529371710620709E-008
   1.2547528910346314E-008  -1.7451672214168631E-010
   0.0000000000000000        0.0000000000000000     
         109  -2.3023213800004491E-009  -5.8646845854540064E-008
   1.2845322155159770E-008  -1.4871642754194895E-010
   0.0000000000000000        0.0000000000000000     
         110  -4.4701953736223085E-008  -2.9129496302569187E-008
   1.3222092036330564E-008  -2.1309823491708002E-010
   0.0000000000000000        0.0000000000000000     
         111  -3.3997039093277345E-008  -9.6220365399306933E-009
   1.3569256606021967E-008  -2.6867897655052905E-010
   0.0000000000000000        0.0000000000000000     
         112  -2.6588708149415408E-008  -4.5314671015706822E-009
   1.3964805731417735E-008  -3.1028699042729654E-010
   0.0000000000000000        0.0000000000000000     
         113  -2.2340153453529802E-008  -2.5427677858677255E-009
   1.4416167613058869E-008  -3.5351132772276395E-010
   0.0000000000000000        0.0000000000000000     
         114  -1.9779593935404677E-008  -1.5050261992339571E-009
   1.4929393435786951E-008  -4.0275344703500552E-010
   0.0000000000000000        0.0000000000000000     
         115  -1.8266874211920302E-008  -8.1063567305699355E-010
   1.5515051433723509E-008  -4.6133713253367124E-010
   0.0000000000000000        0.0000000000000000     
         116  -1.7568672134311349E-008  -1.8196156683351369E-010
   1.6187616832146322E-008  -5.3372962417292729E-010
   0.0000000000000000        0.0000000000000000     
         117  -1.7729080149136788E-008   6.7579862738868829E-010
   1.6970258958580323E-008  -6.2737525038098088E-010
   0.0000000000000000        0.0000000000000000     
         118  -1.9143134006719090E-008   2.5975136737796786E-009
   1.7897286197032820E-008  -7.5635361442998493E-010
   0.0000000000000000        0.0000000000000000     
         119  -2.1507871278450443E-008   9.9006851630564142E-009
   1.9028797267408589E-008  -9.5097576578290640E-010
   0.0000000000000000        0.0000000000000000     
         120  -3.9793461738340694E-009   1.8542823968431852E-008
   2.0476544261470106E-008  -1.2882246655880190E-009
   0.0000000000000000        0.0000000000000000     
         121  -8.7949034486915803E-010   5.1431629850017497E-009
   2.2477620952814017E-008  -2.0146239535170870E-009
   0.0000000000000000        0.0000000000000000     
         122  -3.5911225474109304E-009   1.8439032552675273E-009
   2.5474750307131901E-008  -4.2349983302696950E-009
   0.0000000000000000        0.0000000000000000     
         123  -5.1021408680309039E-009   8.7608997798264849E-010
   2.5674147848666969E-008  -1.3200643450742264E-008
   0.0000000000000000        0.0000000000000000     
         124  -6.0536427522610852E-009   5.4488340464802085E-010
   1.4400277266085523E-008  -8.7810779336673207E-009
   0.0000000000000000        0.0000000000000000     
         125  -6.6845584229652369E-009   4.2152982451358558E-010
   1.7811378743917318E-008  -3.4777871518830979E-009
   0.0000000000000000        0.0000000000000000     
         126  -7.2060840122592291E-009   3.7305909930997428E-010
   2.1135536182760900E-008  -2.3565245275333724E-009
   0.0000000000000000        0.0000000000000000     
         127  -7.7000115571671534E-009   3.7034463406338914E-010
   2.4024708794245117E-008  -2.1309830827731847E-009
   0.0000000000000000        0.0000000000000000     
         128  -8.2151163094835084E-009   3.9920168671892783E-010
   2.6911350506654724E-008  -2.2146072233322124E-009
   0.0000000000000000        0.0000000000000000     
         129  -8.7882022231485773E-009   4.5456483534953526E-010
   3.0054493554129980E-008  -2.4768721427305459E-009
   0.0000000000000000        0.0000000000000000     
         130  -9.4540634501703043E-009   5.3700120548456075E-010
   3.3661189197695528E-008  -2.9000059970381720E-009
   0.0000000000000000        0.0000000000000000     
         131  -1.0252111632475828E-008   6.5169713116316294E-010
   3.7957928168739927E-008  -3.5163301223792023E-009
   0.0000000000000000        0.0000000000000000     
         132  -1.1230325338330500E-008   8.0917070018799802E-010
   4.3242419413902672E-008  -4.4041448742066250E-009
   0.0000000000000000        0.0000000000000000     
         133  -1.2457147573979099E-008   1.0278429828606901E-009
   4.9951974962259850E-008  -5.7120386347989094E-009
   0.0000000000000000        0.0000000000000000     
         134  -1.4030016297330783E-008   1.3397265810982232E-009
   5.8784512181796905E-008  -7.7242071530791840E-009
   0.0000000000000000        0.0000000000000000     
         135  -1.6104078014664064E-008   1.8027274428390721E-009
   7.0933746946916313E-008  -1.1025158433564190E-008
   0.0000000000000000        0.0000000000000000     
         136  -1.8932046295231046E-008   2.5290410150502424E-009
   8.8626165439238827E-008  -1.6962885410729787E-008
   0.0000000000000000        0.0000000000000000     
         137  -2.2965064028583191E-008   3.7581639624540758E-009
   1.1643049709138597E-007  -2.9205888960381514E-008
   0.0000000000000000        0.0000000000000000     
         138  -2.9075703335137479E-008   6.0749030967381286E-009
   1.6453047340248769E-007  -6.0516160951712318E-008
   0.0000000000000000        0.0000000000000000     
