   262144.00000000000     
         256           1           3
   1.7567330116226543E-005   19.112027233519001       -96.141173415699996     
   6.0401400154609997        12.000000000000000        5733.8999999999996     
           0   0.0000000000000000        0.0000000000000000     
   0.0000000000000000        0.0000000000000000     
   0.0000000000000000        0.0000000000000000     
           1   9.4613737965856708E-011   1.9753704872972325E-011
   2.2831168767644219E-009  -5.7290615329733170E-012
   6.0147690722791267E-009  -5.3572957479865371E-011
           2   5.4023831621856386E-011   5.0126498047478597E-011
   2.2948859404720850E-009  -1.4333171074949699E-011
   6.1248413503108678E-009  -1.3530464272031768E-010
           3  -3.4493141203895135E-011   1.1899140942171821E-010
   2.3201509871235619E-009  -3.3357182722478466E-011
   6.3636296450182611E-009  -3.1910122620121234E-010
           4  -2.0166359418733048E-010   3.5659083665396599E-010
   2.3672315145089626E-009  -9.8052351778698180E-011
   6.8126130955965084E-009  -9.5029297000956803E-010
           5   1.8825091507835188E-010   1.1670220518002153E-009
   2.2640689164509975E-009  -3.1778909179411476E-010
   5.7861978090111317E-009  -3.1003141195553505E-009
           6   9.5943219432383178E-010   4.7702388723203926E-010
   2.0582547350237509E-009  -1.3143793069498081E-010
   3.7505707067317766E-009  -1.2720846289628925E-009
           7   7.8360133425764729E-010   1.5053045911526825E-010
   2.1092967873035659E-009  -4.3475870047514277E-011
   4.2275790955731077E-009  -4.0767756964109053E-010
           8   6.7310257839536101E-010   6.6756956705564187E-011
   2.1432120492520529E-009  -2.1213493484088781E-011
   4.5331031027691225E-009  -1.8684536119534497E-010
           9   6.1309590804451366E-010   3.5681763054704397E-011
   2.1640276777513645E-009  -1.3222417320987805E-011
   4.7065232659285536E-009  -1.0576481923995842E-010
          10   5.7795383132975896E-010   2.1072258913340917E-011
   2.1786921293940648E-009  -9.6974910163423798E-012
   4.8158273589671824E-009  -6.8371959349393923E-011
          11   5.5623768543043642E-010   1.3075157993825425E-011
   2.1903153895917060E-009  -7.9732354691796958E-012
   4.8913880277305908E-009  -4.8545665575851116E-011
          12   5.4251736252553702E-010   8.2038260738341640E-012
   2.2003830826237117E-009  -7.1073997834985393E-012
   4.9476524332021876E-009  -3.7045727925148956E-011
          13   5.3396050592891913E-010   4.9851010870630564E-012
   2.2096797361431590E-009  -6.7027813430124853E-012
   4.9921860794175336E-009  -2.9970776189838710E-011
          14   5.2896974522072372E-010   2.7131500857636853E-012
   2.2186577606054968E-009  -6.5699705766735072E-012
   5.0292864845166731E-009  -2.5454273247596164E-011
          15   5.2658786603632335E-010   1.0165414373439681E-012
   2.2275986076756840E-009  -6.6101952364251034E-012
   5.0615607932525454E-009  -2.2516687032976044E-011
          16   5.2621419156762569E-010  -3.1499394541010985E-013
   2.2366897229683968E-009  -6.7684520241824825E-012
   5.0906783014988851E-009  -2.0606212285890778E-011
          17   5.2745881978407078E-010  -1.4077473700065785E-012
   2.2460642153952760E-009  -7.0126379625940368E-012
   5.1177575400940584E-009  -1.9394178038244445E-011
          18   5.3006291775026230E-010  -2.3414517674820407E-012
   2.2558226793620267E-009  -7.3234474051715380E-012
   5.1435782955631604E-009  -1.8675897180535429E-011
          19   5.3385285132465711E-010  -3.1687045799264977E-012
   2.2660458952471546E-009  -7.6891434988785883E-012
   5.1687040119504741E-009  -1.8319241078964176E-011
          20   5.3871265366924293E-010  -3.9256362034839660E-012
   2.2768026077659395E-009  -8.1027034162529582E-012
   5.1935556745891976E-009  -1.8236436184516065E-011
          21   5.4456692704138700E-010  -4.6380582274402619E-012
   2.2881545283316188E-009  -8.5601921949492127E-012
   5.2184581518024741E-009  -1.8367857730303278E-011
          22   5.5136993721240772E-010  -5.3251584143018633E-012
   2.3001597168930203E-009  -9.0598067852263189E-012
   5.2436702562740744E-009  -1.8672342390612502E-011
          23   5.5909852599766544E-010  -6.0018071796003260E-012
   2.3128749951653175E-009  -9.6013033754541785E-012
   5.2694048430599091E-009  -1.9121199443386720E-011
          24   5.6774746319275295E-010  -6.6800501484180014E-012
   2.3263577755429505E-009  -1.0185654019027711E-011
   5.2958426250092584E-009  -1.9694400219260683E-011
          25   5.7732641270227400E-010  -7.3701098328681669E-012
   2.3406675424847279E-009  -1.0814847023594761E-011
   5.3231419235485380E-009  -2.0378093240419641E-011
          26   5.8785800715116040E-010  -8.0810849625441655E-012
   2.3558671395318808E-009  -1.1491782426371662E-011
   5.3514457315927060E-009  -2.1162949980016555E-011
          27   5.9937671617156041E-010  -8.8214615041675673E-012
   2.3720239670198444E-009  -1.2220234625859906E-011
   5.3808869663827776E-009  -2.2043044800387497E-011
          28   6.1192831176399677E-010  -9.5995069414823573E-012
   2.3892111679903869E-009  -1.3004866484119698E-011
   5.4115924855510042E-009  -2.3015086625012949E-011
          29   6.2556981015835703E-010  -1.0423594676019254E-011
   2.4075088648329185E-009  -1.3851286873098148E-011
   5.4436862491797486E-009  -2.4077887207349827E-011
          30   6.4036982084842319E-010  -1.1302490914217928E-011
   2.4270055024097484E-009  -1.4766148827726475E-011
   5.4772918885410980E-009  -2.5231991591545460E-011
          31   6.5640927020439681E-010  -1.2245628042867788E-011
   2.4477993525358760E-009  -1.5757289394128318E-011
   5.5125348621224445E-009  -2.6479421509110326E-011
          32   6.7378249562869787E-010  -1.3263384025412890E-011
   2.4700002385625931E-009  -1.6833915669487450E-011
   5.5495443257138461E-009  -2.7823498180956758E-011
          33   6.9259873081545222E-010  -1.4367385563293961E-011
   2.4937315472114161E-009  -1.8006844947944806E-011
   5.5884548059934781E-009  -2.9268720827686185E-011
          34   7.1298402641349481E-010  -1.5570853058993745E-011
   2.5191326079935436E-009  -1.9288810755706876E-011
   5.6294077398901063E-009  -3.0820683165074842E-011
          35   7.3508367578096070E-010  -1.6889007598250191E-011
   2.5463615394695962E-009  -2.0694851331329340E-011
   5.6725529209458752E-009  -3.2486013405010002E-011
          36   7.5906524519169245E-010  -1.8339564355001735E-011
   2.5755986878087173E-009  -2.2242803333693036E-011
   5.7180498755698092E-009  -3.4272324380565300E-011
          37   7.8512234468857237E-010  -1.9943343444700926E-011
   2.6070508189647276E-009  -2.3953931972347307E-011
   5.7660691739356678E-009  -3.6188159507323567E-011
          38   8.1347932344641942E-010  -2.1725039105417634E-011
   2.6409562749076027E-009  -2.5853740401873442E-011
   5.8167936595729369E-009  -3.8242917165586694E-011
          39   8.4439713718243773E-010  -2.3714202467553919E-011
   2.6775913719131597E-009  -2.7973017651622861E-011
   5.8704195550162147E-009  -4.0446730111416161E-011
          40   8.7817444827715768E-010  -2.5946514022710504E-011
   2.7172478680883861E-009  -3.0349207413195849E-011
   5.9271573030962781E-009  -4.2810266486577670E-011
          41   9.1518205564503336E-010  -2.8465453501208846E-011
   2.7603652709450177E-009  -3.3028217872520333E-011
   5.9872323751945142E-009  -4.5344402865142067E-011
          42   9.5583717546194171E-010  -3.1324518152397816E-011
   2.8073605092004800E-009  -3.6066832981587049E-011
   6.0508849199626670E-009  -4.8059694071704001E-011
          43   1.0006439155969084E-009  -3.4590213438098912E-011
   2.8587668157544446E-009  -3.9535979654957019E-011
   6.1183691305877626E-009  -5.0965523584588882E-011
          44   1.0502070686812090E-009  -3.8346141883807301E-011
   2.9152250143480852E-009  -4.3525205122070786E-011
   6.1899508883604624E-009  -5.4068752358150636E-011
          45   1.1052586262556221E-009  -4.2698683676106266E-011
   2.9775124185464125E-009  -4.8148912547055073E-011
   6.2659032145897250E-009  -5.7371576279530524E-011
          46   1.1666933086283855E-009  -4.7785026078597004E-011
   3.0465816361026508E-009  -5.3555192586007985E-011
   6.3464981532433803E-009  -6.0868123775828440E-011
          47   1.2356169280245698E-009  -5.3784731185398147E-011
   3.1236134991500910E-009  -5.9938568508504696E-011
   6.4319929805049738E-009  -6.4539022522694623E-011
          48   1.3133695313869695E-009  -6.0936756551475989E-011
   3.2101032881808684E-009  -6.7558778086997121E-011
   6.5226069075887422E-009  -6.8342640156122850E-011
          49   1.4017954322662482E-009  -6.9565105450096963E-011
   3.3079136955613744E-009  -7.6769106339293795E-011
   6.6184852251018579E-009  -7.2200772559807533E-011
          50   1.5031167712777099E-009  -8.0118505435418866E-011
   3.4195017860074841E-009  -8.8060277008923885E-011
   6.7196350606725765E-009  -7.5974848211487365E-011
          51   1.6203422716383478E-009  -9.3233705885148031E-011
   3.5481181665654301E-009  -1.0213051541700078E-010
   6.8258253568883937E-009  -7.9425489296780349E-011
          52   1.7574074426648715E-009  -1.0983998079351483E-010
   3.6980516366811685E-009  -1.2000131785504924E-010
   6.9364141314823408E-009  -8.2141915165267688E-011
          53   1.9198779382103593E-009  -1.3133875667383626E-010
   3.8752990295267779E-009  -1.4321655701672711E-010
   7.0500579079169048E-009  -8.3414584896838431E-011
          54   2.1154375512181475E-009  -1.5992719441899010E-010
   4.0884362359382837E-009  -1.7420133098916849E-010
   7.1641945427508841E-009  -8.1996045413295002E-011
          55   2.3556689071487046E-009  -1.9921463396507535E-010
   4.3500697114611614E-009  -2.1694580349482859E-010
   7.2741129275077506E-009  -7.5629184326091163E-011
          56   2.6581430387219836E-009  -2.5547889618892197E-010
   4.6794041396427928E-009  -2.7839923770216341E-010
   7.3711769471732182E-009  -6.0057948496602523E-011
          57   3.0510196470886791E-009  -3.4044909031666586E-010
   5.1076849900236292E-009  -3.7155840743918175E-010
   7.4392772388020345E-009  -2.6786022800834396E-011
          58   3.5831237125361719E-009  -4.7815535682214273E-010
   5.6889177242161938E-009  -5.2307034199382788E-010
   7.4472474080163751E-009   4.2534493882203991E-011
          59   4.3457012250391455E-009  -7.2428270913874790E-010
   6.5237989090489256E-009  -7.9471509232821044E-010
   7.3312747069305993E-009   1.9214794700650227E-010
          60   5.5260276001310294E-009  -1.2321481368868325E-009
   7.8202292798655820E-009  -1.3566425896652215E-009
   6.9505554568143555E-009   5.4730799985589772E-010
          61   7.5410589281043829E-009  -2.5459727886628074E-009
   1.0040639969885030E-008  -2.8129188132583870E-009
   5.9771496694537719E-009   1.5602740117265630E-009
          62   1.0846661464060863E-008  -7.4228219599570138E-009
   1.3690456822164457E-008  -8.2239745043153796E-009
   4.0593001336794220E-009   5.5412320736877778E-009
          63   8.4219701556343995E-010  -2.0998105725983390E-008
   2.5617335263191391E-009  -2.3290317407181573E-008
   1.3518002862133865E-008   1.6795647790657022E-008
          64  -8.8539871077020427E-009  -7.3742272944766446E-009
  -8.2294736905770257E-009  -8.1636118981814268E-009
   2.2968085207852133E-008   5.1195001775887598E-009
          65  -5.4759318400296400E-009  -2.6050784375263420E-009
  -4.5124948278168274E-009  -2.8654981574205739E-009
   2.1774952669689437E-008   7.9275875155605988E-010
          66  -3.3331804341482544E-009  -1.3575644050463723E-009
  -2.1727163436122028E-009  -1.4758339293182735E-009
   2.2130043534278734E-008  -7.3318644569290626E-010
          67  -1.9372191152439959E-009  -9.3008105450053129E-010
  -6.6917951012172526E-010  -9.9556084106655742E-010
   2.3894242424763349E-008  -1.8586857487146290E-009
          68  -8.3268072515606974E-010  -8.1048659243342709E-010
   5.0230535556215699E-010  -8.5606191821369852E-010
   2.7182901305543181E-008  -3.3024258091490850E-009
          69   2.5131622071197682E-010  -9.1149294077770145E-010
   1.6410486501763018E-009  -9.6048290218618570E-010
   3.2770386008002217E-008  -5.8904842443336521E-009
          70   1.5932923277242378E-009  -1.3878700495231958E-009
   3.0551400138824885E-009  -1.4814110098959120E-009
   4.2634026200605293E-008  -1.1958755607557555E-008
          71   3.5898293786602428E-009  -3.1745897437720610E-009
   5.1832194843878201E-009  -3.4617360965105746E-009
   6.0521964271055539E-008  -3.2002651007322213E-008
          72   2.6514333356695922E-009  -1.0594731739461854E-008
   4.0151833244282991E-009  -1.1724901862601142E-008
   4.6839703721092352E-008  -1.1341158059938425E-007
          73  -6.8885250076951980E-009  -6.1757853149373545E-009
  -6.7767773870821291E-009  -6.7719355708819052E-009
  -6.0595685918230676E-008  -6.5239423153410166E-008
          74  -4.9655019782626022E-009  -2.0052717072160385E-009
  -4.8110532682919226E-009  -2.0898946821191547E-009
  -4.2630105473062464E-008  -1.9656077224622327E-008
          75  -3.4042344446622061E-009  -1.0045560513722098E-009
  -3.2917397478982991E-009  -9.3641339781004442E-010
  -2.8683990329910255E-008  -8.6048431918520323E-009
          76  -2.3857673296890004E-009  -6.6938789248357103E-010
  -2.4353424526379434E-009  -5.1339101163492359E-010
  -2.0908043389035666E-008  -4.6978217698659496E-009
          77  -1.6061812875643358E-009  -5.4298946381142790E-010
  -1.9219286636833774E-009  -3.0555005354340327E-010
  -1.6169563935370458E-008  -2.9095684326816713E-009
          78  -9.1282785460934658E-010  -5.1244683006030795E-010
  -1.6098947213128188E-009  -1.7789175327401941E-010
  -1.3052050272290362E-008  -1.9441595391208431E-009
          79  -2.1226337472150689E-010  -5.4731232365337598E-010
  -1.4390847260318204E-009  -8.1122723561226021E-011
  -1.0894640235839711E-008  -1.3568606690451779E-009
          80   5.7657847944693271E-010  -6.4950639830880262E-010
  -1.3889757200300124E-009   1.0348475387348616E-011
  -9.3623521143392383E-009  -9.6066707900449803E-010
          81   1.5535119229945305E-009  -8.4804312243777276E-010
  -1.4660169125317577E-009   1.1847753840644548E-010
  -8.2786965555420713E-009  -6.6093908401096791E-010
          82   2.8764324937101254E-009  -1.2193363639856510E-009
  -1.7078806207031523E-009   2.7605274061343347E-010
  -7.5594844126148276E-009  -3.9449185983204001E-010
          83   4.8408980999380201E-009  -1.9630507250823669E-009
  -2.2058682204682524E-009   5.5593817805304887E-010
  -7.1955280251139516E-009  -9.0337182240233345E-011
          84   8.0772520803119643E-009  -3.6988064406987503E-009
  -3.1710163991772355E-009   1.1753196350698202E-009
  -7.2791847753093241E-009   4.0714290397823101E-010
          85   1.3913738672880039E-008  -9.0169762114561037E-009
  -5.0591953444732410E-009   3.0344470072449283E-009
  -8.0766773832421611E-009   1.6936686593877569E-009
          86   1.7712365102466857E-008  -3.1996955268666649E-008
  -6.2570538647266157E-009   1.1019748665602066E-008
  -8.5149777194834485E-009   6.9606434979749807E-009
          87  -2.7483702553902122E-008  -3.3798630183725753E-008
   9.5319045927249762E-009   1.1654599681423150E-008
   2.0450119146764054E-009   7.4262782269695803E-009
          88  -2.4817669625926648E-008  -9.3727127603296950E-009
   8.7010002199849761E-009   3.1874520928442045E-009
   1.7045958829774159E-009   1.9515561154720563E-009
          89  -1.8982409380852789E-008  -3.6813819791907457E-009
   6.7590068166147548E-009   1.2203842799719870E-009
   5.8200414129841920E-010   7.1005793154328494E-010
          90  -1.5897679351776444E-008  -1.8070692366906950E-009
   5.7613803945044345E-009   5.7749692220850260E-010
   2.1549902020775605E-011   3.2919823494803104E-010
          91  -1.4217917567882773E-008  -9.6554891833104668E-010
   5.2410529154295248E-009   2.9312301086844171E-010
  -2.7863851245496045E-010   1.8090728345977463E-010
          92  -1.3304418361790510E-008  -4.9779822543019764E-010
   4.9759053181295985E-009   1.3912134086524512E-010
  -4.6271075101130583E-010   1.1781974917179013E-010
          93  -1.2873432914988671E-008  -1.8887178626679121E-010
   4.8662620403889491E-009   4.1626336206593160E-011
  -5.9690321766777817E-010   9.3159649393856829E-011
          94  -1.2794279883704610E-008   5.0184042912554429E-011
   4.8643136030618227E-009  -2.9180015626739174E-011
  -7.1551312429128582E-010   8.9002197438597099E-011
          95  -1.3012189243063729E-008   2.6540396107281799E-010
   4.9467059522866781E-009  -8.7641094726117578E-011
  -8.3901760502158295E-010   9.7789623344381773E-011
          96  -1.3518381655547435E-008   4.8815433134241008E-010
   5.1037791968455704E-009  -1.4196215739763406E-010
  -9.8185848167474421E-010   1.1643296100967584E-010
          97  -1.4342215901534805E-008   7.4839231351218437E-010
   5.3341109115526854E-009  -1.9789875844326229E-010
  -1.1563136370478182E-009   1.4417596991621712E-010
          98  -1.5556241225968473E-008   1.0853370046862720E-009
   5.6435082281910700E-009  -2.6055504748710393E-010
  -1.3748433368888436E-009   1.8182388678800899E-010
          99  -1.7294966322198783E-008   1.5632572141888323E-009
   6.0445154398001433E-009  -3.3556878575506869E-010
  -1.6519423282296027E-009   2.3158055327452917E-010
         100  -1.9802806201350475E-008   2.3053968507606477E-009
   6.5583535429403072E-009  -4.3023346993440450E-010
  -2.0060976458863692E-009   2.9721477260628517E-010
         101  -2.3538598128542991E-008   3.5839702702707252E-009
   7.2172656550226768E-009  -5.5481982168234276E-010
  -2.4621587430673101E-009   3.8428089943362552E-010
         102  -2.9435958252422353E-008   6.1096041467499265E-009
   8.0707400240636268E-009  -7.2369928312859828E-010
  -3.0542728524894639E-009   4.9914850214653474E-010
         103  -3.9563772949749082E-008   1.2223317996529274E-008
   9.1930967236927666E-009  -9.5113364808076926E-010
  -3.8288056081853012E-009   6.3881889094181284E-010
         104  -5.7635122611986081E-008   3.2742468478823887E-008
   1.0712313617445189E-008  -1.1951247244726363E-009
  -4.8623180407959179E-009   7.0862804675633795E-010
         105  -4.0329808712810382E-008   1.1432491592375328E-007
   1.3443381024058762E-008  -1.1041569684152561E-009
  -7.0258552082430580E-009   1.7161114515900539E-010
         106   6.0691174440930776E-008   6.1832562234121622E-008
   1.8587961433442791E-008  -3.4255356579250495E-009
  -1.1511023656152771E-008   2.2417083747726846E-009
         107   4.1694766209940744E-008   1.9737040225036487E-008
   2.5219293085617756E-008  -8.1482560439103436E-009
  -1.6437197109689579E-008   6.0733634102362005E-009
         108   2.6758301946523343E-008   1.1077320796188380E-008
   3.7209313929146012E-008  -2.2797493927378321E-008
  -2.5459979172168328E-008   1.7238599771944533E-008
         109   2.1179407216136760E-008   1.4152437521053079E-008
   2.0910378239883037E-008  -7.8651777382113073E-008
  -1.3101617971204150E-008   5.9577904879220876E-008
         110   2.4308488256589502E-008   7.5757682145844499E-009
  -4.3144679357853044E-008  -3.8568447219566542E-008
   3.5398192097777598E-008   2.9238327681410433E-008
         111   1.9674157691705867E-008   3.4254185617110303E-009
  -3.0759774479965627E-008  -1.1898578190620436E-008
   2.5970509760398471E-008   9.0571056957619387E-009
         112   1.6386385956987815E-008   2.0857708105110037E-009
  -2.2149154863826383E-008  -5.2572163415002194E-009
   1.9373953940620076E-008   4.0482506775681180E-009
         113   1.4116240981323696E-008   1.4608477493478412E-009
  -1.7404511762995188E-008  -2.8371997559333930E-009
   1.5674210847283050E-008   2.2407785466716338E-009
         114   1.2428937271002806E-008   1.1126574414850906E-009
  -1.4586056464693048E-008  -1.6948559934748584E-009
   1.3395170822585057E-008   1.4075477341332108E-009
         115   1.1090479548897299E-008   9.0785443430725633E-010
  -1.2829507748356406E-008  -1.0494714264248603E-009
   1.1871626486884542E-008   9.6084336362552336E-010
         116   9.9571730340887466E-009   7.9692392515980332E-010
  -1.1740022013744069E-008  -6.2433186130844212E-010
   1.0787536485432405E-008   6.9698741967121626E-010
         117   8.9205545584717543E-009   7.6579214389776750E-010
  -1.1132298328817178E-008  -2.9412738158165490E-010
   9.9762106255018563E-009   5.3166582770359795E-010
         118   7.8735454612151610E-009   8.2730177189782111E-010
  -1.0937519838681688E-008   1.9785426486406159E-011
   9.3402853111537972E-009   4.2620307453863845E-010
         119   6.6749116361807007E-009   1.0358529016112736E-009
  -1.1178953842034141E-008   4.0103940784548283E-010
   8.8157391234805860E-009   3.6348497332432745E-010
         120   5.0815239702249639E-009   1.5515426271168387E-009
  -1.2003920799174956E-008   1.0092954678623048E-009
   8.3516779370988329E-009   3.4212102517095814E-010
         121   2.5869588763001736E-009   2.9097185645535333E-009
  -1.3808890964283077E-008   2.3196317914062981E-009
   7.8920460272558942E-009   3.8904426368049592E-010
         122  -1.7570261632886190E-009   7.5403257107519927E-009
  -1.7385615483709014E-008   6.4351343354931356E-009
   7.3598151907367783E-009   6.5294734508521270E-010
         123   4.6580514302975499E-010   2.7025745995539758E-008
  -1.5469331019164081E-008   2.3342001878559482E-008
   7.2708230245936728E-009   1.8594990790995385E-009
         124   2.8461254033083003E-008   1.6914965589555225E-008
   8.4927552515943154E-009   1.4748249940397156E-008
   8.8218702854188749E-009   1.2127848631306432E-009
         125   2.4558013305887038E-008   4.7901616966760951E-009
   4.8117242735773963E-009   4.4234148801912032E-009
   8.3780560257571125E-009   4.4610961406202425E-010
         126   2.1466934526086660E-008   1.8138844661777611E-009
   1.6590813262669949E-009   1.9905010585970627E-009
   7.9868831585851146E-009   2.6115502741778345E-010
         127   2.0083434844116872E-008   7.0373010987807004E-010
  -2.1012506208233762E-010   1.1816622573801147E-009
   7.6955635739201812E-009   2.0064544439258786E-010
         128   1.9626499668834513E-008   1.2578284162567679E-010
  -1.4954973461656391E-009   8.5577645004414096E-010
   7.4447379543741557E-009   1.8198362949170399E-010
         129   1.9760841121599739E-008  -2.6485839596305732E-010
  -2.5259595175612223E-009   7.2664280081568554E-010
   7.2007418029559662E-009   1.8572348004546593E-010
         130   2.0355656570712076E-008  -5.9272449260083146E-010
  -3.4706780090920389E-009   7.0255987512594514E-010
   6.9390021447763643E-009   2.0774768996612851E-010
         131   2.1379437028777186E-008  -9.1966988645148390E-010
  -4.4386343983190997E-009   7.5355861534026319E-010
   6.6349201142399636E-009   2.5029753284693999E-010
         132   2.2863314718158249E-008  -1.2904987161804750E-009
  -5.5229115736123528E-009   8.7770002114423942E-010
   6.2575044809521718E-009   3.2093684645798466E-010
         133   2.4896357237893029E-008  -1.7529308501831646E-009
  -6.8284761825991908E-009   1.0947185401294348E-009
   5.7616966388832094E-009   4.3506148306477616E-010
         134   2.7638030191655834E-008  -2.3742443516670903E-009
  -8.5011898576490149E-009   1.4543358187464681E-009
   5.0751963694180637E-009   6.2321505228355587E-010
         135   3.1358820623755061E-008  -3.2668687714463766E-009
  -1.0778315753834271E-008   2.0662834675369163E-009
   4.0718091326078687E-009   9.5004986518691817E-010
         136   3.6520180773419183E-008  -4.6425169879068789E-009
  -1.4092270254593679E-008   3.1893745892536838E-009
   2.5108295879356928E-009   1.5688150665537583E-009
         137   4.3952506883998131E-008  -6.9485717683884896E-009
  -1.9327120524420518E-008   5.5343925749946944E-009
  -1.1467737990560040E-010   2.9084624405015852E-009
         138   5.5274183402670250E-008  -1.1273146499076049E-008
  -2.8452813527133415E-008   1.1587379565802332E-008
  -4.9586212135132857E-009   6.5047258943944018E-009
