   262144.00000000000     
         256           1           3
   1.7567330116226543E-005  -18.118160976702001       -140.01186787800000     
   6.0401400154609997        12.000000000000000        5733.8999999999996     
           0   0.0000000000000000        0.0000000000000000     
   0.0000000000000000        0.0000000000000000     
   0.0000000000000000        0.0000000000000000     
           1  -3.0212805090186368E-009   2.4182509176120078E-010
  -2.4841923827366772E-009   1.4050722954675869E-010
   0.0000000000000000        0.0000000000000000     
           2  -3.5181661511018994E-009   6.1251835730011216E-010
  -2.7728937346054441E-009   3.5566513881426584E-010
   0.0000000000000000        0.0000000000000000     
           3  -4.5995645668692724E-009   1.4503229586897674E-009
  -3.4007908366977517E-009   8.4140889223409563E-010
   0.0000000000000000        0.0000000000000000     
           4  -6.6382935390702886E-009   4.3357247017812547E-009
  -4.5838620822738352E-009   2.5132665389531763E-009
   0.0000000000000000        0.0000000000000000     
           5  -1.9198910788156775E-009   1.4172412411092917E-008
  -1.8531683490936477E-009   8.2117952138854560E-009
   0.0000000000000000        0.0000000000000000     
           6   7.4222614996835671E-009   5.8015658603139175E-009
   3.5551854866506543E-009   3.3632673685956162E-009
   0.0000000000000000        0.0000000000000000     
           7   5.2694109599820171E-009   1.8418556890615606E-009
   2.3042530468310077E-009   1.0699830628891194E-009
   0.0000000000000000        0.0000000000000000     
           8   3.9062501835718902E-009   8.2757726759391770E-010
   1.5101384030365120E-009   4.8290629635282967E-010
   0.0000000000000000        0.0000000000000000     
           9   3.1526254884080306E-009   4.5284426487387872E-010
   1.0684697602570916E-009   2.6630977585580609E-010
   0.0000000000000000        0.0000000000000000     
          10   2.6974671387488888E-009   2.7798565057103462E-010
   7.9903749617750687E-010   1.6550727701054501E-010
   0.0000000000000000        0.0000000000000000     
          11   2.4018737696505527E-009   1.8344159295193421E-010
   6.2136151147177301E-010   1.1124321379281274E-010
   0.0000000000000000        0.0000000000000000     
          12   2.1998448051156638E-009   1.2691155669783296E-010
   4.9718844905192171E-010   7.9016031734749737E-011
   0.0000000000000000        0.0000000000000000     
          13   2.0568898317724439E-009   9.0528965956389119E-011
   4.0651523029446452E-010   5.8478133433456887E-011
   0.0000000000000000        0.0000000000000000     
          14   1.9534906050083311E-009   6.5739474692815517E-011
   3.3800893412424436E-010   4.4676342890640393E-011
   0.0000000000000000        0.0000000000000000     
          15   1.8778817283578068E-009   4.8047538636225547E-011
   2.8482467313666700E-010   3.5008774433742391E-011
   0.0000000000000000        0.0000000000000000     
          16   1.8226076992735258E-009   3.4914303181444751E-011
   2.4261097677358432E-010   2.8007163776299918E-011
   0.0000000000000000        0.0000000000000000     
          17   1.7827526411691894E-009   2.4821114171355554E-011
   2.0848408166905952E-010   2.2794410739353993E-011
   0.0000000000000000        0.0000000000000000     
          18   1.7549714280698422E-009   1.6815597302646362E-011
   1.8046641227228337E-010   1.8821661711428604E-011
   0.0000000000000000        0.0000000000000000     
          19   1.7369311652883043E-009   1.0276146875027329E-011
   1.5716273252720548E-010   1.5731912925575002E-011
   0.0000000000000000        0.0000000000000000     
          20   1.7269749418629087E-009   4.7826765207519719E-012
   1.3756501274475190E-010   1.3285171514043250E-011
   0.0000000000000000        0.0000000000000000     
          21   1.7239118816249155E-009   4.2255060784978682E-014
   1.2093041232119764E-010   1.1315413860373825E-011
   0.0000000000000000        0.0000000000000000     
          22   1.7268819834204436E-009  -4.1554484193863577E-012
   1.0670253451414037E-010   9.7048161875649479E-012
   0.0000000000000000        0.0000000000000000     
          23   1.7352668786681684E-009  -7.9658232742885031E-012
   9.4459221903148840E-011   8.3677780260799830E-012
   0.0000000000000000        0.0000000000000000     
          24   1.7486297054106191E-009  -1.1507042826701375E-011
   8.3877152367010521E-011   7.2407059606242046E-012
   0.0000000000000000        0.0000000000000000     
          25   1.7666740015360699E-009  -1.4871765200900348E-011
   7.4707377284287434E-011   6.2752946216836232E-012
   0.0000000000000000        0.0000000000000000     
          26   1.7892153788334860E-009  -1.8135082928427600E-011
   6.6758177525587522E-011   5.4339891835994729E-012
   0.0000000000000000        0.0000000000000000     
          27   1.8161620348154522E-009  -2.1360087245305260E-011
   5.9882940620767961E-011   4.6868395641519956E-012
   0.0000000000000000        0.0000000000000000     
          28   1.8475015664047331E-009  -2.4601893197955053E-011
   5.3971575454293590E-011   4.0092578864724149E-012
   0.0000000000000000        0.0000000000000000     
          29   1.8832924382116431E-009  -2.7910665977842074E-011
   4.8944493155846880E-011   3.3803681564261556E-012
   0.0000000000000000        0.0000000000000000     
          30   1.9236590370818464E-009  -3.1334005427433492E-011
   4.4748515215536574E-011   2.7817437633171813E-012
   0.0000000000000000        0.0000000000000000     
          31   1.9687896356205533E-009  -3.4918934244547152E-011
   4.1354292868966062E-011   2.1963933950176464E-012
   0.0000000000000000        0.0000000000000000     
          32   2.0189368640006100E-009  -3.8713668057120633E-011
   3.8754977850519047E-011   1.6078955025885453E-012
   0.0000000000000000        0.0000000000000000     
          33   2.0744204974733319E-009  -4.2769306372308344E-011
   3.6966000216804840E-011   9.9960476343133148E-013
   0.0000000000000000        0.0000000000000000     
          34   2.1356325372867547E-009  -4.7141563493965659E-011
   3.6025901694529893E-011   3.5386625993391918E-013
   0.0000000000000000        0.0000000000000000     
          35   2.2030447166852050E-009  -5.1892653124413730E-011
   3.5998255258549362E-011  -3.4882293922948209E-013
   0.0000000000000000        0.0000000000000000     
          36   2.2772187194063927E-009  -5.7093447562364180E-011
   3.6974783628977983E-011  -1.1307682981716130E-012
   0.0000000000000000        0.0000000000000000     
          37   2.3588195717599631E-009  -6.2826052372789584E-011
   3.9079880377753932E-011  -2.0182224131505933E-012
   0.0000000000000000        0.0000000000000000     
          38   2.4486328793887194E-009  -6.9186972361452924E-011
   4.2476847781004354E-011  -3.0428127661842459E-012
   0.0000000000000000        0.0000000000000000     
          39   2.5475868487170653E-009  -7.6291099227946313E-011
   4.7376308553667996E-011  -4.2433761789402452E-012
   0.0000000000000000        0.0000000000000000     
          40   2.6567803915545485E-009  -8.4276833263544105E-011
   5.4047441991947843E-011  -5.6683701257895787E-012
   0.0000000000000000        0.0000000000000000     
          41   2.7775191032968076E-009  -9.3312773646479935E-011
   6.2832964792450410E-011  -7.3791015931788906E-012
   0.0000000000000000        0.0000000000000000     
          42   2.9113615960039321E-009  -1.0360659478688164E-010
   7.4169162061331741E-011  -9.4541212507484559E-012
   0.0000000000000000        0.0000000000000000     
          43   3.0601796569739655E-009  -1.1541700304359642E-010
   8.8612834824412762E-011  -1.1995294956890612E-011
   0.0000000000000000        0.0000000000000000     
          44   3.2262371467013623E-009  -1.2907009374681171E-010
   1.0687786191861471E-010  -1.5136320322737984E-011
   0.0000000000000000        0.0000000000000000     
          45   3.4122946958446994E-009  -1.4498209482886243E-010
   1.2988532947564709E-010  -1.9054861174435673E-011
   0.0000000000000000        0.0000000000000000     
          46   3.6217505129845126E-009  -1.6369154868443051E-010
   1.5883311219754166E-010  -2.3990127648316277E-011
   0.0000000000000000        0.0000000000000000     
          47   3.8588326507787000E-009  -1.8590572728443301E-010
   1.9529382213622951E-010  -3.0268812531935898E-011
   0.0000000000000000        0.0000000000000000     
          48   4.1288660552181031E-009  -2.1256900399958211E-010
   2.4135490561198206E-010  -3.8344130809860045E-011
   0.0000000000000000        0.0000000000000000     
          49   4.4386506851561492E-009  -2.4496596978634242E-010
   2.9982266965802560E-010  -4.8855912720718524E-011
   0.0000000000000000        0.0000000000000000     
          50   4.7970086533069566E-009  -2.8488112956298148E-010
   3.7452553932749444E-010  -6.2725469010751604E-011
   0.0000000000000000        0.0000000000000000     
          51   5.2156559715605542E-009  -3.3485379010039948E-010
   4.7074020577799661E-010  -8.1309713060468063E-011
   0.0000000000000000        0.0000000000000000     
          52   5.7101994083609847E-009  -3.9859915423716640E-010
   5.9605316470521192E-010  -1.0665997587692852E-010
   0.0000000000000000        0.0000000000000000     
          53   6.3024487633907926E-009  -4.8173245139681358E-010
   7.6131070229679492E-010  -1.4197360993927396E-010
   0.0000000000000000        0.0000000000000000     
          54   7.0232872155061888E-009  -5.9307386157959002E-010
   9.8269991849342926E-010  -1.9241848431704181E-010
   0.0000000000000000        0.0000000000000000     
          55   7.9185923056626108E-009  -7.4713503025625813E-010
   1.2851255662936688E-009  -2.6672171113375117E-010
   0.0000000000000000        0.0000000000000000     
          56   9.0582689657397594E-009  -9.6918738454941970E-010
   1.7082342104025160E-009  -3.8043855779700666E-010
   0.0000000000000000        0.0000000000000000     
          57   1.0555869704167897E-008  -1.3064899494500445E-009
   2.3185971848185621E-009  -5.6324889088943362E-010
   0.0000000000000000        0.0000000000000000     
          58   1.2607499389541210E-008  -1.8559272153613751E-009
   3.2350159040706371E-009  -8.7702160406652508E-010
   0.0000000000000000        0.0000000000000000     
          59   1.5579368163052474E-008  -2.8421010367674382E-009
   4.6854138858758289E-009  -1.4670655362954201E-009
   0.0000000000000000        0.0000000000000000     
          60   2.0227367061436267E-008  -4.8835462512364623E-009
   7.1497056903207452E-009  -2.7373022591471021E-009
   0.0000000000000000        0.0000000000000000     
          61   2.8232476312377585E-008  -1.0176071244650707E-008
   1.1712010275450241E-008  -6.1300375979458232E-009
   0.0000000000000000        0.0000000000000000     
          62   4.1432703803180224E-008  -2.9844188677104611E-008
   1.9550113965049230E-008  -1.8973199719063194E-008
   0.0000000000000000        0.0000000000000000     
          63   9.1275079578475566E-010  -8.4608924685625170E-008
  -8.2391945252154340E-009  -5.4918775114514680E-008
   0.0000000000000000        0.0000000000000000     
          64  -3.8378644822268796E-008  -2.9625648221989624E-008
  -3.5488968792756099E-008  -1.8417533060785036E-008
   0.0000000000000000        0.0000000000000000     
          65  -2.4932963785385102E-008  -1.0369905626188425E-008
  -2.8337868368778025E-008  -5.3736576093952232E-009
   0.0000000000000000        0.0000000000000000     
          66  -1.6488625031534371E-008  -5.3236764039373405E-009
  -2.5040193130790007E-008  -1.5246859433182420E-009
   0.0000000000000000        0.0000000000000000     
          67  -1.1074672861679831E-008  -3.5879681684897587E-009
  -2.4595422672417752E-008   4.5957708389811733E-010
   0.0000000000000000        0.0000000000000000     
          68  -6.8497602496657030E-009  -3.1010913304405920E-009
  -2.6338651391218842E-008   2.2570302450096281E-009
   0.0000000000000000        0.0000000000000000     
          69  -2.7086879118832596E-009  -3.5245588883387859E-009
  -3.0646959928777152E-008   4.9225359944362366E-009
   0.0000000000000000        0.0000000000000000     
          70   2.5078794460496249E-009  -5.5302199024549078E-009
  -3.9197958167166662E-008   1.0738106700283787E-008
   0.0000000000000000        0.0000000000000000     
          71   1.0468430192404278E-008  -1.3112600530355885E-008
  -5.5399904961825965E-008   2.9537010760911777E-008
   0.0000000000000000        0.0000000000000000     
          72   5.8261355484859523E-009  -4.4725947239327689E-008
  -4.2276445074354776E-008   1.0553873674014215E-007
   0.0000000000000000        0.0000000000000000     
          73  -3.5630657770639969E-008  -2.5779442863709041E-008
   5.8197165636348978E-008   6.0670994660966523E-008
   0.0000000000000000        0.0000000000000000     
          74  -2.8282336143171222E-008  -7.8678188601955609E-009
   4.1642247894574821E-008   1.8208603062303221E-008
   0.0000000000000000        0.0000000000000000     
          75  -2.2645077157271976E-008  -3.4535153799183548E-009
   2.8771220540783941E-008   7.9486230746709037E-009
   0.0000000000000000        0.0000000000000000     
          76  -1.9545747791124201E-008  -1.8330359896517599E-009
   2.1592140734110744E-008   4.3525543809974763E-009
   0.0000000000000000        0.0000000000000000     
          77  -1.7761603694368394E-008  -1.0357242769506672E-009
   1.7178810915822554E-008   2.7383795270523510E-009
   0.0000000000000000        0.0000000000000000     
          78  -1.6751273897365432E-008  -5.4583762082976824E-010
   1.4198348389448465E-008   1.9038908076603451E-009
   0.0000000000000000        0.0000000000000000     
          79  -1.6282570858219059E-008  -1.7590720912875800E-010
   1.2012965862821418E-008   1.4441283881151467E-009
   0.0000000000000000        0.0000000000000000     
          80  -1.6273256863532588E-008   1.6998954884778961E-010
   1.0272179148043295E-008   1.2016173460332360E-009
   0.0000000000000000        0.0000000000000000     
          81  -1.6741906342793822E-008   5.7193277616916868E-010
   8.7441725210739489E-009   1.1206011468638777E-009
   0.0000000000000000        0.0000000000000000     
          82  -1.7818555137411838E-008   1.1467462628648448E-009
   7.2267390873121292E-009   1.2122415624839966E-009
   0.0000000000000000        0.0000000000000000     
          83  -1.9823694757503912E-008   2.1513968375545363E-009
   5.4642993970635068E-009   1.5853987984102490E-009
   0.0000000000000000        0.0000000000000000     
          84  -2.3500039682214018E-008   4.3493985106473706E-009
   3.0036836803761335E-009   2.6325057814827869E-009
   0.0000000000000000        0.0000000000000000     
          85  -3.0449258435958375E-008   1.0902913424620729E-008
  -1.0507208817345970E-009   6.0403439057021508E-009
   0.0000000000000000        0.0000000000000000     
          86  -3.5009613885302742E-008   3.8972630356118038E-008
  -3.6831403234510504E-009   2.1016122341136438E-008
   0.0000000000000000        0.0000000000000000     
          87   2.0044690579977169E-008   4.1232419191101009E-008
   2.5820640746359867E-008   2.2141745041585290E-008
   0.0000000000000000        0.0000000000000000     
          88   1.6688867121960875E-008   1.1532043146473754E-008
   2.4074714234683518E-008   6.1105957267909774E-009
   0.0000000000000000        0.0000000000000000     
          89   9.3829290620315324E-009   4.6633965325083817E-009
   2.0318696435039103E-008   2.3408543165320441E-009
   0.0000000000000000        0.0000000000000000     
          90   5.3355270944840060E-009   2.4510644301411787E-009
   1.8423617206032688E-008   1.0698234899992925E-009
   0.0000000000000000        0.0000000000000000     
          91   2.8979385534236898E-009   1.5053044312445628E-009
   1.7508388152817610E-008   4.7431371573445811E-010
   0.0000000000000000        0.0000000000000000     
          92   1.2789108038693817E-009   1.0268033996439662E-009
   1.7156408854356112E-008   1.2190080929450262E-010
   0.0000000000000000        0.0000000000000000     
          93   1.1362378741408232E-010   7.5858978558205240E-010
   1.7184682408144820E-008  -1.2912152581255511E-010
   0.0000000000000000        0.0000000000000000     
          94  -7.8365482525398298E-010   5.9915750253456976E-010
   1.7512047905292141E-008  -3.3783596110882407E-010
   0.0000000000000000        0.0000000000000000     
          95  -1.5175886609890623E-009   5.0244422221784406E-010
   1.8107773567175200E-008  -5.3489410471478625E-010
   0.0000000000000000        0.0000000000000000     
          96  -2.1525206351472377E-009   4.4551676633756583E-010
   1.8971537141651527E-008  -7.4058060068913412E-010
   0.0000000000000000        0.0000000000000000     
          97  -2.7320160358507355E-009   4.1632555148221375E-010
   2.0127570113582938E-008  -9.7249379493004706E-010
   0.0000000000000000        0.0000000000000000     
          98  -3.2875939955355841E-009   4.0844792355998002E-010
   2.1623289171466720E-008  -1.2501611102630297E-009
   0.0000000000000000        0.0000000000000000     
          99  -3.8458781633173483E-009   4.1846704243155898E-010
   2.3535534147952655E-008  -1.5994821933022725E-009
   0.0000000000000000        0.0000000000000000     
         100  -4.4291622224076179E-009   4.4401427066130065E-010
   2.5982467728309051E-008  -2.0591552974938081E-009
   0.0000000000000000        0.0000000000000000     
         101  -5.0580348328667776E-009   4.8031915576128421E-010
   2.9145178855517158E-008  -2.6925233440664370E-009
   0.0000000000000000        0.0000000000000000     
         102  -5.7445822423115046E-009   5.0848344868265899E-010
   3.3311687411940085E-008  -3.6134204665820293E-009
   0.0000000000000000        0.0000000000000000     
         103  -6.4738364805261043E-009   4.4090597339916722E-010
   3.8962679181002871E-008  -5.0552188277312481E-009
   0.0000000000000000        0.0000000000000000     
         104  -7.2072435055791019E-009  -2.1941137861705650E-010
   4.6928113853177127E-008  -7.6293812256263523E-009
   0.0000000000000000        0.0000000000000000     
         105  -1.0516154964719309E-008  -3.7659291429818599E-009
   5.7575503653159536E-008  -1.3234109714490237E-008
   0.0000000000000000        0.0000000000000000     
         106  -1.9528692512880640E-008   5.3501323065166831E-010
   7.2573042083167787E-008  -1.9476521906976241E-008
   0.0000000000000000        0.0000000000000000     
         107  -2.4781774121947036E-008   6.5486874459003565E-009
   1.0286195120188748E-007  -3.6912073226927161E-008
   0.0000000000000000        0.0000000000000000     
         108  -3.5007456624906495E-008   2.0040241385439613E-008
   1.5614905143893354E-007  -9.9903439913507665E-008
   0.0000000000000000        0.0000000000000000     
         109  -2.0284585167610403E-008   6.9952443516590488E-008
   8.5973039938064194E-008  -3.4265639838456459E-007
   0.0000000000000000        0.0000000000000000     
         110   3.6846065676709142E-008   3.4326200915208680E-008
  -1.9212518297123718E-007  -1.6819408671950793E-007
   0.0000000000000000        0.0000000000000000     
         111   2.5813716141769103E-008   1.0618595880905792E-008
  -1.3772238423789917E-007  -5.2157636672909568E-008
   0.0000000000000000        0.0000000000000000     
         112   1.8089652156755428E-008   4.7421898570083925E-009
  -9.9716168235127682E-008  -2.3299563117843151E-008
   0.0000000000000000        0.0000000000000000     
         113   1.3756431937910379E-008   2.6289622542894306E-009
  -7.8454632336904614E-008  -1.2846090200148373E-008
   0.0000000000000000        0.0000000000000000     
         114   1.1076402866559985E-008   1.6703028682610613E-009
  -6.5442762724060435E-008  -7.9966272927731123E-009
   0.0000000000000000        0.0000000000000000     
         115   9.2467065400264236E-009   1.1955053398345838E-009
  -5.6853514563864921E-008  -5.3709127602059679E-009
   0.0000000000000000        0.0000000000000000     
         116   7.8413867009572578E-009   1.0186745845923427E-009
  -5.0868958071534861E-008  -3.7967496330214905E-009
   0.0000000000000000        0.0000000000000000     
         117   6.5178149041518616E-009   1.2138953338710299E-009
  -4.6530797847245076E-008  -2.7893995317113933E-009
   0.0000000000000000        0.0000000000000000     
         118   4.7959028447987868E-009   2.4617148968865196E-009
  -4.3278184548678103E-008  -2.1289291874952751E-009
   0.0000000000000000        0.0000000000000000     
         119   3.0890747672740543E-009   8.8908078746818990E-009
  -4.0737419409024045E-008  -1.7251566300185112E-009
   0.0000000000000000        0.0000000000000000     
         120   2.2643752749268151E-008   1.6066958668765762E-008
  -3.8594605575162886E-008  -1.5952595210812517E-009
   0.0000000000000000        0.0000000000000000     
         121   3.0157571982642217E-008  -5.8708470171160507E-010
  -3.6465112022463524E-008  -1.9819991824082698E-009
   0.0000000000000000        0.0000000000000000     
         122   3.6263491215089610E-008  -1.4256015969564838E-008
  -3.3773584774070656E-008  -4.1487678618235899E-009
   0.0000000000000000        0.0000000000000000     
         123   2.9555351360870421E-008  -5.8024804326141125E-008
  -3.4948687832718680E-008  -1.4228976840319813E-008
   0.0000000000000000        0.0000000000000000     
         124  -3.2586914355479133E-008  -3.6493858972690970E-008
  -5.0178296627476339E-008  -8.5918389798426293E-009
   0.0000000000000000        0.0000000000000000     
         125  -2.4422278639384664E-008  -1.0356352945765164E-008
  -4.8824478366152234E-008  -1.8763522986002602E-009
   0.0000000000000000        0.0000000000000000     
         126  -1.7607074437640845E-008  -4.1400239355130131E-009
  -4.8285857666262766E-008   1.9140447042518159E-012
   0.0000000000000000        0.0000000000000000     
         127  -1.4160368109509631E-008  -1.9757151143014213E-009
  -4.9080330234067813E-008   9.2871697438276573E-010
   0.0000000000000000        0.0000000000000000     
         128  -1.2389744536600041E-008  -9.7614295319068317E-010
  -5.0859768043497781E-008   1.6343270955678002E-009
   0.0000000000000000        0.0000000000000000     
         129  -1.1542654312107448E-008  -4.0906829581105351E-010
  -5.3546843509639603E-008   2.3318267334440082E-009
   0.0000000000000000        0.0000000000000000     
         130  -1.1289012869455886E-008  -2.3983939968389639E-011
  -5.7219785208871509E-008   3.1312590133944102E-009
   0.0000000000000000        0.0000000000000000     
         131  -1.1483197496728732E-008   2.8756751015725178E-010
  -6.2081992874341591E-008   4.1336842369921583E-009
   0.0000000000000000        0.0000000000000000     
         132  -1.2075109826642413E-008   5.8584587722187467E-010
  -6.8482290907440528E-008   5.4749270822275764E-009
   0.0000000000000000        0.0000000000000000     
         133  -1.3080046707090373E-008   9.1717581982671427E-010
  -7.6989796180440468E-008   7.3759655604297921E-009
   0.0000000000000000        0.0000000000000000     
         134  -1.4573303323874375E-008   1.3328137972935912E-009
  -8.8547880708669739E-008   1.0240025591116123E-008
   0.0000000000000000        0.0000000000000000     
         135  -1.6707783084569391E-008   1.9086780629467616E-009
  -1.0480000779669341E-007   1.4883548464555175E-008
   0.0000000000000000        0.0000000000000000     
         136  -1.9761729510000369E-008   2.7810445194752081E-009
  -1.2882593391976122E-007   2.3178131741994082E-008
   0.0000000000000000        0.0000000000000000     
         137  -2.4249252514816582E-008   4.2327002207008484E-009
  -1.6695552291410381E-007   4.0201395315353576E-008
   0.0000000000000000        0.0000000000000000     
         138  -3.1182858045587217E-008   6.9447556331221747E-009
  -2.3329870426565342E-007   8.3576340414051128E-008
   0.0000000000000000        0.0000000000000000     
