   262144.00000000000     
         256           1           3
   1.7567330116226543E-005  -19.119259916556999       -152.15601661970001     
   6.0401400154609997        12.000000000000000        5733.8999999999996     
           0   0.0000000000000000        0.0000000000000000     
   0.0000000000000000        0.0000000000000000     
   0.0000000000000000        0.0000000000000000     
           1  -3.2275566225822070E-009   2.6159499773383936E-010
  -1.6939008306862194E-009   9.7402968681644764E-011
   0.0000000000000000        0.0000000000000000     
           2  -3.7650645497086836E-009   6.6262444861512357E-010
  -1.8940356511042163E-009   2.4656563939405538E-010
   0.0000000000000000        0.0000000000000000     
           3  -4.9349064499587931E-009   1.5690655423336463E-009
  -2.3292733161989261E-009   5.8334148546427215E-010
   0.0000000000000000        0.0000000000000000     
           4  -7.1405735726003112E-009   4.6909960831991404E-009
  -3.1494157687552884E-009   1.7425206744930575E-009
   0.0000000000000000        0.0000000000000000     
           5  -2.0348057524932984E-009   1.5334183693549309E-008
  -1.2561115004133006E-009   5.6936309318667462E-009
   0.0000000000000000        0.0000000000000000     
           6   8.0737247634014616E-009   6.2769044702889809E-009
   2.4940204445549721E-009   2.3318370517861952E-009
   0.0000000000000000        0.0000000000000000     
           7   5.7448884635506854E-009   1.9924519030390697E-009
   1.6268477550777949E-009   7.4174558685450225E-010
   0.0000000000000000        0.0000000000000000     
           8   4.2705828520166705E-009   8.9494020812436281E-010
   1.0764425165258205E-009   3.3466912170628739E-010
   0.0000000000000000        0.0000000000000000     
           9   3.4558858160838653E-009   4.8941098233347815E-010
   7.7043830168211702E-010   1.8446811571433554E-010
   0.0000000000000000        0.0000000000000000     
          10   2.9642252360600640E-009   3.0014185642536837E-010
   5.8388591285546916E-010   1.1455331687059540E-010
   0.0000000000000000        0.0000000000000000     
          11   2.6453149280439198E-009   1.9776922058777432E-010
   4.6098471221286043E-010   7.6905595805219283E-011
   0.0000000000000000        0.0000000000000000     
          12   2.4277476402840777E-009   1.3652361837155686E-010
   3.7521252099205280E-010   5.4536457120540387E-011
   0.0000000000000000        0.0000000000000000     
          13   2.2742106472754903E-009   9.7072977867334441E-011
   3.1270131671531537E-010   4.0271180275062456E-011
   0.0000000000000000        0.0000000000000000     
          14   2.1635917824302612E-009   7.0160965478084210E-011
   2.6559477577614515E-010   3.0675309427420240E-011
   0.0000000000000000        0.0000000000000000     
          15   2.0831682406800723E-009   5.0922794024528459E-011
   2.2914857139508771E-010   2.3944667583930759E-011
   0.0000000000000000        0.0000000000000000     
          16   2.0248814028507251E-009   3.6610738551358882E-011
   2.0034740288313186E-010   1.9061072395209809E-011
   0.0000000000000000        0.0000000000000000     
          17   1.9834215116004895E-009   2.5580849172511890E-011
   1.7719382847190031E-010   1.5416216255580627E-011
   0.0000000000000000        0.0000000000000000     
          18   1.9551794654022094E-009   1.6801799241942158E-011
   1.5831895173253383E-010   1.2629367700430880E-011
   0.0000000000000000        0.0000000000000000     
          19   1.9376426332237469E-009   9.6000494508626320E-012
   1.4275790270899082E-010   1.0452796895450139E-011
   0.0000000000000000        0.0000000000000000     
          20   1.9290311865418681E-009   3.5199845539961026E-012
   1.2981456866875336E-010   8.7198823986848410E-012
   0.0000000000000000        0.0000000000000000     
          21   1.9280711096472490E-009  -1.7565672552176266E-012
   1.1897702473481300E-010   7.3152643973000697E-012
   0.0000000000000000        0.0000000000000000     
          22   1.9338481594433430E-009  -6.4585649073450947E-012
   1.0986297264592880E-010   6.1569732281745209E-012
   0.0000000000000000        0.0000000000000000     
          23   1.9457115405706543E-009  -1.0755707469692442E-011
   1.0218358766035183E-010   5.1853471767428367E-012
   0.0000000000000000        0.0000000000000000     
          24   1.9632091235049583E-009  -1.4777644464231318E-011
   9.5719021227367126E-011   4.3559433611070654E-012
   0.0000000000000000        0.0000000000000000     
          25   1.9860432878354010E-009  -1.8626673537319084E-011
   9.0301498803745358E-011   3.6348724187674284E-012
   0.0000000000000000        0.0000000000000000     
          26   2.0140406498963770E-009  -2.2386386722749226E-011
   8.5803501345711880E-011   2.9956444839868324E-012
   0.0000000000000000        0.0000000000000000     
          27   2.0471314195138493E-009  -2.6127744925602712E-011
   8.2129440018531332E-011   2.4169785455808389E-012
   0.0000000000000000        0.0000000000000000     
          28   2.0853356557596305E-009  -2.9913498283216702E-011
   7.9209797780805477E-011   1.8812361535811871E-012
   0.0000000000000000        0.0000000000000000     
          29   2.1287546563827919E-009  -3.3801539883675173E-011
   7.6997067280213429E-011   1.3732633408243355E-012
   0.0000000000000000        0.0000000000000000     
          30   2.1775663462116580E-009  -3.7847582569820940E-011
   7.5463045656280429E-011   8.7949844590087280E-013
   0.0000000000000000        0.0000000000000000     
          31   2.2320239583375781E-009  -4.2107429020519442E-011
   7.4597202392889498E-011   3.8724840979701290E-013
   0.0000000000000000        0.0000000000000000     
          32   2.2924576080509983E-009  -4.6639033771924163E-011
   7.4405945736227952E-011  -1.1593669025524715E-013
   0.0000000000000000        0.0000000000000000     
          33   2.3592785938419527E-009  -5.1504515270071806E-011
   7.4912694887075165E-011  -6.4284524521921081E-013
   0.0000000000000000        0.0000000000000000     
          34   2.4329864558545805E-009  -5.6772256948385719E-011
   7.6158731478678289E-011  -1.2071881370805154E-012
   0.0000000000000000        0.0000000000000000     
          35   2.5141790044986542E-009  -6.2519233839774719E-011
   7.8204863559837100E-011  -1.8242292673482063E-012
   0.0000000000000000        0.0000000000000000     
          36   2.6035657214707651E-009  -6.8833713615754813E-011
   8.1133995643804708E-011  -2.5115096615817498E-012
   0.0000000000000000        0.0000000000000000     
          37   2.7019851515071986E-009  -7.5818508945468688E-011
   8.5054766254566660E-011  -3.2897205576270969E-012
   0.0000000000000000        0.0000000000000000     
          38   2.8104271688825789E-009  -8.3595004903208152E-011
   9.0106497428931185E-011  -4.1837956346372033E-012
   0.0000000000000000        0.0000000000000000     
          39   2.9300613463966785E-009  -9.2308257010600692E-011
   9.6465808640132446E-011  -5.2243158194439733E-012
   0.0000000000000000        0.0000000000000000     
          40   3.0622731157820223E-009  -1.0213356275887624E-010
   1.0435539400686095E-010  -6.4493555312269952E-012
   0.0000000000000000        0.0000000000000000     
          41   3.2087100439955925E-009  -1.1328506880993584E-010
   1.1405566599798629E-010  -7.9069526705961529E-012
   0.0000000000000000        0.0000000000000000     
          42   3.3713414446413281E-009  -1.2602721432153651E-010
   1.2592026061386274E-010  -9.6584656540286685E-012
   0.0000000000000000        0.0000000000000000     
          43   3.5525358270258155E-009  -1.4069017137109869E-010
   1.4039682353599482E-010  -1.1783204879986737E-011
   0.0000000000000000        0.0000000000000000     
          44   3.7551625599881878E-009  -1.5769099770853965E-010
   1.5805512567849352E-010  -1.4384918982393222E-011
   0.0000000000000000        0.0000000000000000     
          45   3.9827269168056860E-009  -1.7756308507475513E-010
   1.7962550525006111E-010  -1.7601021694504604E-011
   0.0000000000000000        0.0000000000000000     
          46   4.2395518983201514E-009  -2.0099787446193307E-010
   2.0605209135805526E-010  -2.1615938584191968E-011
   0.0000000000000000        0.0000000000000000     
          47   4.5310267864501062E-009  -2.2890508220174936E-010
   2.3856755118300639E-010  -2.6680768285033604E-011
   0.0000000000000000        0.0000000000000000     
          48   4.8639527698817629E-009  -2.6250149927707308E-010
   2.7879976985872414E-010  -3.3142834712053475E-011
   0.0000000000000000        0.0000000000000000     
          49   5.2470328746345540E-009  -3.0344503183696678E-010
   3.2892689861229370E-010  -4.1491115997540632E-011
   0.0000000000000000        0.0000000000000000     
          50   5.6915816743206093E-009  -3.5404245657170425E-010
   3.9190738345014201E-010  -5.2427872215481790E-011
   0.0000000000000000        0.0000000000000000     
          51   6.2124952008566186E-009  -4.1758125116140522E-010
   4.7182264349997685E-010  -6.6984884668486761E-011
   0.0000000000000000        0.0000000000000000     
          52   6.8301950926264532E-009  -4.9887821018900304E-010
   5.7444863421466411E-010  -8.6718450984838480E-011
   0.0000000000000000        0.0000000000000000     
          53   7.5726636912709778E-009  -6.0522333868919914E-010
   7.0809248987388392E-010  -1.1404933255842944E-010
   0.0000000000000000        0.0000000000000000     
          54   8.4800225883832900E-009  -7.4808180925600932E-010
   8.8511995526297017E-010  -1.5288289346162448E-010
   0.0000000000000000        0.0000000000000000     
          55   9.6111348453005752E-009  -9.4633835713199483E-010
   1.1242618993114172E-009  -2.0980323131448492E-010
   0.0000000000000000        0.0000000000000000     
          56   1.1057264536870968E-008  -1.2329130637428494E-009
   1.4557940252014584E-009  -2.9652884339172642E-010
   0.0000000000000000        0.0000000000000000     
          57   1.2965934373650129E-008  -1.6694213851931391E-009
   1.9300815852124208E-009  -4.3539127977886153E-010
   0.0000000000000000        0.0000000000000000     
          58   1.5592000275238322E-008  -2.3822689692710711E-009
   2.6363854758612551E-009  -6.7289451099373071E-010
   0.0000000000000000        0.0000000000000000     
          59   1.9413334071810196E-008  -3.6646552884760681E-009
   3.7462771843550516E-009  -1.1181751697264763E-009
   0.0000000000000000        0.0000000000000000     
          60   2.5414875940383720E-008  -6.3243393503499767E-009
   5.6209369290457491E-009  -2.0744369959404122E-009
   0.0000000000000000        0.0000000000000000     
          61   3.5791938824982940E-008  -1.3229560140223712E-008
   9.0745972814576192E-009  -4.6239737885595955E-009
   0.0000000000000000        0.0000000000000000     
          62   5.2941524709314826E-008  -3.8913194497839130E-008
   1.4992630932770067E-008  -1.4264674707982618E-008
   0.0000000000000000        0.0000000000000000     
          63  -1.0880116345051834E-010  -1.1044506489979867E-007
  -5.8089294932702620E-009  -4.1239032730660354E-008
   0.0000000000000000        0.0000000000000000     
          64  -5.1578120565010349E-008  -3.8591872314540528E-008
  -2.6194090896764536E-008  -1.3865877841883426E-008
   0.0000000000000000        0.0000000000000000     
          65  -3.4180982468466607E-008  -1.3406532049553534E-008
  -2.0754333982024954E-008  -4.0953853760248342E-009
   0.0000000000000000        0.0000000000000000     
          66  -2.3364433303831707E-008  -6.7715983654303789E-009
  -1.8181181714108825E-008  -1.2308463964112846E-009
   0.0000000000000000        0.0000000000000000     
          67  -1.6575065683481435E-008  -4.4375423793105274E-009
  -1.7710493731509448E-008   2.2061241465916941E-010
   0.0000000000000000        0.0000000000000000     
          68  -1.1449761762832724E-008  -3.6872913821334017E-009
  -1.8818793958949682E-008   1.5036056426783924E-009
   0.0000000000000000        0.0000000000000000     
          69  -6.6262641830701167E-009  -4.0171857048171667E-009
  -2.1740306962198954E-008   3.3724682066819723E-009
   0.0000000000000000        0.0000000000000000     
          70  -7.7240572958071706E-010  -6.1040117219219770E-009
  -2.7624845307989433E-008   7.4178069266991761E-009
   0.0000000000000000        0.0000000000000000     
          71   7.9574170763544982E-009  -1.4247904058372442E-008
  -3.8828292674574984E-008   2.0461240992528873E-008
   0.0000000000000000        0.0000000000000000     
          72   2.9818874017055785E-009  -4.8405188870729385E-008
  -2.9707573754759157E-008   7.3164584589324186E-008
   0.0000000000000000        0.0000000000000000     
          73  -4.1887306574574703E-008  -2.7862503380985682E-008
   3.9967137315089570E-008   4.2060703931808997E-008
   0.0000000000000000        0.0000000000000000     
          74  -3.4007714608315502E-008  -8.4406571833180823E-009
   2.8493570870234002E-008   1.2624038006093527E-008
   0.0000000000000000        0.0000000000000000     
          75  -2.8035468646793839E-008  -3.6201920169541386E-009
   1.9567469169796506E-008   5.5151619925383300E-009
   0.0000000000000000        0.0000000000000000     
          76  -2.4872271883543690E-008  -1.8160105367715130E-009
   1.4581104237912470E-008   3.0271720471498895E-009
   0.0000000000000000        0.0000000000000000     
          77  -2.3207761918808268E-008  -8.9081382725678800E-010
   1.1504731002227725E-008   1.9142822250622904E-009
   0.0000000000000000        0.0000000000000000     
          78  -2.2474986375493775E-008  -2.7915106948616489E-010
   9.4122200209150988E-009   1.3436719521590313E-009
   0.0000000000000000        0.0000000000000000     
          79  -2.2455293905305663E-008   2.3387635144602881E-010
   7.8586024580182034E-009   1.0357286821966503E-009
   0.0000000000000000        0.0000000000000000     
          80  -2.3112083411554001E-008   7.7343853702534279E-010
   6.5961178270375823E-009   8.8331363609352903E-010
   0.0000000000000000        0.0000000000000000     
          81  -2.4554696667179966E-008   1.4676867861516995E-009
   5.4559618172705969E-009   8.5172163197775168E-010
   0.0000000000000000        0.0000000000000000     
          82  -2.7085371787224096E-008   2.5328534594868338E-009
   4.2822028542048221E-009   9.5723327689996006E-010
   0.0000000000000000        0.0000000000000000     
          83  -3.1371060781476934E-008   4.4715769022886353E-009
   2.8674479487109890E-009   1.2966711661616707E-009
   0.0000000000000000        0.0000000000000000     
          84  -3.8909505923326376E-008   8.7997476428596885E-009
   8.3185219914436722E-010   2.2076702191933726E-009
   0.0000000000000000        0.0000000000000000     
          85  -5.2906013400412007E-008   2.1815949859011362E-008
  -2.5856065585286935E-009   5.1331388362849376E-009
   0.0000000000000000        0.0000000000000000     
          86  -6.2082523550967990E-008   7.7720017844137755E-008
  -4.8043722787173897E-009   1.7942215272401711E-008
   0.0000000000000000        0.0000000000000000     
          87   4.7610675504046048E-008   8.2185384845306741E-008
   2.0425406738850911E-008   1.8914103298181872E-008
   0.0000000000000000        0.0000000000000000     
          88   4.0939965108010869E-008   2.2952463426904279E-008
   1.8936923313768610E-008   5.2235775261464003E-009
   0.0000000000000000        0.0000000000000000     
          89   2.6447785364054603E-008   9.2240244726656446E-009
   1.5718878612822366E-008   2.0108447281205367E-009
   0.0000000000000000        0.0000000000000000     
          90   1.8504157935165592E-008   4.7735005987325077E-009
   1.4079431258052404E-008   9.3336471831232501E-010
   0.0000000000000000        0.0000000000000000     
          91   1.3827310437949122E-008   2.8430671770576102E-009
   1.3265246412882957E-008   4.3341745787021309E-010
   0.0000000000000000        0.0000000000000000     
          92   1.0847243333437932E-008   1.8374050857451715E-009
   1.2919793463355041E-008   1.4179189975912322E-010
   0.0000000000000000        0.0000000000000000     
          93   8.8480398915846337E-009   1.2414230339992597E-009
   1.2886067235420311E-008  -6.2249749125419098E-011
   0.0000000000000000        0.0000000000000000     
          94   7.4741002574136006E-009   8.4874667467773857E-010
   1.3092706795622593E-008  -2.2876936919484011E-010
   0.0000000000000000        0.0000000000000000     
          95   6.5385778914813261E-009   5.6164706364484352E-010
   1.3511222143520840E-008  -3.8342108344079844E-010
   0.0000000000000000        0.0000000000000000     
          96   5.9443129724396719E-009   3.2537662680155246E-010
   1.4138992423425094E-008  -5.4282711100040715E-010
   0.0000000000000000        0.0000000000000000     
          97   5.6512664446648556E-009   1.0142953320854520E-010
   1.4991744913226045E-008  -7.2104942653984430E-010
   0.0000000000000000        0.0000000000000000     
          98   5.6656542040377472E-009  -1.4755841147754721E-010
   1.6105027103250560E-008  -9.3339061561564899E-010
   0.0000000000000000        0.0000000000000000     
          99   6.0485097343058908E-009  -4.7295647839006564E-010
   1.7536244348083730E-008  -1.1999602106484790E-009
   0.0000000000000000        0.0000000000000000     
         100   6.9428610659945803E-009  -9.6756565388225977E-010
   1.9375125168359743E-008  -1.5507931071045829E-009
   0.0000000000000000        0.0000000000000000     
         101   8.6533782426568766E-009  -1.8359636841647328E-009
   2.1760498141316705E-008  -2.0353924081892525E-009
   0.0000000000000000        0.0000000000000000     
         102   1.1839838603552733E-008  -3.6216708904601320E-009
   2.4914657243978482E-008  -2.7441406909382560E-009
   0.0000000000000000        0.0000000000000000     
         103   1.8026090564879931E-008  -8.1515587921276915E-009
   2.9212279566011519E-008  -3.8683599287761329E-009
   0.0000000000000000        0.0000000000000000     
         104   2.9965496156214670E-008  -2.3998317758385906E-008
   3.5301419592284140E-008  -5.9416856481521226E-009
   0.0000000000000000        0.0000000000000000     
         105   1.2504638301621175E-008  -8.8350278410785062E-008
   4.3157196092588811E-008  -1.0711226575808291E-008
   0.0000000000000000        0.0000000000000000     
         106  -7.3949237204863768E-008  -4.4065031942433902E-008
   5.3696364512099050E-008  -1.5029915511407546E-008
   0.0000000000000000        0.0000000000000000     
         107  -6.7790822030903856E-008  -4.9345745140964406E-009
   7.6536977397452954E-008  -2.7815883909324559E-008
   0.0000000000000000        0.0000000000000000     
         108  -7.1624428916217511E-008   2.0376389413651092E-008
   1.1660033381281696E-007  -7.5001529808639218E-008
   0.0000000000000000        0.0000000000000000     
         109  -4.7262414285167727E-008   8.8356791359596440E-008
   6.3998492919901008E-008  -2.5709334089885974E-007
   0.0000000000000000        0.0000000000000000     
         110   3.0312110686740057E-008   4.3120782584994229E-008
  -1.4460542652083640E-007  -1.2619983567679154E-007
   0.0000000000000000        0.0000000000000000     
         111   1.7613550375537116E-008   1.2891171409250792E-008
  -1.0376839105454548E-007  -3.9144436714278906E-008
   0.0000000000000000        0.0000000000000000     
         112   8.4651089183466344E-009   5.7062960140656041E-009
  -7.5236737520465945E-008  -1.7495108297449268E-008
   0.0000000000000000        0.0000000000000000     
         113   3.1874671378424756E-009   3.3227900962474272E-009
  -5.9263636076847352E-008  -9.6563567068591819E-009
   0.0000000000000000        0.0000000000000000     
         114  -3.9551099787647209E-010   2.4044662079200551E-009
  -4.9472327162570891E-008  -6.0254413037483957E-009
   0.0000000000000000        0.0000000000000000     
         115  -3.3114087126913844E-009   2.1229142161064673E-009
  -4.2986729319381154E-008  -4.0677904309798477E-009
   0.0000000000000000        0.0000000000000000     
         116  -6.1522028396878615E-009   2.2746725914917848E-009
  -3.8434389087941204E-008  -2.9067015929723525E-009
   0.0000000000000000        0.0000000000000000     
         117  -9.4556137071007249E-009   2.9835276513148586E-009
  -3.5083936227743745E-008  -2.1837333217707912E-009
   0.0000000000000000        0.0000000000000000     
         118  -1.4003653212874349E-008   5.0610982978194325E-009
  -3.2493077732288147E-008  -1.7445284963766663E-009
   0.0000000000000000        0.0000000000000000     
         119  -1.9923302210546628E-008   1.2942348764844026E-008
  -3.0339946414145062E-008  -1.5453947466244195E-009
   0.0000000000000000        0.0000000000000000     
         120  -7.0474665633156466E-009   2.2995228603429979E-008
  -2.8306812665926328E-008  -1.6617736597166908E-009
   0.0000000000000000        0.0000000000000000     
         121  -1.1058787749767532E-008   1.3247186581949168E-008
  -2.5920602351110079E-008  -2.4791840847456995E-009
   0.0000000000000000        0.0000000000000000     
         122  -2.5863379914319461E-008   2.2255827711742627E-008
  -2.2397870536747598E-008  -5.8633264954634925E-009
   0.0000000000000000        0.0000000000000000     
         123  -2.2243059619820871E-008   7.2841062442514440E-008
  -2.4240599211232858E-008  -2.0787063242005045E-008
   0.0000000000000000        0.0000000000000000     
         124   4.9866220625843900E-008   4.5916323679306163E-008
  -4.6344906336901180E-008  -1.2747581984001713E-008
   0.0000000000000000        0.0000000000000000     
         125   3.7894520764944677E-008   1.3899640277871898E-008
  -4.3964936914881282E-008  -3.1362615871413117E-009
   0.0000000000000000        0.0000000000000000     
         126   2.7986320833981813E-008   6.1427524657049839E-009
  -4.2501671762094346E-008  -6.0335735150812485E-010
   0.0000000000000000        0.0000000000000000     
         127   2.2389881924806598E-008   3.3907701616247301E-009
  -4.2685439614526684E-008   5.1502333204909667E-010
   0.0000000000000000        0.0000000000000000     
         128   1.8947638147168327E-008   2.1162301860573793E-009
  -4.3966756794032389E-008   1.2710512678329183E-009
   0.0000000000000000        0.0000000000000000     
         129   1.6673378799556338E-008   1.4167344696945329E-009
  -4.6166475219271433E-008   1.9562823919718074E-009
   0.0000000000000000        0.0000000000000000     
         130   1.5102863933318045E-008   9.8356912984389282E-010
  -4.9304484344304975E-008   2.7028226706049801E-009
   0.0000000000000000        0.0000000000000000     
         131   1.3998786310908664E-008   6.8772470265856731E-010
  -5.3534800434233980E-008   3.6141467074318300E-009
   0.0000000000000000        0.0000000000000000     
         132   1.3230991732087483E-008   4.6624395813080580E-010
  -5.9151823021597632E-008   4.8166226465806313E-009
   0.0000000000000000        0.0000000000000000     
         133   1.2728666803305735E-008   2.8333503624646692E-010
  -6.6650286341922673E-008   6.5080093991338997E-009
   0.0000000000000000        0.0000000000000000     
         134   1.2458226877266992E-008   1.1406213671014810E-010
  -7.6856782788456041E-008   9.0438713318207466E-009
   0.0000000000000000        0.0000000000000000     
         135   1.2416096695897974E-008  -6.5040334989012012E-011
  -9.1213408849403007E-008   1.3139196258400643E-008
   0.0000000000000000        0.0000000000000000     
         136   1.2631862340537085E-008  -2.8569478492624164E-010
  -1.1241885190611209E-007   2.0425271181065134E-008
   0.0000000000000000        0.0000000000000000     
         137   1.3186911965150787E-008  -6.0710975659077888E-010
  -1.4600531979869511E-007   3.5308261074069810E-008
   0.0000000000000000        0.0000000000000000     
         138   1.4258537866818949E-008  -1.1738931806762508E-009
  -2.0426881178435840E-007   7.3011100433255695E-008
   0.0000000000000000        0.0000000000000000     
