   262144.00000000000     
         256           1           3
   1.7567330116226543E-005  -8.4804662704209992       -158.07417856650000     
   6.0401400154609997        12.000000000000000        5733.8999999999996     
           0   0.0000000000000000        0.0000000000000000     
   0.0000000000000000        0.0000000000000000     
   0.0000000000000000        0.0000000000000000     
           1  -1.4120740973994815E-011  -2.4305239203869352E-012
  -1.0418278671247422E-009   1.4022172730077676E-011
   4.0533270524287826E-009  -5.5377040925616318E-011
           2  -9.1264036366663882E-012  -6.1747109498097810E-012
  -1.0706389033354435E-009   3.5465586062295495E-011
   4.1671090870549876E-009  -1.4006933791175904E-010
           3   1.7788906710279571E-012  -1.4680805331123644E-011
  -1.1332406319008234E-009   8.3808689469770144E-011
   4.4143526347576022E-009  -3.3102039498756682E-010
           4   2.2396190520495086E-011  -4.4061739054887075E-011
  -1.2511067508166502E-009   2.5006655107525676E-010
   4.8798827019001302E-009  -9.8775684679449060E-010
           5  -2.5925686874405778E-011  -1.4431056631627255E-010
  -9.7998020767320098E-010   8.1662643759672120E-010
   3.8087999592212187E-009  -3.2257615930742259E-009
           6  -1.2143581812560288E-010  -5.8932407343227154E-011
  -4.4272760151767556E-010   3.3467581281198289E-010
   1.6864503642315453E-009  -1.3219519058824556E-009
           7  -9.9806020379966893E-011  -1.8524924859380398E-011
  -5.6756596646644900E-010   1.0674876840035073E-010
   2.1794658699708271E-009  -4.2158298100776763E-010
           8  -8.6279888118076334E-011  -8.1450471139313511E-012
  -6.4706513718687277E-010   4.8440414358779519E-011
   2.4933635341758170E-009  -1.9123953739933650E-010
           9  -7.9022426867869905E-011  -4.2840207745065244E-012
  -6.9160115116184902E-010   2.6962596425890849E-011
   2.6691301803559125E-009  -1.0638327499250149E-010
          10  -7.4864220900401471E-011  -2.4591846609345578E-012
  -7.1908928864349864E-010   1.6996288864032665E-011
   2.7775339858749651E-009  -6.6999210439770570E-011
          11  -7.2391404805662250E-011  -1.4514027737027284E-012
  -7.3753045383471510E-010   1.1656607106724947E-011
   2.8501793917968709E-009  -4.5890689600663644E-011
          12  -7.0933651007931462E-011  -8.2918134328170175E-013
  -7.5072766867274819E-010   8.5077754366973914E-012
   2.9020883251967951E-009  -3.3435872432052717E-011
          13  -7.0142217797518636E-011  -4.1011048392106953E-013
  -7.6066962564613818E-010   6.5210917707504661E-012
   2.9411156752921740E-009  -2.5571119586759251E-011
          14  -6.9821374672015155E-011  -1.0669455123686839E-013
  -7.6848306025871573E-010   5.2041175495913163E-012
   2.9717113362625540E-009  -2.0351127447705630E-011
          15  -6.9854836525404365E-011   1.2721041252545298E-013
  -7.7484849197179485E-010   4.2981501188127721E-012
   2.9965624531535080E-009  -1.6753886031339270E-011
          16  -7.0170703408925034E-011   3.1783204700035511E-013
  -7.8019849643332416E-010   3.6571687193195762E-012
   3.0173766239598724E-009  -1.4202491725627292E-011
          17  -7.0723459627848570E-011   4.8103414357673342E-013
  -7.8481965261038874E-010   3.1939045882413713E-012
   3.0352845978156498E-009  -1.2352112756510475E-011
          18  -7.1484150280647466E-011   6.2695009536830962E-013
  -7.8890833939572157E-010   2.8537002833546676E-012
   3.0510606680624162E-009  -1.0986727130931988E-011
          19  -7.2434749754159264E-011   7.6239058863497327E-013
  -7.9260289972809976E-010   2.6009460954983037E-012
   3.0652497103988223E-009  -9.9655422158260081E-012
          20  -7.3564806053144827E-011   8.9216906426049559E-013
  -7.9600300278142311E-010   2.4116352534823965E-012
   3.0782436485109912E-009  -9.1935844216972938E-012
          21  -7.4869384156858572E-011   1.0198689620351309E-012
  -7.9918173028194470E-010   2.2690791640695201E-012
   3.0903291757402755E-009  -8.6047712855649352E-012
          22  -7.6347785261912971E-011   1.1483086715966518E-012
  -8.0219335224393755E-010   2.1613384815005847E-012
   3.1017184457382677E-009  -8.1517610007075732E-012
          23  -7.8002749962533112E-011   1.2798361769921354E-012
  -8.0507845357927803E-010   2.0796261682280726E-012
   3.1125692945915486E-009  -7.7996410076220067E-012
          24  -7.9839977005613893E-011   1.4165248013028865E-012
  -8.0786737753401188E-010   2.0172812887968544E-012
   3.1229988093512339E-009  -7.5218704967415635E-012
          25  -8.1867858215090562E-011   1.5603104186434232E-012
  -8.1058256545725671E-010   1.9690880947519612E-012
   3.1330925312733340E-009  -7.2975861555989150E-012
          26  -8.4097370328280940E-011   1.7130939614841222E-012
  -8.1324014961971077E-010   1.9308090078919442E-012
   3.1429107017665605E-009  -7.1097519724962350E-012
          27  -8.6542088854780821E-011   1.8768239659781345E-012
  -8.1585102288864356E-010   1.8988522268107321E-012
   3.1524924338063121E-009  -6.9438397436063817E-012
          28  -8.9218304664696898E-011   2.0535688133539632E-012
  -8.1842152709101831E-010   1.8700244273576722E-012
   3.1618583674562956E-009  -6.7868443765469221E-012
          29  -9.2145234656482369E-011   2.2455854903057806E-012
  -8.2095384946844601E-010   1.8413363776467989E-012
   3.1710121606236755E-009  -6.6265065509134346E-012
          30  -9.5345325732190133E-011   2.4553901869133660E-012
  -8.2344618166320133E-010   1.8098395139502560E-012
   3.1799410275737199E-009  -6.4506555989464859E-012
          31  -9.8844657903833719E-011   2.6858353993951165E-012
  -8.2589267096577083E-010   1.7724774805234904E-012
   3.1886154395038265E-009  -6.2466088794296789E-012
          32  -1.0267345847522145E-010   2.9401981619714022E-012
  -8.2828317475117160E-010   1.7259398889595084E-012
   3.1969880263467625E-009  -6.0005766069500793E-012
          33  -1.0686674570012221E-010   3.2222844950743156E-012
  -8.3060281316445668E-010   1.6665069492034414E-012
   3.2049916552492954E-009  -5.6970264034761203E-012
          34  -1.1146512772879698E-010   3.5365561200885325E-012
  -8.3283130007233706E-010   1.5898735854406232E-012
   3.2125366003293687E-009  -5.3179613952314856E-012
          35  -1.1651579173612672E-010   3.8882870262449170E-012
  -8.3494201633380299E-010   1.4909403038276885E-012
   3.2195066534230024E-009  -4.8420599685699491E-012
          36  -1.2207372969047671E-010   4.2837597395427279E-012
  -8.3690077073341400E-010   1.3635553382048801E-012
   3.2257539491080784E-009  -4.2436139295429278E-012
          37  -1.2820326250519416E-010   4.7305143968492948E-012
  -8.3866417047076042E-010   1.2001881438435371E-012
   3.2310921813815815E-009  -3.4911834559969145E-012
          38  -1.3497994472782105E-010   5.2376683782274609E-012
  -8.4017749227754191E-010   9.9150754976378085E-013
   3.2352877630529618E-009  -2.5458594684988833E-012
          39  -1.4249295983935100E-010   5.8163309238456531E-012
  -8.4137190338459316E-010   7.2582785054993528E-013
   3.2380483073906754E-009  -1.3589829148216114E-012
          40  -1.5089094374062060E-010   6.4801476271496617E-012
  -8.4219969867589193E-010   3.8837191885921433E-013
   3.2390110633891324E-009   1.3089030799943622E-013
          41  -1.6021470708544095E-010   7.2460182847401233E-012
  -8.4247401230833525E-010  -3.9726200276269213E-014
   3.2377091685118216E-009   2.0020810030024290E-012
          42  -1.7065896429398015E-010   8.1350693247390471E-012
  -8.4209571868237716E-010  -5.8277656213857054E-013
   3.2335663897304424E-009   4.3553721699180235E-012
          43  -1.8240769397342064E-010   9.1739661622548675E-012
  -8.4088944450895342E-010  -1.2724170674696747E-012
   3.2258481641970049E-009   7.3217357112161384E-012
          44  -1.9568550829161486E-010   1.0396727344301401E-011
  -8.3863097330262924E-010  -2.1502529470411202E-012
   3.2136178526557395E-009   1.1073168716606233E-011
          45  -2.1076910292098157E-010   1.1847262529170451E-011
  -8.3503156934461325E-010  -3.2716175313531546E-012
   3.1956722431925661E-009   1.5838119712609138E-011
          46  -2.2800274665799590E-010   1.3582984597426776E-011
  -8.2971627409985198E-010  -4.7110171732773558E-012
   3.1704523367736503E-009   2.1923809532479362E-011
          47  -2.4781955945429115E-010   1.5680046662946078E-011
  -8.2219341925745089E-010  -6.5701571538241916E-012
   3.1359181346471021E-009   2.9749113668730844E-011
          48  -2.7073737368243909E-010   1.8241092578663869E-011
  -8.1176513017228290E-010  -8.9900112183072238E-012
   3.0893672477058936E-009   3.9893980899770947E-011
          49  -2.9753656379578513E-010   2.1407001288596631E-011
  -7.9764793106467390E-010  -1.2169375744684358E-011
   3.0271864918919449E-009   5.3175385367195622E-011
          50  -3.2911844537955260E-010   2.5375138598627949E-011
  -7.7860300551931518E-010  -1.6394141504419339E-011
   2.9444504054363665E-009   7.0767049492467148E-011
          51  -3.6675530042783367E-010   3.0428604294136360E-011
  -7.5302965389068323E-010  -2.2084789935957773E-011
   2.8343499530772788E-009   9.4393677891056656E-011
          52  -4.1210673496819001E-010   3.6984700355301160E-011
  -7.1848777361427486E-010  -2.9876090535755302E-011
   2.6872712828051741E-009   1.2665669490963405E-010
          53  -4.6756935296379058E-010   4.5678522425044558E-011
  -6.7159577418859045E-010  -4.0756038620310338E-011
   2.4893410662166976E-009   1.7160197084303125E-010
          54  -5.3658364044966903E-010   5.7513970550159029E-011
  -6.0751477219630603E-010  -5.6319324903390989E-011
   2.2199793717185334E-009   2.3575519974383870E-010
          55  -6.2427690457803853E-010   7.4152105129971637E-011
  -5.1831043464347059E-010  -7.9255450833963161E-011
   1.8476538778031682E-009   3.3011516697048997E-010
          56  -7.3846810597428462E-010   9.8499938731580867E-011
  -3.9196206894174387E-010  -1.1435245795125656E-010
   1.3221027537713845E-009   4.7425188912642648E-010
          57  -8.9223200214369103E-010   1.3601658781931980E-010
  -2.0767834750351359E-010  -1.7073638891389753E-010
   5.5928071148468127E-010   7.0544824984842447E-010
          58  -1.1077673073796666E-009   1.9793173020594668E-010
   7.0835667614392404E-011  -2.6741373514617569E-010
  -5.9021377537617758E-010   1.1013219957952299E-009
          59  -1.4275003588837523E-009   3.1034613730564955E-010
   5.1386976556887691E-010  -4.4899228248821314E-010
  -2.4128442179178432E-009   1.8439853556618194E-009
          60  -1.9389649419149903E-009   5.4526946251677921E-010
   1.2688308353573995E-009  -8.3940552779811091E-010
  -5.5109211712463385E-009   3.4392913148059333E-009
          61  -2.8369756967264606E-009   1.1586187688984407E-009
   2.6686810830239136E-009  -1.8810431771107959E-009
  -1.1243649342797877E-008   7.6926789043068747E-009
          62  -4.3349579790663486E-009   3.4476146585104416E-009
   5.0747873977408415E-009  -5.8211860121936533E-009
  -2.1087704316485124E-008   2.3774941454118934E-008
          63   4.3978268237043628E-010   9.8286121843158337E-009
  -3.4412962445298130E-009  -1.6846490364614959E-008
   1.3633807826192853E-008   6.8771078442131564E-008
          64   5.0818559090152479E-009   3.4070685007723806E-009
  -1.1787994432596563E-008  -5.6570304022402015E-009
   4.7656214336245520E-008   2.3116715294082398E-008
          65   3.5862190188486703E-009   1.1492655185164760E-009
  -9.5793784886498652E-009  -1.6627077788689277E-009
   3.8594875551222671E-008   6.8267660035238311E-009
          66   2.6926830666953230E-009   5.4335689550757208E-010
  -8.5433706706579745E-009  -4.9123702881940632E-010
   3.4302722943069613E-008   2.0611718262388560E-009
          67   2.1807222847569789E-009   3.1397738487491630E-010
  -8.3675502605690230E-009   1.0253871672280859E-010
   3.3496148409019583E-008  -3.3783968443412650E-010
          68   1.8521400102815729E-009   2.1140976991621791E-010
  -8.8378344364848089E-009   6.2717690294849981E-010
   3.5286016444914955E-008  -2.4363661014216558E-009
          69   1.6101347141920639E-009   1.7212428362132192E-010
  -1.0049260364855825E-008   1.3905078076273753E-009
   4.0027889917523546E-008  -5.4665534057395211E-009
          70   1.3912164504861564E-009   1.9593355897133921E-010
  -1.2470320705654378E-008   3.0409845286455311E-009
   4.9564173653854946E-008  -1.1995805833994559E-008
          71   1.1317846084470847E-009   3.8994232458754398E-010
  -1.7061945707480901E-008   8.3590202061811969E-009
   6.7684143924944720E-008  -3.3009849270598013E-008
          72   1.2681950357675756E-009   1.2845083839238708E-009
  -1.3373277960327568E-008   2.9841651848737424E-008
   5.3102994236235484E-008  -1.1787562742819996E-007
          73   2.4993212703280814E-009   7.1521577046741889E-010
   1.4993654733304597E-008   1.7167009734618282E-008
  -5.8953932604819116E-008  -6.7813009658084215E-008
          74   2.3437904989382889E-009   1.7531941422033737E-010
   1.0282671269477267E-008   5.1723518180168304E-009
  -4.0341038713469440E-008  -2.0436232228870916E-008
          75   2.2669861305731321E-009   2.4128656853812175E-011
   6.6054333544897530E-009   2.2785499473509489E-009
  -2.5806495927693971E-008  -9.0097345539734695E-009
          76   2.2976505708474640E-009  -5.0696654277820142E-011
   4.5284759923798158E-009   1.2689714143354733E-009
  -1.7586689901460976E-008  -5.0268719908682592E-009
          77   2.4082970199993325E-009  -1.0917048730225994E-010
   3.2232408231334971E-009   8.2107794040345563E-010
  -1.2407386734589456E-008  -3.2638844984179012E-009
          78   2.5958846242393398E-009  -1.7064219991262651E-010
   2.3102786227670495E-009   5.9600460270018462E-010
  -8.7686070386928202E-009  -2.3829360674684060E-009
          79   2.8731616470295970E-009  -2.4782023388498146E-010
   1.6054100182923223E-009   4.8074736018314900E-010
  -5.9387890277528352E-009  -1.9388395312304924E-009
          80   3.2702463380056959E-009  -3.5648851888961513E-010
   1.0028992948590931E-009   4.3335761070736246E-010
  -3.4958920859651209E-009  -1.7680101154418658E-009
          81   3.8419480359045915E-009  -5.2430364840855699E-010
   4.2650225599727210E-010   4.4303186640206251E-010
  -1.1293617705183183E-009  -1.8318805393883934E-009
          82   4.6910110614132444E-009  -8.0958116277211840E-010
  -2.0068733491990087E-010   5.2362923768684753E-010
   1.4802229459836586E-009  -2.1940823258862275E-009
          83   6.0227769062851321E-009  -1.3572209445600466E-009
  -9.8914828561301833E-010   7.3264438884706054E-010
   4.8014831835066940E-009  -3.1039390454619511E-009
          84   8.2832597835044673E-009  -2.6116340090556971E-009
  -2.1500689435757124E-009   1.2630025063090489E-009
   9.7366538254931591E-009  -5.3917363369602908E-009
          85   1.2419492788013476E-008  -6.4261261227866004E-009
  -4.1120880981410107E-009   2.9333762623358579E-009
   1.8124357659270401E-008  -1.2575817805589351E-008
          86   1.5113045262120909E-008  -2.2869898369259933E-008
  -5.4113554922883271E-009   1.0203547055072330E-008
   2.3672315639018923E-008  -4.3818503743711928E-008
          87  -1.7218073157873980E-008  -2.4167596924516962E-008
   8.8268720214693528E-009   1.0766006182207784E-008
  -3.7529170453884530E-008  -4.6240134459809875E-008
          88  -1.5309399448112732E-008  -6.7086464758046814E-009
   7.9099321362527132E-009   3.0203177716754274E-009
  -3.3607894468716579E-008  -1.2964606983857360E-008
          89  -1.1122213466527100E-008  -2.6471776856623619E-009
   5.9956429159945123E-009   1.2126059702418089E-009
  -2.5397191947733082E-008  -5.2015723387918319E-009
          90  -8.8908358279527810E-009  -1.3154096525874745E-009
   4.9576869322071142E-009   6.1602757720167825E-010
  -2.0946820915755679E-008  -2.6419939922021244E-009
          91  -7.6520696924499374E-009  -7.2248350898265159E-010
   4.3674890275538791E-009   3.4840211972701059E-010
  -1.8414995967794813E-008  -1.4956654859726758E-009
          92  -6.9488441387548806E-009  -3.9734612326044210E-010
   4.0201573923222579E-009   2.0110835083535301E-010
  -1.6922209230073129E-008  -8.6636190381228652E-010
          93  -6.5776272036305210E-009  -1.8654319109352634E-010
   3.8231494142819691E-009   1.0646601168864801E-010
  -1.6070185599096250E-008  -4.6342078742197793E-010
          94  -6.4437477279557892E-009  -2.6768395647229518E-011
   3.7315114181333919E-009   3.7058004229319957E-011
  -1.5665494398417491E-008  -1.6918382516647631E-010
          95  -6.5060569714974733E-009   1.1451406903751465E-010
   3.7228566772915536E-009  -2.0385242618783059E-011
  -1.5611944815457468E-008   7.3198759092894287E-011
          96  -6.7560660878972655E-009   2.5922618693906894E-010
   3.7874115090002957E-009  -7.3544655930912749E-011
  -1.5866546642157101E-008   2.9652752478697483E-010
          97  -7.2121668992097974E-009   4.2808199925296647E-010
   3.9235101050401714E-009  -1.2793940552394391E-010
  -1.6421068726609476E-008   5.2425966643971702E-010
          98  -7.9213981309526285E-009   6.4808334210780798E-010
   4.1362136890132854E-009  -1.8869222627840307E-010
  -1.7295933446253965E-008   7.7807259772431734E-010
          99  -8.9745298588637357E-009   9.6354814755400405E-010
   4.4377458507856179E-009  -2.6190138160239778E-010
  -1.8541650169040131E-008   1.0837413218427387E-009
         100  -1.0537414057653016E-008   1.4598094430075623E-009
   4.8496832112412244E-009  -3.5642071136706036E-010
  -2.0248307197105939E-008   1.4788075306102932E-009
         101  -1.2924978218240651E-008   2.3261972448072650E-009
   5.4082187081335484E-009  -4.8728493928540495E-010
  -2.2567304398971309E-008   2.0275060507803317E-009
         102  -1.6782582031221414E-008   4.0589802139505653E-009
   6.1743570962600948E-009  -6.8437552885007234E-010
  -2.5758371625282760E-008   2.8590953974669467E-009
         103  -2.3547116273511891E-008   8.2983627122478473E-009
   7.2590336254580672E-009  -1.0215874717955474E-009
  -3.0294683805721565E-008   4.2990418286535813E-009
         104  -3.5802567271193907E-008   2.2640248331182093E-008
   8.8565556411137154E-009  -1.7608876930028771E-009
  -3.7005762162991510E-008   7.5267108999024943E-009
         105  -2.3029133482336959E-008   7.9873683498934255E-008
   1.0392483972720712E-008  -3.9070142511962201E-009
  -4.3108305028616154E-008   1.7118063340931567E-008
         106   4.8868651278462217E-008   4.2677898708159607E-008
   1.1439658592522045E-008  -4.1935004668101635E-009
  -4.6361917705041947E-008   1.7752099549630446E-008
         107   3.6809568506715919E-008   1.2428464974191975E-008
   1.6831167265014302E-008  -6.5196327930746895E-009
  -6.8570766096249476E-008   2.6812830341370013E-008
         108   2.8420512416955466E-008   4.2167435337528740E-009
   2.6047112287867113E-008  -1.7016032825424268E-008
  -1.0634031194904616E-007   6.9543234614198762E-008
         109   2.2632093734387958E-008  -1.6479000657238275E-009
   1.4320896082037771E-008  -5.7987058885522025E-008
  -5.8598586569631207E-008   2.3670170244699308E-007
         110   1.6230386104364615E-008  -6.1860302875087701E-010
  -3.2572458223515725E-008  -2.8489154551733688E-008
   1.3267436685686900E-007   1.1631747107680909E-007
         111   1.5391790410117828E-008   1.8044257515076940E-010
  -2.3292773262298568E-008  -8.8769250810839345E-009
   9.4727622383889882E-008   3.6283811421177358E-008
         112   1.5100610147472597E-008   6.7988586670653381E-011
  -1.6784470015899411E-008  -4.0033041846754019E-009
   6.8086570452308058E-008   1.6400639444669649E-008
         113   1.5156984373155385E-008  -1.8402021859758457E-010
  -1.3097439461704510E-008  -2.2454932796295794E-009
   5.2948632018109824E-008   9.2377711332388992E-009
         114   1.5594665835898743E-008  -4.8117198611377611E-010
  -1.0789206084011970E-008  -1.4406844820590311E-009
   4.3418574027286164E-008   5.9702220902430419E-009
         115   1.6465668729727993E-008  -8.3517696226871024E-010
  -9.2038591928418956E-009  -1.0193344053410382E-009
   3.6811195757676481E-008   4.2761713844287573E-009
         116   1.7867509755316300E-008  -1.2920634634480721E-009
  -8.0222255796451925E-009  -7.8690704907597217E-010
   3.1809856344165221E-008   3.3663087568617826E-009
         117   1.9979503898716381E-008  -1.9370577315861622E-009
  -7.0640488805251966E-009  -6.6840654950460598E-010
   2.7657110944998101E-008   2.9432644373735679E-009
         118   2.3127524415979307E-008  -2.9360461157178809E-009
  -6.2039552183676723E-009  -6.4072622277312666E-010
   2.3804920232043582E-008   2.9302917630345168E-009
         119   2.7928508706309226E-008  -4.6538327009356780E-009
  -5.3238323253592447E-009  -7.2011937302075025E-010
   1.9701530076498297E-008   3.4330375401575830E-009
         120   3.5635407893646621E-008  -8.0327282051282362E-009
  -4.2596740265315535E-009  -9.9134445813121704E-010
   1.4542600437370027E-008   4.8997086433626066E-009
         121   4.9026588104648645E-008  -1.6123365751961167E-008
  -2.7040456771393176E-009  -1.7608664503967829E-009
   6.7683802168792824E-009   8.9130609807609434E-009
         122   7.3410950931179303E-008  -4.2670802501427638E-008
  -9.5319462250895576E-011  -4.4385370466779316E-009
  -6.4864457813258277E-009   2.2724090738927506E-008
         123   6.1236409393630830E-008  -1.5311038292597489E-007
  -1.3206116260463824E-009  -1.5756390971313129E-008
  -9.7627519021191862E-011   8.0936029639424275E-008
         124  -9.5988628489472746E-008  -9.6393753003295144E-008
  -1.7544241772264855E-008  -9.8698343420882153E-009
   8.3314363658963132E-008   5.0721171024396534E-008
         125  -7.2508471977195605E-008  -2.8323032520453679E-008
  -1.5231753679615156E-008  -2.8139517945308058E-009
   7.1410738413104565E-008   1.4495151584643407E-008
         126  -5.3029738292992344E-008  -1.1962133604551509E-008
  -1.3398715769974389E-008  -1.0777908958272964E-009
   6.1921279176078134E-008   5.6108563083256782E-009
         127  -4.2550176628847461E-008  -6.1991983945572303E-009
  -1.2566412367810353E-008  -4.2671889893782132E-010
   5.7518393530996970E-008   2.3060826054845776E-009
         128  -3.6567545017908570E-008  -3.5253524672148867E-009
  -1.2280672458309956E-008  -8.4366686205474225E-011
   5.5866705457472385E-008   5.9300003757362262E-010
         129  -3.3051971582369699E-008  -2.0263213104858821E-009
  -1.2348206916964924E-008   1.5096298883955705E-010
   5.5961882851702875E-008  -5.6191249998706015E-010
         130  -3.1080966492774845E-008  -1.0460517352262019E-009
  -1.2696067677609051E-008   3.5352437837785271E-010
   5.7418398521677500E-008  -1.5358405646461179E-009
         131  -3.0214772017953826E-008  -3.0429361550338822E-010
  -1.3312987588302828E-008   5.6246774707825335E-010
   6.0155143267781116E-008  -2.5231764175430926E-009
         132  -3.0256927039708081E-008   3.4677915577762709E-010
  -1.4229067151513802E-008   8.0971829691036104E-010
   6.4295768320677106E-008  -3.6768301597202470E-009
         133  -3.1160955741470592E-008   1.0091128693582412E-009
  -1.5518163443747494E-008   1.1345865277643601E-009
   7.0168942919134072E-008  -5.1792675170830098E-009
         134  -3.3004220722005656E-008   1.7817489799585152E-009
  -1.7316383284792462E-008   1.6006998334261030E-009
   7.8388901850602595E-008  -7.3204600199035295E-009
         135  -3.6007998778680446E-008   2.7986571843774458E-009
  -1.9866975029018224E-008   2.3303388959784014E-009
   9.0058926392919455E-008  -1.0651785596610053E-008
         136  -4.0608682168581283E-008   4.2904106538477035E-009
  -2.3627326293228147E-008   3.5955711582000232E-009
   1.0724201962030232E-007  -1.6390015263364644E-008
         137  -4.7638123426536466E-008   6.7289802865620851E-009
  -2.9526327311325333E-008   6.1166907194624813E-009
   1.3411334627354361E-007  -2.7730296970070977E-008
         138  -5.8754529513666823E-008   1.1252000783169191E-008
  -3.9608982794573300E-008   1.2333798369873475E-008
   1.7981814237136573E-007  -5.5400554486965400E-008
